15	5	2.796551	-20.600031	-1.964995	9.057976	-8.075424	6.240906	-13.590311	0.839678	5.613978	-8.260043	6.167716	-8.732757	-13.362062	-14.937495	-1.964995	-2.660107	-8.075424	-8.728840	-5.120062	-14.937531	-1.964995	4.605863	-8.075424	1.859920	-8.005842	-14.937495	-1.964995	1.482151	-8.075424	-3.812189
110	5	-9.050330	-12.277628	-3.583314	-5.044336	1.402262	-7.139656	5.694731	-20.576000	-6.035764	8.502417	-4.870240	5.828004	-9.049977	-14.788805	-6.035764	-5.028514	-4.870240	-7.139645	5.694644	-18.103191	-3.583314	8.499060	1.402262	5.827995	-6.649620	1.752520	3.360823	-12.722352	4.296718	-6.988489
206	5	6.197739	-16.447085	-2.542212	5.333218	-4.271304	7.221113	0.783980	-12.522077	-2.542212	3.584177	-4.271304	6.416558	-3.955153	3.207039	6.049228	-16.863751	8.247737	-6.913007	-5.360155	-2.813549	1.592484	-11.601955	5.720309	-7.563513	-5.362585	-11.565566	-2.542212	-11.601991	-4.271304	-7.564429
243	5	-14.457502	3.638289	7.031487	-16.403332	5.657766	-8.325042	-14.886513	-14.847385	-3.531918	-11.600379	-8.657858	-8.325042	2.222181	-15.534790	-3.531937	4.366746	-8.657858	7.127166	-14.467777	1.331906	3.195173	-11.841355	-2.626857	-8.325042	2.211096	0.155838	3.191176	4.103372	-2.628583	7.123595
263	5	-12.053864	-7.407799	-0.300460	-9.067749	-12.819076	-7.236146	3.244697	-9.289192	-0.300460	8.012918	-12.819076	7.061819	-0.520676	-7.677685	-0.300460	1.410355	-12.819076	5.067247	-9.390233	3.347857	6.689392	-13.859183	5.361809	-7.225491	3.784271	0.392442	6.687161	3.253497	5.342935	7.196297
369	5	-8.274970	-4.006224	4.234211	-13.966563	0.336930	-12.411726	-8.425957	-12.619989	-0.788547	-12.764607	-11.931907	-12.410145	6.513916	-8.901237	4.234172	3.184776	0.336854	4.586594	-8.163326	1.620941	7.992417	-16.617062	6.033484	-12.412744	7.816636	-17.691865	-0.788547	4.386723	-11.931907	4.703274
480	5	-12.487488	-12.369179	-2.788671	-8.949981	-9.590758	0.958159	4.584793	-16.070155	-2.788671	4.798914	-9.590758	6.829123	-14.400440	2.731810	6.237806	-14.923416	6.434699	0.958083	-13.987915	-12.369179	-2.788671	-11.491492	-9.590758	-4.961159	-15.900677	2.731810	6.237806	-17.464885	6.434699	-4.961203
481	5	4.366093	-21.789996	-4.018884	6.497199	-7.339224	8.738469	4.116848	-14.578819	1.964443	5.991420	1.810490	8.705288	-11.465038	-9.297991	1.964443	-9.077151	1.810490	-6.792503	-1.210025	-16.290772	-4.018884	-5.526318	-7.339224	1.583703	-11.232733	-16.288797	-4.018884	-8.570428	-7.339224	-6.791563
487	5	6.125082	-18.523996	0.967917	6.306240	0.834166	4.707151	-10.259029	-15.149413	-1.465887	-12.818858	-9.625562	-12.315389	-10.260091	-12.155934	0.967917	-12.852407	0.834166	-12.315389	-7.691246	2.042706	5.645210	-15.730665	6.383193	-12.315389	6.126229	-21.517514	-1.465887	6.339810	-9.625562	4.707151
527	5	3.921480	-12.493957	-3.989054	5.438590	-6.808914	8.320070	0.262767	2.573053	8.114047	-12.908681	6.623356	4.038415	1.108718	-10.936945	-3.989054	-5.164106	-6.808914	5.980255	-2.770387	-10.387273	-3.989054	-13.113024	-6.808914	-5.151985	-3.470139	2.906876	8.114050	-19.479182	6.623356	-5.164107
618	5	4.975468	-18.250871	-3.249984	6.277382	-11.637897	9.234118	-14.975916	1.679877	6.601752	-10.007869	3.320254	-2.139988	-1.647015	-12.893482	-3.249984	4.642380	-11.637897	4.547235	-14.497023	-12.870841	-3.249984	-7.532332	-11.637897	-2.139987	-2.135472	1.666413	6.601752	1.931535	3.320254	4.244540
672	5	-13.464313	-16.903924	-3.534880	-6.640294	-8.941167	-5.622605	-4.303606	-16.903925	-3.534880	0.950708	-8.941167	4.524758	-11.740587	-6.359201	2.685425	-1.115502	2.261628	3.722649	-10.136446	-16.903924	-3.534880	-0.965714	-8.941167	3.871119	-14.894691	-6.359201	2.685425	-6.722153	2.261628	-5.624187
683	5	-12.535809	-4.053749	2.358028	-15.502360	7.278492	-6.650314	-10.889029	0.698349	7.377660	-16.870669	7.984712	-6.650817	-12.533447	-14.145518	-3.212229	-11.306660	-3.300319	-6.635818	4.508625	-11.331871	2.351419	2.997298	7.272966	6.720941	4.511104	-19.228896	-3.212229	7.173497	-3.300319	6.939847
733	5	-15.347126	-5.429409	3.077022	-6.356259	2.239052	-3.859790	-10.249023	-11.613004	-3.257570	-6.211574	-3.811079	-3.859790	-10.463361	4.030863	6.720448	-9.991358	9.072768	-3.859790	-5.940213	-5.446650	3.077022	1.628616	2.239052	6.071905	4.825636	-15.388442	-3.257570	7.550214	-3.811079	8.739609
807	5	-11.769997	-6.551001	3.827840	-12.873731	6.040337	-3.001777	3.362359	-9.736568	3.708751	4.270638	6.039627	6.713403	4.164449	-18.472986	-1.620288	7.030842	-4.942636	6.713545	-10.882749	-13.798869	-1.619381	-9.875123	-4.942613	-3.001777	-2.337122	-13.798956	-1.619381	3.798690	-4.942613	4.479171
890	5	3.506237	0.153177	9.219402	-0.126704	7.102834	7.370091	-11.869078	2.878757	9.223873	-15.145352	7.102868	-3.936955	-12.738514	-8.644334	-1.744940	-9.304083	-7.549869	-3.936955	-3.118988	-8.724263	-1.744965	3.433955	-7.549876	4.116023	2.982712	-10.880831	-1.745101	5.674003	-7.549905	7.695481
915	5	2.668357	-0.221020	7.606200	4.128474	4.577049	5.277473	4.718242	-15.891873	-3.406838	7.603127	-5.591878	5.517716	-10.559095	3.832252	7.686963	-9.522462	7.058670	-9.992089	-9.169892	-11.403839	-3.406838	-3.744895	-5.591875	-9.991921	2.602444	-0.198067	7.605776	4.066232	4.575509	5.215021
980	5	5.623482	-16.481682	-1.887588	-2.496427	-10.070675	3.541966	-8.595909	-14.340236	-1.887588	-14.464012	-10.068341	-8.993966	7.071002	-16.481953	-1.887588	4.596832	-10.070675	6.735939	-9.984664	2.568810	7.061097	-17.141243	7.457889	-8.993966	-12.513846	-3.153065	4.132985	-15.297404	4.012796	-8.993966
1089	5	-9.352493	-12.517935	-1.973431	-4.682173	-8.231827	-14.146036	-10.340974	-12.010456	2.110833	-4.683197	0.803942	-14.190369	5.082411	-16.718769	-1.988277	6.002714	-8.231832	4.407720	4.097728	-16.067575	2.086481	5.997317	0.742968	4.339538	-10.760582	1.795086	7.429967	-7.299771	6.532148	-14.201971
1113	5	-15.365012	-9.512370	4.498167	-7.363841	-0.316168	-5.766629	-16.264637	-4.200809	5.745701	-9.334844	3.157436	-5.766629	5.669146	-18.324774	-0.299949	6.995971	-12.776228	6.532841	-10.004980	-15.125243	-0.299904	-5.440794	-12.770158	-5.766624	-11.136118	1.493539	7.756701	-11.590031	6.164644	-5.766629
1142	5	-7.806301	2.369052	8.199495	-19.423205	8.438328	-10.947439	-8.617692	-9.250018	-4.183669	-13.032504	-5.827289	-10.994328	3.357372	-11.943086	-4.183756	-1.646449	-5.827296	3.984929	0.885061	-9.301365	-4.183676	-1.950403	-5.827289	3.202387	5.178417	-14.596391	-4.183758	3.785041	-5.827296	5.454429
1172	5	2.200158	-8.781634	-5.891243	3.725272	-11.252659	-0.240332	-8.410891	-8.240436	-5.891243	-11.242117	-11.252659	-11.532554	-7.744780	3.907847	4.456211	-12.842915	6.650791	-11.530918	7.634361	-12.941416	-5.891243	4.858769	-11.252659	5.872009	2.922545	2.171986	4.456181	2.436390	6.648127	-0.196111
1298	5	-12.402089	-17.463943	-2.573340	-8.480295	-9.773460	-6.508555	-1.674594	-17.463974	-2.573340	4.094783	-9.773460	6.939054	3.635491	-23.628419	-2.573504	8.981300	-9.773460	7.515640	-2.006061	-17.463951	-2.573340	-1.760666	-9.773460	4.998651	-5.962655	-17.463943	-2.573340	4.049401	-9.773460	-0.039643
1300	5	2.179487	-3.062056	6.217837	0.833740	5.573778	6.453401	-2.258788	-12.191338	-2.798050	2.343142	-4.935160	3.822627	-13.419949	-12.140188	-2.792442	-8.641853	-4.931089	-9.080429	-11.960838	0.111046	6.781210	-14.615552	6.743304	-9.080411	3.543339	-13.681281	-2.902198	7.566333	-5.010148	6.480943
1318	5	-12.632613	-12.161824	2.282341	-5.162461	-5.719114	-3.894971	6.450791	-15.051299	2.282341	6.848354	-5.719114	5.966532	4.001710	-7.864443	5.856150	1.636410	2.811117	5.849463	-14.567424	-4.962692	5.856173	-10.348538	2.811119	-3.902269	-14.803250	-0.092323	8.189536	-10.447584	4.083561	-3.902659
1341	5	-9.598018	-4.208740	5.974854	-15.519772	4.934294	-11.694740	-12.854423	-15.239821	1.254181	-10.728426	-3.993038	-11.694740	6.154036	-10.486004	5.215646	1.568461	4.932257	6.189682	5.935695	-21.309338	1.251367	6.422444	-3.999557	6.244885	-9.112774	0.426599	6.383503	-15.519965	6.791764	-11.694740
1343	5	-16.854383	1.864468	6.544152	-13.762934	6.275298	-8.116719	-14.471470	-12.845350	0.855923	-9.389230	1.111511	-8.116719	-14.471466	-16.718704	-5.147512	-8.450024	-10.797571	-8.116719	4.078575	-18.710150	0.855921	4.749636	1.106706	6.724142	4.079075	-22.576693	-5.147512	5.688839	-10.797899	6.724153
1430	5	-11.351259	-15.090901	-3.207657	-5.468230	-10.128836	-7.321764	-7.586595	-15.090901	-3.207657	1.063770	-10.128836	-1.722659	-2.874007	-15.094501	-3.207657	4.292979	-10.128836	6.205693	2.196748	-20.123975	-3.207657	6.982197	-10.128836	7.100288	-2.596743	1.986530	8.669224	0.326464	4.895834	6.317094
1543	5	-11.371455	-9.245785	-4.804373	-8.973796	-9.738468	-10.885067	5.630936	-15.584525	-4.804373	6.559990	-9.764648	7.904768	0.240220	-9.246140	-4.804373	2.366050	-9.738480	7.863810	-1.177739	2.420137	4.962536	1.121617	5.876459	7.624958	-12.783536	2.420139	4.962536	-9.975097	5.876459	-10.885400
1583	5	4.715205	-14.254500	-3.263772	7.537916	-11.759362	7.489411	-13.278321	-11.975090	-3.263772	-5.917388	-11.759362	-5.917574	-0.885349	-12.093127	-3.263772	3.673497	-11.759362	5.097023	-1.236841	2.974591	6.365300	2.126002	5.472526	4.577667	-13.590413	3.068323	6.365305	-6.949454	5.472606	-5.917671
1642	5	-9.794271	-9.834708	2.947327	-12.558041	3.802530	-11.256459	-8.961648	-13.816870	-3.540369	-12.467136	-5.451813	-11.256459	-10.161414	1.350188	8.674555	-18.745090	7.075603	-11.256459	4.042198	-12.103870	2.946804	4.353847	3.802278	5.184995	4.874520	-16.122524	-3.540372	4.535744	-5.451814	5.187209
1663	5	-10.072109	-13.125798	-8.003590	7.739428	-7.672772	0.466871	-17.053434	-13.125798	-8.003590	-2.382225	-7.672772	-8.374967	-11.147209	-13.125798	-8.003590	3.280183	-7.672772	-3.363530	-5.312939	2.688129	4.815835	5.041861	6.079506	0.466866	-12.413216	2.688129	4.815835	-5.084343	6.079506	-8.390920
1907	5	-8.690364	-15.099585	-6.425583	-12.183790	-7.481120	-8.529856	-9.593347	1.727451	6.072246	-16.176242	6.591201	-8.529860	7.388809	-20.854429	-6.425583	7.194918	-7.481120	6.529708	3.857789	-17.659253	-6.425583	-1.520044	-7.481120	-3.964547	3.490359	-0.293132	6.071113	2.940929	6.452705	6.174240
1909	5	-10.998248	-13.467168	-0.631957	-12.317679	-11.827635	-4.737773	2.332777	-15.001631	-0.631957	2.237787	-11.827635	8.091174	-5.943610	1.446381	9.441920	-17.345640	5.021695	-4.730285	1.965274	0.533004	9.268100	-10.575126	4.303305	1.169231	2.175065	0.031604	9.059396	-8.133133	3.428146	6.101410
2168	5	-7.061262	4.329510	8.933401	-18.447296	7.175444	-5.622731	6.593753	-0.550728	7.417347	-0.061815	7.073745	6.321708	6.762704	-11.658004	-2.053416	6.423395	-9.337542	8.608267	-8.112973	-7.652961	-1.815094	-12.137861	-9.260478	-5.622738	-7.198101	-2.400880	0.852031	-12.138258	0.139878	-5.622732
2170	5	5.259319	-23.443691	-1.949591	4.517904	-3.711105	7.431874	-9.127592	-18.190466	-1.949591	-3.390938	-3.711105	-3.236944	-2.464275	-18.190466	-1.949591	-1.928560	-3.711105	3.173117	-7.500327	-18.190466	-1.949591	2.370148	-3.711105	-3.236124	-2.091070	-18.190466	-1.949591	3.704372	-3.711105	3.173152
2174	5	1.183081	-14.796153	-5.293416	6.081808	-10.442882	5.150898	-7.349802	-14.727133	-5.293416	-9.595096	-10.442882	-5.120206	4.538367	-19.746341	-5.293416	6.877425	-10.442883	7.506439	0.707421	1.682921	6.613357	0.987578	8.749551	4.450942	-7.535765	1.709569	6.613910	-14.148385	8.750281	-5.338443
2291	5	-9.270214	-3.494824	5.451714	-13.935891	3.939061	-8.694515	-7.359860	-12.353933	0.620434	-10.006594	-8.303940	-8.687161	-0.066058	2.725149	8.130843	-9.283758	7.371585	-7.780962	6.393142	-11.801793	3.730828	6.921643	1.617675	5.999181	7.180591	-18.599917	0.620434	7.350930	-8.317285	6.010320
2367	5	-10.738947	-13.830778	-2.246665	-10.053403	-7.170799	-7.651496	3.936133	-17.164883	-2.246665	8.468392	-7.170799	5.540495	4.396092	0.272021	5.287317	5.547161	5.029398	5.326458	-7.581317	3.468831	5.843278	-12.046545	5.385098	-7.651336	3.210016	-0.397566	5.303473	6.196730	5.097547	5.505911
2370	5	5.662594	-15.731013	-4.694522	9.507747	-6.552803	6.936338	1.079593	4.462537	6.430309	2.993970	6.874384	0.035658	-10.916863	-10.801897	-4.694522	-8.044644	-6.552803	-11.109184	-10.276992	4.493155	6.430309	-11.946528	6.874384	-11.109369	0.324069	-10.805676	-4.694522	5.870503	-6.552803	-0.740183
2409	5	-11.466959	-10.764483	-3.721287	-13.475659	0.167568	-9.889209	-13.328571	2.936903	6.520078	-18.320317	7.022715	-9.889209	-11.466959	-10.765634	-6.200328	-13.475659	-5.011752	-9.889209	3.820651	-14.886822	-6.200331	2.988256	-5.020808	6.715416	3.820651	-14.885737	-3.753558	2.988256	0.153625	6.715416
2412	5	-12.706661	-4.730130	1.023525	-4.234746	5.056118	-8.165719	-10.769161	2.831783	5.521574	-7.416257	7.210955	-8.245430	-12.706036	-12.021607	-5.256704	-4.160684	-6.072939	-8.156946	4.199924	-7.962710	1.023185	6.537285	5.055657	6.267765	4.200705	-15.252793	-5.256704	6.611299	-6.072939	6.267947
2470	5	2.459354	-14.053950	-2.184086	-4.075439	-9.494558	-3.778704	10.039781	-16.775986	-2.184086	4.209655	-9.531793	5.830485	-2.692299	-13.035585	-2.184086	-6.201036	-9.450910	-9.909067	6.262610	-16.070196	-2.184086	3.702352	-9.527542	-0.229527	-8.749850	2.610392	6.680031	-12.641108	5.471439	-10.134636
2570	5	-10.574443	-14.812277	-3.562664	-10.379191	-9.783572	-7.080441	5.622847	-19.616581	-3.567023	5.899650	-9.783580	6.202658	2.537003	-15.754597	-3.564830	1.687447	-9.783576	-0.206132	-10.362836	2.055888	6.482176	-15.843595	6.956397	-7.085233	3.184782	0.017514	6.199464	0.351421	6.654821	5.064992
2574	5	-12.718502	2.721327	7.409366	-16.322114	6.656254	-11.747278	-12.695652	-7.255174	-1.850909	-11.648439	-0.697511	-11.747278	4.355474	-7.883317	0.949586	5.790093	4.757537	5.739456	6.723799	-1.281734	4.596192	4.888706	4.965615	5.745640	4.355704	-11.235491	-1.855732	5.798178	-0.710420	5.739461
2637	5	-6.383540	-9.362561	-0.864773	-9.452730	1.406520	-7.389458	4.470408	-14.562467	-0.864879	5.960299	1.406510	7.020045	4.470995	-20.604229	-3.211246	5.960384	-5.161278	7.020122	-6.383095	-15.404150	-3.211246	-9.452671	-5.161278	-7.389430	-4.789221	2.352097	7.262631	-15.716968	7.067912	-7.305530
2654	5	-8.911749	-13.928346	-3.366999	-6.892532	-7.346415	-3.958691	4.643104	-20.506779	-3.366999	8.323195	-7.346415	8.824817	-1.419696	-13.929018	-3.366999	7.958872	-7.346415	4.886387	-2.892323	0.453877	9.403168	2.578731	7.512950	4.876562	-10.352575	0.453878	9.403168	-10.996049	7.512953	-3.958691
2781	5	10.036536	-15.948664	-2.643878	9.393719	-12.249928	4.721793	4.159304	-15.864959	-2.643878	6.661851	-12.249928	-1.394182	-7.895957	-10.113227	-2.643878	-6.179220	-12.249928	-11.056102	-1.628977	-10.113370	-2.643878	5.009958	-12.249928	-6.874433	-9.348811	3.933471	5.953216	-8.649029	3.162516	-11.056115
2830	5	-14.804935	1.419952	7.448929	-10.336506	7.466461	-8.490497	4.496979	-8.579355	1.937968	6.286409	4.704893	6.048085	-12.721353	-5.740941	1.970948	-5.811452	5.621149	-8.489159	-13.220421	-12.353281	-3.980779	-5.497894	-5.689227	-8.489671	4.392886	-15.115427	-3.980784	6.587400	-5.708607	6.034744
2855	5	5.997235	-11.866411	0.303865	8.956753	-9.425915	8.112171	-9.338069	1.677171	8.297811	-9.052218	7.186498	-8.091573	4.506613	-1.180390	5.614885	6.063557	6.649351	8.111562	-7.612812	-9.477455	0.303865	-6.015911	-9.425915	-8.091572	-1.398060	-9.477597	0.303865	2.280390	-9.425915	-1.860094
2860	5	4.602863	-17.170890	-4.975986	6.269413	-5.914032	9.225362	-13.028609	-14.229004	-4.975986	-9.335173	-5.914032	-2.251266	-1.505084	-14.229334	-4.975986	1.394962	-5.914032	6.700943	-11.354850	3.051159	6.485434	-11.889315	4.795403	-2.245019	-6.532135	-14.229004	-4.975986	-4.474122	-5.914032	4.109073
3110	5	-8.790466	-9.342059	1.226290	-3.878289	3.653477	-7.330709	5.164364	-13.597404	1.226238	6.098006	3.643576	5.625933	-8.448613	-11.568308	-4.501093	-3.851459	-1.554459	-7.330709	5.487660	-15.823241	-4.501306	6.126724	-1.556999	5.626084	-11.299309	-0.279022	5.163244	-6.227064	7.817962	-7.330710
3151	5	-8.829227	-14.286544	-3.023123	-10.262077	-4.252315	-7.931858	-8.843101	-6.871303	1.824402	-10.266935	3.612728	-7.931858	9.528553	-19.454838	-3.023123	6.481783	-4.252315	5.603103	-14.562598	1.170393	8.239686	-16.188182	9.453638	-7.931858	9.515231	-12.079421	1.813945	6.477029	3.605414	5.603103
3174	5	-10.106782	4.541386	6.491538	-11.983739	5.441427	-12.672091	-11.006834	-12.408083	-2.485131	-7.804336	-8.915033	-12.672134	2.546794	-13.702297	-2.485131	6.725426	-8.915033	5.528631	2.191490	-13.509856	-2.485131	3.764435	-8.915033	-1.088099	3.418896	2.707030	6.491538	2.744161	5.440555	5.554764
3244	5	-15.342185	-12.011789	-1.789408	-9.292611	-9.761993	-10.384164	-17.050187	-5.405586	1.856085	-9.293359	3.868186	-10.384164	-13.387812	2.218499	7.878088	-13.907087	6.075812	-10.384164	-3.757115	-12.013449	-1.789408	0.983956	-9.762309	2.046889	-5.480467	-5.405590	1.856085	0.952589	3.868183	2.034340
3252	5	5.505169	-17.760257	-5.220434	7.069589	-9.222419	6.642255	-11.019968	-12.073155	-5.220434	-5.329250	-9.222419	-5.252336	-0.863019	-12.073186	-5.220434	5.670561	-9.222419	6.255786	-10.261252	1.191566	7.172081	-11.460879	6.441738	-5.252300	-4.737608	-12.073155	-5.220434	0.484736	-9.222419	-2.638957
3353	5	-11.265010	-11.721641	-6.905832	-3.765223	-11.107731	-7.475233	4.756084	-17.019216	-6.905832	7.620982	-11.107735	7.457921	-6.599603	-11.721641	-6.905832	2.155680	-11.107731	-1.085175	-8.026600	2.138262	4.257187	-4.029488	5.372038	-7.784522	-3.346226	2.138253	4.257187	1.892324	5.372037	-1.081762
3472	5	-11.024877	3.521029	5.203454	-15.517951	6.906559	-5.708698	4.219964	-17.837632	-4.989070	4.169713	-10.123381	8.210944	-12.454369	-13.769947	-4.988348	-11.882347	-10.060331	-5.715304	-4.801870	-13.822601	-4.988375	-0.177340	-10.062683	2.872613	2.954936	-0.080664	3.988345	3.370623	6.725964	7.823807
3514	5	-14.303357	-12.332157	-3.675195	-6.562842	-8.430583	-5.689200	1.977510	-14.292437	-3.675198	8.146333	-8.430583	5.961167	-4.708725	-12.332157	-3.675195	1.704981	-8.430583	2.983216	-12.221177	1.388910	7.271141	-10.275051	7.631625	-5.689203	1.545692	0.313902	6.867513	5.038557	5.206042	4.996173
3521	5	-9.013432	-11.901460	1.213039	-9.140588	1.036242	-12.356948	-9.480269	2.814917	7.216854	-11.473163	7.379689	-12.356949	-9.013321	-13.815039	-3.975051	-9.055772	-10.776532	-12.356947	3.421782	-15.573897	-3.979472	6.018426	-10.778137	4.141884	3.421674	-13.662654	1.195864	5.937372	1.035697	4.141869
3532	5	-13.307678	-15.349140	-4.357335	-10.526536	-5.580073	-8.666762	-11.361065	2.916963	6.995135	-15.788630	6.906743	-8.664387	-13.415454	-3.163940	6.110388	-15.683646	4.308833	-8.666822	2.804836	-17.745196	-4.357335	6.053117	-5.580073	4.954104	3.490497	-7.108842	1.859978	6.053228	4.282093	5.099655
3538	5	-15.063589	-12.817578	-2.260314	-10.093120	-8.771018	-7.725859	-14.554216	1.970032	8.497865	-16.173230	8.761948	-7.751796	-15.102876	-6.512206	2.409524	-10.093228	2.929303	-7.725861	2.362397	-14.934562	-2.260318	3.660367	-8.771019	4.934796	2.316796	-8.549988	2.385699	3.613677	2.914452	4.857847
3582	5	1.960470	-8.488996	2.085837	3.110539	7.254809	7.882277	1.961366	-15.168614	-4.586426	6.119655	-5.182881	7.882783	-10.946208	1.910946	6.834607	-10.494488	7.934139	-8.800107	-11.405704	-13.645331	-4.564050	-4.224230	-5.182881	-8.800106	-4.698822	-13.692775	-4.565152	4.112284	-5.182881	-3.200574
3632	5	-12.730019	-10.470837	-2.054387	-7.478080	-6.616885	-6.780496	-14.494996	0.559175	8.749314	-12.192208	5.992723	-6.780497	3.954940	-11.192280	3.674728	8.706296	3.622604	5.806195	5.096395	-17.158899	-2.054387	8.805786	-6.616885	5.822467	-2.682588	-10.470837	-2.054387	2.215332	-6.616885	2.945603
3754	5	-12.630108	2.783919	7.899560	-10.818653	8.568392	-9.496112	-13.223296	-15.839712	-3.814511	-4.680829	-3.139614	-9.496096	3.584437	-20.788747	-3.814511	7.513441	-3.139614	7.311876	-7.695614	-15.839712	-3.814511	1.263779	-3.139614	-4.068360	2.900647	-0.177079	6.778936	2.079700	5.602582	6.730999
3792	5	-12.120202	-18.637152	-3.959769	-9.841369	-10.975398	-9.744230	4.143045	-22.422152	-3.959769	7.353051	-10.975484	8.644918	-1.929960	-18.642387	-3.959769	4.470847	-10.975398	6.415309	-2.455590	0.279603	7.273835	0.729214	4.539524	3.898401	-12.610547	0.282557	7.274878	-12.892635	4.541034	-9.744301
3803	5	-3.531195	-10.151649	3.239124	-9.673512	1.973160	-9.265879	-3.249786	-15.039398	0.245457	-9.116500	-6.004013	-9.255676	-6.400445	1.739659	7.867862	-12.763994	8.533531	-9.278749	7.621486	-21.660649	0.245457	7.779494	-6.004013	7.657030	7.340234	-16.875883	3.239124	7.222482	1.973160	7.656961
3827	5	-10.922846	-7.757974	0.841229	-9.839725	1.672071	-9.856419	-9.283969	3.141449	8.962856	-14.936665	7.128831	-9.856419	-10.709033	-8.776731	-3.433100	-9.838706	-2.842066	-9.856419	5.289550	-12.579982	0.841222	4.047855	1.672070	7.129904	5.494047	-13.692255	-3.433101	4.068379	-2.842067	7.130020
3835	5	-13.905434	-7.008699	1.237634	-12.633036	3.247395	-3.942203	-14.386082	-14.565801	-2.610381	-12.633010	-5.161388	-3.942203	3.349738	-17.402986	-2.612679	3.062524	-5.162231	8.330484	3.411774	-10.362912	0.846766	3.093703	3.204368	8.350348	-13.146327	1.555615	6.377016	-18.435749	8.004241	-3.942203
3885	5	-10.434384	-11.504333	-1.765357	-5.656059	-7.538243	-7.327345	-10.665993	0.672313	7.473631	-12.221735	5.187600	-7.327349	-3.234097	-11.535499	-1.765357	1.730107	-7.538243	-1.926393	1.570675	-12.183787	-1.765357	8.136474	-7.538245	6.634587	-0.270544	0.258963	7.219857	1.541072	4.671894	5.570124
3902	5	-10.469073	-13.247498	-5.825199	-11.687764	-9.331010	-10.235077	-10.636569	-13.155663	0.607825	-11.689226	0.351164	-10.235077	5.246061	-16.603946	0.607825	5.976036	0.351164	7.674285	5.413574	-16.709954	-5.825199	5.984963	-9.331010	7.674287	-11.294746	2.074516	6.653663	-17.044150	7.263311	-10.235077
3934	5	-9.811827	2.433345	8.846504	-13.490986	7.634043	-10.925781	-10.917426	-10.730096	0.553056	-8.488301	-2.315477	-10.703852	3.951306	-12.607225	2.656480	6.813017	3.528050	6.493490	-11.570203	-6.300225	2.656481	-8.789634	3.529208	-10.744379	4.604084	-17.036532	0.553055	7.114483	-2.315480	6.538289
4000	5	-10.061399	-6.081485	3.156608	-12.341356	5.266646	-11.623943	3.762843	-19.622057	-2.645148	6.767655	-8.723002	5.906538	3.774998	-12.438045	3.128018	5.633108	3.524315	5.909376	-11.522026	-13.389959	-2.645148	-11.144843	-8.697464	-11.630498	-11.119170	2.703172	8.045166	-16.589135	7.600738	-11.629303
4026	5	-2.693377	-15.451705	-6.480572	0.192417	-7.912891	-8.654655	-8.361802	-15.451523	-6.480572	-5.285392	-7.912891	-9.288324	4.082154	-20.995761	-6.480572	4.583896	-7.912891	-2.098654	6.828242	-20.995762	-6.480572	6.982203	-7.912891	3.683259	-9.727249	2.334481	5.029019	-7.699190	6.216244	-9.288344
4068	5	-12.807200	-10.197434	-1.034974	-10.280814	-7.022323	-11.100186	-7.403375	4.181981	2.272468	-10.104659	-0.647553	-11.100186	-12.744282	4.400082	6.937590	-15.141849	7.129999	-11.100186	5.617869	-12.689199	-1.035444	6.805591	-7.022400	6.592235	11.008007	1.648535	2.269586	6.843366	-0.649088	6.592235
4094	5	6.017177	-22.737358	-4.018186	8.539436	-9.598165	8.443833	-8.531851	-17.702511	-4.018186	-5.576276	-9.598165	-3.954305	-1.907674	-17.718703	-4.018186	-1.920282	-9.598165	4.880208	0.651412	-18.175126	-4.018186	6.732757	-9.598165	7.216103	-3.683996	-17.703897	-4.018186	2.211970	-9.598165	-1.132894
4153	5	-4.201035	-11.719497	-2.119973	-7.952997	-8.615886	1.005801	6.523684	-18.321342	-2.119973	6.270787	-8.615886	9.495987	-5.768194	3.565826	8.565545	-12.624064	6.006919	1.005801	-8.963908	3.565826	8.565545	-13.513236	6.006919	-3.910280	-7.398274	-11.719497	-2.119973	-8.842266	-8.615886	-3.910280
4161	5	-9.157062	-7.623317	0.697986	-11.561207	2.422816	-12.191714	-6.872504	1.116215	7.266236	-17.677348	8.813967	-12.218844	-8.982727	-13.515561	-4.789046	-11.518760	-4.994785	-12.190865	3.188801	-13.776242	0.697472	5.658249	2.422767	5.085185	3.362998	-19.618907	-4.789046	5.752902	-4.994785	5.099468
4252	5	4.948987	-18.538402	-5.520137	6.775651	-6.567865	7.838659	-0.572470	-15.142341	-5.520137	6.775635	-6.567865	6.408064	-6.793724	-15.140788	-5.520137	-2.785110	-6.567865	-4.443638	-6.289046	3.089498	6.911499	-7.359101	6.645100	-4.247601	3.263690	1.200905	6.844543	-2.682980	6.641145	4.284401
4317	5	-6.598282	-13.492195	-3.695409	-6.427071	-8.041578	-8.229815	4.943737	-19.913551	-3.695487	8.455107	-8.051753	6.605221	0.899921	-18.837322	-3.695486	-4.435186	-8.051619	-4.298118	-7.304725	3.123285	7.603838	-8.189464	8.983363	-8.230333	1.059438	-18.995091	-3.695486	1.836420	-8.051646	-0.843530
4432	5	4.666785	-20.660971	-3.148145	6.115100	-10.192069	3.689368	-11.824408	-14.485726	-3.148145	-12.035294	-10.192069	-9.456018	-7.612886	1.872251	4.537709	-13.600125	6.397033	-9.462064	-11.228158	-2.124123	3.360154	-12.953660	-6.059675	-9.460316	-6.050397	1.870351	3.535726	-13.037386	-0.297455	-9.460589
4444	5	-10.550532	-16.538303	-6.108860	-6.749220	-7.461810	-9.059434	-10.551081	-9.111496	-0.500230	-6.749788	1.224746	-9.059434	6.324567	-16.019310	-0.615038	6.535345	1.152251	5.766238	6.324754	-23.156705	-6.109554	6.535792	-7.461938	5.766238	-11.468343	2.373668	5.207120	-11.124905	8.792528	-9.059445
4474	5	-15.859787	1.202821	7.454270	-11.097192	7.805407	-8.287090	-14.096674	-9.692491	1.518519	-9.686184	-3.210487	-8.287090	4.295536	-12.999875	1.654743	7.623760	1.530225	5.065422	-14.732349	-5.087323	1.677025	-9.686565	1.533268	-8.287090	4.842573	-16.346601	1.518481	7.642212	-3.210492	5.065599
4507	5	-16.160243	2.569767	9.462392	-9.522695	6.832966	-13.941367	-13.152072	-15.287721	-2.918942	0.303420	-11.287757	-10.508611	-13.293479	-12.026347	1.402910	0.229093	0.342364	-10.838282	-17.050337	-12.026347	1.402910	-4.544758	0.342364	-13.941367	-16.976658	-15.287721	-2.918942	-4.480843	-11.287757	-13.941367
4527	5	-9.275333	2.025505	5.952478	-10.773028	6.089390	-5.497808	-11.894865	-12.429776	-4.867344	-6.406922	-9.379599	-5.482795	3.634811	-13.722327	-4.867344	8.192942	-9.379599	7.946195	-1.983526	-12.470233	-4.867344	1.926250	-9.379599	4.138139	6.230624	0.667796	5.758264	3.917014	5.922786	8.129016
4552	5	-11.337637	-15.634307	-5.183719	-1.370704	-5.025887	-10.377750	3.615788	-20.602910	-5.183719	6.345818	-5.025887	5.923452	-1.703293	-15.634308	-5.183719	5.809115	-5.025887	4.235413	-11.603735	1.897532	6.581648	-7.184925	6.806671	-10.594501	0.361779	1.897366	6.581648	3.009826	6.806649	5.294259
4576	5	3.739759	-12.092471	2.543885	6.582387	5.906083	6.422819	-8.320704	-7.972819	2.543887	-9.948731	5.906083	-9.627663	4.069732	-19.316600	-1.692708	7.321597	-5.126935	6.429694	-8.082086	-15.098040	-1.692708	-9.224458	-5.126935	-9.581353	1.795731	-18.293709	-1.692708	4.238757	-5.126935	-0.187396
4770	5	4.093755	-12.045404	1.617625	4.204029	3.513937	7.253987	-13.156244	-7.919818	1.617625	-11.728532	3.513937	-10.320770	-12.972973	-11.867233	-4.877645	-11.728137	-5.030864	-10.315956	-9.901544	1.610593	5.341265	-14.824389	6.625316	-10.045934	4.280699	-16.019381	-4.877645	4.233307	-5.030864	7.255935
4977	5	-16.017831	-14.931714	-0.758653	-6.080518	-12.060090	-8.086434	-6.138082	-14.931714	-0.758653	4.590974	-12.060090	3.898276	-3.487729	2.267581	5.839575	3.272169	4.869182	3.896831	-13.688482	2.267581	5.839575	-7.398512	4.869182	-8.086434	2.627231	1.529401	5.817153	5.390827	4.624843	6.604902
5000	5	-9.467152	-12.506497	-6.252986	-11.490197	-7.635117	-8.984983	-13.841695	3.464055	6.108233	-16.315326	6.933213	-8.992650	7.661221	-16.127421	-6.252986	6.904421	-7.635120	6.094518	2.996080	-14.203264	-6.252986	1.013581	-7.635120	-1.050038	3.118868	0.894577	6.104946	2.072649	6.547599	5.587912
5018	5	5.366087	-12.747108	-0.090169	7.207056	4.065278	9.065972	5.366094	-16.663789	-3.427331	7.207143	-6.091553	9.065972	-9.309171	-9.865423	-0.015050	-9.960586	4.197727	-6.312286	-9.309162	-13.789894	-3.420515	-9.960485	-6.088788	-6.312286	-8.813235	2.318487	6.089927	-13.439910	7.110303	-6.312286
5055	5	-12.314088	-15.918496	-0.217070	-10.435735	-5.417857	-11.689812	-12.726946	-5.624896	3.428052	-12.620705	1.220847	-11.734710	3.932068	-19.278647	-0.217070	7.098616	-5.417857	6.330908	3.392872	-7.850102	3.426003	4.893348	1.219037	6.298096	-14.570896	1.285803	6.732562	-14.442174	8.394616	-11.743965
5137	5	5.698261	-12.730062	-1.524561	6.638305	-8.645118	6.211985	-6.476499	-9.842061	-1.524561	-5.768509	-8.645118	-10.784902	3.382310	-11.243930	-1.524561	4.232576	-8.645118	0.237627	-8.825023	2.134470	7.817102	-9.837914	6.411909	-10.784902	3.389511	0.695313	5.766601	4.359388	6.200525	6.171485
5173	5	-14.743866	2.394528	7.115563	-12.918350	4.037841	-6.385481	-11.747307	-11.087792	0.880006	-6.516032	-15.030795	-2.886417	4.027352	-17.558999	0.880006	7.753705	-15.030795	7.591034	-2.451228	-11.087822	0.880006	-0.947456	-15.030795	5.942731	-2.166852	-11.087857	0.880006	1.938172	-15.030795	5.945465
5225	5	3.815351	-13.705460	-7.437749	5.756466	-7.045359	8.516039	-13.523313	-13.395587	-7.437749	-5.247788	-7.045359	-2.652059	-3.505098	-13.395587	-7.437749	1.056423	-7.045359	5.649834	-3.179200	1.387955	4.549330	-1.811274	4.143477	4.155232	6.201412	1.067491	4.518301	3.820410	4.054519	8.550610
5233	5	-11.722943	-10.491137	0.305394	-7.231502	1.661375	-8.991123	2.863775	-14.946586	0.305394	5.923779	1.661375	4.050340	-11.722833	-13.050465	-1.249494	-7.229489	-3.548496	-8.991121	-10.110242	1.823442	8.843308	-12.307101	4.844837	-8.989633	2.863994	-17.506445	-1.249494	5.925793	-3.548496	4.050434
5275	5	6.216971	-19.331053	-6.504171	8.777351	-9.508133	6.437910	-5.873089	-14.170965	-6.504171	-0.737255	-9.508133	-5.084815	-0.076653	-14.181366	-6.504171	7.786714	-9.508133	6.388698	-3.764229	-14.170965	-6.504171	5.137465	-9.508133	1.294659	-4.960083	3.375169	6.156444	-10.698463	7.340327	-10.222196
5282	5	-9.866253	3.021272	4.543923	-0.531049	6.050902	-4.119814	6.467452	-16.909082	-6.563817	8.149338	-6.327683	7.297076	-3.441793	-6.546859	-1.596534	0.826322	3.163539	-4.090284	6.468147	-12.141228	-1.596710	8.149340	3.163115	7.297083	-3.474878	-11.314732	-6.563817	0.825863	-6.327682	-4.090826
5331	5	-5.070158	-10.329491	-0.579024	-9.061567	-8.356415	-5.996641	-9.474823	3.753271	7.478362	-11.454239	6.855304	-6.001946	8.631757	-16.751657	-0.579026	7.341829	-8.356415	4.957684	6.383981	-16.216912	-0.579026	1.263745	-8.356415	0.260161	4.038671	0.080209	6.044963	4.949690	6.743919	4.957671
5353	5	-13.056035	-16.108447	-1.763860	-9.634543	-9.375161	-7.473952	3.758872	-18.973101	-1.763860	6.264221	-9.383550	7.608830	-14.590607	1.895333	6.691613	-13.904095	7.719626	-7.474159	-1.713738	-16.113494	-1.763860	2.505319	-9.375195	3.560317	2.205534	1.052489	6.642539	1.693034	7.693440	5.459353
5386	5	-7.287745	3.979896	5.889876	-14.624845	6.073402	-9.765254	4.501186	-13.692451	-2.958582	6.092628	-12.611375	6.108114	1.328155	-13.660741	-2.958582	6.089122	-12.611375	6.108004	-9.272360	-13.563284	-2.958582	-11.625050	-12.611375	-9.765254	6.473921	3.850726	5.889876	2.880880	6.073402	6.107954
5409	5	-9.243956	3.932388	8.808829	-8.896627	5.688373	-11.887007	-10.953832	-11.129794	-2.427276	-4.866857	-10.164360	-11.858228	-6.742289	-11.129827	-2.427276	1.353329	-10.164360	-7.095885	3.912331	-13.228811	-2.441631	8.775086	-10.181196	3.447760	5.665710	1.787515	8.449451	4.906503	5.276779	3.475284
5439	5	-6.774015	3.542457	5.104226	-18.411864	6.720189	-9.607309	4.066435	-13.572461	-3.815810	7.218443	-11.984326	7.366650	-12.059812	-11.765289	-3.815810	-12.266804	-11.984308	-9.607309	0.182003	-11.997539	-3.815810	0.537911	-11.984313	5.116316	5.993364	-2.319843	5.048641	1.076428	2.236264	7.303496
5441	5	-5.876617	1.995210	1.780457	-9.756682	5.202161	-14.859453	-12.860666	-6.281598	-10.221064	-9.752473	-11.954133	-14.859453	5.368990	-0.232994	1.780452	4.974887	5.191812	3.608512	4.581296	-8.137459	-10.232331	4.979102	-11.954146	3.608453	3.087131	0.856643	1.780457	0.213819	5.201928	-6.122028
5510	5	-11.655769	-12.330377	-5.670739	-5.702381	-9.102949	-4.244021	5.927871	-16.044323	-5.670739	8.669746	-9.102952	8.922631	0.509592	-12.330555	-5.670739	1.888768	-9.102949	-1.709927	-12.646301	3.338241	6.292041	-11.602211	6.550398	-4.359550	-5.766197	-12.330377	-5.670739	1.765063	-9.102949	-1.823335
5651	5	-15.241350	-6.768308	3.793202	-7.210832	4.333673	-5.981328	-6.033498	-6.768308	3.793202	1.977757	4.333673	2.540827	-3.117821	-16.404474	-2.373813	2.962752	-4.196531	2.546095	-12.510624	-16.404474	-2.373813	-3.887997	-4.196531	-5.981068	3.558336	-21.020067	-2.373813	7.772886	-4.196531	8.526100
5737	5	-10.647131	-14.636814	-3.597583	-8.999873	-3.947546	-11.107673	0.350183	-14.639217	-3.597587	7.559167	-3.947546	6.254452	2.382270	-15.175001	-3.598304	7.786329	-3.947547	6.257804	2.740222	0.459752	4.386344	7.185290	5.520175	6.257801	-8.460782	1.941140	5.084696	-11.395365	6.285776	-11.107673
5786	5	-10.633942	-12.249022	-4.613147	-10.562912	-6.355576	-7.904217	-10.493228	3.401405	6.880948	-16.515874	7.311201	-7.961037	4.137369	-18.144811	-4.613209	5.331398	-6.355578	7.334382	0.637000	-13.728937	-4.613201	-3.273081	-6.355577	5.476921	0.513769	2.055398	6.877942	-9.752682	7.135731	3.026120
5828	5	4.668545	-17.290418	-4.470894	9.104631	-4.148343	7.506833	-11.423252	-2.786157	2.000297	-7.756895	6.812890	-4.746922	-2.775889	-12.651233	-4.470894	4.013289	-4.148343	1.554508	-12.721947	1.665340	7.210201	-13.307672	9.673490	-4.746922	-12.912312	-12.651233	-4.470894	-7.744585	-4.148343	-4.746922
5836	5	-12.689554	-5.689667	2.714352	-14.569651	2.844691	-9.318611	-14.101059	-14.612538	-2.996550	-14.320030	-4.667790	-9.318611	-13.684914	2.352419	8.231117	-17.602207	5.638091	-9.318611	4.700584	-18.530399	-2.996551	2.368416	-4.667800	5.889537	4.794220	-9.609857	2.711487	2.134272	2.829781	5.891541
5854	5	3.571252	-15.703794	-1.535606	-6.638983	-6.153857	1.385908	-6.624969	-13.990743	-1.535606	-13.776018	-6.153857	-6.471812	10.618071	-19.072318	-1.535606	2.647250	-6.153857	7.677160	3.134803	0.796414	6.122548	-11.178969	5.405807	1.352547	-6.676973	2.821331	6.260136	-18.286506	5.834462	-6.471812
5898	5	-8.801597	-9.645259	-5.367054	-12.026974	-11.967282	-6.275652	4.650635	-14.649613	-5.367129	6.108220	-11.967282	7.194217	-9.904834	3.780007	6.530149	-18.298543	5.334458	-6.351094	-0.264453	-9.656386	-5.367055	0.181041	-11.967282	5.119173	4.000849	-14.163970	-5.367129	0.602203	-11.967282	0.032843
5961	5	-6.105926	-10.036522	-6.398213	-0.417484	-9.864449	-10.029490	-9.283279	1.732432	6.233858	-12.452581	7.127353	-11.282550	4.447424	-16.477741	-6.398213	6.929155	-9.864449	4.715043	1.706107	-2.157958	6.233637	1.089674	6.023547	3.844715	1.208236	-1.415924	6.233642	1.035858	5.947149	3.497818
5976	5	3.103047	-10.646378	1.343314	5.946720	4.672156	8.077665	-7.419818	-7.187665	1.343314	-4.442060	4.672156	-10.355242	3.103355	-17.734411	-5.264006	6.154224	-7.661239	8.077665	-7.420293	-14.274821	-5.264006	-4.034553	-7.661239	-10.355080	-8.173851	1.558315	7.583304	-10.682443	6.620104	-10.355318
5990	5	-14.071298	-8.950803	2.980111	-11.616385	7.245640	-7.195185	4.627229	-12.633647	2.880464	4.285377	7.172664	8.302890	-14.491713	-13.465581	-0.032295	-11.437980	-1.436603	-7.195184	-14.640227	1.584243	8.242453	-17.439948	9.304984	-7.195188	4.687042	-17.210778	-0.041977	4.445133	-1.443471	8.304862
6049	5	-12.094743	-5.201829	4.044874	-6.987318	2.610027	-3.209751	-3.193979	-13.308010	-0.993299	-3.140548	-2.896629	2.337827	4.215678	-11.581159	4.004319	5.807271	2.385486	4.274316	-10.146817	-13.308010	-0.993299	-6.403664	-2.896629	-3.190021	6.078802	-19.675573	-0.993300	6.340837	-2.897477	4.275204
6130	5	-10.832131	-12.723160	-3.510095	-7.691954	-1.356920	-13.474588	-10.131091	-7.049785	-0.713794	-7.698309	3.803484	-13.474588	3.657745	-13.022584	-0.765804	6.292798	3.803483	5.353963	-13.037790	-2.930504	5.879703	-8.482400	6.370777	-13.474588	3.643012	-18.695913	-3.510095	6.292580	-1.356920	5.353963
6147	5	-5.070390	-7.059494	0.206861	-5.957148	2.595072	-10.133695	7.598092	-18.273331	-4.040332	6.479314	-3.878273	6.253999	7.602128	-11.557256	0.206861	6.479350	2.595072	6.253999	-7.974430	1.622464	7.248860	-12.900773	5.784660	-11.949511	-5.274793	-13.776846	-4.040332	-6.016760	-3.878273	-10.179190
6162	5	-11.191915	-4.781431	2.211934	-10.285430	2.793070	-10.958108	-11.198693	-14.360676	-2.930822	-9.654950	-8.055533	-10.958108	3.734743	-20.786903	-2.930822	7.746840	-8.055533	8.576990	-1.639008	-14.540709	-2.930822	3.973276	-8.055533	3.179740	3.722243	-11.207348	2.211681	7.115568	2.792620	8.576526
6203	5	-10.941426	-15.043741	-6.909277	-5.506367	-7.879466	-5.525727	4.961722	-20.623350	-6.996955	6.575414	-7.881921	6.623103	-3.803471	-15.043741	-6.909277	2.457581	-7.879466	-0.437317	-8.685110	3.711812	5.704150	-10.797814	7.340673	-5.559665	-1.293193	-15.043768	-6.909278	2.819877	-7.879466	6.086858
6216	5	-6.013999	-7.810204	1.184738	-9.718145	0.751010	-12.395071	4.844419	-12.131187	1.184549	5.638826	0.750429	6.770400	-4.472413	2.130135	6.492995	-11.763893	7.976414	-12.389372	-5.996300	-15.762276	-4.492152	-9.532921	-5.074763	-12.395052	4.862170	-20.083486	-4.492152	5.824722	-5.074763	6.772207
6249	5	-11.065151	-16.304456	-3.609724	-10.723566	-7.277362	-10.630133	5.282803	-21.199013	-3.609724	6.835827	-7.277362	6.519753	-12.060200	-3.837434	3.984736	-11.571902	3.714240	-10.653980	-9.758885	2.162311	8.102771	-15.956418	6.881075	-10.682876	2.535339	0.493127	8.030499	0.305335	6.510096	5.013530
6321	5	2.976785	-14.662879	-0.705797	7.253902	-9.239322	6.380043	-11.256360	-12.105214	-0.705794	-8.753451	-9.239322	-10.725832	-11.655911	-6.575926	4.380463	-9.801339	1.843776	-10.725858	-11.738335	0.500173	8.961943	-12.679770	7.287900	-10.725861	2.329484	-7.016618	4.377509	6.097641	1.841886	6.209311
6362	5	6.366983	-20.429500	-3.225721	5.033256	-3.694248	6.330475	6.366878	-15.471555	0.255591	5.033253	1.950249	6.330473	-10.988810	-8.905154	0.255591	-13.180477	1.950249	-3.084179	-10.989827	-13.863099	-3.225721	-13.180475	-3.694248	-3.084206	-10.793984	3.132575	7.125029	-18.897373	5.328002	-3.078618
6365	5	5.161665	-17.728830	-2.800608	8.671163	-5.668743	7.168680	-12.845367	-12.027557	-2.800608	-7.357948	-5.655978	-7.307304	-14.684081	-5.192860	3.377357	-8.125419	2.698263	-7.307304	1.936424	0.171440	9.281116	3.899731	6.826416	6.712030	-14.772180	2.975166	9.542278	-12.706587	7.864162	-7.307304
6389	5	-7.395904	-12.278656	-4.590377	-9.326018	-10.315480	-7.008017	-6.907332	-2.334032	4.763510	-15.629737	6.023992	-7.008017	-4.900655	3.018269	7.308714	-15.631228	7.018743	-7.008016	5.516130	-18.267286	-4.590377	3.041684	-10.315480	6.802853	1.327581	2.571644	7.308707	-12.463114	7.018742	-6.653870
6425	5	-14.671218	-14.959763	-5.151306	-12.577216	-6.743874	-12.155792	-14.636969	-4.788191	-0.390837	-12.577216	5.564361	-12.155782	2.725482	-9.201706	-0.395614	5.799476	5.563144	5.358913	-14.898788	1.944901	5.326256	-15.925778	9.693112	-12.155854	2.726611	-16.453840	-5.151306	5.800120	-6.743874	5.359447
6426	5	3.238894	-16.546499	-3.624714	7.449251	-7.320903	5.958602	3.236467	-10.596265	2.304423	7.394236	2.354635	5.957818	-13.346363	-7.795829	2.304434	-10.193807	2.354975	-10.638291	-13.345023	-13.739417	-3.624714	-10.139062	-7.320903	-10.638289	-13.145645	0.493137	8.316874	-12.627962	6.086701	-10.637957
6436	5	-11.430739	-3.595437	3.814374	-12.845958	2.893416	-9.900772	-11.661662	-12.580305	-2.533880	-7.135482	-3.793846	-9.900772	4.077307	-9.917161	3.813472	1.456658	2.890757	6.587607	-10.451543	3.353704	6.697594	-13.697317	8.529852	-9.900772	4.144574	-18.916708	-2.533880	7.312770	-3.793846	6.678232
6483	5	-10.433310	-15.941685	-6.439682	-6.946392	-10.338547	-5.740618	-6.611649	-15.941685	-6.439682	0.583657	-10.338547	-0.470320	-3.367465	-15.941686	-6.439682	4.486420	-10.338547	3.282302	3.187158	-19.177844	-6.439682	6.786828	-10.338869	7.143231	-10.906955	2.074751	6.279327	-10.375251	5.531832	-5.740640
6661	5	-10.645741	-12.466579	-4.386802	-11.309785	-11.010461	-9.799844	4.517083	-14.027749	-4.390159	5.353903	-11.040476	7.133558	-6.773581	3.430638	5.282311	-14.660587	6.519602	-9.822616	5.125941	1.644329	5.053630	-3.394733	6.312413	4.086965	8.353588	1.578368	5.039918	2.590557	6.299439	6.972850
6697	5	-0.005957	3.112990	7.241218	-12.379946	6.574794	-10.849939	1.970286	-10.569348	-3.623612	2.453426	-8.381179	-0.004483	-5.316471	4.152711	7.245331	-16.161696	6.575998	-11.070733	-7.491017	-8.228976	-3.623612	-10.535076	-8.381176	-11.070733	5.195441	-13.075268	-3.623612	3.231831	-8.381179	6.617832
6714	5	-14.763155	-15.513318	-5.759084	-6.578117	-8.132353	-8.074651	-1.997559	-15.540842	-5.759084	4.625507	-8.132353	4.167030	2.361337	-17.671117	-5.759084	7.426509	-8.132353	6.089547	-15.680731	1.557009	6.574505	-8.167068	6.224759	-8.936574	-2.992703	1.547764	6.573999	2.359718	6.220868	3.627691
6746	5	-10.453784	-12.309832	-2.288640	-6.876130	-7.896838	-9.952182	5.937362	-17.930342	-2.295113	3.706396	-7.902509	-0.028286	-7.432037	3.275732	6.689566	-9.211462	6.946647	-9.985555	6.048291	-17.931560	-2.295113	8.565650	-7.902509	5.163469	-9.299314	-1.797189	4.179263	-7.689018	4.011036	-9.975581
6759	5	-8.836481	-15.669417	-8.213313	-12.886887	-3.211234	-11.367009	-8.579984	-8.310410	-1.966786	-12.859513	2.787644	-11.360092	5.629590	-13.904152	-1.966786	4.738121	2.787644	6.596556	-4.956478	1.527603	3.329316	-11.848487	6.214636	-10.947887	5.623766	-21.262657	-8.213313	4.737980	-3.211234	6.595991
6838	5	-14.339556	-4.012057	5.060769	-11.108817	3.310613	-6.699363	-6.130911	-12.615661	-2.389606	2.045483	-3.980066	-0.836373	4.504159	-10.128786	3.143321	6.851643	3.080715	3.983594	-10.395176	1.122828	9.351825	-11.455665	7.288625	-6.684301	4.621622	-18.633179	-2.389606	7.038325	-3.980066	3.989473
