7	1	-13.150130	-17.228584	-2.718146	-10.683298	-5.153396	-9.414084
8	1	-17.563538	-13.462627	0.816814	-10.318097	-12.943616	-8.438212
29	1	-16.137190	-15.866736	-9.305561	-13.531412	-6.236815	-10.475520
53	1	-13.271010	-14.827046	-4.853841	-7.522014	-7.825978	-6.763429
59	1	-16.834599	-14.060992	-6.712198	-8.068898	-9.926256	-8.224300
62	1	-13.525660	-12.372020	-4.548626	-4.425376	-12.594519	-12.251084
114	1	-18.023851	-14.047722	-0.267862	-9.547178	-15.502976	-8.428142
125	1	-17.376691	-20.201103	-3.868372	-5.524807	-9.181041	-8.795876
127	1	-11.930642	-17.196790	-6.673667	-10.283027	-6.413459	-10.863684
154	1	-13.988599	-14.982811	-2.030082	-10.930971	-13.199699	-16.084705
171	1	-11.704543	-13.918880	-4.634746	-8.870916	-4.419256	-1.606084
191	1	-8.875348	-16.013165	-6.697048	-7.455216	-11.767399	-8.566309
198	1	-13.636479	-18.398790	-5.184297	-11.825868	-10.723224	-10.116014
205	1	-13.899346	-20.464346	-6.395357	-11.073526	-9.573682	-9.620889
210	1	-9.912059	-17.149561	-4.455729	-11.311167	-11.289535	-11.781862
216	1	-12.858743	-18.117946	-8.098551	-13.806350	-10.516428	-13.563469
226	1	-15.734310	-13.532416	-9.198171	-13.732066	-8.743937	-5.601116
236	1	-13.373595	-9.465302	-2.393593	-11.491365	-7.476492	-13.038604
239	1	-12.767834	-14.415385	1.028918	-9.862054	-10.412249	-8.072122
240	1	-15.371953	-13.088333	-1.118729	-10.722472	-11.041683	-9.208193
246	1	-9.635416	-16.228222	-2.947199	-9.472493	-5.486637	-16.862099
259	1	2.475998	-14.822182	-8.423519	6.629949	-12.739561	4.935067
264	1	-14.724251	-10.553640	-8.468063	-6.534623	-8.044891	-14.057018
287	1	-2.886850	-18.853158	-5.476881	-9.353496	-10.428086	-8.225123
295	1	-16.038821	-18.327070	-6.546926	-10.888708	-7.356521	-14.609750
302	1	-13.721354	-15.192192	-3.019437	-9.172045	-9.575078	-8.220621
306	1	-15.412718	-14.706454	-3.258173	-9.137553	-8.100215	-9.761140
311	1	-11.824881	-10.358935	-10.016819	-7.104115	-10.997514	-7.485683
319	1	-12.157076	-18.206625	-7.052309	-12.022754	-7.582690	-14.509481
331	1	-16.075401	-16.085482	-3.721722	-11.358466	-8.585641	-6.916128
333	1	-11.164364	-17.031206	-1.442666	-12.682427	-11.367626	-8.525550
334	1	-10.258318	-17.178398	-6.370236	-6.796070	-9.586617	2.396916
368	1	-13.305415	-16.867145	-3.520527	-13.818550	-10.154905	-13.308746
374	1	-12.098560	-17.381663	-0.261848	-10.302687	-4.903905	-13.655884
382	1	-16.981876	-14.152787	-5.055640	-9.235791	-2.943947	-16.798408
389	1	-4.263114	-16.705435	-1.489243	-12.187905	-13.053871	-13.933265
420	1	-14.429183	-15.897015	-5.104863	-11.234861	-7.072128	-11.461671
430	1	-15.243019	-11.828403	-4.083335	-10.349563	-14.397581	-8.591388
444	1	-15.690380	-13.916604	-6.529459	-13.536418	-6.731335	-11.014872
450	1	-11.472796	-14.142119	-5.826596	-8.213866	-12.675975	-12.269890
455	1	-9.898465	-16.510460	-2.428753	-10.410050	-10.430496	-12.657393
463	1	-9.973887	-11.342956	-3.590341	-13.422648	-9.334777	-12.006373
466	1	-11.173680	-16.501192	-5.836750	-8.392703	-7.398581	-3.081289
473	1	-14.654517	-12.969128	-1.646090	-14.771222	-10.068746	-10.106989
486	1	-12.604135	-16.227231	-5.668638	-5.783753	-10.642472	-10.301931
500	1	7.669751	-22.290454	-1.942992	7.507867	-10.315624	7.607547
501	1	-11.906488	-14.935999	-2.043712	-8.378206	-10.837897	-11.625842
515	1	-12.672804	-17.551031	-5.771677	-9.789652	-7.047893	-15.514165
544	1	-10.576547	-11.170743	-9.705368	3.037464	-9.046346	-5.389701
550	1	-14.994565	-15.200068	-1.515735	-8.640391	-8.747549	-12.083266
560	1	-11.655757	-14.962304	-10.785986	-5.533137	-6.382836	-16.934061
571	1	-14.671800	-19.432180	-1.618269	-8.104566	-4.695569	-11.300945
596	1	-13.204889	-16.957840	-6.176801	-8.485565	-10.811504	-13.213148
603	1	-14.348029	-14.339501	-5.117428	-9.243705	-11.453650	-12.627363
633	1	-8.166922	-15.849885	-5.879958	-15.438954	-3.210192	-10.999057
669	1	-15.468496	-15.843197	-5.896940	-10.001176	-7.888902	-8.951681
692	1	-11.333794	-13.963551	-4.458674	-12.166980	-10.144023	-12.434702
706	1	-17.298419	-13.820823	-4.275532	-11.407350	-11.564219	-8.771397
754	1	-8.567846	-9.842719	-3.748155	-13.558578	-3.567175	-10.174823
760	1	-16.837972	-21.059733	-2.846147	-13.078791	-10.069640	-8.746461
787	1	-17.971333	-12.090215	-7.008410	-9.363029	-10.101383	-12.504335
788	1	-11.195304	-17.039058	-6.275141	-9.605512	-8.445003	-7.595385
797	1	-15.579523	-6.345827	3.163235	-12.231270	4.688086	-7.926310
859	1	-15.934380	-17.084261	-2.466825	-8.676174	-12.846947	-8.671490
871	1	-15.391252	-16.942213	-5.026912	-9.378090	-9.861567	-5.245379
874	1	-16.714667	-13.703275	-6.088829	-14.338846	-11.882259	-13.288150
878	1	-17.088006	-14.775570	-3.861105	-10.289448	-9.479545	-5.823275
879	1	-17.775585	-18.427461	-9.348938	-8.991033	-13.688362	-8.348916
885	1	-16.498003	-15.315302	-7.893148	-13.556214	-12.580998	-12.453959
886	1	-14.755954	-15.643113	-4.838363	-9.278368	-9.207341	-12.164014
892	1	-15.849468	-17.875802	-1.443384	-10.101116	-10.521682	-9.004714
893	1	-15.955819	-15.428519	-5.903237	-9.148851	-7.003588	-7.683366
899	1	-19.375556	-16.955578	-4.746764	-9.834943	-10.224175	-10.339620
911	1	-13.131031	-18.062111	-4.731911	-9.015534	-7.580767	-13.565073
921	1	-15.162196	-16.160820	-0.466499	-12.907270	-13.649069	-8.019716
935	1	-7.284786	-11.642955	-5.241867	0.684368	-12.638445	-7.612424
939	1	-20.316167	-11.635824	-9.362787	-14.630844	-10.238000	-7.717629
976	1	-11.366347	-11.103887	-7.970316	-14.083854	-12.699159	-5.476947
982	1	-7.910423	-14.616683	-4.423653	-10.852087	-13.706763	-9.661826
993	1	-11.479173	-14.991922	-3.568327	-9.058268	-8.499572	-14.999779
994	1	-12.704076	-14.102598	-3.043951	-10.638695	-7.573535	-11.669687
997	1	3.355017	-15.041994	-5.281897	6.995578	-5.392127	7.546994
1005	1	-15.074311	-17.176676	-4.152689	-6.982134	-7.484816	-10.170692
1010	1	-9.416435	-16.450403	-7.049535	-14.679849	-11.605952	-14.002841
1014	1	-11.654625	-13.663725	-6.964677	-9.215448	-11.659608	-13.811952
1020	1	-12.803969	-20.737598	-4.418784	-7.669663	-12.276756	-10.870360
1023	1	-7.721408	-15.589479	-4.257168	-10.012897	-11.095945	-8.669865
1024	1	-12.311064	-11.375959	-4.154522	-6.956495	-16.273558	-10.654194
1031	1	-17.888098	-14.155915	-6.020941	-10.476412	-4.833357	-8.269989
1049	1	-14.119134	-16.602748	-6.623321	-11.466784	-9.346685	-12.293429
1054	1	-16.411673	-14.179907	-3.719310	-2.565118	-2.463609	-8.068223
1056	1	-12.284528	-10.413332	-6.840782	-9.686462	-10.776463	-7.892002
1061	1	-15.913583	-14.783669	-5.755926	-9.189119	-10.892457	-11.256917
1077	1	-11.386440	-15.623958	-3.300000	-10.987072	-8.073452	-8.872179
1095	1	-12.681316	-15.249100	-5.802236	-6.770184	-8.844481	-15.966780
1098	1	-11.799998	-15.543056	-3.436534	-4.728507	-11.550145	-11.548889
1114	1	-11.732304	-13.497740	-0.872691	-10.647319	-7.199399	-9.951973
1126	1	-11.520421	-16.804984	-3.034213	-15.474906	-9.284035	-14.052314
1144	1	-15.717095	-14.656311	-4.281992	-8.303505	-12.242368	-13.687236
1163	1	-14.228376	-17.735421	-6.700084	-10.210405	-11.947886	-13.438289
1176	1	-12.397013	-16.148279	0.609070	-12.010717	-7.892421	-10.115663
1182	1	-14.869859	-14.773855	-4.687089	-9.622323	-6.586216	-9.234907
1187	1	-13.507585	-18.182312	-7.437729	-4.320174	-5.655635	-11.328658
1191	1	-13.833508	-14.096130	-6.472067	-11.878013	-6.797040	-8.325068
1206	1	-14.283077	-14.837167	-3.562523	-12.114238	-12.187235	-12.625101
1209	1	-13.897843	-11.088416	-4.657101	-7.707629	-9.809927	-12.286697
1223	1	-12.281302	-17.245153	2.809665	-9.360201	-5.341471	-8.643615
1241	1	-9.394899	-18.196551	-4.426012	-12.370134	-8.971337	-11.732317
1249	1	-12.640815	-14.633252	-4.639450	-12.193456	-12.615324	-15.570308
1259	1	-15.357030	-19.028166	-4.661448	-9.580529	-11.373653	-10.343291
1267	1	-13.182263	-12.852347	-3.437883	-13.708876	-13.520930	-13.200682
1306	1	-11.271042	-14.872933	-3.784492	-10.450381	-13.946246	-9.181403
1308	1	-13.672582	-14.221471	0.706492	-14.890275	-14.521967	-16.866680
1316	1	-13.859995	-16.624388	-6.273285	-11.424149	-11.402578	-5.572941
1329	1	-12.864598	-13.395001	-3.757541	-15.713404	-10.897792	-10.360905
1330	1	-9.577151	-18.730179	-5.330101	-4.770354	-7.593753	-15.315366
1334	1	-14.347012	-14.397466	-4.621137	-14.120588	-8.764707	-14.243858
1356	1	-14.952343	-12.874112	-6.816516	-8.130965	-12.435459	-6.621300
1360	1	-15.517199	-18.919556	0.357657	-5.984484	-9.500193	-11.261939
1365	1	-6.491211	-18.825351	-1.562173	-10.066879	-11.067785	-13.490542
1374	1	-13.137723	-15.669192	-3.903694	-11.275133	-5.701421	-12.093716
1380	1	-15.281490	-15.419365	-3.859593	-8.192396	-11.376219	-12.116914
1382	1	-10.101324	-15.640289	-1.936244	-9.518128	-4.625989	-11.818939
1386	1	-14.555468	-11.391151	-10.221379	-9.731342	-8.826108	-16.071156
1399	1	-11.787045	-17.152503	-3.701122	-13.588688	-11.203158	-13.946321
1407	1	-8.853775	-14.411695	-4.229929	-9.510790	-13.794106	-10.470356
1413	1	-13.085352	-16.049598	-2.806759	-4.829456	-11.733748	-10.877562
1414	1	-15.919454	-13.565746	-3.514102	-6.966456	-9.136008	-9.322081
1415	1	-10.780282	-20.938153	-5.272014	-6.446466	-12.490007	-10.286708
1425	1	-18.530806	-14.526166	-2.226983	-7.755419	-13.579119	-8.214994
1427	1	-16.627280	-18.527160	-6.148273	-8.158247	-11.234419	-5.931784
1436	1	-16.375185	-20.629567	-6.489740	-8.143370	-9.957980	-9.430416
1440	1	-12.939695	-11.833947	-6.002111	-8.738667	-10.546230	-10.806193
1455	1	-12.845436	-15.104074	-3.730957	-9.523396	-12.631374	-8.545078
1492	1	-11.888914	-9.613220	-2.571754	-14.315207	-10.409085	-10.742953
1495	1	-17.383648	-10.247393	-0.851502	-8.809173	-16.024369	-10.461666
1504	1	2.836857	-21.784881	-4.415797	7.302277	-16.378116	8.708503
1545	1	5.877127	-17.701381	-5.064071	6.196511	-7.258342	8.282039
1550	1	-15.827264	-15.481172	-5.988355	-3.590398	-6.101228	-7.934999
1553	1	-7.833649	-14.572477	-0.936031	1.075171	-12.006543	-5.960074
1557	1	-14.211712	-15.483894	-5.233673	-15.587928	-9.199250	-9.294026
1588	1	-12.161704	-15.601848	-3.604930	-10.440982	-8.385336	-4.950254
1602	1	-9.204667	-13.061573	-5.838555	-6.565784	-12.067665	-9.814746
1646	1	-9.101364	-12.979591	-2.526578	-6.619603	-11.911909	-16.047230
1659	1	-12.636622	-16.384731	-2.861138	-12.894035	-8.635744	-13.142061
1671	1	-11.190243	-17.854729	-1.752811	-10.840927	-12.602643	-12.247473
1684	1	-10.017495	-16.554990	-4.118862	-8.058756	-9.726458	-9.892086
1705	1	-13.274565	-10.354179	-4.542377	-5.470784	-8.778459	-14.094926
1722	1	-17.243681	-14.896790	-5.276004	-9.006002	-4.127191	-9.344752
1723	1	-13.699620	-17.114143	-4.305891	-13.621053	-8.061579	-12.535197
1738	1	-14.164176	-14.394211	-3.949508	-8.267917	-10.236218	-12.090271
1771	1	-17.354836	-15.438083	-6.492340	-9.174429	-13.058339	-8.763712
1778	1	-15.723482	-13.936027	-1.595025	-10.371050	-9.705273	-7.619889
1781	1	-18.814084	-13.221323	-3.509723	-9.557746	-9.257716	-9.949443
1786	1	-13.868982	-19.012835	-6.171213	-6.512397	-9.700578	-15.068939
1801	1	-13.012778	-18.950732	-1.592923	-11.169878	-11.922546	-12.039121
1815	1	-16.837025	-19.333058	-4.249165	-7.711725	-14.101057	-8.159373
1829	1	-15.936210	-18.560651	-4.436984	-11.868982	-5.549248	-6.687110
1830	1	-15.080659	-18.380535	-1.998169	-10.192949	-8.337430	-10.721632
1833	1	-16.239112	-18.565307	-4.504926	-6.750727	-9.123368	-14.151501
1835	1	-10.147565	-12.772060	-5.081502	-13.364100	-11.776414	-13.138434
1836	1	-16.065525	-11.847933	-2.332712	-12.952680	-12.117973	-10.592872
1839	1	-4.662099	-14.903919	-2.997106	-14.896453	-10.211534	-12.868146
1851	1	-19.007351	-18.221513	-5.267305	-8.702749	-7.902823	-12.260693
1858	1	-12.773412	-17.275709	-6.966622	-10.791349	-10.916479	-14.843519
1874	1	-15.837833	-16.975113	-5.640971	-10.082681	-10.568978	-10.199850
1883	1	-9.737510	-14.880373	2.606167	-10.253448	-6.688728	-12.055405
1888	1	-14.100098	-9.430027	-4.919162	-11.377989	-15.134680	-10.939931
1898	1	7.479479	-17.663188	-5.534559	6.354289	-11.400764	6.475209
1912	1	-12.128807	-19.591595	-7.613776	-8.797804	-12.841905	-12.013278
1916	1	-8.350626	-13.818087	-3.509097	-13.837921	-11.735860	-10.464174
1930	1	-15.080561	-16.515974	-8.052597	-6.074761	-4.018197	-10.126581
1951	1	-14.495168	-13.006031	-4.576400	-8.747780	-10.286518	-9.569650
1952	1	-15.033098	-5.986972	4.749189	-10.704856	5.965915	-6.298209
1954	1	-3.712546	-15.979307	-4.743535	-4.977176	-5.463190	-15.288477
1955	1	-9.112910	-15.808179	-3.832885	-10.421208	-6.695708	-12.076363
1959	1	-12.257741	-16.898626	-5.408428	-11.889818	-7.905054	-8.464702
1962	1	-14.437029	-16.364632	-2.685932	-12.405169	-10.478265	-10.180966
1965	1	-16.675981	-11.022819	0.773798	-9.310624	3.732850	-8.942392
1968	1	4.087796	-24.142029	-7.387540	7.629459	-11.670987	8.712790
1974	1	-12.546666	-21.691136	-3.708760	-6.817999	-12.181366	-11.491473
1977	1	-13.277301	-7.805030	-6.197547	-10.260718	-7.715774	-10.141243
1983	1	-14.808762	-16.168749	-6.199233	-15.589575	-8.096819	-8.983225
2003	1	-14.834576	-17.533335	-3.372023	-12.325860	-10.141355	-16.360052
2021	1	-14.002228	-17.170659	-3.703207	-6.354294	-11.510803	-8.977335
2026	1	-13.901544	-14.887898	-7.054196	-13.858044	-9.802910	-13.497593
2027	1	-11.144499	-18.390150	-2.415949	-7.102776	-11.036020	-11.723387
2032	1	-13.870226	-17.429991	-4.011874	-8.833567	-8.997278	-13.244096
2044	1	-15.354803	-14.809547	-0.837411	-17.186683	-10.278994	-3.605266
2046	1	-9.465441	-13.782784	-9.832183	0.631553	-6.988259	-7.253636
2075	1	-15.340746	-12.665405	-4.784583	-12.167668	-13.398316	-10.001349
2109	1	-9.131339	-16.431348	-2.644255	-14.389306	-9.768465	-7.351908
2111	1	-16.641459	-15.573508	-2.919347	-8.095861	-11.314990	-13.225130
2117	1	-13.353865	-12.564897	-3.499324	-8.862901	-11.952763	-10.357745
2128	1	-10.042478	-13.024559	-4.530821	-9.837073	-10.381792	-12.994165
2143	1	-15.216445	-15.494815	-3.972436	-8.283999	-9.483666	-12.758940
2145	1	-17.129102	-15.945646	-4.538883	-14.022702	-9.452196	-8.673507
2151	1	-10.517328	-14.579802	-4.983378	-15.517967	-11.323485	-12.096824
2155	1	-10.851528	-15.668161	-10.371209	-0.568892	-4.526756	-8.915685
2167	1	-18.183588	-8.581982	-4.694472	-12.760816	-10.673911	-10.077812
2188	1	-11.318205	-11.624148	-2.971799	-10.728049	-11.776284	-12.671649
2204	1	-10.955913	-10.078764	3.607894	-12.822053	1.303568	-8.738033
2207	1	-14.403232	-17.478221	-4.191214	-9.371510	-10.140588	-9.935074
2217	1	-10.215523	-18.161733	-8.706553	-16.950789	-9.175836	-12.568938
2221	1	-14.814858	-20.517764	-3.232959	-6.306874	-8.464499	-8.474528
2226	1	-15.951178	-16.865894	-0.529760	-8.948779	-8.022504	-15.981999
2240	1	-13.653713	-15.473688	-1.391390	-13.725817	-10.978909	-13.516182
2253	1	-11.688921	-15.777163	-3.152912	-9.400484	-13.421600	-12.517434
2259	1	-11.051081	-11.668843	-3.665407	-9.656216	-11.225423	-12.727005
2262	1	-13.532307	-13.825303	3.669896	-13.432828	-4.378719	-11.086661
2294	1	-11.261997	-14.559527	-2.540266	-5.908466	-9.993129	-13.316296
2305	1	-11.871246	-15.242605	-5.120820	-5.759228	-15.362501	-15.192889
2321	1	-12.053971	-13.274467	-2.270267	-11.414983	0.530046	-5.528986
2327	1	-12.108860	-14.447208	-7.679889	-7.847738	-9.906686	-8.384927
2328	1	-11.125180	-19.779569	-3.444449	-13.814053	-9.496247	-12.278507
2330	1	-9.232092	-17.870417	-3.528960	-13.156350	-7.904361	-6.795270
2337	1	-13.500773	-18.555499	-6.130781	-12.029347	-12.696303	-11.461989
2350	1	-9.038083	-17.650772	-1.810682	-6.943860	-7.626158	-5.381698
2359	1	-13.248840	-16.721674	-8.248198	-12.211831	-13.367190	-11.536929
2364	1	-13.554493	-12.890928	-7.699131	-10.550139	-10.884297	-8.243237
2372	1	-14.089252	-12.520069	-2.549286	-11.038225	-4.177337	-15.963123
2376	1	-12.932495	-17.790862	-7.142709	-0.892471	-8.585443	-13.115929
2377	1	-15.586446	-11.902944	-4.107883	-13.923155	-3.067353	-15.306612
2380	1	-15.738210	-15.564234	-3.102972	-13.015260	-9.322094	-5.410184
2381	1	-13.223183	-14.020809	-3.545443	-9.520242	-11.404106	-15.412141
2410	1	-14.726150	-16.954708	-2.281879	-11.377084	-13.307226	-14.912701
2411	1	-13.089637	-15.674361	0.931201	-15.436514	-10.508679	-3.750461
2413	1	-14.122073	-12.472040	-5.467730	-10.707848	-9.259564	-8.557947
2426	1	-16.385360	-15.842554	-7.119780	-9.899652	-11.663550	-11.850233
2429	1	-15.773623	-13.034119	-6.274852	-12.372702	-10.995727	-11.434474
2430	1	-13.754625	-15.569187	1.536080	-12.432480	-7.175398	-11.674617
2432	1	-11.069038	-15.907387	-3.558665	-8.320419	-14.530859	-10.487400
2436	1	-15.478572	-13.482748	-7.103503	-9.262332	-8.619324	-4.957923
2455	1	-13.183827	-13.204446	-4.265142	-11.269820	-8.632682	-12.098040
2471	1	-16.138955	-11.918665	-1.313406	-10.961812	-10.560432	-9.519828
2474	1	-17.007652	-18.570108	-5.322424	-11.900392	-10.848874	-8.326299
2497	1	-12.076676	-14.266622	-4.125335	-6.928019	-10.073307	-14.448650
2501	1	-13.180425	-17.823745	-4.222332	-8.422088	-11.637157	-14.062830
2507	1	-16.688119	-15.668305	-4.826203	-12.136814	-11.982966	-10.378284
2508	1	-15.559246	-13.118214	-3.807326	-11.649148	-9.011105	-9.177274
2521	1	-16.084025	-12.694878	-0.579565	-12.341927	-11.094022	-11.266956
2533	1	-13.662371	-15.292188	-6.377032	-9.800955	-11.074270	-8.676484
2542	1	-11.981246	-13.739755	-3.039959	-5.892630	-9.444924	-10.127484
2555	1	-11.469151	-11.635011	-2.997273	-8.984802	-7.693999	-11.436183
2556	1	-16.891651	-17.125237	-3.206582	-5.749165	-10.918125	-9.903937
2560	1	-15.740753	-12.326559	-3.302797	-9.234891	-9.277854	-7.719050
2567	1	-9.479385	-16.788825	-4.971883	-8.976649	-12.386375	-18.944173
2571	1	-15.091789	-14.530885	-6.205225	-12.632820	-13.872623	-5.482158
2592	1	-6.053920	-14.888068	-4.422283	-2.993692	-10.290842	-8.718908
2597	1	-12.480833	-13.622341	-4.882122	-11.282298	-11.760653	-4.756505
2601	1	-19.857116	-15.020933	-8.656636	-10.435934	-14.162464	-8.738320
2602	1	-14.883394	-18.035620	-5.856257	-14.152943	-8.492135	-11.372246
2611	1	-11.954168	-13.218293	-6.688035	-12.262165	-3.605311	-9.086233
2615	1	-8.404334	-16.726398	-4.102540	-13.411340	-8.199586	-3.769626
2616	1	-11.878412	-14.740881	-2.424954	-12.690464	-15.500048	-12.322671
2630	1	-18.279203	-14.187181	-8.585449	-10.274682	-8.528527	-12.286841
2631	1	-17.298580	-11.529399	-2.815652	-9.798498	-12.308111	-10.568208
2636	1	-16.649080	-18.280178	-4.611625	-8.089720	-11.877171	-12.848038
2640	1	-17.534396	-13.828582	-1.627451	-14.215957	-8.355157	-10.331814
2643	1	-13.000140	-14.083331	-5.618948	-1.650922	-4.088458	-4.922302
2682	1	-9.974735	-13.682470	-3.183228	-12.808659	-11.201543	-12.333896
2703	1	-13.464101	-15.784483	-4.423682	-10.853442	-3.235974	-9.890149
2706	1	-18.734485	-16.938270	-5.555503	-5.885629	-9.372439	-9.918701
2713	1	-11.256926	-15.186362	-2.530595	-11.654494	-10.854214	-9.624496
2716	1	-8.874239	-16.327597	-3.859559	-9.722071	-10.036496	-9.655047
2721	1	-16.766739	-13.485527	-2.500271	-15.402432	-5.062725	-8.852523
2722	1	-14.463439	-12.174143	-5.455027	-9.117222	-5.039422	-8.468845
2727	1	-14.397398	-14.381537	-7.088740	-7.345388	-13.696160	-11.569380
2731	1	-18.290578	-15.296520	-2.569729	-9.868301	-10.065670	-5.556476
2737	1	-14.280093	-13.716220	-3.032556	-10.141345	-8.763770	-12.630927
2743	1	-8.807310	-14.482466	-0.680107	-8.553356	-7.625941	-14.111967
2744	1	-15.470594	-17.031707	-4.998213	-11.541686	-6.271188	-5.824696
2809	1	-13.709965	-10.770360	-5.419613	-10.227709	-13.317864	-13.629260
2810	1	-14.628553	-14.850872	-9.932735	-8.984115	-9.734614	-9.849178
2824	1	-15.911259	-12.275315	-10.814780	-9.187411	-2.442584	-10.037138
2828	1	-11.895512	-14.029381	-3.769235	-12.508778	-10.554940	-9.228296
2848	1	-16.858038	-13.105609	-2.347418	-10.079737	-11.852890	-8.001440
2849	1	-15.088130	-16.388499	-6.273586	-7.375913	-6.517888	-9.487943
2857	1	-10.295016	1.016983	6.914745	-16.768967	7.838806	-9.525119
2863	1	-13.351237	-20.262680	-2.460693	-11.782978	-8.803125	-12.915192
2874	1	-17.088141	-8.938776	-4.858310	-9.840477	-14.987987	-12.461040
2876	1	-14.761407	-13.759011	-6.191799	-13.012965	-10.747844	-10.299419
2879	1	-8.910152	-17.372193	-3.260589	-8.871503	-7.208967	-15.475645
2890	1	-11.922923	-18.980878	-8.329018	-10.837473	-10.986071	-16.821738
2902	1	-15.803627	-14.062863	-4.779845	-11.832336	-7.379651	-15.190607
2908	1	-12.525446	-15.465598	-3.990664	-10.819149	-11.428548	-10.998562
2914	1	-8.833855	-15.616033	-5.748131	-10.050463	-12.515739	-14.409301
2936	1	-12.775582	-18.018821	-2.827467	-6.548018	-10.007314	-3.586510
2960	1	-7.905774	-13.696732	-5.468879	-5.654799	-9.655822	-9.004564
2969	1	-14.269336	-14.367900	-3.933237	-9.363078	-15.351194	-9.146278
2973	1	-12.552216	-16.207631	-8.377737	-4.311076	-2.153389	-11.741864
2975	1	-15.499569	-16.979272	-3.189197	-10.341444	-11.406364	-4.867777
2977	1	-15.495366	-14.577230	-2.675696	-6.393318	-8.242977	-11.165442
2980	1	-5.670310	-14.087435	-6.578515	-0.188519	-11.923632	-10.585235
2990	1	6.789516	-17.164646	-4.854060	8.244076	-8.550850	6.234402
3003	1	-12.744511	-16.041602	-6.346868	-11.628119	-11.778479	-9.387977
3004	1	-8.089268	-11.344843	0.587218	-0.229026	-11.070202	-8.173844
3015	1	-14.946707	-16.404210	-8.101272	-12.920602	-10.324386	-12.746038
3017	1	-20.659934	-16.185216	-8.298621	-11.068293	-8.434479	-10.256235
3018	1	-14.840495	-13.938394	-7.263393	-1.752136	-13.567885	-10.368729
3020	1	-16.070567	-16.487806	-4.556618	-9.559996	-11.693324	-9.364446
3021	1	-16.428594	-13.624827	-5.572894	-9.998695	-6.978515	-12.801567
3053	1	-8.758031	-12.630030	-4.339973	-11.922700	-11.337279	-14.314084
3054	1	-17.436468	-13.526402	-3.139637	-11.697883	-5.931143	-9.170461
3078	1	7.648946	-15.976786	-4.371669	7.726109	-6.256782	9.689609
3080	1	-12.923768	-17.412719	-0.434935	-9.232140	-10.230806	-15.219990
3082	1	-13.713153	-12.906748	-3.609359	-6.882288	-9.462107	-11.805664
3084	1	-15.670271	-11.717456	-2.208439	-12.615380	-16.240612	-9.554066
3091	1	-12.882843	-14.304198	-5.709538	-9.862129	-9.420089	-5.534849
3114	1	-13.996000	-17.488241	-5.698151	-7.249720	-10.182699	-9.574679
3118	1	-14.557298	-16.128914	-4.487416	-4.386940	-11.189956	-12.209812
3121	1	-16.699609	-15.615494	-6.017579	-7.580230	-11.457671	-10.352149
3162	1	-14.633223	-13.619485	-4.062403	-11.959935	-7.120386	-10.296376
3163	1	-15.128404	-18.854169	-4.491045	-12.385225	-8.082366	-7.449525
3165	1	-7.512311	-12.913992	-5.889009	-3.876873	-11.801282	-13.085024
3166	1	-14.005213	-18.536764	-4.397855	-9.248654	-8.715738	-9.350498
3170	1	-16.915196	-12.522770	-6.028886	-10.506542	-14.241030	-10.596202
3172	1	-15.173977	-18.995702	-7.141981	-8.638429	-7.761610	-6.254601
3177	1	-17.392789	-13.620487	-7.655935	-8.661591	-5.471172	-10.188495
3189	1	-18.491458	-15.146748	-7.349951	-9.525592	-10.605712	-5.519682
3200	1	-8.444452	-13.064543	-2.761152	-9.394070	-7.564263	-9.223852
3213	1	-13.556739	-12.903206	-7.453152	-8.371252	-11.168993	-9.182900
3227	1	-15.572461	-20.385336	-2.239753	-11.806485	-2.368693	-10.582701
3236	1	-12.083942	-13.937041	-7.806682	-7.190885	-10.339324	-9.913507
3261	1	-18.708706	-8.798617	-5.814970	-14.557138	-11.333487	-8.432145
3271	1	-11.868932	-9.775165	4.978731	-12.720592	-6.575143	-9.899559
3275	1	6.250636	-20.045527	-4.806185	8.593174	-10.771311	4.621670
3279	1	-13.033872	-15.814445	-5.350087	-11.926348	-10.340417	-11.112504
3290	1	-16.983417	-14.629204	-4.617391	-10.834927	-4.651974	-9.992646
3293	1	-15.755316	-17.228566	-1.990132	-11.915077	-10.359151	-11.205817
3302	1	-8.370638	-17.422737	-9.789373	-11.683099	-10.690816	-12.587267
3315	1	-12.709388	-15.347883	-6.363761	-2.295823	-6.395383	-12.942711
3354	1	-17.327971	-18.683000	-3.372690	-6.373844	-9.678176	-10.182337
3361	1	-13.609115	-12.035241	-4.844997	-12.411076	-11.923876	-16.396193
3392	1	-14.643898	-10.923025	-0.363475	-8.554903	-10.886938	-8.347286
3397	1	-10.982355	-16.749552	-5.446653	-13.331819	-10.677402	-11.939382
3398	1	-14.603562	-19.102161	-6.646326	-9.807503	-6.916700	-5.885080
3419	1	-9.883057	-13.040226	-7.345211	-10.745525	-10.462455	-8.786936
3435	1	-16.184909	-16.285223	-0.383764	-10.344210	-7.261421	-8.678083
3439	1	-12.503247	-17.442212	-0.762265	-6.085595	-6.251047	-16.090945
3454	1	-10.157817	-10.304896	-2.610881	-14.075824	-11.506642	-7.547134
3458	1	-10.276550	-16.244133	-4.761353	-3.542184	-11.963169	-10.704592
3466	1	-13.404105	-14.444429	-3.600386	-12.118011	-7.563002	-11.066695
3471	1	-13.557564	-14.433974	-5.182913	-7.235546	-12.377110	-7.210441
3477	1	-15.221727	-15.455446	-4.929675	-12.999404	-9.788084	-7.016512
3491	1	-16.621796	-17.830695	-6.510989	-13.006242	-8.557368	-12.751785
3498	1	-7.594406	-16.455655	-7.834122	-13.508305	-10.286300	-12.417199
3507	1	-8.191779	-12.303989	-5.803966	-9.476051	-11.204633	-8.421190
3519	1	-14.838679	-16.550114	-2.592985	-10.912007	-7.684823	-7.864506
3552	1	-10.788772	-12.415634	-5.889207	-1.330124	-14.267938	-7.941537
3566	1	-10.582430	-16.740655	-3.496276	-15.708612	-9.626728	-7.678714
3589	1	-10.458062	-11.892138	-3.599964	-1.593682	-6.270516	-7.249838
3600	1	-12.606955	-15.699827	-3.555792	-10.675663	-5.056431	-10.931116
3603	1	-14.536979	-17.728617	-5.978557	-6.924806	-6.908927	-11.079985
3616	1	-13.246445	-16.474304	-7.577147	-8.383087	-7.387783	-6.269500
3619	1	-7.934926	-15.273455	-9.049060	-9.977710	-10.008993	-12.134250
3620	1	-12.039533	-19.014306	-5.761640	-7.745494	-9.586952	-14.228997
3627	1	-12.350742	-15.196095	-6.831518	-5.600478	-10.711869	-9.999629
3652	1	-14.008378	-16.710855	-8.727822	-10.999763	-7.581762	-10.131946
3672	1	-14.955952	-13.751572	-4.870473	-7.783667	-11.854369	-9.797102
3681	1	-16.062601	-12.333153	-7.757103	-11.455117	-12.952351	-10.675270
3684	1	-13.678946	-16.155939	-6.547241	-8.780944	-8.612963	-15.344667
3702	1	-13.740197	-13.834814	4.007205	-17.734989	-5.639775	-15.912100
3723	1	-10.876916	-14.869712	-6.229156	-12.302844	-5.671619	-12.125022
3724	1	-14.905631	-14.190143	-7.967809	-13.367384	-11.080495	-9.162151
3732	1	-14.072159	-18.182118	-1.906963	-12.582623	-11.300609	-8.090632
3733	1	-12.506294	-15.362662	-6.969769	-15.028922	-12.331137	-15.039508
3751	1	-12.995562	-16.075667	-6.182255	-3.997061	-9.327967	-8.573521
3755	1	-12.457124	-11.530474	-5.911567	-9.361114	-10.106401	-10.974344
3784	1	-8.859850	-16.375569	-7.247434	-11.699043	-6.686347	-8.708998
3793	1	-14.672426	-12.207056	-4.172016	-12.441378	-9.631582	-11.149612
3802	1	-16.841586	-16.316822	-3.519644	-15.288985	-9.291336	-7.331727
3817	1	-12.710385	-15.382327	-6.875581	-9.958392	-9.271439	-12.569931
3833	1	-9.736383	-17.361879	-3.240071	-8.294165	-9.591003	-7.561240
3842	1	-7.740141	-9.813223	-4.918942	-8.147919	-14.216438	-10.223134
3849	1	-11.819120	-14.989741	-6.201373	-6.181518	-12.194648	-13.758999
3864	1	-12.964499	-14.487284	-2.827195	-11.904936	-9.958448	-16.116038
3870	1	-15.544362	-16.579915	-1.743176	-9.253166	-6.683372	-11.055810
3874	1	-15.318924	-18.317451	-7.876758	-10.982784	-7.722789	-11.839064
3936	1	-14.075999	-17.818473	-4.948960	-7.481414	-11.789774	-11.167113
3969	1	-19.278012	-17.753870	-6.069757	-3.044771	-11.065209	-7.095251
3982	1	-10.878122	-13.304295	-3.518266	-12.209443	-8.763964	-6.663312
4003	1	-14.233054	-15.163013	-7.977158	-11.934319	-9.934094	-9.028955
4013	1	-3.960088	-9.801350	-9.698024	2.020315	-13.617336	4.571797
4016	1	-13.014310	-14.400628	-5.775513	-11.886299	-12.178111	-6.598732
4018	1	-11.272580	-17.158491	-5.274939	-5.836319	-10.437705	-15.320311
4025	1	-14.081761	-17.537580	-4.229166	-10.744148	-10.682972	-8.108645
4031	1	-18.920882	-13.822296	-0.099060	-10.346728	-9.548288	-6.301377
4033	1	-15.190000	-16.389761	-6.574189	-10.851460	-9.997397	-9.928721
4040	1	-12.234175	-12.468070	-7.982549	-6.114273	-9.980903	-10.990565
4046	1	-12.761177	-16.001027	-2.561086	-7.208010	-6.971601	-9.212903
4063	1	-10.492833	-14.535085	-5.237981	-12.920499	-8.672339	-15.017862
4071	1	-16.092369	-16.697262	-5.236661	-4.039765	-10.289251	-11.055662
4073	1	-9.676668	-17.246129	-6.436444	-11.456773	-10.360291	-14.412978
4076	1	-16.755079	-16.913119	-4.822957	-8.754560	-9.466097	-10.724992
4081	1	-16.434533	-9.346942	-2.419953	-12.578873	-11.108646	-14.919622
4082	1	-17.291543	-16.773961	-5.742163	-8.721449	-9.186026	-4.349631
4085	1	-13.719246	-15.992964	-2.344891	-10.028532	-8.011960	-9.841350
4086	1	-16.632392	-18.754103	-2.502514	-12.002587	-9.011010	-4.335915
4104	1	-17.187995	-17.233984	-2.507378	-10.894881	-10.432773	-9.829791
4111	1	-15.025609	-14.893338	0.736074	-11.854143	-8.163451	-10.125743
4124	1	-11.575934	-17.447691	-3.184919	-12.940066	-9.582663	-14.046231
4126	1	-10.975538	-16.965250	-6.284939	-11.480779	-8.771282	-11.017101
4129	1	-11.971778	-11.960208	-3.575977	-10.072636	-7.414045	-15.291733
4130	1	-9.812001	-13.533991	-5.738614	-5.575389	-14.630397	-9.334906
4141	1	-12.568525	-18.206408	-6.250166	-5.549662	-4.468030	-13.007373
4145	1	-17.792533	-13.878008	1.657321	-10.779506	-2.622778	-10.107746
4162	1	-12.861442	-15.295817	-6.202187	-12.389597	-4.275332	-13.722034
4174	1	-11.399026	-17.125272	-5.990155	-11.238326	-10.977220	-13.415451
4187	1	-12.032550	-12.727954	-4.525263	-9.302046	-11.906247	-12.156334
4202	1	-13.913190	-13.580544	-4.793326	-7.033557	-6.923472	-8.544694
4214	1	-15.755284	-13.003387	-4.618851	-14.366316	-8.962477	-10.619932
4219	1	-14.784560	-15.294127	-4.292471	-9.532626	-10.281352	-10.204066
4225	1	-17.402378	-19.269479	-3.029394	-5.002965	-13.050136	-11.719754
4228	1	-14.008902	-15.462009	-0.099090	-11.136139	-10.270449	-9.041770
4244	1	-8.530564	-17.212966	-5.083535	-12.575774	-14.533471	-11.225842
4246	1	-14.358739	-13.263460	-1.267503	-8.495169	-1.466640	-10.138638
4253	1	-9.752135	-19.073201	-6.224985	-14.060930	-10.177431	-12.413181
4254	1	-15.092575	-13.569559	-5.932037	-10.525453	-10.984263	-13.164244
4264	1	-15.179028	-16.855874	-5.278506	-14.711115	-10.588177	-12.351769
4275	1	-14.595071	-7.490655	-3.357470	-8.474272	-6.237176	-10.664540
4285	1	-3.672339	-13.519811	-2.917999	7.000263	-9.482095	4.732481
4286	1	-10.319850	-13.883580	-2.162410	-14.460956	-9.253616	-10.474196
4299	1	-12.642417	-11.023971	-9.249786	-8.701562	-10.838366	-10.637181
4300	1	-15.904865	-16.718286	-5.510428	-7.712365	-8.333022	-8.564518
4313	1	-12.676812	-14.667736	-4.685307	-10.040404	-9.870440	-13.795208
4314	1	-12.974211	-16.124055	-5.679711	-11.764731	-10.801548	-17.086688
4323	1	-6.672348	-15.512724	-2.451449	-4.402375	-11.125127	-11.109731
4324	1	-16.461318	-13.539393	-6.490951	-11.228268	-15.036357	-10.457740
4356	1	-19.268576	-19.933339	-5.528136	-12.293538	-10.625015	-11.410722
4362	1	-10.912677	-15.025075	-6.760510	-13.074883	-14.043493	-10.670817
4377	1	-13.480523	-13.214685	-6.060648	-6.644920	-6.845447	-10.355411
4408	1	-8.204722	-15.470273	-5.232236	-6.163883	-6.557636	-10.256702
4411	1	-11.929142	-17.572170	-4.300737	-12.182814	-12.141914	-8.899020
4425	1	-14.443354	-12.503401	0.096407	-2.312539	-12.346698	-12.775614
4441	1	-13.196426	-8.759186	-2.317896	-13.898572	-9.485349	-7.594001
4445	1	-15.427310	-14.765066	-5.850162	-7.792589	-7.945806	-14.408926
4448	1	-11.950892	-15.836227	-3.473913	-1.076896	-9.803939	-8.936005
4449	1	-17.130929	-19.676650	-3.363089	-8.494551	-8.613731	-11.117970
4456	1	-10.189026	-14.788093	-7.856124	-8.186913	-8.861984	-8.907205
4460	1	-12.092051	-11.742021	-3.384038	-7.563342	-11.609610	-11.706841
4461	1	-16.695471	-13.640494	0.430861	-8.721365	-14.006899	-11.121795
4472	1	-14.914727	-11.216416	-1.804033	-9.339905	-9.700800	-13.567084
4501	1	-19.609315	-13.641327	-8.733958	-12.174201	-9.884154	-10.565218
4504	1	-16.475944	-17.491935	1.086347	-14.675768	-6.064167	-11.649776
4522	1	-16.225033	-18.614167	-4.657059	-10.995561	-10.151214	-7.355969
4525	1	-14.146202	-15.811107	-0.895005	-11.604764	-10.703133	-10.999393
4532	1	-7.905273	-17.244748	-7.830731	-9.863277	-11.396034	-15.785620
4545	1	-17.032300	-16.381308	-6.999081	-11.140091	-12.462599	-12.137391
4557	1	-15.231338	-17.263159	-4.811882	-12.679462	-12.799289	-12.757493
4566	1	-12.825955	-20.921531	-3.472218	-11.861198	-7.001255	-12.700737
4570	1	-18.146176	-17.454499	-5.438534	-15.724841	-9.747629	-3.285587
4590	1	-14.628474	-16.473184	-2.206323	-8.444470	-5.886369	-9.223908
4597	1	-9.191363	-13.125236	-7.429592	-11.024183	-9.041923	-12.103525
4628	1	-14.346329	-16.277672	-7.020367	-10.245941	-5.814035	-9.651121
4629	1	5.672466	-11.144979	-2.795946	9.501711	-8.479605	6.823618
4638	1	-12.414721	-15.624653	-5.272458	-11.627381	-10.707235	-11.480400
4640	1	-13.981868	-16.332408	-7.655425	-10.287216	-10.358576	-8.655495
4641	1	-13.085743	-17.197171	0.113961	-9.374382	-7.307852	-12.426272
4672	1	-14.797873	-13.158458	-4.738352	-2.949642	-8.967788	-11.133724
4685	1	-12.012819	-13.583053	-3.978168	-8.754917	-8.808186	-6.659768
4690	1	10.108256	-21.210519	-2.287367	5.605176	-8.058603	7.529673
4705	1	-13.958619	-12.919157	-6.717087	-13.926399	-11.152094	-2.813400
4715	1	-18.198693	-8.740672	-3.924924	-9.340300	-15.022352	-10.214293
4751	1	-16.468659	-15.747629	-6.524531	-8.916561	-10.401546	-14.660138
4769	1	-16.324803	-14.516144	-4.744139	-10.272557	-10.569678	-6.482710
4775	1	-6.652050	-15.122347	-2.467047	-9.120208	-9.598826	-14.214972
4790	1	-12.469620	-17.729524	-7.478366	-10.024393	-11.872071	-14.962704
4802	1	-15.526928	-16.148207	-6.175604	-8.374515	-6.695097	-9.558185
4821	1	5.611609	-18.141067	-6.060024	7.180898	-7.823471	8.704752
4826	1	-12.102032	-12.580069	-5.987779	-9.081915	-6.151669	-10.237486
4831	1	-8.503420	-15.205456	-4.743030	-6.351946	-9.287471	-7.665234
4835	1	-13.941936	-12.370559	-2.519002	-16.004555	-9.876166	-11.927102
4874	1	-12.715279	3.053099	8.102397	-18.436881	5.635426	-15.334157
4878	1	6.708886	-25.742175	-4.928419	5.839329	-10.318972	5.943102
4880	1	-14.349710	-10.700575	-3.769789	-14.040616	-8.572121	-8.928398
4895	1	-15.757036	-17.818463	-4.766783	-9.797241	-8.152938	-14.196928
4908	1	-16.464505	-16.051194	-2.700309	-10.500458	-12.799958	-9.691747
4913	1	-13.308399	-14.588609	-7.005517	-11.314883	-2.043263	-14.926512
4917	1	-10.869331	-19.569441	-0.794903	-10.254458	-10.542220	-8.054537
4932	1	-15.615026	-13.818753	-3.363337	-5.443840	-9.074902	-2.845086
4945	1	-13.853130	-17.905889	-3.482901	-11.344724	-9.923087	-8.438645
4954	1	-12.122457	-16.315278	-3.548420	-10.156689	-6.682337	-12.918373
4961	1	-11.149994	-12.680906	-7.650491	-7.805376	-10.946962	-11.194509
4962	1	-15.233972	-14.505492	-5.368534	-14.892605	-9.824743	-11.623844
5006	1	-12.249290	-18.056298	-2.285699	-12.111135	-12.895731	-7.509033
5007	1	-11.556067	-17.046927	-2.857865	-14.075792	-6.862177	-11.487827
5016	1	-7.432067	-14.508119	-7.127523	-17.081055	-8.987907	-7.982950
5017	1	-13.606688	-14.329225	-3.379333	-8.558900	-11.777414	-5.742944
5022	1	-7.891775	-17.102140	-3.845943	-15.751501	-8.043545	-8.650127
5027	1	-10.351928	-16.303035	-7.480188	-10.095540	-9.426276	-14.697804
5036	1	-13.815341	-16.145413	-6.329458	-8.081959	-7.667296	-12.450529
5039	1	-13.150564	-16.054628	-3.604541	-3.262920	-10.684500	-14.287845
5067	1	-15.489731	-18.084373	-4.345267	-9.688682	-12.059307	-9.616005
5080	1	-9.462019	-14.743142	-1.891446	-14.623334	-7.474366	-10.681673
5083	1	-13.734505	-6.693933	-5.768897	-9.467127	-12.379167	-7.935808
5087	1	-13.525136	-13.998003	-7.463800	-12.641365	-15.223396	-11.496937
5114	1	-15.514087	-17.820688	-5.908575	-6.000079	-3.016103	-9.715354
5118	1	-14.925556	-12.354555	-1.037168	-10.091185	-7.784657	-8.751593
5138	1	-14.717121	-14.505319	-7.127953	-8.886993	-11.206594	-9.465362
5150	1	-11.648366	-16.856894	-4.666275	-12.417228	-11.745875	-9.636428
5172	1	-13.717732	-9.366663	-6.724305	-8.343927	-7.796201	-6.911305
5174	1	-15.086906	-15.246380	-3.234765	-10.783330	-11.523028	-17.108684
5177	1	-8.875486	-21.519259	-2.360957	-8.205412	-7.769580	-13.973725
5178	1	-16.936751	-17.377276	-4.502010	-9.452961	-12.309094	-8.867966
5180	1	-13.269797	-12.806739	-1.927811	-7.345805	-9.299757	-7.515746
5182	1	-12.700263	-14.648032	-4.043102	-7.127193	-4.942248	-10.212117
5185	1	-17.629362	-16.327567	-1.686379	-12.464357	-9.746631	-13.103044
5189	1	-13.979469	-14.606964	-5.049482	-13.117493	-11.461076	-7.579718
5200	1	-16.248396	-15.163561	-3.168332	-12.863875	-13.525924	-4.457301
5203	1	-14.483691	-19.759058	-4.081846	-9.514454	-10.763412	-9.865831
5226	1	5.349034	-15.009773	-0.863498	6.270389	-6.799082	7.313490
5241	1	-13.297148	-16.365275	-2.614593	-14.253179	-17.123883	-14.907676
5249	1	-13.958773	-14.413433	-5.976155	-9.499003	-10.263541	-9.437933
5258	1	-15.410563	-15.611594	-3.448607	-7.482740	-9.374169	-9.738523
5267	1	4.897084	-19.986593	-5.194305	9.192061	-11.794374	8.821730
5272	1	-12.891269	-14.491636	-12.019040	-9.358209	-13.147494	-10.885747
5277	1	-8.680515	-16.024588	-1.897331	-9.859335	-12.234161	-14.295262
5281	1	-14.546578	-14.023781	-8.990877	-15.777789	-5.323020	-8.798049
5293	1	-16.890985	-13.763372	-8.622876	-10.277333	-11.649959	-10.770240
5294	1	-12.988194	-17.159366	-6.228896	-8.928426	-8.636579	-10.095518
5297	1	-14.406117	-15.204846	-3.254975	-12.012522	-13.465917	-11.056011
5302	1	-16.230386	-13.066378	-5.145424	-11.474761	-15.621904	-9.380173
5349	1	-11.108051	-16.377240	-4.648265	-5.933727	-11.129267	-8.717414
5361	1	-10.338961	-12.938777	-2.977067	-13.715478	-7.107449	-9.229451
5363	1	-13.880480	-17.193312	-6.987524	-12.255433	-10.534967	-11.484069
5370	1	-12.049385	-14.838198	-3.545920	-6.464220	-10.223422	-13.551103
5372	1	-15.098284	-14.135707	-5.647346	-13.265070	-5.841464	-10.348355
5376	1	-11.410181	-15.074678	-4.657128	-7.741556	-8.548363	-11.617023
5381	1	-13.715190	-17.142567	-5.175148	-13.066488	-5.939652	-8.245879
5384	1	-12.696362	-14.811652	-5.178294	-10.261483	-11.919321	-13.702432
5438	1	-13.680444	-15.073864	-1.980458	-13.532612	-5.634366	-11.532638
5445	1	-6.835569	3.236830	8.933958	-16.947917	8.575937	-7.860582
5448	1	-12.432104	-20.375078	-5.801794	-11.462110	-8.608142	-14.377514
5471	1	-16.104855	-14.979539	-7.287086	-12.088952	-9.537361	-9.538874
5484	1	-9.272402	-16.554178	-9.989917	-11.445876	-10.801655	-9.643724
5485	1	-10.909265	-17.573113	-2.974816	-6.066446	-7.663174	-17.150744
5486	1	-13.595972	-16.853517	-5.604212	-9.687153	-11.810565	-11.230497
5489	1	-16.011162	-12.123266	-3.786847	-8.411366	-9.536756	-13.744967
5498	1	-16.839559	-16.934660	-4.173635	-9.419636	-10.510756	-10.166143
5504	1	-10.761518	-16.296263	-3.137491	-7.620387	-9.530208	-5.155072
5531	1	-17.186702	-16.838876	-4.709935	-12.719184	-7.826199	-7.739037
5544	1	-11.183616	-20.441761	-4.076766	-9.533570	-9.712463	-13.942570
5559	1	-14.699287	-17.844595	-3.920966	-10.274902	-10.667944	-10.450033
5560	1	-14.980603	-13.732757	-4.520679	-10.824271	-6.237344	-12.718463
5583	1	-16.694086	-18.418085	-3.420557	-9.347585	-11.648982	-8.398735
5589	1	9.308818	-17.362950	-4.557918	5.869405	-8.430105	6.541313
5591	1	-13.502132	-19.539836	-5.897685	-9.005234	-11.581520	-10.529699
5600	1	-10.818976	-10.786324	-10.552636	-6.393482	-5.355076	-8.471722
5602	1	-13.377516	-18.847832	1.205088	-12.173291	-12.284580	-4.310339
5627	1	-14.862166	-14.346914	-4.059586	-11.766502	-15.559670	-12.697641
5677	1	-15.527755	-14.534977	-6.508195	-12.062730	-13.045870	-9.573039
5681	1	-15.594188	-18.526824	-0.490249	-10.596819	-12.254348	-10.411865
5682	1	-14.651001	-14.962246	-9.069969	-10.539320	-4.979913	-6.007274
5686	1	-16.439927	-14.702964	-9.868279	-12.776876	-13.453684	-13.784258
5693	1	-18.124458	-16.326216	-4.846630	-10.272016	-14.403653	-9.780940
5700	1	-12.816541	-17.279189	-5.116829	-8.474646	-11.277517	-17.636454
5705	1	-15.052975	-14.406199	-5.512741	-9.809506	-11.800846	-9.427888
5715	1	-11.861550	-13.783712	-6.426837	-10.105629	-10.793486	-11.605987
5717	1	-14.707928	-15.659601	-4.906982	-13.915504	-6.807339	-8.397835
5738	1	-14.084720	-11.528203	-2.176721	-8.507515	-7.981633	-12.431729
5740	1	-14.510788	-15.099887	2.358495	-10.011645	-9.406815	-8.090093
5754	1	-18.689218	-15.549840	-2.982086	-9.083601	-13.712841	-8.045725
5766	1	-9.258463	-12.162167	-5.304481	-12.015457	-7.751306	-15.054750
5769	1	-11.704973	-12.280520	-2.843591	-6.289688	-10.554932	-11.687259
5785	1	-17.640205	-16.634667	-7.187393	-12.631779	-15.394285	-12.887586
5809	1	3.924500	-18.029259	-5.134326	6.873401	-9.432291	7.642727
5832	1	-12.482525	-13.318891	-7.249422	-1.800739	-14.268325	-11.471570
5840	1	-14.250160	-16.224356	-6.660881	-10.697203	-11.895151	-7.994545
5841	1	-19.332121	-15.154652	-6.922748	-7.904062	-12.784451	-9.250730
5843	1	-13.103779	-14.234159	-6.665019	-4.913175	-9.615677	-9.762889
5869	1	-9.987592	-13.496991	-6.236286	-8.495403	-11.549404	-10.059211
5894	1	-12.951496	-14.673203	-5.842420	-2.857379	-7.759601	-8.545080
5904	1	-9.316166	-13.330348	-7.443832	-11.227761	-11.553256	-4.680985
5905	1	-13.730749	-14.480791	-1.785430	-15.255603	-8.819741	-10.485175
5933	1	-11.780375	-16.302262	-7.750162	-7.826593	-15.197071	-9.517684
5938	1	-13.846682	-12.486171	-3.198173	-8.622427	-17.372430	-11.156871
5960	1	-11.108545	-13.010459	-1.980243	-7.531577	-16.697063	-10.088584
5963	1	-12.193267	-19.337569	-2.533761	-10.742206	-10.956310	-8.799075
5966	1	-4.985515	-15.333918	-1.375567	2.666734	-11.380754	-6.939073
5967	1	-11.636936	-17.530259	-4.640693	-10.711400	-9.633825	-8.906141
5979	1	-14.641082	-13.959293	-0.653053	-12.395915	-6.779100	-11.518707
5986	1	-12.365487	-14.130812	-2.803436	-10.015921	-10.989305	-13.669932
5993	1	-14.169842	-11.005116	-8.129727	-8.127640	-10.908465	-11.500462
5998	1	-16.502625	-14.771904	-1.744625	-10.524451	-4.318866	-12.194527
6006	1	-12.507455	-18.032216	-6.445270	-8.686634	-6.559064	-13.090380
6016	1	-16.034184	-15.985805	-1.587989	-11.630609	-7.895625	-8.028245
6017	1	-10.754411	-17.070520	-5.734634	-6.533256	-12.114258	-15.289397
6023	1	-11.895048	-14.233786	-2.575742	-10.958752	-8.069013	-11.484413
6051	1	-11.691306	-15.703279	-9.645321	-11.403770	-6.786435	-5.039308
6061	1	-12.799539	-14.382816	-5.196460	-13.844076	-10.242280	-9.087168
6092	1	-13.501694	-16.855419	-6.483882	-11.813656	-11.028834	-11.551881
6106	1	4.894105	-19.305988	-6.697967	6.065282	-8.471388	7.025735
6107	1	-13.827880	-14.574313	-3.900236	-13.712870	-8.463105	-11.097485
6109	1	-14.893285	-15.698550	-8.828403	-10.144058	-13.131925	-11.063957
6122	1	-7.921573	-15.910978	-2.691808	-12.923190	-8.161334	-14.485292
6152	1	-15.731215	-14.805975	-6.872010	-9.698207	-10.825444	-10.692084
6176	1	-12.536807	-13.208390	-6.393430	-14.745696	-12.789302	-12.926767
6189	1	-14.503820	-15.194766	-3.504293	-8.948644	-13.255761	-16.795091
6193	1	-11.593577	-17.624557	-2.916623	-11.819385	-7.909809	-13.037324
6194	1	-13.349775	-15.641026	-6.437731	-9.482451	-9.004870	-11.549227
6199	1	-12.457295	-14.054278	-4.084864	-9.911704	-10.163044	-10.614737
6210	1	-13.906175	-15.348503	-5.534564	-8.752144	-8.669808	-11.390026
6221	1	-16.646979	-14.160543	-6.318867	-10.964096	-9.487276	-8.901565
6227	1	-10.010131	-16.581195	-4.280434	-9.552192	-8.990425	-12.681979
6235	1	-16.897133	-13.569189	-1.027546	-7.952325	-14.360320	-10.311293
6242	1	-16.101905	-15.376333	-6.571821	-13.775111	-13.007908	-11.732649
6253	1	-0.178082	-12.300364	0.434514	1.141396	-11.298274	-9.130614
6255	1	-9.447958	-20.045572	-7.884788	-9.044115	-11.653356	-8.812016
6265	1	-15.378002	-10.799032	-11.173279	-8.535357	-13.338459	-6.556573
6269	1	-14.312950	-12.546190	-7.790168	-11.403578	-9.417194	-13.723346
6274	1	-8.072306	-10.788355	-5.048136	-8.456869	-11.355641	-13.453158
6281	1	-13.708830	-17.276699	-4.901268	-12.039958	-7.700012	-15.266972
6292	1	-14.245662	-12.244222	-7.837910	-10.754983	-6.521977	-7.817644
6308	1	-15.027482	-18.683496	-3.208240	-11.421175	-10.275164	-9.975432
6338	1	-13.294189	-12.101095	0.575235	-6.767940	-3.444616	-8.177758
6353	1	-16.219542	-16.332897	-2.641759	-6.702211	-7.712360	-10.316670
6358	1	-10.318709	-16.437435	-3.273377	-3.999260	-4.795086	-13.756135
6360	1	-13.208864	-23.212523	-2.861977	-11.715952	-13.024474	-10.374389
6367	1	-13.870749	-15.475539	-5.317674	-8.617048	-8.049863	-10.443432
6368	1	-15.960586	-14.018304	-9.294846	-11.888561	-9.755762	-11.475856
6373	1	-13.172723	-13.101857	-1.336266	-10.281719	-11.694031	-8.800537
6374	1	-16.681414	-11.555528	-1.092198	-12.066062	-11.868444	-7.405962
6388	1	-15.356527	-17.911663	-6.514824	-15.065652	-8.525847	-7.964155
6390	1	-8.824753	-12.327777	-4.546675	-9.679302	-8.947340	-10.596462
6429	1	-14.616070	-11.822744	-4.802598	-12.226463	-10.682195	-11.435819
6440	1	-17.111287	-17.714678	-4.546109	-4.266665	-2.528552	-10.967544
6446	1	-19.461397	-16.570036	-6.428487	-9.300937	-7.230323	-7.896383
6463	1	-17.883361	-13.511581	-5.077944	-10.787464	-6.064510	-13.641678
6481	1	-14.600737	-17.989604	-3.878014	-7.815457	-17.036326	-8.258149
6490	1	-11.322587	-16.355711	-2.931334	-11.548159	-12.424346	-9.544193
6493	1	-15.589738	-17.469500	-7.108261	-8.128111	-6.089943	-6.415264
6500	1	-16.888972	-14.729089	-6.665179	-10.822695	-14.163998	-12.319051
6503	1	-11.755672	-16.370132	-4.213644	-8.055471	-9.852468	-13.536491
6531	1	-19.175731	-15.402200	-9.856561	-10.528667	-9.069084	-11.153753
6549	1	-15.000466	-16.844929	-4.803220	-12.957565	-10.526377	-13.009763
6570	1	-13.092100	-17.868987	-3.403203	-13.045379	-6.035252	-10.131847
6579	1	-17.966492	-12.701610	-2.683061	-4.091522	-12.778898	-7.726395
6581	1	-12.224058	-16.194583	-5.148398	-10.462098	-7.755206	-5.831249
6591	1	-14.625907	-12.788053	-5.007437	-7.826139	-6.018569	-12.651457
6594	1	-10.244865	-19.106890	-3.050489	-8.710506	-9.273137	-10.119652
6602	1	-14.302386	-16.182021	-0.616205	-12.353062	-11.455643	-9.934146
6603	1	-15.464618	-18.599698	1.740716	-13.243835	-9.812106	-11.604393
6605	1	-12.496680	-19.233826	-4.457029	-9.963237	-5.690861	-13.441077
6608	1	-15.450777	-16.012438	-3.560353	-14.290989	-10.840784	-6.054620
6626	1	-7.302826	-18.780003	-3.742935	-1.085621	-5.663833	-2.218177
6648	1	-16.381799	-18.499536	-3.748284	-9.955327	-14.098824	-13.009803
6670	1	-18.859706	-14.721755	-6.112682	-6.826967	-9.889989	-12.860519
6698	1	-16.609197	-11.814630	-5.534030	-8.632798	-13.540774	-13.082578
6740	1	-15.166677	-16.930291	-7.244162	-12.788419	-7.562764	-9.117907
6749	1	-5.365089	-16.194920	-5.197371	-15.766697	-7.020995	-15.031499
6753	1	-16.942406	-15.205693	-6.623664	-10.625800	-12.002109	-9.513512
6764	1	-15.987944	-13.912489	-0.111489	-9.077226	-13.517741	-10.658360
6769	1	-8.828472	-17.149787	-2.653508	-13.606178	-11.468959	-11.940570
6770	1	-13.926715	-16.725719	-4.419985	-13.216640	-9.060843	-14.160217
6779	1	-13.167491	-18.643632	-5.314962	-3.853002	-9.562421	-6.087738
6784	1	-12.305690	-11.008292	-4.942718	-12.632885	-10.304759	-8.868187
6794	1	-11.649642	-16.686235	-0.511600	-12.938679	-13.171320	-12.095247
6815	1	-14.639068	-14.705259	-5.137568	-10.918193	-10.850580	-10.978013
6820	1	-13.548996	-11.889682	-4.762943	-13.769110	-10.559514	-11.107859
6828	1	-14.015150	-17.974316	-4.989381	-8.675824	-10.887784	-10.870680
6839	1	-14.821213	-15.537786	-2.252096	-12.414779	-14.347673	-13.105911
6849	1	-14.939096	-18.147463	-4.238466	-7.498521	-4.918097	-7.934122
6866	1	-11.974383	-14.020441	-3.148719	-9.116742	-0.634201	-11.364007
6867	1	-9.040128	-14.800600	-5.595916	-6.746357	-11.719330	-16.197149
6883	1	-9.857256	-16.404128	-2.131386	-6.732577	-7.308282	-13.876631
6884	1	-15.700479	-15.810107	-6.063796	-6.686926	-13.675511	-7.570318
6892	1	-10.650195	-16.037086	-5.427872	-2.446559	-5.088905	-7.615283
6897	1	-13.108533	-14.651198	-1.937642	-11.008355	-14.836193	-11.512848
6908	1	-12.729084	-17.811540	-7.929813	-10.701749	-10.518993	-7.147321
6918	1	-8.259351	-15.993812	-2.707055	-11.493130	-14.476868	-14.632501
6945	1	-12.820508	-15.298895	-4.376649	-9.402861	-9.250313	-12.372025
6946	1	-14.745522	-15.749126	0.019056	-7.415286	-6.485604	-8.816715
6949	1	-13.306994	-14.916684	-0.148063	-9.669613	-13.603620	-9.747081
6958	1	-10.096511	-12.816057	-1.507799	-8.011631	-8.508407	-10.827743
6980	1	-11.442497	-13.772718	0.144581	-5.617457	-11.059750	-9.448029
6986	1	-14.821521	-15.266047	-5.632521	-12.219025	-11.404871	-2.335273
6989	1	-16.059315	-6.492990	-4.670544	-10.330019	-13.423375	-14.171204
6993	1	-13.990087	-13.012203	-5.883964	-5.000255	-8.178132	-12.168355
6998	1	-18.310103	-13.848374	-3.814229	-10.296044	-12.149052	-13.417848
