14	7	3.640257	4.688170	6.194779	-4.489357	6.145563	4.065751	4.537570	-13.704564	-5.533402	7.860413	-11.212178	10.301458	-11.690140	-8.018009	-5.533402	-10.941899	-11.212178	-5.243216	-11.930599	9.088293	6.194781	-17.070798	6.145563	-5.244116	0.680122	-8.106446	-5.533402	-1.764553	-11.212178	5.597653	0.708579	-8.111655	-5.533402	4.248334	-11.212178	8.385087	4.407641	3.543181	6.194659	1.711294	6.145541	10.200875
34	7	3.953912	-10.903527	-2.541275	5.603635	-13.287723	11.554747	-4.472514	-4.510332	-2.541273	-6.186370	-12.969670	2.720408	-4.360530	7.998096	6.940024	-8.765057	4.602677	2.739225	-10.993186	-4.510332	-2.541273	-8.299435	-12.969670	-3.060982	4.263442	1.587147	6.915236	3.090315	4.517731	11.611141	-10.590366	7.998096	6.940024	-10.879022	4.602677	-3.060097	-5.650363	2.973645	2.990564	-9.044507	-4.539879	-2.956549
54	7	5.322709	-10.414375	-3.548896	6.775017	-10.254460	14.021986	-0.891109	8.517789	8.652737	-11.399990	6.755383	4.839524	-0.891110	6.284888	7.665871	-11.395783	0.317341	4.839522	-4.947438	6.287103	7.665871	-17.990491	0.317341	-2.833258	6.702267	3.317440	8.651514	0.143751	6.754926	12.020296	-4.947437	8.520004	8.652737	-17.994698	6.755383	-2.833258	-6.451119	-5.286186	-3.548889	-11.363630	-10.254445	-2.840217
90	7	9.235115	-10.714945	-4.559456	8.905826	-9.546860	11.290230	6.012625	4.944919	7.514258	-1.936271	6.426756	5.296118	-9.773662	7.297445	7.514258	-12.839067	6.488954	-4.487164	-8.351033	-8.362418	-4.559456	-7.528141	-9.410006	-4.487164	7.812378	4.944919	7.514258	3.725790	6.426756	11.290184	3.669053	-1.130041	7.502487	-2.000781	4.309290	5.294034	5.693780	-1.130091	7.502485	3.710337	4.309252	11.290181
149	7	-13.141129	-8.109897	0.523786	-8.374590	3.937075	-5.868013	4.026164	-12.604341	0.322635	7.501104	3.866766	12.536864	-12.572959	4.309793	6.593678	-14.241712	8.393192	-5.868013	-13.140820	-14.551886	-5.169277	-8.313969	-5.684731	-5.868013	-2.462419	-14.590710	-5.169347	2.992536	-5.684751	6.356162	4.026285	-18.975531	-5.171774	7.527690	-5.685474	12.536864	-2.466874	-8.150618	0.518317	2.930552	3.935139	6.356018
284	7	6.328919	-4.609850	1.168532	7.289902	4.939268	9.585401	6.672346	4.283082	7.184231	0.916487	6.903818	9.527401	-12.619334	-9.544891	-2.640881	-10.023287	-4.207609	-1.812616	5.940936	-11.866583	-2.640887	7.290128	-4.209597	9.585401	-5.017902	-9.544891	-2.640881	-2.381993	-4.207609	3.762271	-9.466826	-2.203762	1.283315	-10.023631	5.187221	-1.812620	-11.888252	6.604778	7.184283	-15.592913	6.913006	-1.827888
297	7	3.421960	-11.351604	-3.899870	6.877316	-12.611197	10.052225	4.517461	6.355682	6.236162	0.412770	4.348663	8.028609	-5.514603	-9.931031	-3.899870	-4.635802	-12.611197	4.981088	-11.502806	-9.925995	-3.899870	-5.979175	-12.611197	0.313511	-3.623502	8.500158	6.236162	-11.147027	4.348663	4.986174	-4.723513	5.055903	2.770858	-5.979072	-0.758236	0.316649	-10.258585	8.518853	6.236162	-12.484209	4.348663	0.313512
302	7	-7.351228	-7.213540	-5.287128	-8.720487	-5.843055	0.025670	-9.798593	6.987399	7.503969	-12.931986	6.015513	0.025453	4.607775	-12.958414	-5.288600	5.907514	-6.325865	10.232542	-9.210188	-7.213540	-5.287128	-10.775912	-5.843055	-5.868667	-9.826107	1.455459	4.261174	-10.114258	0.387056	0.025460	-11.684785	1.455459	4.261174	-12.102777	0.387056	-5.868676	-11.657264	6.987399	7.503969	-14.920759	6.015513	-5.868676
327	7	4.364542	-9.642643	-3.017267	5.872764	-10.756294	10.843175	-12.327395	5.153712	8.020616	-14.686695	6.897904	0.018053	4.398885	-4.432315	1.566892	5.868637	-10.059227	10.843178	-11.242682	-2.037933	3.233469	-10.011542	-5.637013	0.018053	-2.075410	-7.588061	-2.952673	2.268482	-10.756284	5.747452	-11.958426	-7.531902	-2.944765	-8.123923	-10.756283	0.018053	-1.492115	-2.143090	3.228008	0.735875	-5.846486	5.724466
348	7	-7.161447	1.481649	0.102376	-8.221601	-4.611514	-2.752936	-12.336334	-6.613368	-5.316260	-8.130258	-7.981230	-2.752874	-7.905801	-6.613368	-5.316260	-6.098984	-7.981230	3.392957	3.450748	0.219754	5.150798	5.491530	7.395067	10.501625	-6.556135	6.516739	6.587349	-7.426628	7.780712	3.385801	-2.729095	1.481649	0.102376	-6.192611	-4.611514	3.391925	-10.985890	6.516739	6.587349	-9.442021	7.780712	-2.753313
400	7	1.710892	-11.645716	-6.679252	5.637919	-12.834488	11.816420	2.990537	0.958021	4.954449	-3.830124	3.655183	10.888502	-6.070733	-9.328634	-6.679252	-4.608463	-12.834455	8.116361	2.854730	0.672757	4.934643	-3.827322	3.655302	10.894949	3.168454	1.449016	4.964041	-3.766512	3.652352	10.794981	3.200722	1.544418	4.956377	-3.744943	3.651763	10.767449	3.071878	1.208764	4.967385	-3.820185	3.654149	10.857897
505	7	-12.064757	7.203064	8.034574	-8.216876	8.896904	-5.000071	-5.467097	-3.399815	1.566786	2.469683	4.459944	6.151600	-3.900232	-8.157610	-1.250317	2.471691	-6.435240	6.151686	-7.826300	-3.399812	1.566786	-1.725804	4.459946	5.343721	-6.256791	-8.157553	-1.250317	-1.722104	-6.435231	5.345408	3.044806	2.553047	8.034556	1.672746	8.597271	11.283307	3.185666	-12.926591	-1.250317	7.149279	-6.668808	11.417299
637	7	3.063476	-9.446029	-3.926316	6.631383	-6.247290	13.932601	4.568302	4.025339	4.927914	5.350780	7.918407	13.932677	-7.205092	5.319403	4.927914	-4.448002	7.918407	3.295650	-8.461118	-8.597124	-3.926316	-2.351071	-6.247290	5.717394	-10.675606	5.320628	4.927914	-8.777373	7.918407	-3.346672	-6.735920	-1.198265	-0.086552	-7.094298	-5.052733	-3.346658	-2.320108	-8.635551	-3.926316	2.235981	-6.247290	8.444580
813	7	-12.963143	-7.687499	0.633632	-7.566486	3.118639	-5.703199	-12.830229	-12.269412	-4.400191	-7.059810	-7.594161	-5.644934	-1.555548	-8.428140	0.362707	2.950595	3.117855	4.877646	-9.123264	5.300662	6.535391	-11.211111	7.372875	-5.839944	-1.443646	-13.053863	-4.418836	3.263749	-7.594172	4.937021	4.520756	-11.796744	-0.115755	5.441917	3.110547	9.059600	4.601219	-16.396257	-4.442452	5.567639	-7.594184	9.064872
852	7	3.964823	-12.757811	-0.925480	7.897904	-7.068122	12.161493	5.304695	2.741864	6.789349	4.601818	6.719850	12.170792	-10.793781	8.244608	6.793987	-6.766785	6.822914	0.414546	-2.373316	-8.577068	-0.925474	3.380350	-7.067807	6.879544	-13.662798	-8.079680	-0.925466	-6.026819	-7.067485	-3.148117	-12.037434	-8.080177	-0.925466	-3.436105	-7.067486	0.432805	-1.033941	7.221161	6.793982	2.496320	6.822751	6.841111
926	7	-5.611607	7.734315	6.604654	-15.248818	5.477842	-2.555930	3.792370	-10.851231	2.446119	8.906481	-4.563009	12.267602	9.167378	0.624668	6.565024	2.993231	5.207132	12.354048	0.020165	7.725981	6.604654	-9.198991	5.477842	3.371008	-1.609549	-4.460202	2.446180	-2.876701	-4.562824	5.385277	0.202569	-4.478533	2.446177	2.220890	-4.562833	6.618616	-10.865182	-4.460080	2.446180	-9.333117	-4.562824	-2.256593
974	7	6.022620	-13.157080	-4.154618	6.644928	-10.033311	11.757023	6.111245	3.618472	6.227569	2.924817	6.225036	11.757056	1.722595	6.605333	6.227569	-3.499308	6.225818	6.738356	-6.137609	7.374771	6.227569	-8.830253	6.225818	2.085988	-5.544597	-9.499360	-4.154618	-5.110221	-10.033311	2.086128	-6.137574	4.040970	6.225028	-8.828422	0.987416	2.085988	1.727726	3.212971	6.224946	-3.497417	0.978214	6.748305
1015	7	-8.259202	6.303937	7.078572	-14.743801	8.162271	-9.236727	3.028733	-8.904609	1.277014	7.242427	3.327405	7.922922	-12.428027	-4.840782	1.277386	-8.899473	3.329519	-8.900455	-2.557384	-4.840803	1.277386	1.124339	3.329519	2.965239	3.096499	-15.473796	-2.819406	7.266736	-6.014496	7.961870	-12.363272	-11.362465	-2.819406	-8.899470	-6.014496	-8.900454	6.696923	1.831337	7.017692	1.594423	8.140051	7.852103
1087	7	-11.525722	-1.432558	-4.247967	-5.064818	-8.122264	-7.114056	-1.857267	-7.990743	-7.179253	1.751333	-9.763611	12.163273	3.252941	-1.653381	1.807085	6.528489	4.038467	12.289462	-3.892788	5.605455	5.016101	-3.023615	6.259098	4.968666	-1.633711	-1.472255	-4.337431	1.751343	-8.165558	12.191620	-5.091843	-1.432588	-4.248036	-1.521933	-8.122297	5.977613	-5.346175	-7.965426	-7.179253	-1.527205	-9.763596	5.535672
1099	7	2.710750	-15.924839	-4.973295	5.126607	-6.827039	10.697263	-13.144185	7.064051	7.589809	-17.120662	5.678893	-4.975383	-13.143972	3.827853	7.589533	-17.120662	-0.430460	-4.975383	-8.126563	-10.784520	-4.971945	-0.904038	-6.783884	4.671386	-18.661630	-1.008344	7.540560	-17.120650	-2.232635	-4.975383	2.548582	1.924838	7.589807	1.606164	5.242735	10.566989	-13.200702	-10.784520	-4.971945	-13.594296	-6.783884	-4.949181
1183	7	-14.746095	7.390300	7.528025	-9.549409	5.560296	-3.718922	2.300158	-9.645230	-1.807453	3.286936	-10.763213	8.532913	-9.243752	3.459338	2.545739	-6.832561	-4.676380	-3.695287	-15.036802	-5.786079	-1.506505	-6.505149	-9.684246	-3.681580	3.051689	1.835500	7.028267	2.264090	5.256817	9.233927	1.838274	1.019467	1.939579	-5.904878	-5.309796	0.262923	-3.031793	-5.786088	-1.506507	1.028672	-9.684251	4.032154
1334	7	-7.565375	-8.695209	-1.463756	-4.591023	-14.279608	2.444924	-12.462346	1.370790	4.535064	-9.085932	-4.322066	2.444915	-0.973141	-9.115424	-1.464624	1.610925	-14.315942	5.512326	5.058917	-12.160848	-1.465706	6.456857	-14.415039	10.021069	-12.752618	7.493853	8.948848	-9.091399	3.896530	2.444915	-12.141845	-8.690211	-1.463742	-8.714489	-14.279115	-3.139942	-16.980316	1.370985	4.535080	-13.209389	-4.321985	-3.139942
1384	7	-2.599373	-11.289434	-2.972969	-3.931059	-10.868709	5.516028	5.597673	-15.347579	-2.972969	7.973807	-10.868709	12.326325	5.897483	0.804450	8.803947	5.426131	6.985331	12.323784	-2.842695	5.408636	8.809277	-6.540001	7.936725	3.534784	-8.981315	-11.187866	-2.972969	-9.450479	-10.868709	-2.650380	4.971291	1.762785	8.808903	-1.108339	7.762393	11.683293	-8.517544	5.494247	8.809277	-11.998246	7.936741	-2.986637
1457	7	3.852569	-12.978842	-6.130055	6.463131	-9.541071	10.965072	-7.655765	-10.625950	-6.127208	-5.901577	-9.541071	5.011852	-6.313578	6.106316	6.008729	-9.393638	6.322862	4.665554	-5.483179	-10.633520	-6.127239	0.327761	-9.541071	7.605174	5.195740	2.709579	6.007903	2.971185	6.293812	10.891651	-13.434906	-10.623824	-6.127199	-10.444370	-9.541071	-1.095407	-12.092446	6.111698	6.008729	-13.936461	6.322862	-1.113018
1508	7	3.272935	-9.074111	-5.220553	7.221805	-14.292101	14.087527	2.899861	5.118434	7.830316	1.868299	5.174524	13.968508	-6.899444	-7.526267	-5.220451	-4.623697	-14.292101	3.987273	-11.742569	-7.523859	-5.220450	-8.498037	-14.292101	-2.330779	-11.939984	6.439467	7.830316	-13.770921	5.174529	-2.339700	-5.458738	2.422400	1.368572	-8.200905	-2.037001	-1.959312	0.042235	-7.801044	-5.220506	4.174924	-14.292101	12.460017
1510	7	3.279244	-13.871671	-4.743543	7.368660	-6.748496	11.140465	-8.992936	-8.399164	-4.631946	-4.367535	-6.748325	6.979468	-13.268833	7.940215	6.850227	-14.684726	6.794759	-2.332100	-3.237399	-8.399176	-4.631947	1.285722	-6.748325	8.312851	-7.127186	7.940215	6.850227	-10.876890	6.794759	3.770921	5.654988	2.435208	6.499576	1.887159	6.794430	11.236262	-15.136139	-8.399164	-4.631946	-9.122077	-6.748325	-2.303951
1521	7	-4.144356	-8.173704	-3.230536	-3.941238	-4.425865	5.943707	4.031096	-13.292029	-3.230537	5.526565	-4.425865	12.746051	-5.083571	2.504888	2.210488	-4.543077	0.196478	0.236982	-2.655763	-8.173718	-3.230536	1.078569	-4.425865	11.240300	-14.697518	9.102952	7.499524	-9.566531	4.560813	0.236982	-11.001558	-8.173703	-3.230536	-4.380942	-4.425865	0.236982	-7.914500	9.102952	7.499524	-9.127174	4.560813	5.943707
1529	7	-10.984054	7.996544	6.046113	-14.402429	7.739424	-4.462877	4.952405	-11.369540	-3.913061	6.911084	-9.330564	13.589546	7.810551	2.012041	6.028232	3.182760	7.694112	13.589591	-0.541261	-5.519567	-3.913061	6.789865	-9.209699	6.968841	-9.436577	-5.395775	-3.913061	-4.603412	-9.188173	1.925080	-6.826757	7.996543	6.046113	-8.601419	7.739424	1.777438	-13.819347	-5.395775	-3.913061	-10.677267	-9.188173	-4.462877
1537	7	-2.784443	4.886386	7.294805	-12.951513	4.666201	4.632442	5.597779	-14.202192	-5.432718	5.456261	-11.507930	13.547532	-1.716529	-7.769660	-5.417826	-5.975683	-11.182103	5.366920	-8.113987	-7.769645	-5.417826	-12.142508	-11.182100	-2.441643	3.328731	1.318368	6.768335	-7.434528	4.111848	8.402059	-9.154549	4.886387	7.294805	-18.393153	4.666201	-2.475704	-0.863049	-7.769805	-5.417828	2.211558	-11.182133	10.782650
1695	7	5.461718	2.831810	6.357800	-4.985267	7.076298	5.599976	-0.650048	8.184801	6.368364	-14.527741	7.077371	-3.331301	-7.064801	8.188683	6.368364	-14.759434	7.077371	-5.038915	5.451193	-12.177383	-4.251937	5.525814	-10.787398	11.625160	-10.775046	-6.822444	-4.241142	-8.972832	-10.787381	-5.039401	-6.165135	0.851698	0.846218	-11.302596	-3.612281	-5.037705	0.372993	0.808179	0.836562	-9.992407	-3.646290	-1.954281
1981	7	4.600462	4.252950	6.004884	4.628563	6.015251	11.547308	3.186201	5.246710	6.048595	-1.916374	6.026184	7.747707	5.755704	-10.988536	-2.164394	6.322968	-4.904963	11.558348	-6.756406	-7.446753	-2.138693	-12.375318	-4.892733	-2.804373	-3.131666	-7.446753	-2.138693	-6.942357	-4.892733	2.707686	-4.375418	7.771482	6.086504	-8.692394	6.035468	2.706313	-7.891669	7.771482	6.086504	-14.124152	6.035468	-2.804373
2080	7	-11.121692	-7.805993	-3.138192	-8.982055	-9.513575	-4.622398	0.813943	-7.915276	-3.138192	4.707975	-9.513575	11.478093	0.295013	6.988460	5.561585	-4.174397	5.602554	6.303822	-5.963962	7.042916	5.561585	-11.508180	5.602554	-4.256868	3.793817	4.918493	5.561581	-0.981982	5.602552	12.078814	3.826676	-9.964784	-3.138192	5.798008	-9.513575	12.734275	9.034385	3.517155	5.561400	3.132429	5.602456	13.047612
2092	7	4.913845	-11.912897	-4.295244	6.831130	-12.706450	10.084878	-13.365420	5.004543	6.107775	-11.795533	5.867073	0.555359	-13.365171	3.756050	6.107137	-11.795073	-0.181896	0.555359	-12.963895	-5.531855	-4.295242	-9.819556	-12.692710	0.555359	-1.747531	-5.531856	-4.295242	6.800386	-12.692710	3.819254	-2.186261	3.756050	6.107137	4.803750	-0.181896	3.819196	-2.186539	5.004542	6.107775	4.803269	5.867073	3.819196
2113	7	-4.923548	7.751707	6.432837	-5.961019	6.916193	3.178095	4.062776	5.422293	6.432512	5.487694	6.879267	12.317094	-10.139157	7.763342	6.432837	-9.252187	6.916268	-3.295619	-3.201707	-6.457898	-6.235851	1.329166	-9.560248	6.841721	3.674868	-8.646355	-6.287988	7.667871	-10.149666	12.240765	-10.479352	-6.411678	-6.233702	-7.071685	-9.540120	-3.295619	-5.263730	-6.422655	-6.234218	-3.780081	-9.544933	3.178603
2130	7	-10.941807	7.236388	6.729093	-10.100328	5.368035	-4.914672	-2.742754	-6.872458	-3.364797	5.857515	-11.171815	4.800409	4.502793	3.892316	6.729092	1.532222	5.368026	10.849025	-7.917084	-2.552665	3.231647	5.562674	-6.729718	4.800095	3.666902	-10.215920	-3.364867	7.718385	-11.171836	11.013045	-11.780049	-6.872446	-3.364797	-3.977558	-11.171815	-4.727873	-16.954155	-2.552665	3.231647	-3.985985	-6.729718	-4.729904
2158	7	-14.911213	-8.899182	-4.774704	-8.611253	-7.093790	-0.476672	-8.766689	3.653073	5.929429	-8.906906	6.216691	5.980440	2.978272	-11.311340	-4.888040	5.770095	-7.093790	13.510032	-8.481972	-8.899182	-4.774704	-4.770930	-7.093790	5.992698	-14.709565	3.653073	5.929429	-12.740978	6.216691	-0.476532	-2.541311	-8.899182	-4.774704	2.262144	-7.093790	9.945433	3.026838	1.010250	5.663817	1.616726	6.204209	13.499330
2188	7	-11.037405	-5.473720	4.847961	-9.186478	1.733641	2.827856	-8.945996	-15.455415	-1.462381	-7.619894	-9.990162	2.827930	5.022410	-21.581167	-1.463606	6.706973	-9.990163	13.247133	4.872880	-12.123041	4.012314	6.266513	1.669185	13.246846	-13.313936	-15.455415	-1.462381	-12.558106	-9.990162	-2.276060	-15.405230	-5.473720	4.847961	-14.122649	1.733641	-2.276060	-9.056856	2.587388	7.358802	-13.092429	8.217793	2.827918
2314	7	6.875193	-9.304272	-6.619199	5.739258	-12.427052	11.154900	8.472175	3.575830	5.301553	2.617880	0.478194	11.155022	-5.670400	-6.341369	-6.614021	-11.799154	-12.427051	-1.996177	4.237942	4.524155	6.536309	-6.230531	6.608111	6.198367	-3.711059	6.567535	5.357851	-15.046207	0.508193	-1.995966	7.109613	4.475260	6.535550	0.114117	6.608070	11.147294	-4.948808	7.438261	6.546986	-17.290473	6.608652	-1.996165
2348	7	-7.721297	-8.803872	-7.593125	-9.499051	-9.444785	2.061339	4.218278	-14.195771	-7.593125	4.572583	-9.444785	10.187604	5.455929	0.474733	3.478414	-6.899019	5.188983	5.982469	-12.672807	-8.803872	-7.593125	-10.868255	-9.444785	-3.913774	-6.920113	5.904333	4.436250	-16.993065	5.698325	-3.885461	-1.292057	-8.828917	-7.593125	2.614444	-9.444785	7.476030	-0.922439	5.792676	4.436245	-9.316732	5.698324	3.251884
2410	7	3.362032	-11.879030	-6.019720	6.801401	-11.262715	11.410346	-9.665052	-7.362408	-6.019711	-8.908651	-11.262715	0.734112	4.063427	1.972175	6.858372	4.952330	5.158242	11.443233	-13.622973	-7.362408	-6.019711	-9.183002	-11.262715	-5.700237	-9.176899	8.070596	6.926970	-10.892525	5.223795	0.734100	-13.134813	8.070596	6.926970	-11.166870	5.223795	-5.700243	-2.725904	-7.362410	-6.019711	1.463150	-11.262715	5.793200
2493	7	-8.435595	9.573309	7.300506	-14.209957	2.948953	-6.661931	-8.427264	3.356688	2.524787	-12.770481	-5.117526	-6.661931	-9.027831	-5.812898	-1.503321	-8.038230	-10.869982	-6.661931	4.928724	3.188453	7.300335	2.111378	2.948318	8.629607	4.359567	-12.110561	-1.525216	8.283650	-10.870213	8.628531	0.306192	-0.805267	2.520949	2.786232	-8.981618	4.485356	1.483353	-9.451399	-1.525216	8.263714	-10.870213	5.891343
2544	7	5.129610	-17.211317	-3.264258	4.735022	-9.167561	12.990736	-8.388648	-13.803152	-3.264258	-7.652090	-9.167561	-0.856148	-2.181369	-13.803152	-3.264258	-6.661468	-9.167561	3.642475	-0.213954	-13.803193	-3.264258	-0.375589	-9.167561	7.533171	-7.585311	3.142883	7.006635	-12.500097	5.875066	-0.856147	2.723468	0.932851	6.907845	-6.993257	4.929732	6.314619	-1.364998	3.142882	7.006635	-11.508485	5.875066	3.680449
2706	7	-6.302985	-9.776046	-1.322407	2.124008	-12.555963	5.155145	-6.621570	7.265700	7.795689	-9.103382	5.790405	3.635192	-6.620589	5.447409	7.005997	-9.103212	-0.218180	3.635192	-11.460752	-9.767121	-1.322406	-4.425155	-12.555961	3.635195	-10.717849	5.454371	7.006012	-13.505122	-0.218170	-2.591803	-15.587012	-9.766878	-1.322406	-8.639383	-12.555961	-2.591803	-10.718830	7.272637	7.795690	-13.505170	5.790406	-2.591803
2707	7	3.996424	6.684651	7.617568	2.375224	6.573052	11.746897	-1.155196	-8.660636	0.456617	4.203797	-5.014136	10.591834	-4.181011	9.323485	7.617573	-6.881507	6.573052	5.861021	3.341700	7.617309	7.617572	-3.759055	6.573052	7.020680	-9.953939	9.323586	7.617573	-10.266600	6.573052	0.146730	-1.766207	9.320702	7.617573	-0.278214	6.573052	9.665138	4.538235	-12.230304	0.456617	6.551478	-5.014136	11.747998
2723	7	4.743482	3.314751	5.451642	2.511593	5.811769	13.190663	-6.132027	5.708487	5.634826	-7.525593	5.938815	3.013304	2.994455	-15.393808	-5.200621	6.436843	-10.753859	13.117892	-6.790474	-13.194478	-5.196525	-3.041530	-10.742072	3.020128	-1.118169	-13.194502	-5.196526	1.284158	-10.742072	8.910300	-12.457360	-13.194478	-5.196525	-3.211780	-10.742072	-3.131679	-11.674355	5.708487	5.634826	-7.695689	5.938815	-3.147131
2947	7	-14.435898	-6.701119	-2.103879	-11.257003	-10.270182	-5.165755	-9.443270	-6.701119	-2.103879	-11.204972	-10.270182	1.465951	3.572888	-9.567222	-2.103895	6.722163	-10.761426	11.685962	-2.280140	-6.704292	-2.103879	6.561057	-10.271237	6.317570	-13.447097	6.905260	8.247450	-16.180886	4.345487	-5.165755	-8.454444	6.905259	8.247450	-16.126575	4.345487	1.465951	-0.931990	6.884880	8.247450	1.646199	4.345226	6.256979
2988	7	-2.366314	-4.084433	2.786568	2.245146	3.974625	6.648241	-6.875697	4.615885	6.937552	-9.102005	8.141420	6.176595	-6.700584	-4.084410	2.786578	-2.971649	3.974651	6.176596	-7.578923	-9.021446	-1.388609	-2.882914	-7.521727	6.176596	2.387149	-11.844464	-1.389081	8.564086	-7.642636	11.118715	-3.239261	-9.021448	-1.388609	2.336639	-7.521727	6.649106	2.508889	1.507402	6.896581	2.368572	7.715662	11.223580
3036	7	4.179326	-14.149577	-2.992708	3.147904	-8.661986	12.110747	1.474345	-14.145474	-2.992708	-5.923971	-8.661986	7.444308	-3.097901	-11.414952	-2.992706	-9.609787	-8.661986	1.117356	0.824943	3.642755	7.303284	-13.064387	2.856032	6.838056	-6.462772	-11.218104	-2.992705	-11.836691	-8.661986	-4.523610	-7.132602	6.561672	7.335625	-17.090411	2.857397	-4.523635	-3.772906	6.509906	7.335582	-14.922602	2.857395	1.002728
3073	7	-0.522147	-12.447561	-3.555290	7.839878	-12.424529	5.859283	-0.104900	5.347959	9.027541	5.642923	5.199848	7.513670	-11.669924	8.047674	9.030746	-11.099280	5.231421	-6.987978	-11.885888	-10.927998	-3.555206	-8.628589	-12.399091	-6.987843	-0.998990	1.510381	5.997655	4.184886	-1.099790	5.057664	-6.625402	-10.927998	-3.555206	-3.613385	-12.399091	3.969203	-11.996406	2.132060	6.116632	-11.099271	-0.955413	-6.987978
3157	7	-8.339291	4.818589	0.479141	-5.836545	-4.436651	-2.782704	-5.000898	7.861285	6.078936	-9.206186	6.402519	3.177823	2.844593	-7.564770	-5.283126	5.352233	-8.607031	13.094910	-10.510226	7.913480	6.078936	-11.726984	6.402519	-2.782783	-14.715597	-4.796071	-5.283056	-5.843209	-8.606784	-2.782787	-3.435874	-4.948041	-5.283089	-3.189856	-8.606851	3.241904	-3.079353	-4.987615	-5.283094	3.217937	-8.606865	9.207120
3335	7	-8.502816	5.266015	8.095000	-10.947367	8.168367	-0.703970	-1.987228	-2.231166	3.540741	6.108908	-0.014802	7.290202	4.194549	3.120530	8.046524	1.455657	8.118025	12.377750	0.447335	4.930670	8.093429	1.123178	8.164566	6.774941	4.146606	3.156561	8.048972	-2.901591	8.119651	8.029662	-8.864354	-8.728026	-3.545715	-5.158309	-3.200703	-0.691940	-2.853177	-8.765408	-3.545802	5.566840	-3.201175	7.289156
3354	7	5.731736	-11.666741	-3.640967	8.779553	-9.692865	12.136459	3.452683	5.063361	6.596397	2.136248	8.373186	12.060587	-12.956519	7.282446	6.596421	-14.634414	8.377562	-5.013288	-4.305119	-9.458386	-3.640966	-1.695780	-9.692793	4.471515	-12.763879	7.282446	6.596421	-10.974245	8.377562	0.980131	-10.538011	-9.442397	-3.640966	-4.289949	-9.692791	1.087520	-10.830490	-9.442396	-3.640966	-8.205391	-9.692791	-5.013257
3357	7	-5.212266	6.340853	6.847333	-10.800723	6.448435	3.068590	2.815017	-1.977212	4.926077	3.411713	3.513648	13.554528	5.930663	-15.870542	-0.467547	6.426157	-3.161851	13.699573	-11.823436	-9.678045	-0.467547	-11.629019	-3.161851	-1.579575	1.619382	6.304880	6.847332	-6.113852	6.448435	7.863604	-6.418950	-9.678045	-0.467547	-6.060898	-3.161851	3.068718	-10.616578	6.340853	6.847333	-16.599318	6.448435	-1.579575
3383	7	1.060515	0.459638	6.514030	-10.099686	8.164886	3.583495	5.104390	-17.617467	-4.591440	-1.620291	-2.076562	10.059454	-6.702106	3.436838	6.687737	-10.646465	8.461764	-4.735342	-10.984221	-12.709115	-4.553742	-7.238103	-2.076562	-4.436307	-11.120137	-9.075780	1.455152	-7.606411	2.631034	-4.504922	5.113373	-17.617467	-4.591440	4.852215	-2.076562	12.564742	4.274003	-1.473774	6.068600	1.905220	7.097638	12.097386
3392	7	-1.467340	-3.007743	-5.158143	6.699792	-7.843943	9.485267	-6.326268	2.670703	-0.006314	-6.818827	-1.247350	3.435038	3.214339	-6.609682	-5.634525	7.102098	-9.685338	12.728777	-11.385158	8.514172	6.306913	-11.643382	3.803376	3.432729	-15.615474	8.514172	6.306913	-16.391986	3.803376	-2.916553	-10.613271	2.670773	-0.006308	-11.581041	-1.247336	-2.916550	-12.940262	-2.951062	-5.125403	-10.067951	-7.805807	-2.916530
3453	7	1.151388	5.614853	7.936537	-6.073560	7.143974	6.605857	-8.113755	7.848960	7.937409	-17.587817	7.143974	-3.418542	-2.520128	7.814856	7.937407	-8.318399	7.143974	3.631454	7.694169	1.525970	7.696357	0.609254	7.098508	10.946217	-14.278091	-6.102334	-1.416085	-11.380889	-2.185438	-3.494731	1.532788	-8.927675	-1.420231	6.548854	-2.185438	10.086478	-2.085931	-6.164016	-1.416431	4.600988	-2.185438	7.323549
3456	7	7.160344	1.919345	7.347403	1.429218	7.439750	11.690041	3.187421	-13.587148	-4.829695	6.961185	-9.074632	12.010792	-2.061944	6.503470	7.370421	-14.075269	7.439754	-3.959893	5.273918	1.946474	7.348247	-3.228508	7.439750	9.170521	-1.118998	-10.023961	-4.829386	1.580800	-9.074632	6.740265	-3.013955	-10.020648	-4.829385	-3.202427	-9.074632	3.701123	-6.140055	-10.020583	-4.829384	-8.638294	-9.074632	-3.427858
3508	7	3.698047	-15.892195	-2.983424	4.171883	-11.000293	11.967074	-2.845001	6.549924	6.355371	-10.296001	6.667462	-0.690719	-7.945151	-10.368233	-2.983424	-7.429450	-11.000293	5.646549	-8.116424	-10.368233	-2.983424	-7.766778	-11.000293	-0.690705	-2.668938	4.102565	5.604252	-9.676138	0.121944	-0.690709	-2.660328	6.549924	6.355371	-9.913457	6.667462	5.646527	-2.480332	4.102565	5.604252	-9.281654	0.121944	5.646544
3521	7	4.169841	-11.857857	-4.928592	6.618141	-7.451232	12.024056	5.057011	3.305811	6.988371	2.031998	5.811905	11.931726	-8.058992	6.522587	6.988483	-8.985204	5.824175	3.558559	-11.959966	-8.780270	-4.928592	-5.008953	-7.451232	-2.989546	-2.138273	-8.795164	-4.928592	3.342886	-7.451232	7.466449	-8.885467	-8.780272	-4.928592	-4.272365	-7.451232	3.580659	-11.083340	6.522591	6.988483	-9.735230	5.824175	-2.997527
3527	7	-7.163425	-7.941501	1.595271	-6.551244	3.733621	1.409142	-7.691113	-1.933161	5.647063	-10.660561	5.478655	1.373627	-6.066614	-13.917436	-4.245189	-4.039950	-8.512858	3.692675	4.454006	-19.046360	-4.257878	5.906563	-8.513743	12.798885	-2.958866	4.014874	7.102145	-10.638551	6.328893	1.385703	-10.720148	-1.933031	5.647144	-15.388431	5.478700	-3.523561	-9.765893	-13.916337	-4.245179	-9.308277	-8.512858	-3.523328
3662	7	4.571967	-11.780798	-4.953917	8.943290	-11.255037	12.118198	-4.081336	-6.110865	-4.953606	-1.249400	-10.650954	8.147395	5.585326	2.200591	6.615893	4.643614	5.164909	12.190254	0.165621	6.765841	6.626273	-2.487683	5.424865	7.475550	-10.656372	-6.110851	-4.953606	-5.340790	-10.650949	-3.867111	-6.032949	7.898932	6.626356	-7.777580	5.431730	1.714813	-9.662492	7.898932	6.626356	-9.640741	5.431730	-3.900808
3787	7	4.582565	-14.918579	-4.401809	8.607445	-9.744333	11.947940	-0.477129	-8.946726	-4.401809	8.096926	-9.744333	10.163264	-12.258560	-8.946702	-4.401809	-10.219050	-9.744333	-5.725981	-6.688505	4.603907	1.971050	-8.508332	-4.249457	-5.233256	-12.486204	7.342338	5.989142	-12.842699	5.950742	-5.727847	-0.714160	7.342327	5.989142	5.407623	5.950742	9.990214	4.316771	1.538765	5.989127	5.990937	5.747735	11.924536
3812	7	-1.834411	-9.879656	-4.038967	3.887708	-12.723497	10.041896	4.757440	-12.486425	-4.038967	6.426928	-12.723497	12.074270	-4.147856	5.127357	7.424418	-0.263325	6.531112	5.066190	3.276082	3.537160	7.424400	2.305166	6.530970	11.859321	-8.883942	-9.795098	-4.038967	-6.288692	-12.723497	-1.988597	-7.706421	5.143416	7.424418	-4.839749	6.531112	3.934444	-10.350577	5.144675	7.424418	-10.072046	6.531112	-1.988597
3838	7	-9.752074	-6.767239	-1.117179	-8.567204	-6.807795	2.202369	9.017957	2.340857	9.225527	1.705686	7.294251	13.086877	-10.039689	6.563706	9.225752	-16.949836	7.628757	-3.732612	5.349550	-10.731787	-1.117179	5.132829	-7.451390	13.571561	-3.537508	6.563167	9.225752	-9.169904	7.628749	3.697069	-13.735921	-6.767239	-1.117179	-13.485045	-6.807795	-3.758760	-1.131921	-6.782301	-1.117179	2.526810	-6.813534	10.804332
3868	7	3.181505	-12.549024	-4.273164	6.172534	-12.337318	8.898422	-2.171830	-7.539656	-4.273164	5.558104	-12.337315	3.385571	3.295393	4.875805	6.381042	5.921106	5.904072	8.899074	-3.218484	-7.539604	-4.273164	0.857741	-12.337315	-2.132969	-4.405942	8.592262	6.381064	0.600115	5.904336	-2.606225	-11.196594	8.592262	6.381064	-4.827139	5.904336	-5.040542	-1.986386	8.592222	6.381064	5.495126	5.904336	3.569490
4028	7	-6.774180	-9.752250	-2.888810	-4.348946	-11.055233	5.177342	3.228236	-14.620407	-2.944724	6.558447	-11.055499	11.413581	9.239511	0.510999	5.985263	1.078906	5.955694	11.627764	-7.333980	7.159641	7.004769	-15.494283	6.442195	-3.918019	-2.475477	-10.953741	-2.921258	1.328220	-11.055449	7.228037	-13.400977	-9.646008	-2.884480	-9.489841	-11.055191	-3.484131	4.979760	0.954710	6.192194	-4.514969	6.158737	9.484198
4033	7	-12.803013	6.961500	8.331209	-13.598014	6.304171	-1.264669	4.434654	-16.069631	-3.244206	5.371769	-8.907238	11.647998	3.823982	0.733163	6.927120	1.282691	5.845570	11.535918	-7.184276	6.961499	8.331209	-9.577463	6.304171	4.310968	-7.606365	-9.823653	-3.244206	-5.481468	-8.667116	4.310977	-13.225106	-9.823653	-3.244206	-9.515965	-8.667115	-1.264669	-2.189879	-9.836035	-3.244206	1.098754	-8.669027	10.180284
4286	7	-8.267095	0.477280	2.053289	-6.623018	-4.128806	1.789334	-12.076323	6.133596	8.326867	-14.106175	5.312264	-4.856020	7.566471	-17.840817	-3.987431	6.006191	-7.146492	11.812060	-8.779693	-11.364240	-3.987296	-6.221048	-7.146492	1.919226	-9.160990	-11.364240	-3.987296	-10.420152	-7.146492	-4.829212	4.599901	1.894013	8.316095	2.317422	5.312174	11.606224	-8.523227	0.477280	2.053289	-10.662212	-4.128806	-4.833664
4341	7	-1.660819	-7.557285	-3.720271	2.995901	-14.622115	6.518713	-7.199310	6.637825	7.327029	-3.357635	3.923120	3.445255	4.766828	-10.155203	-3.720276	6.420656	-14.622290	12.163618	-8.933064	6.639358	7.327029	-8.792557	3.923120	-4.161871	-9.364042	-7.459357	-3.720269	-3.235160	-14.622060	-1.739931	5.223349	3.594720	7.327028	0.977713	3.923120	11.601987	-4.627806	1.808138	1.985199	-6.448659	-6.153150	-3.654291
4365	7	-4.128474	2.516767	0.665036	-6.042440	-6.451110	-2.446248	-9.606881	6.790478	6.564211	-8.488102	5.922306	-2.446309	5.085958	-11.780098	-5.083261	6.231506	-10.173897	13.135879	2.632622	5.275299	6.564206	-1.852547	5.886286	6.766960	5.102746	-1.492683	0.658289	6.095683	-8.142854	13.135923	5.990786	2.680461	6.564154	3.649442	5.638791	13.133235	-10.516034	-6.904351	-4.890744	-5.906389	-10.104214	-2.446229
4418	7	-1.226411	-10.777892	-4.904384	4.041943	-6.941493	7.706586	5.038845	-14.119686	-5.000776	7.091509	-7.879138	11.006046	-14.452354	3.633936	7.368939	-15.415761	7.284625	-5.756881	-2.691129	-5.144760	1.044814	2.141824	5.265328	4.249891	-14.453697	-5.143106	1.045007	-9.388886	5.266459	-5.671156	3.645647	0.831569	6.647490	1.050818	7.254013	10.051008	-13.083606	-10.767425	-4.903639	-9.387689	-6.935983	-5.671085
4436	7	-3.986529	-4.713638	0.309632	1.722185	5.224527	7.813422	-7.813850	5.779843	6.284170	-7.721335	7.778139	3.430749	4.077508	1.529975	6.284163	4.161678	7.690915	12.335223	-10.013474	-4.608752	0.309682	-5.722557	5.304612	3.430750	-1.663398	5.335640	6.284170	0.951680	7.776340	9.145382	-15.139205	-4.607099	0.309683	-8.848610	5.305869	-2.312455	-12.780118	5.787127	6.284170	-10.904699	7.778165	-2.312455
4474	7	-12.463505	5.843368	7.660114	-14.794308	8.399339	-4.688450	-11.674057	-11.180553	-5.434880	-8.163557	-3.772587	-4.688439	5.936719	-9.554794	1.069459	7.418009	2.065334	11.901639	5.937270	-14.512483	-5.434880	7.435464	-3.772587	11.901639	-0.299613	-11.875700	-5.434880	1.629517	-3.772587	7.621814	-0.307912	-6.892252	1.069468	1.606737	2.065339	7.620643	-11.676915	-6.008305	1.069519	-8.181024	2.065366	-4.688440
4545	7	-12.437236	-8.919774	-5.320439	-8.716775	-10.483388	2.577838	3.093921	-11.938994	-5.372039	4.487529	-10.498634	10.908234	-9.438332	6.671651	5.245572	-11.477440	4.830513	2.572744	7.396178	-0.009477	4.437370	3.665291	3.464931	11.371659	-15.915676	-8.919774	-5.320439	-12.380764	-10.483388	-2.405192	-12.896669	6.671651	5.245572	-15.143534	4.830513	-2.405416	7.230769	-0.009390	4.437427	-1.137080	3.465044	9.551035
4580	7	-5.615830	-8.738334	-1.457804	-2.410411	-12.130106	6.832812	-3.657898	8.135651	5.486800	0.631026	6.607704	6.839786	-2.197847	-8.744606	-1.457804	2.893995	-12.130108	6.883194	-6.886336	8.135952	5.486800	-4.768671	6.607704	5.164834	3.664563	-12.854145	-1.457804	7.121693	-12.130309	12.127205	-6.064557	-8.738331	-1.457804	-7.439572	-12.130106	1.190943	-6.907374	8.135952	5.486800	-9.690477	6.607704	1.170702
4584	7	-11.896516	7.689669	6.604761	-8.861167	6.600878	3.714347	2.163188	-8.593408	-5.324903	4.375410	-11.872028	12.112576	-11.098289	5.829457	6.069170	-8.726535	0.655999	3.714347	-9.092408	-6.243435	-5.324165	-2.860302	-11.872028	3.714358	-11.332420	-6.241421	-5.324162	-8.941498	-11.872028	-0.372485	-13.307320	5.829956	6.069170	-14.791873	0.655999	-0.372485	-14.102803	7.689956	6.604761	-14.926505	6.600878	-0.372485
4595	7	-0.810837	-10.591262	-2.312782	7.185918	-5.663356	6.968208	5.558874	-7.198604	3.390958	7.618913	3.415814	10.652069	5.289799	0.241395	5.433189	3.659900	8.318034	10.652065	5.590212	-16.867269	-2.312782	7.644177	-5.663356	10.652069	-11.063049	-10.582056	-2.312782	-8.008458	-5.663356	-6.962859	-11.431453	6.555024	5.473475	-12.123947	8.402504	-6.962859	-1.333181	6.553514	5.473475	2.706981	8.402504	5.478690
4687	7	-1.439806	-10.196755	-2.567799	8.654573	-9.056683	6.436547	-12.744785	6.799551	8.238978	-14.322127	6.405682	-5.400399	-12.790340	-10.196755	-2.567799	-9.073681	-9.056683	-5.400083	3.923395	-16.506394	-2.568109	8.661456	-9.056695	12.030103	-1.399785	6.799551	8.238978	3.406871	6.405682	6.427833	-3.643586	-10.196755	-2.567799	7.007885	-9.056683	0.294092	3.339122	0.937383	8.184076	3.420015	6.359638	12.007762
4698	7	-3.314664	-9.798104	-3.031237	0.087077	-10.671422	8.154790	-8.429703	3.090008	3.470752	-14.761553	-3.396240	-2.493050	-10.769187	8.862118	6.785291	-18.206026	7.231799	-2.493052	-12.214965	-9.798104	-3.031237	-12.655299	-10.671422	-2.493052	5.760780	-16.161999	-3.031366	6.465046	-10.671422	12.329809	0.206300	-9.805513	-3.031239	4.302538	-10.671422	9.814828	6.427630	2.492333	6.728429	0.894088	7.229979	11.959284
4711	7	-2.641097	-10.892372	-5.074634	3.524751	-10.828402	9.062009	3.046638	-12.393753	-5.074634	7.201087	-10.828402	12.372434	-13.775898	-10.892351	-5.074634	-2.496140	-10.828402	-1.737622	3.506258	2.260661	5.117729	5.769310	4.954784	12.371639	-4.952199	4.691301	5.119225	-0.829909	4.954849	6.483993	-14.264450	4.691301	5.119225	-4.367864	4.954849	-2.266365	-2.476888	4.691273	5.119225	1.903301	4.954849	8.899696
4749	7	2.455434	-12.111300	-5.918051	4.044756	-11.190452	12.466093	-1.996203	-6.519410	-5.899375	1.221454	-11.190451	7.056043	-5.352828	0.986410	-0.828987	-9.837144	-5.967861	-4.735028	-10.906504	-5.601059	-5.852464	-9.837774	-11.190397	-4.735242	-4.717403	1.581033	0.229560	-9.836253	0.311317	-4.734001	-6.217247	5.889503	4.346579	-10.022460	5.060968	-4.735222	-1.208153	1.559653	4.293731	-5.104553	4.842657	3.797198
4756	7	6.133941	-12.679546	-6.620712	7.791509	-11.348702	10.487876	-1.002216	-6.726617	-5.736079	-5.402303	-11.347362	2.664365	4.202567	3.848220	5.761148	-2.844073	4.790589	6.608745	-2.597264	5.412940	5.609442	-13.665527	-0.156864	-3.628476	-4.153414	-6.703296	-5.725285	-9.789327	-11.347319	-3.628476	7.746665	1.781099	5.532934	4.148701	4.370600	10.487882	-2.862289	8.047820	5.835887	-14.310490	4.831756	-3.628476
4802	7	-2.732342	-11.286595	-5.122416	0.555968	-9.365204	8.163343	3.313526	-12.768481	-5.122419	6.754812	-9.379583	12.658107	-7.283253	-11.286594	-5.122416	-3.974925	-9.365204	3.582236	-15.443531	-11.286594	-5.122416	-6.748665	-9.365204	-0.735418	-13.665786	5.702852	6.333157	-8.754936	6.683751	-0.740743	5.127971	3.928295	6.313693	4.906291	6.585969	12.741477	-8.465386	5.702852	6.333157	-6.075884	6.683751	3.342942
4939	7	-0.998176	-10.794090	-7.488818	4.119340	-8.195170	5.774356	-10.659375	-10.765182	-7.488817	-1.358705	-8.195170	-2.046193	5.162987	-15.674835	-7.488831	6.482932	-8.195170	12.209049	-6.968266	1.264977	-2.240303	-1.381064	0.114436	-2.058438	6.213244	1.986641	4.363831	5.645460	4.448894	12.195441	0.229051	6.542358	4.502441	5.100030	4.469710	5.863354	-11.628422	7.203068	4.502599	-4.079480	4.469711	-3.321515
5146	7	5.366965	-6.614531	-2.517011	7.644535	-8.542484	11.467553	-2.706605	-1.769602	-1.091980	-3.422729	-5.146228	3.640530	-7.512558	7.638474	5.451487	-5.773293	5.364367	3.281843	5.377734	2.462374	5.428266	5.754987	5.300652	11.466191	-0.181268	-4.607889	-1.961055	2.548309	-6.955894	11.272582	-7.346556	1.064469	-0.783693	-9.303336	-4.473544	-2.758864	-8.202361	-1.260157	-0.998174	-9.296056	-4.948143	-2.758864
5166	7	3.439263	-13.755671	-2.471599	7.250420	-8.759678	12.529883	-8.365668	-7.182923	-2.471599	-5.661744	-8.759678	-3.286814	-6.501621	7.410692	7.594457	-11.191369	7.239891	-3.286816	-4.695218	-7.182923	-2.471599	-4.327966	-8.759678	1.806864	-2.743630	7.410523	7.594457	-9.858524	7.239891	1.806881	4.991158	0.808601	7.593799	1.654720	7.068785	12.558990	3.201032	0.810002	7.593803	-3.743027	7.069411	8.046188
5232	7	5.093332	-12.204371	-3.463014	8.318177	-10.433492	11.475772	-7.386591	7.126306	9.206955	-9.692342	6.987491	-1.101335	-6.218645	2.323774	2.662563	-5.220939	-2.717598	-0.951254	1.199391	6.620084	9.201186	2.936075	6.987489	8.741524	5.856847	3.598310	9.069037	3.307376	6.986127	11.477949	0.333180	-8.931692	-3.302141	7.105627	-10.433489	6.901589	-7.443293	-8.753404	-3.280011	-4.595179	-10.433488	-0.585849
5320	7	-9.598340	-10.239508	-4.124134	-7.941202	-9.201753	3.346735	-4.017116	2.170136	1.339295	-8.899725	-5.277690	3.190858	3.868032	-13.215452	-4.158887	4.966659	-9.201761	11.627332	-10.426471	5.975923	7.977413	-13.038501	4.671436	3.012464	-9.484437	2.170141	1.339296	-13.437286	-5.277689	-2.396378	-15.293719	-10.239508	-4.124134	-12.608894	-9.201753	-2.389844	-15.555683	5.975923	7.977413	-17.343694	4.671436	-2.404273
5420	7	2.713362	-16.155508	-1.509456	6.371950	-8.814575	11.633403	-14.681358	-10.412497	-1.509456	-9.330670	-8.814575	-0.921704	-8.102144	-10.412497	-1.509456	-6.420503	-8.814575	4.578197	-2.410225	-10.412498	-1.509456	0.228400	-8.814575	7.760678	8.543038	1.580664	6.727155	3.804413	6.890744	12.001342	-2.338003	7.412416	6.786948	-8.450254	6.978986	4.578197	-9.132286	7.412417	6.786948	-11.953758	6.978986	-0.921704
5501	7	1.823704	-4.907399	1.116608	6.567112	3.280775	9.434115	1.823775	-11.056385	0.464106	6.567117	-1.374012	9.434131	-15.238212	6.379526	6.706716	-10.034236	7.038209	-8.749027	-3.367614	-10.759589	0.464106	6.216382	-1.374012	3.209521	-15.697992	-10.759589	0.464106	-3.828231	-1.374012	-4.916848	-15.698050	-4.610652	1.116609	-3.828234	3.280778	-4.916852	-3.367743	-4.610652	1.116609	6.216376	3.280778	3.209521
5560	7	-7.645614	2.475890	-2.634891	-7.034912	-4.511764	-4.537424	2.219641	-7.638283	-8.902639	5.842953	-10.096481	7.291902	-7.524561	-5.862185	-8.902483	-2.993647	-10.096430	1.736444	-7.633408	7.724435	1.113037	-7.036655	1.223636	-4.538302	-12.366352	-5.862185	-8.902483	-7.064744	-10.096430	-4.606994	-2.732064	2.475886	-2.634891	-2.458232	-4.511764	3.170628	-2.719359	7.724431	1.113037	-2.457139	1.223636	3.177485
5562	7	-12.113019	-10.766823	-2.763686	-2.874246	-9.029272	1.271615	4.104163	2.816054	7.625926	-0.826739	6.423000	6.829325	-13.171909	6.418051	7.917558	-6.726736	6.493546	1.260656	5.082926	2.815932	7.625902	2.490142	6.422989	11.421058	3.456298	-14.368312	-2.800078	6.342956	-9.038663	11.402196	-13.555608	6.418051	7.917558	-12.473987	6.493546	-4.750000	-15.155471	-10.766823	-2.763686	-8.629258	-9.029272	-4.750000
5650	7	-3.826035	-12.503251	-5.823279	0.087096	-6.608461	6.589163	3.848006	-17.835434	-5.842002	6.056914	-6.608461	11.652267	-7.463073	-12.503251	-5.823279	-6.336635	-6.608461	3.716391	-4.703137	5.699352	4.825040	-7.394657	6.944454	3.716391	-13.637653	-12.503251	-5.823279	-10.831005	-6.608461	-1.019651	-3.383761	5.699352	4.825040	-0.988497	6.944454	3.964840	-10.877690	5.699352	4.825040	-11.889020	6.944454	-1.019651
5679	7	3.002066	-7.167829	-0.574694	6.023238	-9.837728	11.781874	-2.854443	8.108449	7.015900	-12.102296	6.093984	4.287618	-3.107183	-4.428196	0.263586	-7.076201	-8.149863	4.287736	-4.560572	3.173939	4.276973	-14.538608	0.291010	-1.613464	-0.688002	3.169689	4.276374	-8.111261	0.291006	4.327144	-6.770243	-4.428170	0.263599	-13.466860	-8.149826	-1.613476	-6.527601	8.108492	7.015900	-18.491104	6.093984	-1.613475
5720	7	-6.339574	-8.508395	-2.576725	-2.752130	-11.035719	2.787061	-10.880631	-8.508395	-2.576725	-4.400274	-11.035719	-1.108791	4.920128	-13.474007	-2.576725	7.532787	-11.035719	12.586317	5.080391	3.294222	7.030397	3.532788	6.834081	12.586244	-6.840311	8.259850	7.030712	-6.754385	6.834081	2.786912	-10.717865	8.259850	7.030712	-8.402461	6.834081	-1.108791	-0.799344	-8.510138	-2.576725	3.369737	-11.035719	8.833766
5823	7	-4.263273	6.837343	4.036602	-13.196908	7.535814	-7.723040	11.471168	5.858216	4.036577	2.354970	7.535814	10.773718	-5.077301	-1.807679	-7.567923	-12.539902	-7.124677	-7.723040	4.639099	5.858645	4.036577	-8.606497	7.535814	-2.227024	6.852741	5.858217	4.036577	-3.784536	7.535814	4.244671	7.942259	-5.596120	-8.042920	3.337302	-10.918219	10.792120	2.106610	6.177996	4.036591	-8.631442	7.535814	-4.704947
5972	7	-6.563850	6.037938	5.710163	-7.488995	5.024744	3.881082	3.971072	-15.019966	-6.084246	6.464784	-9.647098	13.177948	7.046462	0.832258	4.788408	4.629444	4.331661	13.212225	-2.261826	-9.858407	-6.043754	0.469524	-9.645802	8.465876	-8.825630	-9.853393	-6.043611	-4.978348	-9.645797	3.881082	-12.394584	-9.853393	-6.043611	-7.363077	-9.645797	-1.664099	-10.130583	6.037938	5.710163	-9.871441	5.024744	-1.664099
6289	7	-14.267598	-8.713218	-6.023018	-9.126725	-7.492147	-6.647618	-12.369473	7.915968	6.866437	-11.306015	7.969397	-6.647618	3.803022	4.870727	6.832445	-2.305303	7.969397	8.610994	-3.623211	-8.715063	-6.023433	3.548835	-7.492147	5.397823	-1.482376	7.880592	6.866320	1.346103	7.969397	5.397889	5.214348	4.640430	6.825846	4.264440	7.969397	9.996879	2.949006	-11.311984	-6.324281	6.116267	-7.492147	9.869282
6350	7	4.597853	1.942250	6.823187	3.995419	9.483138	13.824409	4.532537	-11.790924	-4.173370	7.298324	-3.266142	13.824268	-6.633790	7.432476	6.833724	-5.570820	9.563618	2.944954	-1.330977	-6.316853	-4.173367	1.896912	-3.266063	7.940953	-10.851912	7.432476	6.833724	-11.609273	9.563618	-1.173317	-1.235258	-2.177850	0.469218	1.891700	3.679794	7.965693	4.524331	-7.889755	0.283541	7.294741	3.552356	13.824181
6384	7	-14.855040	1.680727	2.294836	-10.037321	-5.687546	-7.381573	-14.714097	-7.014290	-2.129927	-9.909458	-10.934755	-7.381572	3.366624	-9.135859	-2.129929	7.809429	-10.934759	11.286995	-14.854833	4.200164	7.935807	-11.894886	-0.655653	-7.381576	3.217753	4.131033	8.604543	5.814670	5.312307	11.282369	3.217672	2.054323	7.935807	5.822790	-0.655653	11.282366	-14.854832	6.243795	8.604543	-11.903006	5.312307	-7.381576
6400	7	4.187510	-9.408893	-5.935565	7.033753	-5.896115	12.984592	5.916483	3.884474	5.599210	2.935279	9.212962	13.092635	-5.986604	8.657359	5.599322	-8.462909	9.212962	4.080482	-14.056379	-4.631539	-5.935446	-9.334731	-5.895711	-2.378634	-12.151667	8.657359	5.599322	-13.430812	9.212962	-2.378637	2.856786	3.885330	5.599210	-2.550395	9.212962	8.317305	-6.444296	-4.631539	-5.935446	-4.366774	-5.895711	4.181487
6520	7	-0.458507	-12.881457	-1.946094	7.064011	-11.036096	7.712310	5.850642	-16.229363	-1.946094	8.561509	-11.036097	13.273180	5.479575	1.952059	8.452077	3.709822	3.617037	13.273165	-0.844045	5.071601	8.471033	2.113351	3.779386	7.067299	-7.168803	-12.675706	-1.946094	-4.443550	-11.036096	-1.752235	4.660112	2.621647	8.469039	-1.697820	3.714672	8.619794	-9.156318	5.232946	8.471034	-9.297633	3.779845	-1.752235
6597	7	3.768788	-14.070887	-6.486805	6.548775	-5.073708	11.553222	3.881883	1.765098	6.114027	2.205509	9.286184	11.483179	-8.791199	5.290289	6.146103	-10.730069	9.286382	0.370036	-2.547889	-10.629493	-6.486805	3.009190	-5.073705	6.164883	-8.913121	-10.623721	-6.486805	-6.336214	-5.073705	0.370008	-11.070932	-10.623721	-6.486805	-6.542327	-5.073705	-2.638671	-10.946577	5.290290	6.146103	-10.937912	9.286382	-2.638681
6730	7	-1.763713	-9.054865	0.570918	4.679629	-5.717285	9.635279	-8.149115	6.604178	6.015394	-8.080561	6.388180	2.305608	-5.598414	-9.052074	0.570918	-3.069339	-5.717285	5.922589	3.149814	5.156194	6.015394	5.053612	6.388180	12.810770	3.004149	-10.325902	0.570918	7.624608	-5.717285	12.803516	-2.267979	6.602783	6.015394	1.680480	6.388180	9.348798	4.843927	-3.044383	3.656748	7.798608	5.571770	12.840532
6767	7	6.571779	2.432245	6.733800	5.786127	7.203332	13.315585	4.306888	-11.906038	-5.923744	6.530809	-9.516452	13.314587	-12.266230	-7.023203	-5.391181	-8.308739	-9.516445	-2.897764	-10.015669	7.345997	6.734413	-9.053900	7.226570	-3.375179	-6.121556	-7.023204	-5.391181	-5.283738	-9.516445	5.136626	-3.864197	7.345919	6.734413	-6.030642	7.226570	5.003995	1.124694	5.951280	6.734409	-2.276559	7.226555	12.500296
6803	7	6.448260	-12.378778	-5.788880	5.038790	-8.759945	8.842467	-4.294311	-10.225010	-5.788854	-4.934852	-8.713564	5.233005	-10.667200	-10.225007	-5.788854	-6.327772	-8.713564	-1.385448	-6.810956	3.502316	6.621439	-10.048393	6.262551	5.233005	5.173657	1.348104	6.246099	-0.065593	6.060977	8.663711	-0.665186	-10.230088	-5.788854	0.055900	-8.713771	-1.294195	-12.115146	3.502316	6.621439	-11.435745	6.262551	-1.385448
6849	7	-1.644129	-11.783431	-0.294486	3.181232	-6.278812	-0.683950	8.497125	-18.373530	-0.294486	7.346719	-6.278812	11.214106	-11.783501	6.633842	8.741170	-12.860653	5.778012	-6.025151	-9.383946	-11.783419	-0.294486	-6.843748	-6.278812	-5.715305	2.499455	-1.433343	6.035665	1.324185	3.586404	10.108178	4.951824	0.387190	8.466564	1.270717	5.503165	10.490923	4.542423	2.242137	7.865778	1.274096	5.731953	10.460700
6904	7	-0.022556	-11.790667	-5.144232	-4.322269	-12.056076	3.893769	6.954349	-17.790665	-5.144232	6.133557	-12.056076	10.917313	-6.134286	-11.564004	-5.144232	-10.481909	-12.056076	-6.355929	-2.224876	-11.575522	-5.144232	-10.313738	-12.056076	0.530794	-7.459921	6.539335	6.612970	-17.093870	5.764275	-6.356007	4.344283	1.150512	6.612965	-5.255447	5.713611	4.883147	-3.929088	6.538249	6.612970	-17.006823	5.764275	0.282691
6912	7	3.387496	-13.854050	-4.952247	3.318639	-10.524942	11.585857	-0.868009	5.795448	6.207213	-5.411988	4.318934	4.531975	-11.435246	-11.095702	-4.952247	-14.078742	-10.524942	-1.159398	-5.008422	-11.095705	-4.952247	-7.105941	-10.524942	4.531199	1.440147	-12.168339	-4.952247	2.715119	-10.524942	8.367431	7.288581	2.955542	6.206715	2.628880	4.318884	11.589927	-7.294441	5.811255	6.207213	-14.810287	4.318934	-1.159398
