151	7	-13.150278	-5.155313	-1.131004	-10.905270	-9.778302	-8.991613	4.916172	-11.552335	-2.871142	5.850501	-10.240289	7.574782	-10.644309	8.875467	7.371157	-16.623430	6.828923	-8.991608	6.344919	3.636765	7.310309	0.127433	6.787858	7.554494	3.758988	-11.498058	-2.869512	5.849192	-10.240034	1.085041	5.169537	3.639687	7.310433	0.126024	6.788006	1.068727	-2.467201	-5.161402	-1.135117	0.081708	-9.779981	4.193271
823	7	3.804068	2.356506	7.861491	5.101964	6.715508	5.152812	-12.188832	-10.168817	-4.437243	-8.747578	-6.049238	-7.401182	7.176067	-15.500110	-4.437243	8.630730	-6.049238	5.454202	-15.176479	5.195508	7.861499	-12.213488	6.715749	-7.409368	-16.845709	-1.396132	7.460046	-11.890831	3.207349	-7.409373	-9.334776	2.530771	1.425397	-8.923048	-2.528875	-7.390012	1.742431	-1.910669	6.884363	5.120382	3.195021	4.506511
878	7	6.050236	-15.069144	-3.252445	8.111415	-5.035446	3.975199	-2.935619	-9.904773	-3.109657	1.800322	-5.035446	-6.256117	-5.245751	5.307333	7.883991	-11.192155	8.868888	-12.553788	-6.119144	-9.904773	-3.109657	-4.629562	-5.035446	-11.117627	3.465874	-5.090936	4.580992	3.014091	6.897724	3.535758	4.216685	1.254738	6.716299	3.936485	6.954253	3.849885	2.555748	-1.775883	5.333436	4.486346	6.393321	3.867830
1333	7	-13.489162	4.489062	5.853720	-12.860033	8.243296	-10.154788	-14.939028	-8.772359	1.294310	-11.273908	-6.879454	-10.169424	-1.523261	4.389609	5.853720	5.535973	8.243295	5.778554	3.502973	-10.384358	1.294310	7.188426	-6.879493	6.942709	-3.159091	-8.805206	1.294310	6.356255	-6.879456	4.677176	4.781961	2.092384	5.842837	5.609931	8.242692	6.974548	2.026275	-3.049685	3.326411	6.808597	3.665897	6.843812
1552	7	4.066544	-14.525835	-4.125594	8.411535	-2.774551	6.810174	-13.081644	-2.627298	5.807546	-12.446206	6.625517	-6.038792	3.123068	-4.084075	4.820391	2.731509	6.496692	6.793675	8.074045	2.038826	7.018411	2.776216	7.891860	6.810508	4.056327	-9.975161	1.178634	8.186613	4.961057	6.810160	-7.309014	3.629725	7.072316	-12.471029	7.894028	-6.038792	-11.328841	-12.957833	-4.087316	-6.816065	-2.755481	-6.038792
1593	7	-11.618890	5.930573	7.914241	-11.279527	6.109076	-8.478483	-13.859020	-9.688824	-4.216222	-6.383591	-10.605922	-8.478385	-7.869021	-9.688824	-4.216222	2.690325	-10.605922	1.562885	2.982517	-11.285284	-4.313112	7.117934	-10.605995	5.594179	3.622293	-1.057770	7.135841	2.383383	4.881415	5.683140	4.609927	-0.268480	7.201974	2.382272	5.036268	5.679885	5.278186	0.888875	7.200214	2.387849	5.034531	5.668609
2200	7	3.716437	-10.480288	-0.422114	3.904882	-5.933111	5.917158	-0.398090	7.463165	7.340933	-9.693025	6.824656	-11.524498	7.866595	5.646619	7.340772	2.989468	6.824656	5.920269	-6.743720	7.574592	7.340935	-14.088567	6.824656	-11.684459	-11.030556	-8.664248	-0.422054	-13.176671	-5.933111	-11.684459	-4.782844	0.911235	1.474612	-13.185744	-0.992703	-11.684459	0.946939	-0.138446	1.179855	-7.573093	-0.994761	-9.312261
2540	7	6.920909	2.689169	6.458760	3.597672	6.201629	7.590090	7.527766	-13.581705	-4.720075	7.790311	-11.667422	7.793233	2.448218	-9.750080	-4.685260	-6.614284	-11.667422	-3.031569	-3.278622	-7.611600	-4.564859	-10.615426	-11.667422	-6.789652	1.811582	7.998165	6.814427	-13.176719	6.204517	-4.929721	3.957303	3.023796	6.526946	-2.428015	6.202891	4.510037	-3.948455	8.685745	6.818415	-14.844027	6.204528	-6.809442
2584	7	3.904506	5.707291	6.815172	4.288650	8.902500	9.168108	3.418887	-11.823261	-5.178930	8.809766	-9.069196	9.109916	0.516962	6.593034	6.816408	-6.793654	8.925346	2.562015	0.255995	-10.958872	-5.178925	-2.576205	-9.057503	2.434067	-3.863760	-10.958841	-5.178925	-8.443014	-9.057502	-6.015334	-3.378221	6.593120	6.816408	-12.971040	8.925348	-5.679991	2.688318	6.198125	6.816035	-1.356469	8.916817	6.253043
2844	7	-12.691984	-10.145110	-3.502594	-8.907950	-10.214472	-8.406303	4.032968	-14.859748	-3.502594	7.955077	-10.219542	6.686657	-12.337700	6.046806	8.291267	-12.427214	6.973427	-8.406305	-1.896868	-10.145116	-3.502594	1.775915	-10.214472	2.993131	3.862366	-0.527541	8.074137	4.604333	6.952805	6.681448	2.518907	-1.329983	7.699059	4.677480	6.877877	6.674252	4.309720	0.826540	8.073084	4.699509	6.966616	6.673117
2857	7	-4.434401	-1.544370	-1.644369	-11.627454	-10.586887	-13.412371	5.872118	-5.527244	-3.252507	6.647897	-10.988590	5.765611	-5.494313	6.169388	6.030572	-18.204764	5.689062	-13.416960	5.593016	3.070459	6.000588	0.043154	5.679355	4.318110	2.912593	-5.523706	-3.252441	5.726250	-10.988589	-0.882098	-0.404393	2.858246	1.669151	-15.379895	-5.738099	-12.911232	0.768906	-3.840575	-3.008532	-11.123485	-10.929492	-8.857686
3086	7	7.791238	2.352680	7.142829	2.866335	4.856673	8.590972	4.550763	-12.894401	-2.789755	8.271733	-12.399164	8.496954	-8.464889	-8.522237	-2.788622	-7.862347	-12.398521	-6.100917	1.395719	4.292365	6.498924	-9.206746	-0.454102	-3.482154	-5.207534	7.286262	7.152859	-13.245148	4.895370	-5.964969	-4.679279	5.080648	6.500112	-12.509956	-0.452045	-5.903209	0.867480	6.849924	7.152850	-11.346160	4.895335	-3.709628
3151	7	-5.481644	-1.486022	2.492943	-10.052070	-9.857290	-12.131846	-9.866621	-6.355450	-0.341596	-10.339878	-9.913656	-12.131846	3.975413	-10.555467	-0.355790	7.469497	-9.913656	5.195547	-6.182836	8.643286	6.600492	-13.797539	5.522832	-12.131846	-6.179375	3.765113	5.642019	-13.636807	-0.407001	-12.131846	1.846516	-1.899328	1.954797	0.468795	-9.906833	-3.624094	8.063825	2.606439	6.587588	4.275641	5.522421	5.198851
3530	7	-11.754332	-4.519175	0.509527	-11.224488	3.351911	-7.549028	-11.559227	-9.402718	-3.200257	-11.091500	-4.626553	-7.548254	-0.892204	-4.519260	0.509527	2.185553	3.351894	5.320092	4.611126	-10.531865	0.504381	5.329998	2.996499	8.035360	4.856637	-15.179673	-3.200257	5.506406	-4.641043	8.067862	-12.620178	1.363388	5.572153	-13.209040	7.634835	-7.551446	-0.596454	-9.402976	-3.200257	2.564968	-4.626556	5.546455
4148	7	-6.327309	-9.120494	-5.408793	5.028139	-5.728045	-0.233928	-8.835567	6.757865	4.712955	2.029168	7.034761	-5.726313	-10.450133	-9.120494	-5.408793	-2.166069	-5.728045	-8.016515	-12.545656	6.757865	4.712955	-4.087307	7.034761	-12.283054	4.183339	-15.309394	-5.408803	6.983121	-5.728064	6.254075	-8.159084	6.757865	4.712955	3.144703	7.034761	-0.233928	-6.859928	-9.120494	-5.408793	3.949587	-5.728045	-5.726310
4173	7	-8.320225	6.707585	4.797288	-8.176760	6.686493	1.473572	6.339165	-12.433717	-5.434009	9.102509	-11.197747	7.002956	-1.820710	-8.738354	-5.424523	3.076854	-11.035382	2.285138	5.734207	3.424195	4.797059	5.282167	6.584996	7.000710	-12.049385	6.708348	4.797288	-11.827683	6.686499	-5.126192	-3.335861	-8.691475	-5.423885	-4.332180	-11.029910	1.474693	-10.425137	-8.665779	-5.423517	-8.015986	-11.026843	-5.126187
5542	7	-14.291295	6.626163	7.008133	-11.363003	6.685103	-5.479972	-12.718136	-10.875977	-4.865417	-8.527011	-2.609225	-5.479971	4.621533	-16.379864	-4.873769	8.545794	-2.610817	5.243970	2.205386	0.505177	7.006195	5.000141	6.174036	5.243913	2.506209	0.766872	7.006609	5.049470	6.216522	5.243926	2.403916	0.675615	7.006462	5.029125	6.200416	5.243922	2.743470	0.990706	7.007020	5.077148	6.268017	5.243930
6023	7	-8.537798	-8.796122	-3.966237	-9.452798	-6.877299	0.115756	6.582115	-14.605730	-3.966237	6.287124	-6.877299	7.432997	-6.128983	-2.779558	1.970551	-9.448227	3.853453	0.291032	-6.129407	-2.779558	1.970551	-9.460171	3.853453	-5.001513	-6.833661	6.098412	6.201796	-15.723763	6.947215	0.211869	-6.833974	6.098412	6.201796	-15.733364	6.947215	-5.071437	-8.538020	-8.796122	-3.966237	-9.460160	-6.877299	-5.153083
