90	7	-5.760048	-5.975120	-1.584489	1.303362	-7.341957	-1.343758	-14.094049	10.706457	6.933804	-10.709958	7.015540	-6.943174	3.958349	4.671074	6.846834	3.423484	7.015498	9.665885	-11.400947	-5.975120	-1.584489	-6.308063	-7.341957	-6.476244	5.318204	-12.174230	-2.403130	7.822912	-10.565961	9.671873	-1.777616	10.706457	6.933804	2.647308	7.015540	5.031402	1.945804	10.213502	6.933238	-2.899825	7.015539	6.043676
143	7	3.339380	-9.259576	-4.718610	5.750311	-8.466069	-0.115305	-8.364119	10.905344	7.539552	-11.673700	9.640373	-10.975439	2.170625	8.411586	7.539552	2.499127	9.640372	5.092252	-2.833043	1.468706	1.085964	-7.481430	-2.987261	-9.948093	1.832426	-0.321723	0.852243	-4.983594	-3.162304	-6.743090	3.783955	-9.531935	-4.718610	7.104497	-8.466769	5.800139	-6.759370	-3.076783	-4.713964	-7.092105	-5.498366	-10.908090
227	7	4.546483	6.057738	8.002031	2.293498	6.408105	6.841810	9.209587	-0.201261	2.063365	8.143620	-2.931659	6.868662	-6.419089	3.813468	2.183853	-9.748956	-0.835325	-6.491019	2.731847	8.170798	8.002031	2.284784	6.408105	0.331892	-11.544625	9.879963	8.002031	-15.644926	6.408105	-6.491033	8.011160	-10.767160	-2.561087	8.144787	-4.744557	6.868662	-8.232724	-6.765132	-2.561080	-9.746760	-4.744557	-6.491019
262	7	-14.047657	11.310207	8.449618	-12.325315	7.946132	-8.197106	3.201965	8.356939	8.449618	1.141325	7.946132	8.110739	-16.734802	-5.459048	-3.624220	-5.923765	-7.504736	-8.168637	-9.454908	-5.459048	-3.624220	2.779813	-7.504736	2.018127	2.831849	8.413114	8.449618	-1.473812	7.946132	5.371932	-16.759705	-4.817569	1.222993	-5.923944	-1.459589	-8.168644	-9.479818	-4.817569	1.222993	2.779114	-1.459589	2.018094
564	7	-10.904235	12.558114	6.913692	-12.970016	6.560925	-8.636267	-9.387618	-3.450031	-4.500013	-6.441986	-7.979419	-7.369616	-4.285216	6.300241	0.505730	-6.441987	-2.198055	-6.399606	5.339033	-7.869470	-4.647984	8.727180	-8.062395	7.651206	4.280114	8.969046	6.913677	2.198280	6.560925	7.455131	0.345954	-4.330761	-4.602875	3.851071	-8.054956	7.101603	-4.736932	-3.484709	-4.506624	-0.960167	-7.986817	3.522474
729	7	-12.109911	12.327634	7.354486	-15.206374	5.708652	-6.609651	-12.094448	7.553963	2.085583	-10.981664	-5.111142	-6.609651	4.213723	4.004700	1.998149	4.429907	-5.335159	5.891792	2.022601	-5.187558	-5.057916	-7.883099	-10.889109	-0.028945	3.807584	-7.420293	-5.066622	-2.244085	-11.660818	3.598068	-7.408691	-4.503158	-5.041915	-10.952710	-10.496073	-6.609554	5.277971	-9.540346	-5.068241	4.582383	-11.893920	5.891793
753	7	4.156833	10.992433	6.138162	3.463591	6.621861	3.831565	4.986574	-6.912055	-5.121354	8.547975	-9.387526	3.838151	-1.058998	-4.499885	-5.117913	6.908094	-9.294938	2.981603	-1.038660	1.743587	0.243434	-0.655265	-1.598323	-3.718819	-6.089004	-4.483818	-5.117796	-0.655028	-9.292843	-3.718044	-9.100901	13.276125	6.138162	-10.200376	6.621861	-5.985945	-2.143364	13.274744	6.138162	1.651870	6.621861	2.977994
839	7	-11.906454	-6.274301	-4.117594	-7.054581	-10.353248	-10.346697	-10.243278	12.296950	7.924498	-10.990106	6.860386	-10.346697	5.843790	5.246022	1.701700	-2.725532	-4.318296	-5.723345	-6.570873	6.716468	1.746837	-7.387212	-4.282248	-10.346697	6.207933	10.935547	7.923634	4.311315	6.860364	6.935530	9.887330	5.246008	1.701699	7.923026	-4.318297	6.935541	4.542645	-7.634918	-4.506294	8.246904	-10.359944	6.935538
913	7	-10.430322	12.356265	6.568169	-14.553404	7.488020	-8.826067	10.210935	3.552130	2.590006	6.523990	-2.972731	7.347659	5.113846	7.158082	6.559605	0.312693	7.471491	7.229056	-6.386038	8.885880	2.691149	-8.310959	-2.636084	-8.826067	4.548815	-7.413393	-3.029970	6.644189	-8.774622	7.345707	-3.002983	-2.070964	0.520015	3.989100	-6.078803	1.654329	-11.646452	-2.070885	0.520074	-8.073574	-6.078743	-8.826067
1065	7	-7.508228	11.963812	8.275825	-13.020431	5.831095	-11.835312	5.412158	-9.771826	-3.108302	6.708698	-10.267721	5.185213	3.856062	3.303192	3.131988	-1.398056	-2.697349	-6.337086	-11.370433	-3.242024	-3.108231	-8.144739	-9.753985	-11.835372	-0.608739	8.997562	3.132295	-8.404968	-2.685222	-11.165566	11.806342	3.302497	3.131987	6.474345	-2.697361	5.213920	9.179051	5.435888	8.275825	1.480761	5.830557	5.190088
1087	7	1.406492	10.489048	8.507259	-10.153511	5.933014	-3.491907	8.535640	6.431737	8.507259	0.409139	5.912505	6.310213	-8.937397	-6.614630	-2.843962	-9.155358	-10.164213	-8.047051	4.862277	-9.330216	-2.844013	7.010013	-10.519299	8.651912	-4.865034	11.145234	8.507259	-15.672927	5.933496	-6.431195	0.342112	-6.975163	-2.843994	-3.351814	-10.248330	-3.664497	-4.911814	1.983152	3.348188	-11.721774	-4.524553	-6.461919
1327	7	-11.796150	11.638205	6.060936	-7.659292	6.082685	-7.105811	3.900887	-4.549512	-6.403960	7.444621	-7.999501	7.760339	5.851953	8.396441	6.060936	5.983603	6.082685	7.775926	-13.527251	-1.931222	-6.298615	-6.197090	-7.935166	-7.105811	-6.362786	-1.931222	-6.298615	1.579497	-7.935166	1.272481	-8.910186	2.470901	0.522445	-6.197092	-2.838975	-7.105811	-1.728294	2.470750	0.522444	1.595795	-2.838975	1.279241
1412	7	-9.022966	12.574782	6.759337	-18.832669	4.418372	-10.706136	3.209562	-2.680430	-4.242484	5.711706	-7.541761	6.104859	1.670433	-3.144938	-4.381346	5.641997	-8.145594	6.168155	1.546791	-3.112840	-4.385563	5.542831	-8.183786	6.102154	2.678443	-2.964579	-4.311803	5.865195	-7.742111	6.293631	2.222893	-3.123285	-4.351683	5.870943	-7.933420	6.329341	1.202861	-2.933092	-4.392495	5.176728	-8.257123	5.876953
1719	7	-8.049236	4.362581	1.718097	-12.264393	-7.143127	-9.118969	-10.326721	4.424405	5.761701	-13.826739	-0.964882	-9.118969	-13.041358	9.416861	7.798546	-15.383608	5.483912	-9.118969	8.185819	-11.545506	-4.228123	5.403779	-12.130493	7.964997	-10.480671	-5.917101	-4.220549	-12.067135	-12.109641	-9.118969	1.478837	3.545586	5.732525	-4.893358	-0.969267	2.084955	5.607166	4.026086	7.781727	2.098012	5.480882	7.889058
1951	7	-12.920349	13.704212	7.469169	-10.809460	7.092341	-11.864248	9.387393	1.102649	0.950934	1.260087	-2.601428	-0.751198	9.751013	1.102644	0.950934	6.005684	-2.601430	5.802571	-7.058762	6.920886	0.951183	-9.203523	-2.501893	-11.630553	8.975833	-2.120100	-0.155134	1.260087	-8.348012	-0.751198	9.339873	-2.120107	-0.155148	6.005684	-8.348013	5.802571	3.908841	7.945822	7.469169	4.385413	7.092341	5.781820
1953	7	2.657705	-10.723962	-6.936793	5.719449	-9.090081	7.729274	-5.296369	10.692150	3.983279	-10.371645	8.168648	-6.466187	7.552175	5.888201	3.983279	2.157225	8.168646	7.949239	5.316582	5.943186	3.983279	-3.674565	8.168646	7.926519	-9.630627	-7.259276	-6.936793	-9.400813	-9.089994	-6.466178	-2.862717	-7.270178	-6.936793	5.181269	-9.089995	3.518054	-5.108258	-7.259761	-6.936793	-3.225905	-9.089994	3.511759
1965	7	-4.876071	9.696231	4.413824	-10.026142	-0.936770	-4.781018	6.164446	3.428250	4.393122	-2.997681	-0.971754	3.844599	5.436530	-8.910764	-1.041380	-0.940470	-11.733876	3.867732	9.195150	3.428236	4.393121	3.076839	-0.971755	9.628191	-7.961273	14.062417	6.503785	-11.301862	5.390302	-5.565784	5.504192	-8.910834	-1.041380	5.104796	-11.733876	9.596110	6.240986	7.797109	6.503753	1.751287	5.390219	9.564864
1987	7	-12.691480	-6.525846	-3.208019	-4.839886	-7.839442	-9.690810	3.180980	-8.911143	-3.208021	6.283021	-7.839442	6.409212	-12.943665	9.037135	6.003077	-8.237815	7.257260	-9.690823	-6.791487	2.110085	2.066487	-4.827432	-3.004879	-9.690810	-9.518192	-6.525846	-3.208019	0.436549	-7.839442	-3.519637	4.167984	4.538981	6.003077	3.132688	7.257260	6.581776	0.870568	2.107644	2.066486	-3.206622	-3.004884	-9.546940
2028	7	-4.646339	1.443668	0.343235	-5.200574	-6.327983	-4.788102	5.248257	-10.927595	-3.964002	9.398586	-12.470483	6.872302	-4.639167	-4.744962	-3.964002	1.592362	-12.365807	-1.266484	-10.540400	11.083918	6.491186	-10.147270	6.269732	-5.179097	-9.145513	-4.744961	-3.964002	-5.208267	-12.365807	-5.163508	-10.540392	6.937676	6.056714	-9.822319	0.408087	-5.179097	3.597800	4.912195	6.491186	4.361263	6.267287	6.541346
2175	7	-12.845301	-3.855662	-3.375926	-3.105401	-10.629494	-8.562345	-14.327689	12.776824	5.962719	-8.508679	6.361324	-10.834250	-9.762465	7.978694	2.554880	-3.281929	-4.815421	-8.694412	5.307548	-8.948981	-3.375945	9.020397	-10.629503	7.600913	-6.904398	-3.855662	-3.375926	1.185998	-10.629494	-5.782761	8.612699	2.873444	2.554384	8.853879	-4.815768	7.600455	4.279611	7.770271	5.962719	3.609879	6.361324	7.444902
2250	7	6.744997	4.993331	4.178495	0.245819	7.246475	8.400343	-7.138980	11.507493	4.178502	-15.519753	7.248186	-1.895711	4.413339	-10.047028	-7.934575	6.270318	-10.332106	9.144350	4.434561	4.995529	4.178495	-3.289917	7.246481	6.408791	-3.305698	-3.508314	-7.934546	-2.821122	-9.970034	4.737260	-4.335408	6.141416	-1.399113	-9.401377	-2.838129	-1.853978	-10.461699	-3.508314	-7.934546	-9.407795	-9.970034	-1.856490
2333	7	4.851726	8.077962	6.828425	3.626554	6.772880	6.522454	5.533707	-10.337398	-2.104584	7.725224	-10.860660	6.522543	-9.722910	6.604741	6.258939	-11.302577	0.243103	-7.319298	-5.034046	4.243034	0.531249	-7.585272	-5.196137	-7.319296	-9.783720	11.690303	6.828425	-11.316557	6.772880	-7.319298	4.918539	2.989412	6.258500	3.640554	0.242438	6.522461	-9.150782	-6.610421	-2.104584	-7.217911	-10.860659	-7.319298
2345	7	-3.839692	10.552707	5.072501	-0.045250	7.160083	4.106128	-15.683222	10.552707	5.072501	-12.818315	7.160083	-6.902806	-14.678279	-3.000036	-5.954268	-6.546147	-8.795581	-6.902806	-9.663362	4.530413	0.493835	-12.476288	-2.238786	-6.902803	4.005903	-6.330954	-5.956876	9.136148	-8.795944	8.170430	3.548533	7.309658	5.072501	2.816326	7.160083	8.117905	-2.310116	-3.000048	-5.954268	6.283111	-8.795581	4.482442
2364	7	5.405326	-7.451551	-6.594514	7.618499	-13.380905	7.569469	-1.278521	-4.510800	-4.895766	2.095792	-13.375481	-3.062542	-5.215972	-1.791965	-2.737460	-8.222487	-12.336247	-7.383394	-4.889988	3.758511	-0.735460	-8.443708	-7.039992	-7.383393	3.387395	4.710523	4.175454	-2.642496	4.569976	3.278701	-6.930084	10.328051	4.227698	-13.152417	4.762482	-7.383394	9.547250	4.693101	4.174818	2.691715	4.567464	7.569478
2404	7	-6.996664	12.046446	5.764691	-1.219789	6.659933	-2.238982	-5.836393	12.046438	5.764691	0.644278	6.659933	-2.238970	-5.394047	-0.227189	-1.751048	2.931475	-4.634424	-2.238970	3.458414	10.191805	5.763721	2.819583	6.659933	0.833175	3.172480	-1.886461	-2.563445	5.076055	-4.658160	5.194902	3.172328	-1.886211	-2.563323	5.076052	-4.658146	0.831992	3.458563	10.191603	5.763721	2.819584	6.659933	5.196031
2431	7	-11.891252	-9.080478	-0.719339	-4.618584	-4.893903	-5.192807	-10.680544	7.427837	6.799187	-14.963269	5.143484	-5.181867	5.077995	3.420826	6.783700	1.814665	5.143484	7.229169	-1.361248	-9.080503	-0.719348	5.444470	-4.893911	4.982664	-2.214969	-7.315477	2.026360	4.344495	1.291088	4.362735	3.563484	-11.380799	0.640544	6.953644	1.280278	7.106380	3.933046	-13.065645	-1.324368	6.954907	-5.828899	7.148343
2452	7	7.800372	7.282424	6.592339	2.253406	8.428038	6.709203	-7.752719	12.389275	6.603383	-16.886915	8.428191	-6.449168	6.594474	-9.460312	-4.628537	7.110882	-10.390778	6.711297	-4.937074	4.006776	0.931999	-12.613126	-4.492978	-6.449142	-8.956500	-4.250829	-3.601747	-12.032011	-10.390778	-6.449168	4.499074	7.282424	6.592339	-4.081989	8.428038	5.711019	4.350142	-9.460312	-4.628537	1.731821	-10.390778	0.988174
2471	7	3.245122	5.606440	7.155148	-0.791188	7.783566	5.110138	-12.527564	-6.206294	-2.918536	-8.325983	-5.924039	-9.286224	-9.936148	7.048418	7.155550	-12.850244	7.783566	-9.286225	3.563995	-5.567033	1.999141	1.816825	4.810487	8.706613	6.134858	3.571923	7.147841	1.803738	7.783535	8.717547	-13.026289	-3.913825	2.230021	-12.842048	4.906121	-9.286225	3.982834	-8.128256	-2.929542	6.350720	-5.924039	8.798521
2818	7	-8.963277	8.720657	8.433239	-12.089471	5.750145	-9.466552	-6.232522	-5.998981	-2.988781	-7.993812	-9.616209	-9.466449	7.736886	-11.483407	-2.990940	7.091585	-10.348856	6.459764	7.080394	3.240238	8.433228	3.026165	5.610123	6.459763	6.463566	-3.122176	7.252162	3.613017	-1.431400	6.459759	-4.624542	-2.172747	2.664227	-8.565760	-7.032733	-9.463630	6.497420	-3.000186	8.177445	3.120301	2.774950	6.459759
2831	7	-8.385075	1.728999	-2.661336	-11.239978	-0.467575	-10.335588	9.851058	5.459208	2.163031	7.289058	4.447902	5.099552	9.998923	-0.341977	-3.151492	7.289194	-0.467591	5.099552	-8.782471	7.521235	2.163031	-11.240114	4.447902	-10.335588	4.010375	-7.369349	-9.101854	7.288482	-5.767112	5.095592	-14.879723	-5.334390	-9.100705	-11.239978	-2.795655	-10.335588	4.436679	-3.926131	-3.694753	7.289031	4.069646	5.098647
2914	7	5.283495	-11.347653	-5.750608	6.821376	-13.039636	1.638347	-3.652232	6.600526	3.401673	-13.600374	-1.607709	-8.591151	-7.407743	-5.553534	-5.738618	-1.922662	-10.697518	-2.647081	7.039663	-11.347677	-5.750608	7.365088	-13.039636	6.168838	7.911409	5.743874	6.084842	2.303930	2.506479	6.193537	0.425479	-5.765242	-5.741561	1.429128	-11.015319	4.125186	-7.215798	11.537992	6.084856	-13.791333	2.506516	-8.931628
3140	7	-11.147654	9.089853	2.761243	-7.281113	-1.346661	-12.901389	4.759168	4.366177	2.761243	6.225235	-1.346662	6.326591	-14.636315	12.413264	6.137833	-13.127997	6.089528	-12.901389	-14.686755	-3.060654	-3.320257	-7.283341	-10.975948	-12.901389	1.165073	-3.562833	-3.320267	5.262783	-10.975979	5.403041	3.090774	0.281859	-0.475443	5.969571	-5.711818	6.326157	-0.906696	-3.094837	-3.320259	2.637093	-10.975953	-0.177677
3205	7	4.308345	6.858157	5.515264	1.690594	8.833913	9.458416	-3.081636	-6.437825	-0.915362	4.588223	-9.107212	3.729400	-8.408932	10.416317	5.515264	-10.243851	8.833913	2.446747	-9.360268	-6.437142	-0.915361	-5.776554	-9.107208	2.447007	-14.149005	-6.437142	-0.915361	-11.747077	-9.107208	-3.130351	3.204556	-8.342034	-0.915867	6.526165	-9.109337	9.459033	-13.080248	10.416317	5.515264	-16.515403	8.833913	-3.130351
3292	7	-8.145172	7.138417	6.000896	-9.904312	0.269829	-9.347333	5.611989	5.239839	6.000896	8.039727	0.269829	6.338815	5.610689	8.895108	8.172130	8.039576	4.656765	6.338815	-8.146509	10.792382	8.172130	-9.904345	4.656765	-9.347333	2.650212	-6.110957	-0.469880	7.224346	-10.749573	5.685298	-2.987265	-4.212231	-0.469854	3.189775	-10.601970	3.615323	-11.069528	-4.212167	-0.469854	-9.875519	-10.601945	-9.347333
3349	7	2.008876	5.825977	4.528851	-4.511923	-1.346439	-8.345217	5.684677	-7.036869	0.825749	2.851823	-10.350292	-4.300023	-5.193990	7.948662	4.528851	-10.231880	-1.346438	-12.762222	-2.436584	-4.261775	0.825749	-9.164335	-10.349535	-11.136235	-8.721727	9.931452	8.397842	-14.544856	4.955963	-13.402934	4.644803	5.246285	4.528851	1.816263	-1.346439	-4.360881	3.734581	-7.030349	0.825749	-3.471176	-10.350292	-7.821908
3402	7	-7.723473	10.844450	6.741477	-9.570245	3.223417	-12.147746	4.965198	-6.915324	-4.612749	8.310784	-13.296453	6.591011	-4.101235	-0.952061	-4.182196	2.044577	-11.643361	-5.624233	5.206793	5.592300	6.741477	2.181378	3.223345	0.307461	6.776791	5.430919	6.741477	3.065592	3.223316	6.625756	-0.589080	6.035705	1.690623	-4.315614	-6.541076	-11.287098	-5.413178	-0.952059	-4.182193	-4.311259	-11.643356	-12.146315
3420	7	3.475506	-7.155342	-5.063721	7.196504	-9.097819	-0.800046	6.655360	7.372277	6.066192	2.344095	7.982400	-0.636219	7.321059	7.371761	6.066192	3.421617	7.982400	5.666857	-7.795897	3.459674	0.282330	-6.671566	-3.830845	-9.386415	4.386912	-7.204194	-5.063722	8.621049	-9.097819	5.579664	1.854141	7.913530	6.066193	-4.457117	7.982400	3.374828	-10.077515	12.745733	6.066193	-11.845182	7.982400	-12.430005
3445	7	8.032199	5.110319	6.658265	3.313211	7.526397	8.654488	-4.439681	10.654952	6.658267	-7.923388	7.526456	4.015102	-9.315811	10.654952	6.658267	-12.631098	7.526456	-1.085996	-1.805659	-3.540511	-0.875188	2.001208	-6.081043	6.403054	-8.449256	-3.539921	-0.875188	-6.371274	-6.081039	3.890075	4.039911	-9.085157	-0.875659	5.198029	-6.084235	8.451480	-13.312429	-3.539921	-0.875188	-10.506934	-6.081039	-1.090195
3492	7	-15.942040	10.865746	7.764024	-12.482289	6.460611	-8.725051	-11.126164	3.472837	2.505178	-6.308391	-2.895630	-8.703607	2.810253	-8.327165	-4.027674	5.088419	-9.819053	8.094158	-15.751772	5.307391	7.526516	-12.482270	0.761300	-8.725051	-14.382632	-5.721104	-4.026115	-6.181894	-9.800983	-8.699533	-2.126902	-5.721403	-4.026116	-0.855260	-9.800991	4.103549	-2.122390	-5.721406	-4.026116	1.645855	-9.800991	5.493959
3519	7	3.778633	-9.820693	-8.404591	-0.479038	-8.403018	0.054294	6.420617	-10.208341	-8.404591	1.504794	-8.403020	5.621005	-7.023846	-4.359250	-8.404579	-13.346270	-8.393017	-5.511404	10.589956	2.449021	3.644022	0.938508	4.717898	5.576184	-2.791239	8.290654	3.644582	-13.654105	4.917874	-5.511365	-3.673431	0.263901	-3.399204	-13.307952	-6.205800	-5.511400	7.816754	2.449124	3.644022	-1.267444	4.717925	-0.055005
3579	7	-9.173478	-8.342998	-6.381797	1.060951	-6.737329	-2.351854	-15.747204	-1.760582	-5.642462	-4.832970	-6.736069	-6.639251	-9.852215	1.595858	0.284779	-4.839485	0.601850	-6.639253	-15.293940	9.980804	5.377000	-7.565686	6.539745	-6.639341	3.736735	-13.056958	-6.381798	6.361242	-6.737329	6.850309	-3.246026	1.595858	0.284779	1.143491	0.601850	-2.351787	4.235819	4.913146	5.376844	3.681483	6.539741	6.858245
3594	7	-7.815120	7.291320	-1.118822	-11.376470	1.120281	-9.081043	-7.790393	6.335317	-1.554453	-11.369672	-5.120653	-9.081043	-9.946735	11.200709	4.675889	-12.356335	6.545483	-9.081043	8.289368	4.115149	-1.124863	6.863001	1.117212	6.964350	6.141674	8.103529	4.675881	5.870071	6.545464	6.964350	8.301119	3.161802	-1.562221	6.869817	-5.131738	6.964350	5.950405	-1.684069	-3.601811	6.884489	-7.594824	6.964350
3737	7	0.909239	11.067985	3.853396	6.023931	6.722413	3.925777	-13.937606	-7.472846	-4.938945	-6.560686	-1.077860	-7.530560	-11.597505	11.103298	3.853397	2.704711	6.722423	-1.431573	-16.531845	11.103298	3.853397	-6.673410	6.722423	-7.530560	3.516735	-10.109801	-4.950127	6.698026	-1.093151	6.926580	3.533575	-3.760453	-2.879290	6.698150	4.160133	6.934222	-9.002687	-7.472846	-4.938945	2.820523	-1.077860	-1.429147
3850	7	-7.250436	11.522210	6.431534	1.703892	6.994418	-0.071530	3.804452	-8.148306	-3.547863	6.896567	-8.397966	7.360780	-1.696897	11.522209	6.431534	1.706283	6.994418	4.122436	-12.543354	11.522210	6.431534	-7.581752	6.994418	-7.433360	-7.220106	-4.479645	-3.532521	5.894640	-8.394353	-0.040792	3.953207	7.822900	6.431534	2.724278	6.994418	7.361312	-1.666260	-4.479647	-3.532521	5.896747	-8.394353	4.202642
3961	7	10.772505	1.656938	3.856555	5.011405	-1.492004	7.296656	-6.558474	7.479929	3.899963	-9.495216	-1.082931	-4.374820	-8.807697	11.439224	7.260691	-15.005602	5.098442	-4.374823	5.592078	6.098127	7.260689	-0.573189	5.098408	6.475735	6.614461	-8.315418	-0.457615	5.243992	-9.499677	7.296982	2.935808	9.240711	7.260691	-7.049657	5.098442	6.070358	-10.700709	-2.443737	-0.429418	-9.242530	-9.407646	-4.374820
3982	7	-11.098702	-1.691283	-4.493349	-8.445800	-7.240543	-10.710768	0.653412	11.359684	6.474992	1.878194	5.587579	-5.099755	4.582763	-7.142716	-6.056700	8.481326	-10.028908	6.412260	-5.306824	3.850417	0.196386	-8.427303	-3.003807	-10.710768	1.572731	3.798957	0.196327	-2.283547	-3.003850	-7.794849	-8.608533	11.360830	6.474992	-10.805201	5.587579	-10.710768	7.120843	5.906388	6.474985	6.120690	5.587577	6.412703
3992	7	5.912377	6.053522	6.089900	1.157675	0.592386	6.573616	-9.243060	11.211331	6.200975	-17.417700	6.278457	-9.840741	4.716414	-3.929996	-4.674699	7.027025	-7.256022	6.574058	-9.166434	6.364299	6.089912	-17.397312	0.592388	-9.840741	5.828067	10.900986	6.200975	1.137094	6.278457	6.573597	-11.023648	-3.630831	-4.670027	-11.530104	-7.255003	-9.840739	-0.010828	-3.638500	-4.670186	7.001742	-7.255041	4.570488
4091	7	2.194133	-12.423619	-4.543300	6.878792	-11.138598	8.582044	-3.758857	-8.076651	-4.541167	1.429632	-11.138598	5.732981	-9.267259	-8.076651	-4.541167	-7.411465	-11.138598	-4.113471	-6.395884	11.473929	5.859329	-7.423997	6.844743	0.556453	-8.542884	11.473929	5.859329	-10.591397	6.844743	-4.113471	-7.121842	-8.076651	-4.541167	-4.244600	-11.138598	0.556450	3.188312	5.541128	5.858794	3.904102	6.844743	8.610041
4129	7	-12.351897	-5.485611	-1.818975	-10.729960	-9.089746	-12.805937	-7.741693	6.074443	3.127414	-10.882212	-0.896301	-12.822071	-11.719126	12.577250	8.621282	-13.791676	6.753274	-12.954496	3.359317	2.842832	2.837580	1.027201	-1.885695	-0.409129	9.018348	2.470589	2.754834	5.750153	-2.123472	6.253792	4.255315	-8.881672	-2.401230	5.843465	-9.089748	6.254251	4.862500	9.142931	8.617073	2.780744	6.753274	6.183637
4136	7	-11.706050	-3.688984	-2.225070	-4.493277	-7.383616	-8.245105	-12.239093	10.860062	6.023437	-7.591835	5.426168	-10.194002	3.314461	-9.230050	-2.232050	6.225807	-7.395581	8.104680	-8.259512	1.291682	-0.587843	-4.494881	-2.043447	-8.246364	-5.968991	-3.688984	-2.225070	1.586968	-7.383616	-4.937508	-2.522534	1.291675	-0.587843	1.584504	-2.043451	-4.937889	4.919625	5.298646	6.023437	3.141351	5.426107	8.175700
4244	7	-7.625677	12.374996	6.952637	-8.628880	7.299385	-13.313619	-5.317808	10.964210	2.937328	-4.141841	0.893716	-10.735485	-10.100843	-4.833237	-2.631047	-4.458999	-8.744279	-12.202945	7.963338	7.756798	6.952637	3.496705	7.299385	4.587294	10.254262	6.346032	2.937310	7.792846	0.893707	4.836763	3.620375	6.346032	2.937310	4.506133	0.893707	-0.597993	5.483329	-9.451455	-2.631495	7.647021	-8.744301	4.783355
4276	7	-2.441634	5.089000	-1.312109	-9.363758	-7.831169	-10.780782	2.739849	-1.021436	-2.851053	0.401810	-9.940621	-2.953396	3.378224	-0.664263	-2.643512	0.392874	-9.465863	-2.630379	2.965934	-0.932501	-2.782760	0.417906	-9.787478	-2.763414	-4.827727	14.201352	4.754132	-11.607387	4.153657	-10.780832	2.308104	-0.934221	-2.929234	0.332115	-10.107836	-3.606323	3.195527	-0.289751	-2.627012	0.255911	-9.366038	-3.328624
4351	7	-10.355389	12.184735	5.947490	-12.017407	6.513253	-12.330317	-12.710768	-2.876588	-0.427761	-7.940528	-11.621761	-12.330317	-7.259233	1.474663	-0.124472	-8.022211	-6.140697	-12.330317	3.971294	-5.482873	-2.563951	6.170596	-12.727888	4.238266	3.015464	0.173488	-0.127818	3.287784	-6.143653	-1.679505	-1.850121	1.472141	-0.124474	2.397213	-6.140697	-7.226333	6.351676	6.918978	5.947490	1.669847	6.513253	4.240182
4623	7	-15.787226	-5.213869	-4.968058	-7.877963	-9.382704	-7.367601	0.536457	-5.707301	-5.066018	5.728385	-10.043890	4.550959	2.187898	5.567538	6.999307	3.611093	-0.358796	6.890268	-14.143109	6.655404	6.999308	-10.622156	-0.358793	-8.228809	-6.291509	-5.219263	-4.969392	1.290450	-9.390195	3.424861	1.766341	10.480901	7.789508	2.876775	6.123024	6.432698	-14.559299	11.377210	7.789508	-11.269576	6.123024	-8.306433
4742	7	3.463352	-10.432287	-5.635053	8.374348	-14.396891	6.610408	-11.972658	-8.875631	-5.635053	-10.080863	-14.396657	-8.355682	-1.822353	-8.951153	-5.635053	2.221795	-14.396684	-1.118188	-0.946547	-9.011145	-5.635053	8.214673	-14.396703	4.860960	-11.258414	9.134382	5.921654	-12.920120	4.438535	-8.534397	4.262939	7.064548	5.921653	5.535104	4.438383	6.717126	-0.162430	8.908962	5.921654	5.478969	4.438531	5.229159
4815	7	7.398583	5.902792	5.909207	2.571901	7.036165	4.511233	-9.490152	11.629281	5.909207	-9.526968	7.036165	-11.333367	1.313120	10.933379	5.909207	1.349428	7.036165	-4.341757	2.676168	-1.340035	0.264124	7.868109	6.574201	-2.382162	3.095615	-8.751520	-2.047857	9.073173	-9.141771	4.096997	3.021413	-2.169394	0.261140	7.868107	6.738173	-1.885092	2.759662	-1.391526	0.266246	7.868108	6.612508	-2.336754
4913	7	3.736727	7.236316	5.339362	-4.934648	9.323292	1.945815	4.249611	-9.972671	-5.289508	7.146973	-4.448770	7.619786	-7.558847	10.855522	5.341365	-14.392068	9.323797	-6.072680	6.382765	7.235887	5.339362	1.619561	9.323292	7.456493	-9.687046	-6.321093	-4.543757	-8.881339	-4.448770	-6.081401	0.786791	9.759108	5.341163	-9.687530	9.323746	1.509102	-3.881044	10.855522	5.341365	-11.817954	9.323797	0.431024
4975	7	3.177383	5.610926	3.980574	8.329157	5.363904	6.834688	5.352700	-10.580417	-7.666516	8.517189	-9.765966	6.835415	-10.986496	11.189731	3.995659	-2.725123	5.374389	-8.429810	-7.045408	11.189731	3.995659	2.614900	5.374389	-3.364434	-1.661906	11.188048	3.995658	6.269586	5.374389	2.981466	-4.568716	1.037709	-1.965290	-2.459658	-3.465292	-8.104322	-1.405045	1.032996	-1.966806	2.818402	-3.473418	-3.347933
5093	7	-3.153363	11.566853	6.449720	-15.758748	8.504002	-6.033398	8.411579	-4.339598	0.993884	6.858791	6.461897	6.607995	7.727257	6.797231	6.449720	2.244515	8.504002	6.604898	4.642814	-10.073396	-4.593973	0.357076	-5.562849	-1.956093	7.676605	-10.095736	-4.593973	6.858465	-5.562899	6.607995	5.459036	-4.335454	0.993885	0.380049	6.466392	-1.865635	-2.792346	-5.325992	-4.590636	-11.119049	-1.821852	-6.033398
5149	7	11.429010	1.876451	-0.002075	8.041917	-0.943342	7.815369	-12.163989	12.630667	6.601358	-14.530175	4.198601	-10.738224	-6.026661	8.315375	0.057085	-10.233421	-0.705644	-10.736676	5.757246	1.882113	-0.001424	-3.872695	-0.940761	-4.538859	6.402092	-6.679212	-5.193108	8.515189	-5.536355	7.812210	2.590923	-2.083676	-4.860986	-4.602068	-5.488865	-5.052412	5.290545	6.381418	6.601353	3.686728	4.198582	7.800666
5289	7	-5.802248	-0.618226	-6.042226	-5.133330	-7.058615	-10.028160	7.002247	6.402740	5.256027	4.966895	5.969391	6.547446	7.259931	-10.842978	-6.296220	6.538919	-9.861859	6.547446	9.527534	0.252040	1.272624	4.230300	4.488331	0.681780	6.036551	-10.799856	-6.296220	4.217228	-9.861859	0.681780	-9.228898	11.580964	5.256028	-7.471480	5.969397	-10.028160	5.776517	6.468694	5.256027	2.642528	5.969392	0.681096
5387	7	-15.999665	10.824237	6.094102	-9.536013	5.984868	-9.507557	-9.861878	1.846535	1.604529	-9.520258	-1.334728	-9.507557	-9.860866	9.430933	2.327334	-9.522167	1.135638	-9.507557	-16.087153	-5.199104	-2.506015	-9.518901	-7.200257	-9.507557	2.178379	-6.287539	-2.506018	7.166653	-7.206298	6.863389	2.273354	9.644933	6.094102	7.180464	5.984868	6.890651	8.427732	5.943184	2.327329	7.346960	1.135635	6.985428
5391	7	-7.697320	1.066205	0.207774	-10.235448	-5.026832	-10.875598	-12.000611	9.628413	6.218772	-12.079139	6.269383	-10.875598	2.993438	-7.400816	-2.561207	5.295225	-9.587587	6.424786	2.813543	-5.067929	-2.559126	0.795871	-7.412443	-0.991931	5.287476	3.514683	6.218772	3.405855	6.241008	6.668617	3.265597	-4.476293	-2.558474	0.742490	-7.277991	-1.255870	2.274432	-3.937870	-2.559623	0.626196	-7.468353	-1.515084
5410	7	-7.326912	-5.780375	-6.779044	-11.990064	-10.836215	-9.945161	-6.179125	11.769097	6.280557	-15.573695	7.994908	-9.945161	1.812374	2.976093	-0.261400	-8.797910	-4.424804	-4.430861	8.454405	-11.490313	-6.779045	6.624001	-10.837232	6.622232	-4.135116	4.568689	-0.260852	-11.992215	-4.422756	-9.945009	-0.282024	11.730852	6.280557	-15.571439	7.994908	-7.571519	10.506639	6.059170	6.280557	3.036684	7.994905	6.622232
5434	7	-8.358299	11.236764	5.434380	-13.355969	6.076134	-9.143271	-13.008228	-4.406825	-3.087862	-7.818014	-5.942992	-8.401907	3.751289	-6.224218	-3.087864	7.508516	-8.506597	7.267114	-6.776415	4.639444	-0.956572	-7.824646	-2.895516	-8.407407	2.456372	9.662291	5.434380	-3.579817	6.076134	6.525975	8.456132	9.411327	5.434380	1.957733	6.076134	7.268766	9.941962	2.809976	-0.956575	7.501886	-2.895516	7.268972
5471	7	-9.210263	-5.931310	-4.189034	-9.391160	-4.033939	-14.816859	-7.420394	9.785582	6.337977	-12.320888	8.189710	-14.816861	-1.765601	2.256688	0.405022	2.626516	0.014958	-2.106272	6.049510	-12.555038	-6.163505	7.382562	-4.033939	3.645870	7.837152	3.160549	6.337850	4.450744	8.189457	3.645847	4.163463	-1.618408	6.245170	4.530418	4.246964	3.645786	-5.555172	2.256689	0.405022	-9.541980	0.014958	-14.816860
5472	7	-13.528398	11.974091	8.083061	-7.667293	5.995784	-13.409010	-9.305052	5.534336	2.213859	-4.546139	-6.230382	-13.382233	4.830828	6.091193	8.057848	3.680127	5.965869	4.916594	-1.031513	1.492475	-0.901173	5.433171	-8.672240	2.560364	5.458023	-0.756124	0.930136	6.953670	-7.703530	5.037252	6.040888	-0.553613	1.072099	6.932478	-7.535130	5.058325	6.552802	-0.369591	1.174242	6.905972	-7.374310	5.047868
5595	7	-6.371150	8.545375	5.318212	1.765870	7.649359	-0.007054	2.808698	-8.288108	-6.377759	6.615530	-5.865784	6.450516	-11.254786	8.545375	5.318212	-9.909959	7.649359	-6.197890	4.892682	5.698189	5.318212	2.975259	7.649359	6.452934	-13.076594	-5.446288	-6.377759	-6.181805	-5.865784	-6.197888	-8.448426	-5.446288	-6.377759	5.506424	-5.865784	0.011638	-0.182085	8.125819	5.318212	1.765955	7.649359	0.041665
5632	7	7.709953	2.110643	4.003666	-1.077852	-1.696055	3.340789	-5.397009	7.565466	4.157936	-10.660557	-1.613296	-6.502962	3.842941	7.787883	7.524712	-3.457712	5.939793	3.275001	-8.124656	13.224883	7.527909	-12.810771	5.940108	-6.502962	8.708811	2.110643	4.003666	3.626529	-1.696055	7.659210	6.358502	7.787882	7.524712	1.392644	5.939793	7.552086	2.781870	-2.220103	2.492558	3.703544	-5.449870	7.658775
5687	7	2.211081	10.552307	7.113631	3.705298	7.617214	5.598221	-7.273495	4.686668	2.814246	-8.746744	-2.790488	-6.255454	-12.963383	-6.080528	-3.405064	-8.637711	-6.622003	-6.266170	-13.864621	11.498970	7.113631	-13.365587	7.617214	-6.266443	3.170843	-8.964408	-3.430460	8.507712	-6.622003	5.653735	-8.839029	-1.322965	2.518386	-8.697748	-6.508351	-6.262663	-2.772717	-6.080571	-3.405066	2.111628	-6.622003	4.900660
5937	7	-7.193969	7.876469	0.156763	-11.623666	2.997622	-7.491902	4.804534	-7.719949	-9.467522	6.743268	-6.969536	7.235304	-13.541348	-4.555100	-9.467116	-11.623007	-5.434904	-7.492026	11.175098	1.490279	0.135974	6.742619	2.837103	7.269698	-0.886616	7.653544	0.156763	0.456226	2.997315	-4.809091	-7.127930	1.720761	-3.156694	-11.622970	-2.837684	-7.491890	-1.041837	-4.759625	-9.467292	6.180522	-5.568502	2.584590
6039	7	3.792306	-8.005540	-3.936570	5.928974	-14.287965	6.650472	-10.367262	11.339732	5.517029	-12.199311	4.247738	-9.040648	-4.695550	2.744145	0.106136	-2.749875	-8.471024	-8.709360	-10.829795	-2.486733	-3.934560	-2.944112	-14.280533	-9.036649	-1.856379	-2.486735	-3.934560	4.741171	-14.280533	4.051475	4.299749	5.827483	5.517028	2.268614	4.247738	6.712526	-1.288922	11.339715	5.517029	1.201813	4.247738	4.437816
6118	7	-5.840948	7.561542	1.159892	-13.663978	-5.025691	-6.219887	3.762916	1.119232	1.146024	-1.505420	-5.080526	5.162409	-8.777747	12.119249	5.720280	-15.053433	6.482880	-6.219887	9.890283	0.974078	1.144598	4.490037	-5.086255	8.838425	7.225288	5.543785	5.720212	3.049095	6.480530	8.834785	4.593559	-8.574253	-4.966085	7.136674	-8.972919	8.838552	7.794645	-3.378178	0.928437	5.264668	-5.915687	8.838578
6135	7	-4.211030	8.542048	-2.612269	-3.845352	0.486862	-11.431366	10.961666	5.582358	-2.642281	6.873181	0.486827	5.936625	5.022778	-3.816945	-6.210728	6.871334	-5.249258	5.786821	-4.211032	4.726006	-3.198512	-3.845351	-2.751758	-11.431368	0.067054	8.338074	-2.612948	-3.537163	0.486862	-8.269167	-9.554120	-1.771960	-5.160945	-3.845401	-5.201071	-12.547631	0.067050	4.520139	-3.207711	-3.537165	-2.751898	-8.269170
6311	7	-1.697376	12.818976	6.393879	3.363976	8.364058	3.342086	-11.776248	12.818978	6.393879	-6.887375	8.364058	-9.720314	3.388123	7.966909	6.393879	7.058353	8.359595	5.613860	3.192644	-9.246018	-5.348808	8.516798	-6.817904	5.591733	-6.824448	-4.981251	-5.348777	2.956283	-5.048153	-2.373598	-1.968975	-4.981252	-5.348777	4.908631	-5.048153	3.095474	-11.920014	-4.981251	-5.348777	-5.287018	-5.048153	-9.242693
6451	7	9.046391	9.090578	5.527411	2.192834	6.262318	5.462388	-5.838511	11.796510	5.527411	-12.646651	6.265268	-10.589377	-1.132741	7.391780	0.222339	-7.207824	-4.323624	-8.071516	-10.635248	-5.288573	-5.705917	-8.776692	-7.351573	-10.945592	5.308638	-7.993966	-5.774775	6.288111	-7.439547	5.391658	10.433402	4.712928	0.222186	5.176605	-4.421025	5.466031	1.715467	-7.327036	-5.774009	4.100420	-7.429852	-0.490266
6488	7	-2.315964	4.260491	1.557822	4.108078	-3.413611	-3.674973	5.722531	-6.582506	-4.473777	5.926262	-6.690782	1.203188	-13.326880	13.883273	8.118710	-9.283018	6.111867	-8.644065	-9.119866	4.260544	1.557822	-2.707545	-3.413611	-5.644651	5.723185	-6.582615	-4.473777	5.939068	-6.690782	6.493513	-13.452990	-1.251496	-4.351445	-2.715753	-5.870917	-5.650218	-6.768476	-1.251496	-4.351445	3.552239	-5.870917	-3.751843
6603	7	-7.239087	3.560355	-0.070187	-11.519843	-5.458884	-10.501408	-7.220471	8.455527	1.445707	-11.690080	-0.085774	-10.501408	4.848348	-9.067712	-5.576668	6.928387	-11.574485	6.520138	-10.599568	10.111660	5.988402	-17.536289	6.007432	-10.501408	-9.346992	-4.333226	-5.576668	-11.626515	-11.574430	-10.501408	1.777454	-4.920183	-5.576668	4.555802	-11.574474	-0.217172	4.417384	4.356173	1.445595	6.025056	-0.085862	0.418082
6612	7	2.934701	-8.596033	-6.947777	7.189552	-14.733256	7.036671	-9.511158	0.767487	-2.208736	-7.866812	-7.800951	-9.711648	-9.502141	-5.142864	-6.914230	1.276010	-14.731949	1.060553	8.056456	3.486740	3.024342	7.157210	2.079448	7.719948	-10.425843	8.999784	3.024425	-7.912734	2.079503	-9.711652	-15.091853	-5.142863	-6.914230	-7.866812	-14.731949	-9.711653	-3.910907	0.765916	-2.208759	1.277826	-7.800995	1.077975
6617	7	10.331746	5.324560	2.258038	4.302116	-0.115606	8.075172	-10.254139	11.017405	4.816541	-13.807411	6.431898	-8.994558	-6.463859	9.340869	2.296291	-12.197316	-0.066646	-8.994558	5.259766	-7.839321	-7.061749	6.181961	-9.823601	8.075151	-11.533493	-3.955843	-6.990351	-10.292804	-7.747272	-8.994558	6.540350	7.155454	4.816056	2.667233	6.423360	8.065862	5.094578	5.333949	2.258300	-1.838423	-0.115271	2.662862
6861	7	5.062816	-8.119447	-2.974917	9.305660	-12.476758	4.762923	4.903437	4.510605	7.904081	3.698768	-1.349416	4.752414	-12.507825	10.890320	7.926269	-11.491358	-1.349079	-5.760283	-8.160173	-1.726480	0.362112	-0.754931	-7.888884	-2.040336	-12.508183	11.364243	7.955741	-11.514866	4.219230	-5.760283	4.899835	4.985431	7.939758	3.669820	4.219036	4.752013	-5.530362	3.499905	1.410945	-5.587867	-6.712588	-5.729705
6880	7	4.604394	8.835282	6.480665	0.885238	6.887635	5.294182	-13.283232	-3.461293	-0.740226	-6.135064	-8.759377	-4.400160	6.660498	0.198567	-0.123347	6.850182	-5.305546	5.775191	-11.878194	11.908908	6.480819	-12.075969	6.887637	-5.308013	-2.328894	-3.475600	-0.745614	2.677612	-8.772904	3.814747	-7.974338	3.549546	-0.062014	-6.135026	-5.120596	-4.400142	3.543590	-9.146503	-4.664819	6.756161	-9.745523	5.774386
