10	6	5.681515	10.852210	7.867376	1.602625	6.874557	8.147580	-9.479760	11.933316	7.867376	-16.337921	6.874557	-9.424399	8.951480	-1.117876	-0.956446	6.336642	-8.076703	8.147580	2.461852	-7.371130	-4.128856	6.295893	-8.640529	8.147415	-12.385949	-6.562906	-4.124079	-11.522900	-8.640503	-9.424405	-3.397430	-6.563878	-4.124088	-0.741900	-8.640503	4.121110
36	6	-7.669460	10.226665	5.719507	-11.562805	6.473846	-10.115389	5.320761	4.649202	5.640656	5.036365	0.235045	7.218432	-6.679266	-5.384401	-1.376460	-9.360306	-9.127519	-10.114905	-7.611978	7.955444	5.641178	-11.447211	0.235170	-10.115385	6.253085	-9.375999	-1.376511	7.122698	-9.127519	7.224573	5.262885	6.964684	5.719503	4.919965	6.473845	7.217491
46	6	5.466983	-12.234219	-4.920974	6.896100	-9.204347	5.074498	-10.271610	7.895197	6.249167	-9.241619	5.726817	-11.417499	-7.425883	0.042067	1.604991	-7.473611	-6.152488	-11.417497	-10.086579	5.645411	4.218870	-8.111597	0.553175	-11.417499	-13.142581	-6.954359	-4.919807	-7.304843	-9.081387	-11.417499	8.718703	1.717717	6.190447	4.998179	5.225073	5.074537
130	6	-8.917114	11.789481	6.578892	-10.170666	6.211635	-10.048659	6.110178	7.626373	6.578892	4.306829	6.211634	5.155027	5.381118	-10.296560	-4.066416	8.557273	-9.916066	5.155033	-5.413366	-6.134976	-4.066416	2.599521	-9.915998	-3.366972	-0.234090	-6.135047	-4.066416	7.225521	-9.915998	3.774696	-2.592957	-6.134976	-4.066416	6.408613	-9.915998	1.894646
174	6	2.818194	-4.638951	-7.615325	6.623943	-11.355266	0.367696	-12.522971	-2.662458	-7.540032	-10.313375	-9.823054	-10.796274	-8.897589	11.598725	4.608344	-14.038183	5.733488	-10.720222	8.362449	6.592305	4.608323	3.527431	5.733378	6.312810	6.836641	6.636644	4.608325	3.508561	5.733384	0.911424	4.718416	-6.946751	-7.617259	7.271792	-11.552161	6.159982
204	6	5.231841	-9.708056	-3.610370	7.271146	-14.199607	5.877206	3.096248	0.783588	2.836023	4.955310	-3.627937	-0.475246	-4.876972	3.486048	2.997502	-9.219927	-3.510918	-10.126573	0.512292	3.481152	2.997496	2.782723	-3.510922	-1.825206	-10.041178	11.014851	7.269630	-13.473523	4.606415	-10.276482	4.378405	5.493922	7.269621	3.009785	4.606414	5.760026
225	6	8.043767	-13.869898	-0.323795	6.377538	-9.101362	3.217533	8.447912	1.365915	5.611119	2.128022	0.390061	3.217486	-1.090681	9.212537	6.740775	0.196607	7.038347	-4.614760	-0.124031	-8.205129	-0.323794	6.129191	-9.101362	-2.674155	7.773625	3.371982	6.739171	0.628608	7.038293	3.186302	-5.604914	9.281531	6.740775	-7.484489	7.038347	-10.583758
248	6	-10.323183	12.305213	6.447515	-16.947663	6.444367	-6.991913	-6.962748	2.466088	0.963018	-11.775498	-4.862320	-6.990584	2.236969	-0.727454	0.896171	4.576733	-5.272567	6.725107	1.916409	-1.062615	0.858984	4.596994	-5.370793	6.741565	1.822622	-0.644900	0.870699	4.014509	-5.344218	6.720389	2.230655	-0.923433	0.894220	4.801523	-5.290121	6.735378
282	6	8.240581	-11.661335	-4.497557	7.430267	-11.185335	6.482565	-11.221232	11.016894	7.616153	-8.059169	6.412244	-7.266841	2.097765	-11.660776	-4.497557	-1.005223	-11.185335	-3.101929	6.172963	5.325658	7.616137	2.704131	6.412214	6.462822	-7.543245	-5.970098	-4.496876	-3.334493	-11.184987	-7.231868	-6.226482	0.549919	1.598924	-3.360802	-5.261928	-7.233708
315	6	-7.068331	9.784554	3.581081	-10.670149	-1.050974	-11.650465	-12.681763	11.346277	6.408581	-12.667620	2.754577	-11.712324	-10.741863	-7.778193	-2.529141	-6.048291	-8.406630	-10.459095	5.474570	4.364394	3.581077	-2.653720	-1.050979	4.141839	3.659688	-11.141387	-2.529141	7.114794	-8.408049	6.348721	7.681300	4.244554	3.581076	2.496964	-1.050980	6.287267
397	6	2.428195	10.950150	5.292210	0.638345	6.017607	-3.206528	-9.499585	-6.798496	-2.274629	-6.953355	-12.351481	-12.324947	-5.172636	11.327965	5.292210	-9.105011	6.017608	-11.918369	3.343791	0.946255	3.257122	3.108788	-4.232174	-1.251916	-1.607194	4.637567	3.443272	-7.265599	-3.206665	-7.625138	3.729618	-11.914516	-2.274683	7.042659	-12.358362	3.028703
442	6	-11.757775	9.665258	4.119144	-11.601865	5.548913	-3.218120	4.311730	-10.214613	-6.522507	6.727555	-6.847813	5.381907	4.429577	6.205069	4.119144	4.907989	5.548907	5.389654	3.883290	-3.338256	-0.245863	-0.952209	3.784994	0.096864	-11.868148	-6.945126	-6.522505	-9.777925	-6.801391	-3.218307	2.888471	-8.153272	-6.522507	-1.315718	-6.839399	-0.030243
540	6	11.757363	3.311483	2.289623	8.391731	-6.024637	7.640944	5.129728	7.646836	7.042936	2.412011	5.896031	7.639859	-1.317949	9.592591	2.289636	-3.636113	-6.024636	-9.418878	-8.234292	14.136091	7.042936	-15.924280	5.896031	-9.672007	9.067662	-3.058555	-1.093824	8.401038	-11.185411	7.640943	-1.666243	9.736875	2.289636	-9.695091	-6.024636	-9.575427
541	6	-8.794177	-1.499213	-3.391802	-10.216685	-11.709283	-9.870212	10.829387	5.242528	4.379025	5.904076	6.530258	6.836675	1.420105	-2.474371	-3.554475	2.998264	-12.184602	-0.281704	6.336677	-7.380486	-3.622596	7.772200	-12.225845	6.836679	-6.460855	11.111003	4.379770	-12.086166	6.530320	-9.870212	5.134859	5.245365	4.379028	3.085993	6.530258	0.348742
545	6	-8.942601	10.634538	6.846504	-12.255373	5.356039	-3.359913	5.847052	6.856788	6.846504	2.879628	5.356039	7.393492	5.577952	-8.739036	-3.555396	6.298233	-10.482265	7.393132	-9.195359	-5.093216	-3.555328	-8.834302	-10.482035	-3.359920	-5.150214	10.618256	6.846504	-9.177701	5.356039	3.031684	-5.428123	-5.106642	-3.555331	-5.758675	-10.482043	3.032303
575	6	-10.151594	5.993425	1.989471	-9.769340	4.237632	-6.932909	7.900117	0.540954	1.269258	6.319897	3.588280	7.053505	-15.438959	-5.253088	-7.780932	-9.231997	-9.823796	-6.932909	2.552471	-8.042033	-9.087248	6.571494	-9.846447	7.053495	-9.403887	0.907362	-3.601788	-9.244815	-5.362704	-6.932909	2.795707	-2.182509	-5.391988	6.595350	-7.886892	7.053502
587	6	-10.507309	10.517607	7.077756	-15.006097	7.093863	-9.395519	3.794652	-14.591367	-5.167607	-2.243910	-7.379952	4.036432	-9.686063	-8.534232	-5.152974	-11.980968	-7.379808	-9.395519	-4.241321	0.897998	1.264640	-12.172181	-3.711550	-9.395438	5.005000	-14.656244	-5.167607	4.045674	-7.379952	7.068210	4.010364	4.427401	7.077565	1.002484	7.091267	7.053679
594	6	-5.983663	10.944651	6.341373	-10.760888	7.165692	-6.738466	4.961912	-7.363992	-2.419995	5.788875	-9.024048	8.576212	-5.050831	3.140738	1.493103	-5.530407	-1.802166	-6.736594	9.306078	8.199415	6.341373	0.582008	7.165692	8.249676	4.664857	8.199429	6.341373	-5.769998	7.165692	2.420721	-10.247719	-4.618743	-2.419995	-5.995922	-9.024043	-6.738129
616	6	-0.629650	7.747691	3.662613	-11.068224	-1.585741	-10.466115	-10.057585	12.566854	6.668752	-13.393814	4.481185	-14.318137	7.113166	7.495727	6.668752	2.774130	4.481084	4.216987	11.241317	2.759560	3.659580	4.403339	-1.729949	4.234386	10.366928	-9.288791	-2.126711	5.013385	-12.095506	4.235552	-5.325929	8.348956	3.662613	-11.779819	-1.585648	-14.316815
623	6	-11.492363	11.276749	6.437866	-12.642424	6.054397	-5.347789	-5.899195	10.191112	0.677372	-6.671554	-1.617744	-5.347548	5.758314	-10.858027	-5.413542	8.654894	-7.795250	5.890167	10.385812	5.347781	0.676705	8.654579	-1.617923	5.890382	-9.882119	-6.013478	-5.379127	-6.671238	-7.795204	-5.347552	4.802148	6.457150	6.437769	2.683640	6.054380	5.777886
638	6	-10.088054	8.157329	5.102820	-13.756462	0.240443	-8.441300	-9.562155	4.109817	1.519919	-10.464840	-4.887072	-8.441083	8.721566	2.744830	4.878329	2.674199	0.232860	6.868451	5.351014	-9.710704	-3.909872	5.026984	-12.023895	6.871186	-13.604135	-3.864976	-2.024716	-10.464783	-10.081129	-8.441083	-10.088533	11.412631	8.113011	-16.978446	3.159905	-8.441302
738	6	-14.496693	10.903432	5.195333	-8.975408	7.180518	-9.847369	-4.122617	5.876196	0.560812	-1.596488	-1.620664	-8.981251	3.397300	-7.641467	-4.289055	7.418962	-6.609621	4.844209	8.424408	1.660542	0.543169	7.419235	-1.698912	5.243768	2.343829	7.322729	5.195333	4.678156	7.180518	3.872620	-9.216284	-3.536345	-4.289054	-1.595821	-6.597970	-8.986467
752	6	-6.881537	-6.736842	-8.470741	-9.528705	-9.830290	-13.106092	3.602371	7.194259	3.036113	0.263349	6.523772	-0.912771	9.409225	5.166037	3.013508	5.915394	6.488254	4.995283	-0.606785	9.231256	3.041723	-7.153995	6.532648	-13.105872	3.843989	-9.081823	-9.028672	6.036497	-9.968624	4.985788	5.669755	-3.456886	-0.056854	6.083373	3.428026	4.995281
764	6	-10.384369	-4.619522	-1.306995	-12.151767	-11.257563	-9.695364	11.678877	4.396888	3.903752	3.273702	6.518938	7.540503	7.338580	-10.160530	-1.306995	6.716838	-11.257585	7.540870	-5.463429	2.600315	0.099398	-12.151797	-5.669502	-9.695128	-6.009885	9.937902	3.903755	-15.581110	6.518943	-9.695289	7.412871	4.396892	3.903752	-4.261598	6.518938	2.045740
787	6	-7.430779	2.389294	-0.494204	-4.326631	-6.824912	-7.243842	5.371348	-9.173719	-4.601778	7.737150	-12.599519	8.374236	-10.025439	12.859273	5.578124	-9.231175	5.552514	-7.243848	7.481677	7.207588	5.567422	2.808773	5.551541	8.375116	-12.111972	-3.479704	-3.350956	-4.325992	-12.599518	-7.243842	2.430444	12.195041	5.577996	-3.199425	5.552502	4.639081
794	6	-8.238344	11.768973	6.305846	-7.801363	7.052423	-9.799608	-6.869747	-5.849364	-0.877135	-2.859451	-8.340039	-9.750952	2.865781	-11.946584	-0.877137	4.140322	-8.342683	-1.170643	4.741553	5.633272	6.305845	4.162867	7.052423	5.241085	4.313347	-11.985700	-0.877137	9.104580	-8.342683	5.242787	-2.618107	-5.849365	-0.877135	0.938545	-8.340039	-4.235176
799	6	-11.660320	-5.561175	-4.850135	-11.645510	-10.955537	-8.402020	-12.840049	11.918943	7.249788	-17.770631	7.588887	-8.402020	-0.244075	1.456821	1.673566	2.915980	-4.703749	5.866593	-11.347400	1.686260	1.675027	-11.645576	-4.688245	-8.402020	4.649687	-11.159911	-4.872675	4.816086	-10.955537	5.866673	-0.559713	-5.624791	-4.852908	2.452654	-10.955537	5.866377
810	6	4.500141	-8.180077	-3.872080	6.399129	-2.417451	6.063478	0.657963	4.066214	2.957055	1.412274	0.209189	-6.074457	0.649464	5.116969	2.976598	1.409590	3.371082	-6.080822	-5.095318	4.480421	2.957056	-6.478686	0.209193	-11.249748	-10.116761	-5.682548	-3.872080	-6.480402	-2.417451	-11.249749	-5.101451	5.528839	2.976598	-6.480332	3.371082	-11.249748
812	6	5.149547	12.103254	7.690075	2.231481	6.910241	6.671860	6.323164	8.027661	5.781901	2.231510	0.558222	6.671915	-8.307994	8.938939	5.783216	-13.474006	0.558239	-9.270464	-9.481902	13.014331	7.690152	-13.474007	6.910241	-9.270464	-9.883840	-5.513315	-0.913829	-7.827734	-8.583365	-9.270456	4.247832	-6.425940	-1.038600	8.071555	-8.645003	6.681331
817	6	-7.443697	13.117005	6.670183	-12.761707	5.609833	-12.631400	8.545603	2.030490	1.510715	0.525603	-2.211021	-1.960941	3.015364	2.546760	1.512668	-5.557765	-2.198346	-5.699366	2.797044	-3.592005	-2.659472	0.626352	-10.795118	-1.961156	12.068001	2.030490	1.510715	4.218542	-2.211021	3.746017	7.719297	7.584562	6.670183	1.724950	5.609833	3.746000
838	6	-5.131610	11.610567	5.760211	-15.168872	6.048976	-11.690638	-9.165758	-4.942102	-6.312488	-10.056853	-5.129043	-11.690638	5.533493	-10.277245	-6.852604	6.112607	-5.129043	6.480286	11.523590	2.147630	-0.722620	6.114949	-1.604555	6.480308	-3.220644	7.457561	-0.711010	-10.057323	-1.596523	-11.690637	9.612308	6.319215	5.760175	0.657962	6.048974	5.462086
880	6	4.361582	7.137446	4.452585	-1.820510	4.928318	-3.822581	3.818395	-7.488612	-4.962992	7.273538	-9.506319	6.781460	-11.428573	-3.269348	-4.952953	-9.691772	-9.505129	-8.372418	-6.729327	11.500036	4.452587	-11.785212	4.928319	-8.372418	-5.040762	4.356657	-0.777899	-9.691773	-3.016547	-8.372418	8.848770	7.071364	4.452585	5.400318	4.928318	6.781473
929	6	-11.815235	6.004453	4.530935	-10.495463	0.095233	-10.917240	-12.268367	-5.758911	-0.885768	1.385929	-11.106475	-4.962558	-12.317343	10.460671	5.157933	-10.495465	6.146132	-10.917240	2.438186	9.494118	5.157933	2.512457	6.146132	5.617853	2.944468	4.772877	4.530934	3.181221	0.095232	6.091319	-13.425491	-5.758882	-0.885768	-4.957071	-11.106475	-9.556839
959	6	-7.376794	4.305505	0.693354	-8.095123	-4.922528	-10.071191	9.989518	-4.149423	-5.075801	6.787922	-10.270864	6.320511	5.973603	3.308133	6.850974	5.200174	1.299427	6.320005	-12.069979	8.353666	6.851031	-9.781403	1.299562	-10.073631	5.635235	5.566837	7.161655	5.171468	3.646294	6.319977	-12.406928	10.475644	7.161655	-9.783662	3.646294	-10.073631
985	6	-8.807363	11.366458	7.985673	-13.995157	8.510836	-6.218802	3.325700	-10.818572	-4.043410	6.281901	-8.018757	6.583455	2.736309	7.813138	7.985672	-3.752705	8.510836	3.778295	-5.282964	6.517461	1.874354	-9.613045	-0.644303	-6.216507	5.482210	5.672941	7.985639	1.859897	8.510834	7.017790	-8.891279	-6.150498	-4.043334	-9.607817	-8.018755	-6.218664
995	6	-7.558951	10.251177	4.274859	-13.274097	6.028179	-9.087572	-1.255632	1.698680	-1.434696	-10.201789	-4.453068	-3.917891	-7.735385	-4.684797	-6.499072	-11.264270	-8.796316	-9.087572	4.048869	-10.088304	-7.446424	6.597964	-8.835927	6.624856	0.636226	-0.367850	-1.645241	2.381332	-5.768755	1.217660	4.227487	4.923370	4.274701	4.588358	6.025736	6.624856
997	6	2.054154	-1.477315	-0.375824	2.630668	-3.260033	-0.619140	-5.529748	-0.449268	-0.375824	-9.097315	-2.980697	-13.287586	2.370711	6.957438	4.736122	1.771005	7.188672	-0.583835	-7.522431	8.256322	4.736122	-10.202954	7.188673	-13.320841	3.644643	-11.340421	-6.339937	6.284823	-5.277181	5.789852	8.372973	3.158396	4.736122	5.724139	7.184562	5.806599
1025	6	-5.001218	12.691653	4.551813	-15.113281	4.990595	-12.842367	-2.176056	9.146315	-0.387955	-10.274327	1.127098	-12.842367	9.661855	6.899675	4.551732	3.326934	4.990160	5.673812	8.483765	3.858952	-0.464969	2.405515	1.083623	-0.472250	6.772071	-6.046022	-5.444099	8.160647	-4.781585	5.673822	12.573187	2.537498	-0.744672	8.160593	0.899137	5.673822
1074	6	6.231886	-11.620142	-3.623584	7.088040	-13.339126	6.297233	-5.789496	-6.439388	-3.623556	-11.581915	-13.322747	-10.354789	-3.815276	10.931302	5.248960	-14.919063	-0.949908	-9.764692	-4.148705	11.395814	5.619344	-14.921783	4.875675	-9.909659	7.771311	6.215165	5.619317	3.747067	4.875380	6.229519	8.056099	5.750179	5.248648	3.749915	-0.950470	6.236853
1102	6	-11.522892	10.038848	9.083789	-15.464865	7.493680	-9.431520	4.345891	3.690026	9.082221	0.966649	7.493678	6.576610	9.241020	-14.734069	-1.864184	6.940763	-5.679341	6.801992	-7.111258	-8.266144	-1.859763	-10.475225	-5.678445	-9.431461	9.241020	-13.296149	-1.853165	6.940762	0.215424	6.801992	-7.111258	-6.143255	-1.770437	-10.475231	0.239342	-9.431461
1107	6	0.969510	5.203947	-0.536673	-6.020113	-3.512108	-3.275748	3.994547	-9.185838	-5.149537	6.978470	-10.100321	7.843770	-7.008176	-4.046696	-4.793696	-6.484846	-10.099205	-4.616675	0.289510	11.893623	3.975247	-6.679832	7.562526	-3.557531	8.263547	6.862489	3.975236	6.738671	7.562510	8.103161	-2.728239	12.019644	3.975247	-6.731138	7.562526	-4.403764
1108	6	6.829795	-11.228661	-1.046820	7.804686	-12.743277	6.271923	-3.998480	3.667576	0.961614	-10.368274	-6.932975	-8.813783	-8.691135	-5.588706	-1.046575	-10.370087	-12.743277	-9.489313	2.748798	-11.184143	-1.046820	6.121792	-12.743277	0.350946	-9.651738	10.668634	6.538049	-15.896653	4.523181	-9.557163	5.869106	5.029148	6.538049	2.278038	4.523181	6.066929
1119	6	-6.789596	5.817148	0.719945	-9.142797	-2.682076	-11.657749	4.707181	7.033550	2.995996	0.776799	4.625560	-0.169677	-10.959045	-2.431793	-4.261240	-8.932957	-9.971760	-11.655605	6.919561	-8.892309	-4.261550	7.240023	-11.075625	6.367280	-6.800799	11.581002	2.995997	-9.758157	4.625654	-11.672984	11.077648	5.083086	2.995987	6.442732	4.624250	6.367278
1128	6	5.284716	5.483471	5.293446	3.131688	6.677499	7.119323	-12.474033	10.866073	5.293446	-16.316993	6.677499	-5.176247	5.030218	-8.294323	-2.133695	8.365081	-8.039209	7.134037	-12.720869	-2.899242	-1.994043	-11.087464	-8.033481	-5.176247	-7.756168	7.133566	3.081100	-14.492131	-2.468618	-5.176120	9.099732	1.592984	3.078988	4.960751	-2.495383	7.135391
1139	6	-8.257701	10.881190	7.285494	-17.377756	4.638920	-9.941320	-9.798591	-4.773603	-3.047625	-13.105856	-11.084677	-9.941320	-5.636273	5.326077	3.168107	-14.517587	-5.275731	-9.941320	6.680431	-6.213165	-3.244858	5.868537	-11.704862	7.423669	10.841897	3.937941	3.164675	4.454562	-5.316690	7.423662	7.967719	9.496555	7.285488	1.588823	4.638245	7.420771
1145	6	3.624691	9.767905	6.336454	2.636093	3.079693	7.655063	-11.430119	9.123004	4.517216	-11.176239	-3.528307	-4.028800	3.529360	-4.960552	-2.968833	5.143892	-13.750026	7.631374	5.130737	4.088231	4.476353	3.913704	-3.594105	7.735508	-12.688638	13.200232	6.336492	-12.378967	3.080907	-4.028800	-9.999354	-1.593993	-2.265186	-9.938817	-11.183862	-4.028800
1210	6	-12.138958	11.869433	4.269178	-12.918674	0.521528	-7.421287	5.354579	9.267311	4.269137	1.825856	0.517927	8.848211	-13.112974	-2.689183	-3.403901	-9.639585	-5.718268	-7.421287	-12.145261	12.275133	4.274585	-12.932504	3.366124	-7.421287	4.379108	-6.111029	-3.409216	5.225830	-7.933027	8.871053	5.348222	9.673937	4.274585	1.805067	3.363521	8.846958
1228	6	9.496752	5.640721	4.302248	5.938857	-1.209890	5.558927	0.657540	10.063844	4.354513	-5.436666	-1.151524	-2.885538	4.362183	8.684120	7.167933	4.280296	5.186884	5.558927	-4.410531	10.817355	7.170253	-10.351113	5.186895	-8.915256	4.298922	-9.265154	-2.069492	6.749546	-12.287953	5.558927	-3.965119	-2.563133	0.785416	-7.963140	-12.088847	-8.915229
1240	6	5.963283	-1.976887	-4.259303	5.493752	-6.321834	-0.078596	5.576759	8.357927	4.907046	-0.601206	5.268939	-2.762230	-6.790103	11.508602	4.907046	-11.104285	5.275153	-11.557442	6.848210	7.334608	4.907046	2.194502	5.261735	5.681403	-5.174647	3.847055	-0.322586	-5.134408	-3.585800	-10.883007	6.334233	-2.278488	-4.261813	8.003938	-6.567190	5.673824
1253	6	-15.962031	11.675627	4.124113	-8.893383	6.031929	-8.073171	-6.891524	-3.349909	-4.774625	3.313382	-9.511904	4.155037	-0.476713	2.689365	-1.962037	3.399595	-6.745359	6.926783	-10.619315	2.872404	-1.943536	-3.176395	-6.727999	-8.073089	-16.855188	-3.347422	-4.772740	-3.176365	-9.509980	-8.073089	4.046368	0.864442	-2.307175	9.601213	-7.071916	8.661235
1258	6	5.639676	-10.142935	-0.422433	6.200995	-9.393695	6.405227	-12.228155	3.954069	5.795843	-14.331733	0.398500	-7.442079	-7.488129	3.479999	1.200453	-12.253654	-4.505452	-7.441786	-12.348911	9.922775	6.061182	-14.619200	5.092582	-7.442079	5.141999	6.603000	6.061179	3.842367	5.092582	6.402189	-11.505913	-6.566268	-0.422432	-12.320264	-9.393695	-7.442078
1319	6	-15.066916	11.224459	7.151756	-11.344915	7.115023	-6.997547	-13.814449	-0.566401	1.751958	-6.647895	-3.808178	-6.995597	3.652010	4.827723	7.151756	4.176811	7.114547	8.578661	3.118046	-11.776080	-3.902434	8.568549	-10.873964	8.467903	-7.964089	-0.566401	1.751958	2.577570	-3.808178	0.902055	-2.625311	-1.193453	1.733700	2.578064	-5.054398	4.693248
1339	6	9.125924	3.344320	1.720399	9.049650	-2.694468	7.565536	3.169889	9.234114	8.264061	3.808738	6.097363	7.149889	-11.639036	-5.097073	-3.877630	-7.335840	-8.675161	-8.453227	2.742959	-8.433853	-3.877636	8.979533	-8.744237	6.736080	-11.521194	13.201315	8.264061	-12.560505	6.097368	-8.455026	-4.907851	9.295821	1.720471	-7.335926	-2.678908	-8.453218
1342	6	-4.974860	13.249744	4.130923	-10.690750	6.627676	-11.392390	-2.613156	4.019693	-2.205602	-9.763013	-5.651503	-9.165955	4.242764	1.432634	-2.361282	1.427687	-5.876979	0.627570	6.497789	8.868627	4.130923	6.423185	6.627668	6.500393	5.119138	-0.081079	-7.463950	7.216795	-6.926264	6.500405	3.528247	-2.397072	-8.794859	6.925412	-10.340707	6.500401
1344	6	-6.743824	-4.919042	-5.330571	-12.221789	-12.763229	-11.192995	9.125842	1.666537	1.166959	6.051585	-7.127763	5.515678	3.747517	1.669195	1.167689	-5.702339	-7.127675	-5.985991	-0.645157	1.709731	1.178217	-7.124658	-7.126399	-10.442181	-2.973146	13.370722	6.708697	-16.784751	4.094190	-11.154021	2.968986	-4.955926	-5.330573	6.054557	-12.763238	5.052137
1354	6	-16.616187	11.159725	6.502264	-15.205947	-0.316983	-8.292821	1.711586	7.693029	6.502264	1.382845	-0.316983	4.338598	-10.233863	6.658699	0.780482	-9.796366	-5.840529	-8.292821	-16.617347	11.181999	6.553841	-15.226414	5.887027	-8.292821	1.710218	7.718645	6.553841	1.360958	5.887027	4.330171	-16.831384	-5.008886	-4.932860	-9.796365	-10.431156	-8.292821
1381	6	-4.572417	1.881823	1.114826	-8.506309	-1.784949	-8.460297	5.204561	-12.681437	-3.367707	6.771210	-8.316889	6.679611	-10.037221	11.885687	6.537452	-11.414612	6.027923	-9.016972	4.499909	5.609517	6.537452	3.556786	6.027872	6.456572	-9.340132	-6.392824	-3.367706	-8.202665	-8.316874	-8.952304	-0.047958	-6.394580	-3.367706	3.181781	-8.316874	4.556405
1402	6	-4.402631	11.413759	5.408382	-18.652805	0.565165	-12.626414	-5.351989	11.727652	5.822627	-19.004361	6.324022	-12.626570	5.418607	6.554648	5.822004	-0.677331	6.324021	2.997385	6.401925	6.240071	5.407414	-0.278544	0.565155	3.302431	-5.678455	-2.825312	-2.333328	-12.494990	-10.486115	-12.616799	5.078228	-8.002715	-2.914820	5.899765	-10.486532	4.972253
1415	6	-14.011211	12.680103	7.068642	-10.665382	6.915139	-7.224773	4.165674	10.000373	7.066822	3.139244	6.915133	8.001150	-14.669209	-2.738819	-2.547066	-7.737372	-7.692823	-6.984663	3.457754	-5.189619	-4.328567	6.005902	-7.799839	8.218885	-2.416472	3.606453	0.648572	1.629139	-0.820353	-1.561219	-8.179329	3.606630	0.648595	-7.816892	-0.820316	-6.998355
1421	6	3.618449	2.160861	1.375955	1.778009	-6.935128	-3.127972	-6.576004	5.294514	1.376008	-10.943136	-6.933941	-13.358562	-9.060735	13.543710	5.574326	-15.565249	3.553386	-13.387413	5.150753	-6.982599	-4.903073	6.314432	-14.506036	3.844029	7.223741	-0.825508	1.318705	6.408571	-12.601712	3.845453	7.461800	7.926104	5.574326	1.857832	3.553386	3.412491
1424	6	3.389035	-3.457606	-1.578120	8.239551	3.355079	3.758157	-4.182588	11.331122	4.971388	-10.684471	9.782088	-14.018643	8.918485	6.794637	4.971388	3.132787	9.782088	3.751985	3.374829	-7.593372	-6.488088	8.818757	-3.441533	3.758159	-2.973830	3.164153	0.060756	-9.653409	-0.084800	-14.018277	-7.724559	-3.302145	-6.485402	0.590370	-1.841531	-8.171834
1446	6	-13.085934	12.450447	6.582781	-14.171537	4.963500	-11.048894	1.302157	-1.554153	-0.693060	-5.460514	-8.510035	-5.364964	5.543470	2.158370	5.896658	4.572538	-0.023621	5.719360	5.675289	-7.027634	-0.730489	6.397735	-12.081829	5.761976	5.397326	2.158390	5.896658	-1.717174	-0.023614	3.634599	1.390830	-2.159802	-0.727437	2.910360	-8.996500	-0.671891
1526	6	-11.815835	-7.345380	-1.471995	-6.922894	-3.293558	-5.580074	-8.967243	-7.346273	-1.471995	-6.263536	-3.293558	0.626063	2.765143	8.586677	6.799069	1.842479	6.580202	6.262615	-2.991558	-7.408541	-1.471995	6.182615	-3.293558	5.380402	-10.304086	10.017497	6.799069	-12.899969	6.580202	-5.580791	-7.454856	10.014954	6.799069	-11.703319	6.580202	0.628738
1532	6	-4.066407	-5.462517	-1.520070	-10.517081	-11.612948	-12.324692	3.984781	-9.519329	-1.594297	6.913782	-11.613386	5.267502	3.346636	5.843068	8.905016	2.255119	6.056345	5.189063	-6.640910	9.778228	8.905016	-15.113392	6.056346	-12.324714	-4.354176	5.924992	4.797794	-15.112721	-0.459239	-12.324704	5.592845	1.849860	4.795751	2.340555	-0.470727	5.204218
1536	6	-8.606441	10.384705	6.271155	-12.131415	0.907854	-12.484829	7.829034	6.168484	6.271155	3.819373	0.907854	4.616474	7.244378	6.182597	6.708693	3.566463	6.426913	4.614033	-8.796751	-4.726721	-2.221047	-9.934878	-11.913453	-12.517021	7.051088	-8.959696	-2.221205	6.155797	-11.913497	4.613177	-9.190082	10.398819	6.708693	-12.351376	6.426913	-12.573261
1601	6	-9.637630	2.468741	1.091814	-12.550153	-3.051493	-6.169955	-12.580291	9.902676	6.245983	-14.469282	5.889143	-6.169955	7.939749	-7.444317	-3.133086	4.506129	-9.122758	9.696353	-10.050775	-3.436098	-3.131624	-12.415087	-9.122722	-6.169955	5.272503	5.896935	6.245983	-3.759648	5.889143	2.663497	6.782108	5.896796	6.245983	2.451701	5.889143	9.693694
1659	6	7.007823	-12.515223	-5.825670	7.870275	-6.125938	1.073009	7.733258	5.715260	7.171788	3.298705	6.888696	1.033933	9.451226	4.760223	7.171788	3.694002	6.888696	6.462843	8.597094	-13.578297	-5.825670	8.261757	-6.125938	6.479837	0.359694	10.193323	7.171788	-4.911207	6.888696	-9.912237	-5.454567	10.477667	7.171788	-8.115651	6.888696	-9.976532
1676	6	-9.353057	-4.900838	-4.033209	-10.104137	-3.470368	-12.346383	-7.256919	10.949077	6.395702	-12.763340	7.292633	-12.346416	6.285025	-0.353033	6.363075	3.768585	6.225999	5.762856	4.235760	-11.532195	-4.041266	6.245043	-3.470368	5.783278	6.332468	4.317140	6.395702	3.743922	7.292562	5.762119	-3.557332	2.452922	1.379618	-10.316845	-1.724572	-12.346221
1678	6	-2.674743	-5.627243	-3.131413	-3.758907	-8.626920	4.019931	1.922443	10.346036	6.063733	1.236762	6.527868	6.691980	-10.647122	11.368683	6.063733	-13.244400	6.527868	-7.029531	-8.912115	-5.627243	-3.131413	-8.065341	-8.626920	-7.000725	3.661401	-10.979686	-4.778798	6.940624	-8.626922	6.706541	-4.181809	2.603483	-0.319724	-8.059200	-0.893594	-3.180420
1702	6	3.120460	-8.826722	-6.435402	5.338316	-8.801664	7.070543	-12.763158	10.825811	5.544865	-19.605701	7.924426	-8.436369	-7.274904	4.427597	-0.195171	-13.741438	-1.866154	-8.436369	3.237577	-2.622005	0.672154	5.056185	2.960402	7.080449	-13.768647	-7.145679	-6.431523	-13.690980	-8.361392	-8.436369	9.545437	2.145785	-0.353995	5.301958	-2.094340	7.096385
1712	6	5.970319	-15.174795	-1.372945	4.841043	-7.372800	6.864891	-11.694362	-9.944835	-1.358236	-10.317764	-6.745502	-6.118681	9.998614	1.405713	3.778050	4.539044	6.711082	6.894840	-8.561304	6.979377	4.296559	-11.043974	6.906716	-6.106903	-5.938214	2.217600	2.265905	-10.175948	-0.581815	-6.040777	5.952272	-4.848276	1.313422	4.822935	4.428807	6.864495
1715	6	-5.241183	3.348458	6.397340	-13.906331	-0.915836	-9.370906	-4.085371	-3.059483	-2.109752	-7.843689	-13.611186	-9.370905	-5.099746	9.873102	6.406754	-13.816196	5.476386	-9.370906	8.421241	-12.954166	-5.536477	6.115731	-13.612392	7.529400	6.876834	-0.040121	6.241329	0.908467	-1.277769	6.738853	7.133614	6.486012	6.406736	0.660514	5.476386	6.222743
1761	6	7.302743	4.411027	4.582499	3.555373	0.928750	6.779005	-9.178140	12.485635	6.419237	-15.340050	5.981025	-11.127027	-8.855557	10.717521	4.584012	-14.541407	0.928759	-11.125405	7.781969	-5.943593	-5.331327	7.317430	-9.970809	6.893400	6.978676	6.180883	6.419108	2.754974	5.981025	6.693714	3.485686	-5.943593	-5.331327	5.653470	-9.970809	0.960468
1771	6	-10.671390	11.795926	6.748986	-13.837486	7.347800	-8.846539	-10.599492	1.262248	0.561867	-8.030001	-3.056104	-8.582956	2.418496	-0.723504	-2.394404	6.175739	-5.806314	5.642160	-15.874857	-5.104605	-4.964033	-7.997558	-9.113689	-8.577433	1.739231	-6.511206	-4.964042	5.822411	-9.797199	5.638395	6.926510	8.434786	6.748976	1.167953	7.342508	5.274490
1876	6	7.776721	-13.186740	-2.242179	8.350178	-7.217606	6.658837	-7.780146	10.979329	9.230150	-13.807247	7.176817	-5.759069	-6.627603	10.979329	9.230150	-13.714976	7.176817	0.217352	9.443399	5.162436	9.230150	2.482168	7.176817	6.655650	4.465595	5.169438	9.230150	-5.452343	7.176817	1.963066	-8.294551	-7.373806	-2.242179	-7.844254	-7.217606	0.217352
1899	6	-8.525820	9.366543	6.152746	-15.182078	-1.533294	-8.854757	5.469138	3.463418	6.152692	3.078044	-1.533296	7.476184	-8.965519	12.468764	6.780452	-15.659157	4.619968	-8.854757	5.925964	-10.852802	-1.686187	5.335379	-11.994229	7.476263	-8.069256	-4.876136	-1.686054	-12.924982	-11.992987	-8.854757	5.028191	6.568758	6.780452	2.600247	4.619968	7.476047
1970	6	-6.879854	11.073364	7.208157	-13.844995	6.567619	-10.311085	4.546429	-8.611157	-5.244180	6.124969	-9.231629	4.748471	-4.154313	3.565149	1.563565	-7.999543	-0.008646	-10.254086	-4.093909	1.087046	0.666030	-7.407350	-5.262471	-10.225649	-10.543747	-4.660598	-5.243156	-7.391358	-9.214282	-10.224718	7.298186	5.376288	7.208156	0.779864	6.565020	3.944522
1984	6	4.416341	-10.344740	-3.653594	9.800324	-12.016981	8.307569	4.913405	4.354248	5.722312	7.770455	0.309378	8.307574	-8.868965	8.893538	5.777169	-11.048523	0.319852	-7.081255	-8.823099	-5.829130	-2.173345	-8.998298	-12.016887	-7.081254	4.088649	6.998097	6.738638	7.137912	6.369123	8.307560	-9.634221	11.513631	6.746763	-11.651439	6.369323	-7.081255
1991	6	-9.650796	11.450516	5.506930	-13.343498	6.178027	-10.595896	5.471272	-11.965976	-3.507669	3.283564	-12.268851	6.348064	-5.387500	4.781404	-0.094909	-11.462927	-5.270907	-10.577296	-9.480540	-5.415266	-3.507654	-11.462650	-12.245640	-10.577291	4.664817	4.922807	5.506930	-2.568012	6.173477	3.120597	5.300041	4.902131	5.506930	1.202646	6.173344	5.913672
1996	6	-13.691968	12.114072	5.182521	-13.886510	8.798132	-6.798018	-8.070262	2.419862	-0.724328	-9.155520	-3.864158	-6.798018	7.825064	-1.437352	-6.410308	7.197916	-9.471498	7.689553	-10.067700	-4.729670	-6.552594	-9.155490	-10.029108	-6.798018	1.903664	11.547358	5.182521	1.961502	8.798132	5.154429	6.431703	-7.792080	-6.552595	7.197914	-10.029836	7.689527
2022	6	-6.452505	4.281042	-1.926007	-10.168958	-3.394515	-9.043466	6.931813	1.455905	-2.049464	5.114611	-3.644638	-0.749179	11.124523	0.974977	-2.363099	7.713957	-4.395438	5.510520	-6.466890	8.365539	2.693744	-10.614074	6.186886	-9.043520	6.966122	5.681316	2.693744	4.664484	6.186886	-0.749980	11.388607	5.333563	2.693744	7.268707	6.186885	5.510499
2054	6	-3.409733	-8.413840	-3.645347	2.800047	-12.462010	3.835559	-10.807788	-8.365539	-3.645265	-7.317843	-12.462009	0.223197	-14.016279	-8.365278	-3.645264	-8.738626	-12.462009	-5.586822	-8.587346	8.406244	5.035744	-10.863375	3.903525	0.164135	-11.754060	8.407348	5.035744	-12.213070	3.903525	-5.608879	5.430348	4.716638	5.034822	1.851630	3.903131	5.574771
2056	6	4.080496	1.778730	1.527764	-6.257022	-0.713144	-0.086956	10.219567	1.778145	1.527620	6.565238	-0.713287	6.631973	2.139058	7.622537	4.382491	-12.183933	5.396118	-0.283019	5.671059	-2.092216	-3.117908	6.564933	-9.787953	6.607459	7.857610	7.602035	4.382491	1.678494	5.396118	6.623311	-3.006334	11.783942	4.382491	-17.673031	5.396118	-8.781415
2057	6	-8.916009	12.152603	6.829026	-14.872347	7.041727	-8.687934	6.670630	10.410503	6.829026	2.533937	7.041727	9.451048	-3.305296	5.472636	0.213764	-9.938714	-0.666732	-8.629875	12.435208	3.724976	0.213457	7.466942	-0.667195	9.452144	7.981794	-7.607549	-3.310111	7.467024	-5.665942	9.451966	-7.759117	-5.835365	-3.218367	-9.939679	-5.465790	-8.687835
2059	6	10.105855	6.659184	7.013622	4.639072	2.915695	5.044642	0.100812	-2.905961	-1.394321	-8.141135	-8.518385	-13.063178	-0.149462	11.069977	7.028818	-10.217070	2.915892	-13.256264	12.715458	3.333941	1.675869	6.709289	0.479639	5.044649	3.486084	3.464973	1.708036	-5.477902	0.524432	-7.187229	6.665173	-7.263513	-4.207021	6.713934	-9.545257	5.044649
2113	6	-13.228915	-7.494481	-3.165528	-8.046243	-6.287364	-7.894660	-13.055757	8.511244	7.617268	-11.730087	3.711022	-7.894661	3.164523	-10.883222	-3.165528	7.000884	-6.287364	7.968151	3.405735	4.734264	7.617268	3.324757	3.711015	7.986133	-13.055765	7.005513	7.614096	-11.727617	1.102622	-7.894661	3.403952	3.228962	7.614080	3.327180	1.101355	7.986029
2117	6	-12.549308	-4.154037	-3.238541	-8.767573	-10.315486	-15.378380	-8.063668	5.291960	1.532257	-8.719169	-3.849576	-15.378342	5.212869	-6.918348	-3.238572	6.341905	-10.326371	3.619624	3.432561	2.495870	1.515386	-0.352367	-3.852487	-8.218326	9.699598	2.484146	1.514832	6.422840	-3.852581	3.619624	-13.037610	12.665685	6.715240	-14.843034	6.596024	-15.378380
2154	6	-11.624477	-8.679942	-5.276702	-3.568256	-9.273761	-10.570150	-10.938842	-2.744392	1.158674	-3.568280	7.231001	-10.570150	-8.605210	8.350385	6.018924	-9.627116	7.961491	-10.570498	4.779717	-10.861896	-5.276702	8.616447	-9.273780	6.002574	8.176934	5.983789	6.018923	2.576390	7.961491	6.005209	5.106401	6.104678	6.018923	0.548840	7.961491	0.984521
2156	6	3.447792	1.293619	2.657034	-4.542911	-3.658446	-5.693865	-7.815523	10.937568	6.295323	-10.496235	5.271724	-11.032236	9.485513	1.200412	2.653620	6.359678	-3.663583	5.504631	4.863381	4.857849	6.295319	4.223284	5.271611	5.496091	3.778387	-9.035582	-4.541370	6.255758	-10.257568	5.501543	7.959897	1.200412	2.653620	3.483125	-3.663583	-0.179499
2168	6	-12.354062	-3.093908	-1.198786	-8.438565	-5.272727	-12.549125	-11.116061	11.745250	7.424425	-12.514220	6.038572	-12.849968	-10.845468	5.370397	6.988336	-12.296540	0.670834	-12.846528	7.061879	6.338551	7.424404	4.524098	6.038572	5.880976	4.088314	0.162574	6.882809	4.798858	0.670263	5.891248	5.767283	-8.504520	-4.442543	8.713863	-10.950905	5.937923
2171	6	-3.759384	-7.149880	-3.524975	6.230189	-13.779956	2.215009	-11.320961	8.270526	7.166672	-11.620563	5.605166	-5.957965	3.169999	2.579646	7.165776	-2.952887	5.595348	2.747752	7.100649	2.578402	7.165772	3.242646	5.595323	6.687500	4.561380	-12.775060	-3.524975	8.288054	-13.779988	6.681890	-13.303170	-7.149880	-3.524975	-6.575298	-13.779956	-5.957967
2215	6	-9.607933	11.151703	6.167562	-13.881706	6.883622	-6.990413	4.361735	-7.254660	-4.198206	4.638237	-10.870183	8.724837	0.597144	-1.289145	-3.318348	-8.739790	-10.455667	-2.064582	-3.673943	2.640943	-0.513430	-11.538534	-5.748040	-3.234586	0.769678	-3.210447	-4.111102	-5.980759	-10.867829	2.598160	6.375316	5.259085	6.165434	2.691457	6.883620	8.701631
2334	6	3.655378	-12.584319	-2.980105	7.672498	-6.186380	5.207272	-5.049761	3.465360	2.355161	-8.123596	0.368356	-9.984621	-9.981036	11.106533	7.808184	-13.893869	6.328930	-10.472766	-0.280749	-1.099604	-2.812145	1.502125	-3.654213	-2.974889	-9.074821	-6.402212	-2.980105	-7.433477	-6.186380	-10.455480	3.764771	4.944806	7.808161	1.218498	6.328930	5.200507
2349	6	3.908495	-6.944168	-5.290903	5.853246	-7.538881	0.251787	-6.800668	1.574072	-0.719548	-8.540162	-1.908863	-9.285476	-8.287747	-2.577343	-4.232352	-8.540149	-6.455511	-9.534508	-9.141693	9.976960	5.932739	-14.970785	7.934264	-9.603674	6.011077	4.620860	5.931378	0.095698	7.934251	4.816796	5.669760	-7.897228	-5.293730	6.803134	-7.539045	6.171060
2440	6	4.337690	-8.452411	-7.126563	8.678979	-11.001103	6.665663	7.419383	5.448594	4.646946	2.026284	6.327356	6.728431	-6.798395	11.854949	4.646948	-12.308587	6.327356	-7.415858	-6.179582	-3.907692	-7.126131	2.768344	-11.001103	-1.015956	-9.938616	-3.907692	-7.126131	-4.557528	-11.001103	-7.416107	-3.533839	2.331436	-0.810186	-4.523406	-6.244763	-7.389120
2541	6	-10.727357	-3.843122	-6.133384	-3.693928	-8.624010	2.865114	2.822109	9.223354	5.474492	5.719672	5.082641	7.802124	-5.497048	-3.843166	-6.133390	2.760929	-8.624024	3.290017	-9.195769	11.196970	5.474500	-7.061087	5.082642	2.865118	-13.267731	-3.843122	-6.133384	-6.533018	-8.624010	-1.646853	-11.720567	11.196970	5.474500	-9.860079	5.082642	-1.646853
2603	6	-10.649411	11.711060	3.035877	-3.520811	4.092071	-11.484413	3.550643	-6.462062	-5.191701	8.872615	-11.392818	7.001508	2.034147	9.342582	3.035877	7.399503	4.092071	6.820935	-6.627563	-2.901530	-5.191241	-3.519665	-11.339757	-11.484413	-3.242850	-3.040397	-5.191417	1.694417	-11.362791	-5.199574	-7.158513	11.701256	3.035877	1.692353	4.092071	-5.200089
2604	6	-11.225002	12.099034	6.980223	-12.322776	3.677576	-9.324499	7.905466	-4.578788	-5.381671	6.597615	-13.376074	5.605697	-7.631087	7.844697	0.900678	-5.767699	-9.113928	-9.324328	-1.286031	6.421729	0.900678	0.472463	-9.113928	-6.431660	10.003019	2.387003	0.897105	6.597615	-9.129452	5.606146	6.379875	7.005697	6.980223	0.025133	3.677576	5.594836
2606	6	-5.823371	6.528207	1.665796	-7.629129	-4.912372	-10.773760	-7.665247	12.197630	6.963322	-9.958965	6.379183	-10.777524	8.860726	9.478965	6.963321	5.703426	6.378499	7.149873	10.583854	3.787119	1.664952	8.033356	-4.947267	7.149938	4.196538	-6.311881	-4.076948	8.200571	-9.273495	7.105054	-12.110019	-3.240981	-4.021089	-7.461954	-7.087837	-10.777841
2623	6	-0.867511	7.748914	3.594933	-2.612178	-2.414591	-6.717695	-5.644045	12.093432	8.362882	-11.924289	6.099907	-6.717747	5.194950	2.588316	3.593520	7.237201	-2.426972	5.892603	0.837385	7.745862	3.594933	0.714905	-2.414591	-3.172785	3.106374	9.564988	8.362882	2.167755	6.099907	5.620671	6.983701	-3.944702	-2.213043	7.253232	-11.429038	5.892651
2637	6	6.254444	-12.266719	-5.795156	5.992648	-10.919885	6.813574	-9.493273	8.977991	5.862912	-12.874011	7.356333	0.400419	-10.008857	-7.711427	-5.535179	-8.257555	-10.919885	0.400419	6.467286	4.404727	5.784254	1.252261	7.355603	6.813750	-10.138182	-7.711427	-5.535179	-10.291394	-10.919885	-5.568771	-9.500676	8.977991	5.862912	-14.907849	7.356333	-5.568771
2657	6	1.596655	7.429526	1.623041	-7.754560	-5.835252	-6.823681	-4.521336	7.545296	1.623041	-11.255306	-5.835252	-8.901076	5.190099	-5.909908	-4.139116	5.999579	-11.324244	8.057195	-10.961218	14.564423	6.426468	-15.373394	6.048688	-8.901076	4.364234	8.357861	6.426468	1.722801	6.048688	8.054852	3.071518	-4.393524	-4.139116	-4.133260	-11.323927	1.822648
2688	6	9.592778	0.155077	3.373544	5.057968	-1.181369	6.555833	0.388601	5.967151	3.738801	-9.532287	-0.469387	-4.116177	-11.379112	12.888665	8.068277	-17.143843	7.373580	-9.060985	3.718181	7.920639	8.066410	1.769120	7.373575	6.443620	6.257987	-5.881195	-0.197827	6.106797	-8.875840	6.541639	2.265315	3.701033	3.709774	-1.235838	-0.527139	-3.624709
2693	6	-7.857748	-6.791073	-7.361470	-4.532702	-6.745843	-12.169087	-2.632999	9.944130	3.373901	-4.548275	6.512428	-12.168470	11.027503	4.486767	3.373901	7.294133	6.512422	5.860774	1.098457	9.543849	3.373901	0.910724	6.512428	-2.554320	5.797645	-9.941754	-7.361470	7.309706	-6.745843	5.860765	3.281551	8.618285	3.373901	-2.522713	6.512428	-6.847803
2731	6	0.320634	0.881136	-0.589730	-7.587758	-7.441093	-10.632004	-8.872174	10.973976	6.723510	-14.423955	5.323670	-11.973921	10.137378	-2.424883	-5.729323	7.235245	-12.539937	5.307702	9.838285	-7.949832	-5.730216	7.235248	-12.541083	5.307702	-4.836838	0.899933	-0.537943	-11.079975	-7.401414	-11.973870	6.505471	7.669571	6.723510	3.454152	5.323670	5.307602
2757	6	-7.942300	2.122260	2.178172	-13.029194	1.755345	-11.134358	-12.394443	-4.997487	-4.845344	-7.023774	-9.262767	-11.669309	3.452994	-10.352274	-4.845344	8.468120	-9.262782	4.473419	-13.237303	11.167609	6.057558	-13.029236	6.174893	-11.683199	-1.158218	-4.997487	-4.845344	2.480573	-9.262767	3.455824	3.870062	6.995231	6.057558	3.187308	6.174893	4.488776
2774	6	10.626478	1.170724	1.141147	7.700215	-3.902744	9.422763	8.802608	9.476545	6.562986	1.359969	5.934113	9.220379	3.459148	10.602615	6.562986	-4.930120	5.934733	8.147107	-3.744908	4.977727	1.499081	-7.657915	-2.580172	-3.297200	6.017436	-3.894431	-4.810621	7.633709	-7.844417	9.422450	-5.780825	13.203977	6.562986	-14.576608	5.935171	-3.298113
2798	6	6.758529	5.874777	6.581641	1.267631	5.184077	6.605909	7.610435	-12.329086	-3.997651	6.317868	-12.249243	6.645267	-9.137415	4.213987	5.677196	-12.062934	-0.639097	-9.892397	-9.256012	10.187844	6.581786	-12.399680	5.184081	-9.893050	-8.440776	-7.424202	-3.992171	-1.578705	-12.249243	-9.707422	-8.194504	-0.900097	0.243421	-1.578687	-11.934069	-9.704919
2824	6	-7.846227	12.280561	5.269832	-14.267693	6.976489	-8.474973	-5.805003	5.426122	-0.145293	-9.975414	-2.969745	-7.944288	-11.251948	-4.098974	-6.167359	-10.283649	-3.567976	-8.677475	7.919347	7.839464	5.269832	1.903341	6.976489	8.298757	4.513602	-7.564685	-6.167378	5.870990	-7.296285	8.245469	-0.455763	-4.127099	-6.167361	3.350949	-3.625577	6.893277
2860	6	-7.430460	7.898191	5.413921	-7.865135	0.279921	-11.830244	-9.571574	-3.803950	-1.219228	-6.115614	-7.590950	-11.830244	-9.059508	13.573276	6.975357	-9.054804	5.223671	-11.830244	2.767939	-9.669397	-1.219232	5.705212	-7.591151	5.680923	5.355084	1.939813	5.411674	3.986193	0.279319	6.157508	3.589783	7.621750	6.975357	2.669475	5.223671	6.058372
2884	6	-9.558430	9.585445	8.066781	-14.271016	7.670438	-6.751437	3.043944	-10.304718	-3.091074	8.257473	-10.356858	8.255131	1.519291	9.526973	8.066781	2.579537	7.670412	7.938461	-10.191382	-1.284330	2.270844	-11.095760	-2.821336	-6.728911	-8.879271	-7.225540	-3.090839	-9.558848	-9.388966	-6.681932	-4.915583	4.730346	2.520665	-11.250996	-1.505782	-6.731436
2923	6	-8.595423	5.388436	-2.158289	-8.263155	-3.719728	-3.807201	4.179084	-0.012449	-2.965931	7.995446	-5.520951	9.174646	6.905129	2.607964	4.020918	7.617081	5.262179	9.193880	-3.522034	5.388435	-2.158289	-1.836183	-3.719728	2.181429	-10.758355	9.374045	4.193890	-8.755279	5.543817	-3.807201	-5.783463	9.374045	4.193890	-3.990745	5.543817	2.155035
2947	6	10.709653	5.105688	4.590715	2.990301	5.984615	4.215574	5.212821	-11.648585	-5.717558	4.981944	-10.224201	4.186677	-3.956899	11.222670	4.590718	-14.801938	5.984740	-3.104691	-9.454226	-5.569234	-5.717558	-12.971309	-10.223986	-5.779408	-3.217544	0.900132	0.021277	-12.619119	-0.871730	-2.508454	4.261355	5.359376	4.590716	-3.538709	5.984666	1.027584
2974	6	-12.265517	11.772673	5.266538	-11.981166	6.364228	-8.662423	3.811733	-7.038247	-5.952876	8.847494	-11.197023	7.132406	-10.155905	2.054892	-0.444784	-7.907619	-5.867638	-8.651770	-14.516922	-3.127931	-3.787362	-6.870424	-11.150625	-8.618019	6.100913	6.735734	5.266538	3.724849	6.364226	7.244941	2.412363	0.840714	-0.445828	7.776013	-6.221610	-0.101589
2992	6	-9.249026	-6.683330	-6.571167	-7.131633	-13.309538	-6.882622	2.214490	-0.800649	-2.833666	4.466834	-8.205562	-1.030518	-3.072113	1.116543	-0.387571	-7.148820	-6.776482	-6.889949	-8.548019	11.410219	5.784175	-12.089591	5.306405	-7.837996	2.424964	-1.838442	-6.079847	7.724967	-9.749956	3.824491	3.301354	6.455789	5.784175	2.971842	5.306292	4.989285
2999	6	-8.240326	3.858497	0.962840	-8.841415	-4.956305	-12.311678	-14.072089	11.957296	6.559475	-12.461108	6.851136	-12.383241	7.469305	-6.542289	-5.462586	5.592099	-9.495943	4.923120	4.327896	1.816188	0.951284	0.924149	-5.025289	-2.677576	4.311663	-2.087231	-5.191187	0.923471	-6.416413	-2.681033	4.601188	9.737948	6.559475	1.826825	6.850864	4.425858
3015	6	-10.849424	8.763163	5.321198	-10.833577	-0.479369	-12.802485	-10.931871	10.527308	9.465816	-13.434426	5.442759	-12.802496	-10.467103	-4.900048	0.914619	-7.020027	-8.866921	-12.802369	-1.016207	-4.900449	0.914619	4.980243	-8.866921	4.204192	3.856273	2.245216	5.305911	2.792273	-0.482724	5.266133	-1.451316	8.763097	5.321198	1.059910	-0.479369	3.654967
3028	6	-13.459816	11.538110	6.629543	-9.992764	7.062889	-6.315324	-11.567859	-7.851213	-4.205461	-5.468303	-7.122259	-6.315324	4.689513	-12.924572	-4.205555	7.681782	-7.719999	4.882042	-5.317227	-7.851218	-4.205461	1.500668	-7.122261	-4.565562	2.261341	7.660899	6.629543	2.797190	7.057679	4.401992	-2.816947	-7.852089	-4.205461	5.466062	-7.122571	1.875009
3035	6	-12.473716	-9.681629	-6.947478	-6.745433	-5.563652	-8.670830	6.546976	-14.518014	-6.947478	7.323727	-5.563652	8.339536	-15.188201	8.920201	5.345425	-9.387154	8.039633	-8.670830	3.710033	4.863952	5.345425	4.680511	8.039633	8.339535	-2.498113	8.920074	5.345425	3.122602	8.039633	4.068674	-6.424886	8.920201	5.345425	1.808064	8.039633	2.175740
3076	6	4.714296	-10.309616	-5.967649	8.229996	-14.885068	5.688353	-11.921476	-6.440741	-5.967632	-3.767414	-14.885068	-8.557135	-14.526479	11.409780	5.766098	-7.810436	2.847798	-8.557142	-5.307294	-6.440780	-5.967632	2.282806	-14.885068	-2.232060	2.293884	10.511630	5.766098	3.398088	2.847798	3.892756	1.052739	-0.564285	-4.252192	5.488854	-13.614735	-1.612026
3110	6	-8.123479	10.922363	6.208396	-9.994269	6.345619	-9.705087	-10.387629	-5.152197	-4.427580	-5.469576	-10.872887	-9.704732	7.208531	6.732002	6.208396	2.252700	6.345619	7.355899	4.954668	-8.069426	-4.427582	6.799310	-10.873268	7.355852	-5.457280	-5.160720	-4.427580	0.875714	-10.872895	2.242016	5.625746	7.564855	6.208396	-1.711221	6.345619	7.291615
3174	6	5.135105	-6.785563	-8.066543	7.934111	-5.600882	5.087184	10.298844	7.238257	4.229799	7.382377	6.443835	5.108505	-4.717068	10.829502	4.245712	-9.083555	6.518580	-10.751074	-3.460123	3.546833	-2.600528	-8.521133	-1.163752	-9.733452	-0.595630	-3.311148	-6.323397	1.356081	-4.206274	4.255523	-9.867384	-3.221806	-6.257453	-8.521095	-4.149452	-13.337298
3179	6	4.881812	8.518617	5.364378	2.013353	5.300474	6.057531	8.868638	3.941522	0.272894	4.438297	-2.064788	6.332317	-8.362551	7.286579	0.272894	-13.537978	-2.064763	-12.047507	-12.472083	11.863528	5.364378	-15.914552	5.300474	-12.083224	-11.455316	-2.553122	-1.940395	-13.520581	-6.866485	-12.080949	4.152707	-5.898462	-2.210294	4.450006	-6.866851	5.895033
3185	6	-4.825016	4.350093	2.845651	-9.348166	-7.741984	-9.939953	-8.894470	9.494521	6.284420	-11.695953	2.726474	-9.947925	7.452701	-5.892166	-3.602514	7.308425	-12.827058	6.481518	1.358125	3.705050	2.845645	-9.231329	-7.741998	-4.158097	4.681301	-3.730374	-3.602513	2.598691	-9.326677	0.264665	8.624242	4.007893	6.284418	4.081642	2.726474	6.480867
3192	6	-2.737237	9.219863	3.823022	-11.800898	0.095286	-7.987551	-8.168311	13.735993	7.236808	-17.380976	7.625895	-8.019672	11.989494	6.616891	3.822402	6.774801	0.094438	9.150180	6.492592	11.136329	7.236807	1.193040	7.625895	8.599525	-6.049514	-4.825139	-2.036301	-11.564711	-11.244498	-7.981796	8.677219	-7.426694	-2.081027	7.010709	-11.245617	9.152341
3276	6	-8.172378	2.524660	0.824705	-9.451746	-3.512691	-10.928445	-9.242860	11.562804	6.044528	-13.609532	3.681659	-10.928445	10.253644	0.075783	0.146228	5.978348	-5.267600	6.899809	5.753271	-5.705714	-5.400319	5.978345	-6.795445	6.899805	-8.386889	-3.188656	-5.380155	-9.451742	-6.795441	-10.928445	9.225226	9.214376	6.044528	1.750426	3.681659	6.899757
3278	6	-13.294958	10.756789	7.221161	-13.369544	4.733301	-10.728035	4.459317	-10.102744	-5.061150	7.636320	-13.428371	1.001184	-11.628454	-6.700203	-5.061094	-8.640206	-13.385415	-10.728035	-7.925623	3.014812	0.774569	-8.671289	-7.259248	-10.728035	5.544386	-10.102744	-5.061150	7.687017	-13.428371	7.354569	3.874246	7.354247	7.221161	2.948445	4.733289	7.343787
3298	6	7.276366	8.831257	6.976203	0.183307	7.070724	5.083742	-4.990907	13.136126	6.976203	-14.719808	7.070739	-7.128668	2.877522	4.233966	1.142837	-7.216103	-3.116563	-4.013329	5.803141	-6.785541	-4.194594	4.963085	-8.540378	6.886480	11.641799	1.846937	1.142774	4.945258	-3.320375	6.899824	-5.415950	-2.868382	-3.506559	-9.953960	-8.094996	-7.128879
3365	6	4.068713	3.331905	7.983543	1.124875	7.076401	5.615332	-13.801459	9.751324	7.993851	-10.500092	7.150431	-6.541376	-2.446139	-4.745568	-2.947247	3.521582	-7.833116	5.213431	3.565739	-11.250686	-2.947816	6.924589	-9.662757	5.615343	-8.897068	-4.745547	-2.947247	1.343414	-7.833102	-1.943482	-12.263074	-4.745547	-2.947247	-4.687350	-7.833102	-6.535282
3385	6	-9.711693	-6.260998	-4.003117	-5.702365	-7.117163	-4.202307	0.101344	-11.296120	-4.324775	5.417560	-7.242420	8.453452	0.453394	6.812141	6.967511	2.949060	5.407923	8.801870	4.553921	-11.299934	-4.324805	6.037804	-7.242431	9.003833	-9.376065	11.849958	6.985377	-8.241732	5.408839	-4.202312	4.893216	6.811014	6.967497	3.516350	5.407922	9.003130
3414	6	3.162322	-3.413046	-6.280706	5.690688	-2.054362	7.830926	8.330834	6.708325	3.998870	4.385957	5.139887	7.975839	-11.925652	-0.007013	-2.472841	-5.757706	-1.969893	-5.645245	-8.938598	11.364878	3.998870	-7.064678	5.139887	-5.658679	-1.410902	-0.007039	-2.472919	4.056487	-1.969893	4.190575	-5.951915	-0.007013	-2.472841	0.665185	-1.969893	0.170200
3428	6	2.604625	-7.324373	-5.219262	6.923310	-11.107877	6.029659	-11.270729	-6.031043	-5.219108	-6.339274	-10.508237	-5.925865	2.889051	7.646979	5.645843	4.090172	4.935662	6.086797	-12.352303	9.276339	5.645849	-9.182716	4.938100	-5.946775	2.240747	0.872914	0.665757	4.396985	-6.255798	-0.538724	-4.131643	1.827610	0.665757	-6.611493	-6.099085	-5.261789
3511	6	4.305517	-11.232720	-3.109996	4.963548	-9.871955	8.290048	-1.610135	4.952280	0.570543	-9.465136	-2.750917	-9.342895	-7.333764	-5.691106	-3.109045	-10.818609	-9.869046	-9.345703	-1.791653	10.354911	3.968979	-12.487491	7.138325	-9.344005	3.914743	4.916183	3.963153	-5.522863	7.136169	3.316500	9.192278	4.752121	3.961669	1.313015	7.135616	8.138904
3520	6	5.704333	2.198397	6.649973	2.135348	6.688260	6.432282	-9.451813	8.636752	6.693607	-11.737091	6.789450	-9.281857	-8.239770	-0.689626	2.472540	-7.010424	-6.099352	-8.599323	-12.605218	-4.150510	1.048506	-6.968950	-10.282154	-10.055415	2.998807	-11.153707	-1.786733	7.111892	-10.489555	6.410189	-3.956562	-4.150510	1.048506	2.850536	-10.282154	4.562721
3538	6	-11.639171	-4.563233	-5.566731	-8.448771	-10.129557	-5.995035	4.695326	6.531212	3.601590	5.932216	5.630312	6.795418	-9.624161	9.208885	3.601590	-8.819312	5.630312	-5.995035	2.964299	-6.259393	-5.566731	6.295014	-10.129565	6.795009	-2.929874	2.477966	0.818666	-7.971871	-3.934969	-5.994808	3.339713	-1.736425	-5.565116	6.298486	-9.993750	6.795307
3539	6	4.045642	-9.178399	-5.637499	6.848926	-11.001316	-0.803600	7.878095	3.972907	3.535899	6.310023	5.215856	6.091376	6.358381	3.972913	3.535899	6.293423	5.215857	-0.515621	-4.735880	-2.880143	-5.602887	1.047018	-9.577404	-5.450869	5.734747	-9.182466	-5.637499	6.866683	-11.001409	5.996336	4.047573	-2.405241	-1.793083	6.833168	1.476396	-0.803167
3550	6	1.373549	-8.038842	-6.095937	0.310659	-12.860799	-3.131831	-6.677281	11.677270	5.281284	-11.007491	6.050932	-12.909018	7.364905	-8.951065	-6.095937	6.877757	-12.860800	5.814382	4.433804	6.697906	5.281284	0.291216	6.050928	-0.277231	-5.979863	-3.935358	-6.093238	-9.680235	-12.851249	-12.905401	10.176000	6.679209	5.281284	5.650835	6.050928	5.814365
3553	6	-7.640488	2.040422	-0.330632	-8.822275	-2.305632	-9.264811	-13.672091	11.334962	5.497250	-9.222510	6.309538	-9.264907	8.742449	-3.973263	-6.759948	6.461209	-7.559093	8.174144	-7.930785	-2.271648	-6.758764	-8.836038	-6.599722	-9.264818	3.466098	9.686549	5.497250	5.546635	6.308695	8.173573	-1.850921	11.334938	5.497250	2.070667	6.309538	6.445589
3578	6	-9.678716	-10.814576	-3.010064	-11.516808	-10.617408	-5.552495	-6.955282	7.486635	4.742793	-13.109047	6.153431	-5.552495	-0.606162	-11.087709	-3.010064	2.613194	-10.617410	3.435316	5.964694	-14.691523	-3.010064	5.793893	-10.617414	5.800936	-5.837735	0.736302	1.597430	-11.555366	-5.144003	-5.552495	8.661435	2.416037	4.742773	4.298033	5.986940	5.800935
3619	6	9.010202	8.914362	4.991388	3.398106	5.882105	5.385509	-7.041877	2.856606	0.792715	-11.594209	-6.281057	-12.885810	9.844126	0.489076	0.724456	5.546117	-9.175506	5.459956	-8.640365	11.228229	4.991388	-13.720849	5.882105	-12.907302	-10.664798	-3.520604	-4.837438	-11.207836	-11.825701	-12.877342	5.591893	-5.835351	-4.838490	5.916540	-11.825702	5.464992
3621	6	-4.625809	10.622669	5.959356	-9.902961	6.324199	-7.452868	-4.615576	10.622388	5.946384	-9.879565	0.482767	-7.452861	-9.528120	-4.103260	-4.415657	-6.975788	-10.848966	-7.453210	9.244914	4.171042	5.946283	3.278363	0.482739	6.918066	4.400577	-10.550933	-4.415688	7.003858	-10.850128	6.916874	9.235700	4.171324	5.959257	3.259722	6.324174	6.918029
3669	6	4.402820	-9.752257	-3.850621	7.781085	-11.678216	7.542261	6.956751	7.602126	6.091723	3.698486	6.219015	7.544110	-7.659358	10.948589	6.091723	-12.947078	6.232451	-1.102992	-3.616764	1.755000	0.643138	-8.847675	-6.776112	-1.102990	-1.947105	-6.746004	-3.850585	2.188300	-11.435222	5.531332	-10.213698	-6.745924	-3.850585	-9.596547	-11.435208	-6.893656
3715	6	-2.013233	0.476198	-1.724305	-8.768215	-7.147396	-10.075057	-6.737470	-5.559533	-6.939514	-8.768381	-12.349277	-11.233455	3.886210	6.661636	5.352026	0.797109	5.208892	4.780720	2.193052	-0.082133	-2.924404	5.226128	-8.843831	1.405222	2.546505	-6.678112	-6.939792	6.882481	-12.349277	4.926767	-4.664329	11.424041	5.352030	-14.801128	5.208894	-11.233426
3750	6	-8.231486	12.844214	3.615883	-13.666017	8.953658	-10.094536	-7.462756	8.210846	-2.266451	-8.468637	-0.744944	-10.089367	9.513904	6.428365	3.615882	2.509600	8.953658	5.663708	3.757141	1.657056	-2.271041	6.810473	-0.748258	-1.236203	10.291446	1.642124	-2.271185	7.678430	-0.748362	5.666883	3.711026	-10.387686	-8.461445	7.671908	-6.545065	5.309109
3754	6	-5.495009	1.772714	-1.391684	-7.044084	-6.287794	-9.664517	5.478761	-10.791958	-7.068627	5.916984	-10.826346	0.236463	-12.250909	11.445486	5.039860	-12.620183	4.798023	-9.664519	8.022447	-10.791958	-7.068627	6.840677	-10.826346	6.331144	-8.554640	-5.544123	-7.068627	-7.044084	-10.824139	-9.664519	4.390683	6.197664	5.039814	0.062339	4.796957	4.502678
3788	6	-6.091311	-3.513331	-5.374781	1.150615	-8.796974	-2.931870	5.885941	-12.576913	-5.375669	7.245434	-8.958464	7.447720	-8.682694	-3.507314	-5.374759	-4.404149	-8.795697	-8.366889	-7.377263	11.428372	4.996361	-5.760874	6.180317	-9.293829	10.904755	5.123438	4.996361	5.905647	6.175779	7.546144	-0.321948	-7.881871	-5.375669	2.406719	-8.958063	5.210360
3793	6	0.959250	-0.514127	-2.457643	-2.082663	-6.169116	-3.715732	-8.104022	10.769298	4.266338	-11.193437	5.195537	-9.024437	5.413844	10.132153	4.266337	3.529033	5.195537	5.787978	4.324649	-4.881602	-5.846338	6.074338	-10.899576	5.752383	-5.057675	-0.215324	-2.076498	-8.592790	-5.514516	-9.022096	4.374313	10.217355	4.266337	-1.723610	5.195537	4.234768
3880	6	-12.135309	-5.561618	-4.848151	-9.660571	-11.855727	-11.648116	-12.650716	11.743600	6.086071	-12.287435	5.022798	-11.648319	-0.984817	-5.763676	-4.848151	1.605713	-11.855727	4.836349	-7.570491	1.361523	0.467016	-9.661013	-6.387364	-11.642648	4.845013	8.690582	6.086071	4.414830	5.022798	5.777838	5.207375	-8.883509	-4.848151	7.121212	-11.855727	5.780439
3968	6	-15.437000	11.663254	7.397179	-21.342741	8.927351	-10.724655	-0.552440	-7.446966	-2.758508	2.319143	-6.182784	6.994017	-2.036574	-5.323816	-2.758579	1.093118	-6.182810	6.753175	-1.097600	-7.295392	-2.758537	1.890445	-6.182794	6.968517	-2.122618	-5.069874	-2.758582	1.016065	-6.182811	6.714007	4.494882	-4.019789	-2.756967	3.894499	-6.182542	6.752426
3979	6	9.383528	0.195538	0.809967	6.984791	-5.543767	3.999671	-5.079422	7.078048	1.024580	-4.374243	-5.152089	-12.644590	-10.687322	8.014960	4.123308	-6.758633	0.011883	-13.627645	-11.227336	12.453026	6.391551	-8.826038	4.560243	-13.914961	3.288923	7.174410	6.391551	4.273395	4.560243	3.798615	3.894474	1.576002	4.112932	5.939657	0.002064	3.951641
4009	6	-8.852986	0.896196	-0.020350	-10.228955	-6.547604	-8.651469	-11.648003	-5.617147	-6.153896	-10.222232	-10.832745	-8.651469	4.613380	-10.572279	-6.153901	7.446624	-10.832745	6.512026	4.207581	5.542771	7.065557	1.951747	3.242092	6.340898	-12.193381	10.497046	7.065559	-15.717075	3.242092	-8.651469	-1.209498	-5.617563	-6.153896	1.147456	-10.832745	5.753502
4015	6	-8.727207	11.410852	7.790208	-13.608309	7.393623	-12.720632	-5.598936	6.230292	1.648210	-10.474395	-4.717065	-12.320202	-11.458456	-5.373588	-3.476895	-10.418204	-9.896400	-12.772402	3.939156	-7.173524	-3.492507	6.748753	-10.619713	4.209918	6.560282	7.707802	7.790156	3.970116	7.384647	4.509543	4.244552	4.209280	1.633140	2.462452	-4.810082	-0.366180
4029	6	-10.761900	13.056034	7.073627	-16.444659	4.691466	-12.054860	9.245452	2.017551	3.080537	5.771907	-2.940148	3.743866	3.020748	7.288150	7.073627	0.978972	4.679537	2.631039	4.178628	2.059877	3.081354	-0.172451	-2.925348	-4.921256	2.082950	-0.228285	-0.267048	1.124196	-6.688434	-3.116814	3.869186	-5.489067	-0.880639	7.390953	-10.947578	3.635981
4033	6	-11.977675	13.746255	7.188858	-16.681526	8.448069	-9.740478	-9.888481	-5.258435	-2.886363	-10.968698	-6.728112	-9.646248	3.307751	8.610160	7.188858	0.571237	8.448069	6.019881	-5.834508	7.728020	1.911086	-10.970808	-2.176122	-9.536459	5.884862	-11.020615	-2.890199	6.436402	-6.730079	6.698190	9.945483	1.904235	1.906183	6.434355	-2.186741	6.754716
4084	6	9.709590	8.124912	6.733307	-5.449352	6.961574	5.293880	8.957487	-1.956471	-4.091465	5.484293	-9.973198	7.546231	8.923846	-7.692848	-5.875257	5.506676	-9.975330	7.546225	-0.971580	3.579486	0.684833	-11.622717	-3.784777	-5.326620	10.589801	7.978752	6.733307	0.751772	6.961574	7.453075	-2.200274	13.897021	6.733307	-15.656072	6.961574	-6.108715
4094	6	-6.064151	3.258798	2.981000	-9.063967	-0.103066	-10.641682	-8.850297	0.234396	0.656835	-8.442580	-1.855416	-10.593038	6.089005	-5.910143	-5.613057	7.102493	-8.998770	4.922954	-11.697538	11.675995	6.597675	-13.407372	6.889898	-10.732232	-0.539274	-0.453399	-0.038981	3.891020	-2.589949	-0.019815	6.069603	8.483920	6.597673	2.219981	6.888528	4.665698
4100	6	-6.662890	1.776337	1.489441	-15.903768	-2.813104	-10.758243	3.890946	-5.903424	-3.258530	4.473518	-13.948009	6.485494	-11.804041	-3.466486	-3.177162	-13.934652	-13.947975	-11.208010	5.989678	-0.820691	1.478537	2.601969	-9.181130	6.600168	-7.971697	5.245344	3.309803	-15.947976	1.409783	-11.017016	7.743884	3.624888	3.309796	2.557683	1.409779	6.626021
4121	6	5.288042	-13.192346	-1.632735	6.221128	-8.429422	6.282520	-5.647213	5.386258	4.917763	-12.907228	-0.452000	-10.585547	-9.244594	11.990922	5.872213	-12.912569	5.830570	-10.822370	-9.687997	-6.971358	-0.688817	-11.540444	-8.429421	-10.828546	5.794577	5.839846	5.852830	4.850837	5.830491	6.320345	6.127831	-1.140273	3.507091	5.086616	-6.931792	6.339323
4210	6	-9.045563	5.463545	0.484619	-10.818799	-3.247797	-10.636837	4.424286	-9.556983	-5.296044	6.616167	-12.801362	6.491739	-13.644223	-6.276796	-5.294841	-10.741458	-12.801087	-10.824727	-10.448500	12.224318	7.089878	-13.348596	5.073917	-10.755735	7.633720	6.921094	7.089878	4.009861	5.073917	6.522908	-2.159142	-6.420278	-5.295152	1.150114	-12.801158	4.638205
4232	6	4.082953	-8.096766	-3.213956	7.675114	-8.780923	7.521234	-11.578432	5.291768	3.383014	-10.561417	-2.462148	-9.929915	-11.768040	12.029727	7.790020	-13.756757	6.466032	-9.929915	5.323246	3.110435	3.382883	5.786575	-2.677530	7.533236	-12.818835	-5.986051	-3.213916	-8.519301	-8.406763	-9.929915	5.132372	9.862723	7.790020	2.577354	6.465442	7.532891
4282	6	5.126378	5.358898	7.331115	3.499613	5.765066	7.217641	-10.239324	4.814105	3.716795	-5.825065	-0.448492	-4.515979	-10.239392	10.988710	7.331141	-7.309900	5.765067	-4.515980	3.270599	-11.773273	-5.051491	5.547228	-10.537415	7.218764	0.696041	-0.483313	1.299719	2.388016	-0.671035	7.194119	-11.956468	-6.490816	-5.051407	-5.147087	-10.537012	-4.515979
4289	6	7.227799	4.735790	5.889068	3.684354	5.122561	9.239769	3.449790	-8.208351	-4.829698	6.753395	-9.236118	9.233632	-7.496491	1.098187	0.286033	-10.138531	-5.145444	-9.571362	-13.741108	-5.195009	-4.829675	-9.908499	-9.236116	-9.571362	-3.079063	-5.195023	-4.829675	1.010491	-9.236116	3.224459	-10.003770	11.187183	5.889073	-12.978960	5.122572	-9.571362
4304	6	-5.512993	4.457832	0.397741	-5.795880	-5.030468	-4.388461	4.150416	-6.028231	-5.885571	8.634999	-11.340722	6.328858	-11.057248	11.572855	6.668892	-10.993887	6.972048	-4.400551	5.228332	6.487827	6.668580	3.702231	6.971791	6.326760	-6.249743	-0.835664	-2.226370	-5.822773	-7.438688	-4.388910	-1.349211	11.572796	6.668892	0.722520	6.972048	5.452992
4305	6	-10.206780	7.941244	6.615182	-13.623143	6.698133	-13.184436	-7.633079	5.538080	3.100838	-7.197378	-3.386768	-13.183728	6.692809	0.177877	2.425840	6.654136	-3.865805	3.664199	4.686963	4.939995	6.603533	0.078615	6.684877	3.650595	6.143283	1.155593	2.713309	1.878430	-3.680504	-2.718375	3.189599	-5.115980	-2.187355	6.656027	-6.772526	3.664181
4314	6	5.642956	7.683804	5.973748	2.224686	5.494182	6.474712	-5.893192	3.592037	-0.112008	-9.186135	-4.305624	-6.437683	-10.105666	13.416974	5.973748	-13.788006	5.494182	-6.438994	4.728381	-7.955803	-6.604661	7.061813	-8.291619	6.456978	0.905326	11.377611	5.973748	-8.556106	5.494182	3.116043	-11.020028	-2.187329	-6.604017	-9.030496	-8.251038	-6.438980
4325	6	-6.706617	7.830637	2.897954	-15.069169	-0.697319	-11.163007	-9.100861	11.038785	5.994638	-16.039847	5.881661	-11.163010	10.766235	1.554961	2.613187	2.919848	-0.944288	6.257235	8.819081	1.555106	2.613210	2.147229	-0.944255	0.256520	8.582633	-5.460283	1.554827	5.049525	-7.522440	6.258497	7.613281	5.100471	5.964848	1.489274	5.876217	6.089215
4340	6	6.508749	2.490432	5.563312	-3.796695	-1.702800	6.173010	-3.023771	6.959499	5.563313	-14.985884	-1.700373	-3.050408	6.043029	7.514077	7.663254	-5.156345	2.889250	5.864903	7.443301	-6.171570	-0.782125	6.840306	-11.116803	9.146950	10.673413	2.387424	5.563312	1.826690	-1.703173	8.692059	-3.468304	11.825564	7.663254	-16.487000	2.889253	-3.050642
4367	6	10.424341	5.781574	8.351836	3.454448	5.657317	7.144289	-5.902763	3.087041	2.726270	-9.205620	-3.458346	-9.511125	6.074983	-8.674742	-1.874028	9.020464	-10.351363	7.144189	-7.374258	11.370601	8.351836	-10.987723	5.657317	-9.511142	-6.143376	-3.085110	-1.873954	1.274718	-10.349440	-1.911795	-11.704060	-3.085110	-1.873954	-5.483134	-10.349440	-9.502039
4422	6	6.116064	-6.221744	-8.079084	6.679007	-9.546549	6.504130	2.905602	0.369543	-2.553600	-5.392499	-3.441413	-2.062194	-2.977271	10.736000	4.001366	-15.102465	6.429472	-6.475435	3.098561	6.461497	4.001079	-8.790194	6.429265	-1.961891	11.465247	4.091118	3.993680	3.146529	6.423903	6.497346	7.961462	4.091118	3.993680	-2.755511	6.423903	4.727450
4441	6	9.847693	-13.669455	-6.456490	6.792266	-9.368088	5.903569	-6.190840	-7.573151	-6.456490	-7.643909	-9.368088	-11.383847	4.377676	-13.668875	-6.456490	4.821820	-9.368088	0.093436	-4.556411	10.249168	4.182738	-8.117018	5.007289	-11.383847	11.571601	4.152818	4.182629	6.319061	5.006970	5.903569	6.086704	4.152823	4.182629	4.341936	5.006970	0.094412
4447	6	-13.738603	10.192561	6.523655	-9.441467	6.021894	-8.743732	-13.432390	-5.893933	-6.130967	-8.110464	-9.063599	-8.743732	4.566521	-11.444556	-6.130967	6.777140	-9.063600	8.538477	4.255747	4.797208	6.523655	5.442726	6.021894	8.538463	-2.041343	-5.893933	-6.130967	2.034224	-9.063599	5.261421	-2.517058	10.192561	6.523655	0.129257	6.021894	4.168854
4501	6	-6.232924	6.989711	7.928362	-14.920310	-2.286440	-12.500842	9.391018	3.747099	7.928116	1.560868	-2.286441	4.329312	9.118199	5.491040	8.433628	1.557511	2.794523	4.328139	6.421954	-8.130403	-2.521816	7.733787	-12.742779	4.432945	-6.508808	8.733634	8.433635	-14.968024	2.794523	-12.500842	-9.039439	-4.833832	-2.511770	-8.960225	-12.740311	-12.500842
4516	6	2.782628	-12.014588	-6.776524	8.102595	-7.710931	7.294612	4.677096	5.215441	5.170331	5.699579	5.201461	7.431198	-1.411594	1.551957	-1.210633	-7.793391	-3.706819	-11.409466	-13.648791	-5.570605	-5.600399	-7.791114	-7.710888	-11.410144	-11.836883	11.667530	5.207905	-10.844734	5.206864	-11.410144	-7.048370	4.231997	-0.866252	-7.794796	-3.703755	-11.410144
4517	6	2.433810	-6.787068	-4.585585	6.820768	-15.145867	5.902640	-1.640292	2.297701	0.524430	-4.807590	-9.266569	-9.134939	4.393334	5.536890	6.600505	0.934009	3.893258	6.553739	-6.120310	11.040308	6.600508	-11.808852	3.894543	-11.481248	-8.083427	-5.199748	-4.585583	-5.450592	-15.115282	-11.716755	2.496095	-1.466350	-4.514248	6.853273	-12.827244	5.932543
4524	6	4.949388	-13.648458	-7.733864	6.444252	-8.162508	3.115960	-9.764394	-7.038992	-7.731666	-4.108585	-8.161980	-13.337871	-5.374419	-7.038992	-7.731666	1.732085	-8.161980	-4.928848	-6.704954	3.039181	-1.167811	-4.108585	-2.535763	-13.337871	-2.304585	3.038868	-1.167843	1.732102	-2.535808	-4.918330	-9.628526	8.663644	4.500230	-5.453495	6.883216	-13.343131
4540	6	7.253238	6.946425	5.485179	1.210069	6.723248	7.273733	-9.369569	2.089349	2.283630	-10.459831	-1.922633	-8.321139	-9.585699	11.271584	5.485186	-16.226507	6.723253	-8.321139	-15.597852	-3.947131	-3.854801	-10.403049	-8.759072	-8.321139	1.020905	1.969940	2.236741	0.992780	-1.984911	-2.623062	1.985832	-5.047311	-5.298895	7.024148	-8.764099	4.445152
4557	6	-10.810580	8.949765	6.642927	-9.697572	4.674521	-9.724590	3.601298	-14.052436	-3.855723	8.690415	-11.921783	6.870943	5.164522	3.491684	6.642926	2.976333	4.553897	6.984290	-6.118158	4.277358	2.477928	-4.470494	-2.439231	-9.366354	-8.664836	-8.613561	-3.855723	2.098426	-11.693628	-3.358858	-11.236646	-1.988614	-3.767100	-3.984793	-8.022588	-9.725254
4566	6	9.937061	2.838630	-0.280863	4.917449	-0.235787	7.800316	5.693378	-9.731353	-6.081930	4.917867	-8.088504	7.668935	9.707181	9.039988	2.801814	4.676249	5.569048	7.798990	-5.840939	-7.598803	-6.081930	-10.681792	-8.088504	-6.386177	-1.585112	4.846108	-0.280845	-6.344654	-0.235766	-5.164256	-1.815178	11.046835	2.801814	-6.692884	5.569048	-5.302277
4596	6	10.869453	1.425888	-1.895395	4.875646	-7.862934	5.133866	-5.912720	1.506460	-1.895193	-9.654045	-7.850230	-12.568568	-6.852535	12.880087	4.656862	-10.293165	4.571131	-12.568568	9.922813	12.799565	4.656862	4.234324	4.571131	5.133865	-12.079677	-3.703580	-7.309138	-9.652918	-13.829902	-12.568568	4.604720	-3.851301	-7.309168	4.876592	-13.839417	5.133714
4620	6	-13.504147	6.848784	2.342603	-8.570499	5.242144	-9.684326	8.947040	0.692483	0.426505	6.991784	3.735493	5.315911	-13.393252	-4.667200	-8.604499	-8.569647	-5.761218	-9.684325	4.484161	0.946373	-4.589767	2.153852	-0.882869	-0.812251	9.675723	0.603896	-5.672349	6.991785	-1.434482	5.315911	4.477423	-10.403963	-8.604499	6.991449	-9.320293	5.315549
4624	6	6.239758	1.940093	0.642224	6.747381	-6.431111	6.717427	5.337892	-8.586740	-5.147872	6.827738	-10.288807	6.692891	-9.595304	5.595544	0.642301	-9.759660	-6.414702	-9.751446	-10.502040	-5.693614	-5.147872	-9.679264	-10.288806	-9.759975	-9.940343	11.631148	6.682868	-11.908019	4.987643	-9.755327	5.899472	8.285189	6.682868	4.599011	4.987643	6.709862
4658	6	-11.345681	11.438612	5.269619	-12.656385	6.648551	-0.250824	2.951262	-8.160708	-3.492450	7.049792	-8.864127	8.092746	-3.097475	-4.110249	-3.492450	0.823211	-8.864062	4.280518	-8.333756	1.069511	0.142535	-10.524284	-3.810254	-0.250824	6.267347	5.706216	5.269619	4.825442	6.648548	8.277491	-14.206554	-4.110249	-3.492450	-10.377846	-8.864062	-0.250824
4694	6	7.281599	-0.701610	-1.985762	6.030222	-8.773536	8.442969	4.804502	-3.922372	-3.692226	6.028880	-11.009978	8.431501	0.653754	11.226876	5.004771	1.293601	5.564937	6.441153	-8.683145	4.727461	-1.293419	-7.998806	-5.705926	-1.036346	6.591584	7.298683	5.001244	5.746259	5.564936	8.440496	-11.309897	11.745268	5.004846	-8.416256	5.564937	-6.530756
4719	6	10.558495	7.895599	4.404018	3.236321	6.085862	7.084740	9.783336	7.955744	4.404346	2.842736	6.086197	0.800730	-7.348483	12.991626	4.411826	-11.600933	6.093768	-11.074709	-6.268651	2.637303	-2.431850	-8.643365	-6.446696	-11.074707	5.714083	-7.400943	-8.230122	5.610119	-13.034844	7.083825	4.978244	-6.925042	-8.074842	5.211462	-13.034844	0.795538
4720	6	-6.411335	1.033941	-0.824816	-9.416323	-6.395188	-8.159047	-10.388637	-5.750562	-4.417693	-9.416328	-12.234410	-8.159280	-9.643699	9.008715	5.707376	-14.668875	5.813989	-8.159278	6.744398	-10.245843	-6.689251	8.100915	-12.236082	6.071497	7.545213	4.649456	5.692136	2.850116	5.813441	6.072487	6.718837	-10.245842	-6.689250	4.660300	-12.236082	0.183308
4761	6	8.390322	3.208157	2.989577	5.136753	4.162948	8.331125	-7.302398	6.802088	2.994524	-11.337565	4.241757	-5.838218	7.377090	-3.686360	-9.253626	6.050038	-7.068137	8.349806	-6.636927	5.053384	0.428577	-10.355429	1.530394	-5.777644	-6.694764	2.038730	-3.636894	-10.355252	-4.723364	-5.782658	8.943580	1.132575	-0.985048	6.051278	1.306095	8.359050
4794	6	5.404817	-12.325811	-5.681837	4.762199	-10.998914	7.296073	-5.456658	9.489558	6.382631	-19.143308	6.508322	-6.737740	2.147684	7.710325	6.382631	-8.124312	6.506285	4.035739	-6.632445	-2.102640	2.414762	-15.486011	4.471018	-6.736533	2.843002	-11.369883	-5.681837	-1.721065	-10.952737	6.578547	-5.095396	-7.390083	-5.681745	-13.050647	-9.990826	-6.730768
4811	6	-8.906604	12.896002	8.182058	-15.761067	7.031027	-9.845607	5.910683	-12.461965	-3.611063	2.238852	-7.077759	-0.287264	3.287577	9.307013	8.180873	2.088531	7.028731	4.836792	1.463274	-6.242509	-2.779491	-9.399395	-6.914092	-9.378759	7.478270	-12.462895	-3.611073	7.835340	-7.077761	5.005456	-4.818630	-6.209412	-2.765030	-10.471806	-6.910407	-9.845571
4860	6	3.217639	-0.546965	-6.270980	2.620778	-8.477443	0.014496	1.569770	3.443844	-2.228088	-4.565737	-8.041737	-5.065878	2.737408	8.815689	4.338960	1.586484	3.490253	-0.046510	7.054946	-5.721201	-8.513668	7.552350	-8.552514	6.580514	8.911706	5.713558	4.338885	6.584541	3.489669	6.580525	-5.662008	10.680308	4.338960	-11.252672	3.490260	-12.923540
4888	6	-10.537609	12.706007	6.144821	-18.233371	5.149331	-8.821697	-7.498335	5.833535	-0.262680	-13.370309	-3.872371	-8.821532	-8.633699	9.757972	0.691654	-13.493279	0.894228	-8.821664	-11.872712	-3.039148	-3.662307	-13.548310	-7.136020	-8.821699	8.100782	6.355363	0.690779	3.084216	0.894143	6.922975	9.324758	2.312211	-0.441764	3.108457	-3.885779	6.924334
4894	6	4.472290	-10.439875	-6.631072	6.352194	-10.296133	5.282384	-5.546274	8.041328	3.537217	-7.156692	5.593143	-9.253704	7.777651	2.159088	3.536466	6.088641	5.298097	5.282664	-8.833409	-5.566688	-6.617192	-6.892621	-8.941636	-9.253243	3.101370	-8.128168	-6.631005	5.599056	-10.007213	0.086742	6.673168	2.413839	3.536775	5.336928	5.342896	0.093335
4955	6	-9.579920	13.138913	7.476457	-7.302911	8.244188	-7.756467	7.167181	7.855497	7.476455	5.942154	8.244188	9.351034	3.998001	-5.856189	-3.660750	9.229003	-9.866215	9.034192	-3.535214	13.138651	7.476457	-3.325301	8.244188	3.522273	-12.684830	-2.950142	-1.428275	-4.057518	-9.862171	-3.594907	-0.806864	-2.966307	-1.450386	6.141926	-9.862518	6.326430
5024	6	-15.873868	8.710038	7.011992	-11.760823	7.955140	-9.932663	4.161184	-9.697038	-4.944143	5.417657	-10.962560	6.897178	-4.369077	1.611423	1.310818	0.443356	-2.937936	-5.378088	-7.561673	-6.576849	-4.895200	0.443371	-9.852914	-5.378058	-8.061785	1.611426	1.310818	-5.429111	-2.937936	-9.932420	-11.254330	-6.576849	-4.895200	-5.429088	-9.852914	-9.932420
5052	6	-7.600398	11.931593	9.830387	-12.424900	5.942369	-10.477195	8.930623	7.322497	9.820151	2.896016	5.942368	6.464952	5.793138	-9.570642	1.918021	7.382537	-6.785643	6.465651	-7.624626	6.294764	7.353273	-12.413542	0.670072	-10.477195	-10.669522	-4.991442	2.940460	-7.945385	-4.151524	-10.477195	8.198760	0.988320	6.697812	2.964345	0.091029	6.465073
5054	6	-9.162228	10.499972	6.388544	-8.510435	6.674528	-5.351318	0.620560	-6.586600	-6.387490	5.437702	-12.103822	5.063439	3.963401	-8.016006	-6.387492	6.163600	-12.103822	6.607840	4.975135	8.028384	6.388544	2.991525	6.674528	6.721962	-4.623031	-6.289024	-6.387488	0.281938	-12.103822	-3.748489	-10.113287	-6.280208	-6.387487	-5.240077	-12.103822	-5.360769
5057	6	-9.648850	-3.180658	1.873862	-7.722955	2.739439	-8.586457	-10.818985	-6.932067	-4.893080	-7.721928	-5.341844	-8.586457	6.012871	-12.212064	-5.247443	9.056478	-5.348512	6.784986	-10.408357	9.341828	6.476515	-13.967567	6.895737	-8.586471	6.058790	-9.292404	-1.993831	9.056478	1.411340	6.784986	6.462062	3.920095	6.334449	2.822046	6.876297	6.781599
5089	6	-10.192378	11.887409	6.092249	0.851871	4.947695	-5.298713	-16.545303	11.887409	6.092249	-5.130888	4.947695	-9.127068	-0.621198	-1.430572	-5.343063	3.724683	-9.639602	5.885991	5.119426	-1.448230	-1.941030	6.107841	-3.273727	7.189560	-0.628721	-1.289737	-5.155738	3.717281	-9.453432	5.858174	3.060599	-4.443456	-5.581612	6.164992	-8.447431	7.786197
5100	6	-5.103791	8.125916	-1.509716	-8.443802	-4.665593	-8.624167	10.948013	4.658903	-1.509718	3.986272	-4.665594	7.993640	10.853144	5.785423	-0.268783	3.986271	1.638362	7.993640	-8.284697	10.694029	3.106462	-8.480656	3.376334	-8.667875	7.767145	7.227017	3.106462	3.949417	3.376334	7.993620	-5.198664	9.252434	-0.268783	-8.443803	1.638362	-8.628713
5126	6	-10.146890	-3.479642	-2.556466	-8.232561	-11.621260	-2.294149	-4.932901	6.650868	1.475680	-8.108073	-5.500639	-2.292684	9.282402	1.679533	0.839339	4.933771	-5.555077	8.379233	-11.023124	12.814998	5.991341	-13.921603	5.727766	-2.301941	3.979017	-7.900890	-3.853552	4.932298	-11.621262	8.369765	-1.302011	-3.479650	-2.556470	3.637978	-11.621260	5.165020
5132	6	-9.235608	3.237230	0.080832	-3.457218	-5.079004	-13.749913	-9.991230	9.239512	6.555518	2.300951	6.243985	-10.318988	-3.486920	3.237230	0.080832	2.426014	-5.079004	-10.289174	-5.011354	-1.387769	-2.770953	2.427501	-11.492516	-10.288859	-15.768675	9.239512	6.555518	-3.582111	6.243985	-13.835580	-10.759622	-1.387769	-2.770953	-3.455732	-11.492516	-13.748884
5141	6	1.976073	11.099166	6.418228	-16.060816	5.390725	-4.983457	8.084444	5.154077	6.418132	0.926886	5.341813	6.270667	0.700920	-4.444000	-2.918452	-12.595622	-11.313278	-6.326374	5.454260	-10.869581	-2.920597	6.891473	-13.158554	7.042574	-5.776156	-4.425919	-2.918370	-12.631353	-11.300520	-9.743315	-4.484394	11.611008	6.418228	-18.596007	5.390971	-9.731774
5152	6	2.731947	-7.574985	-5.513829	3.045844	-8.573001	0.052474	-7.293083	-6.095237	-5.513824	-0.560778	-8.170144	-8.016787	6.575814	-11.419982	-5.513829	7.517132	-8.840401	5.808470	-6.583353	10.664896	6.176363	-12.189711	6.451722	-12.238837	-2.147622	2.130929	1.128939	-0.574941	-3.301384	-1.501222	7.628001	5.225854	6.176362	0.188220	6.399333	4.720682
5163	6	-10.836388	12.579953	5.345434	-13.850261	9.288585	-6.715113	8.711990	2.849062	0.647804	7.755146	1.538009	6.595597	6.848729	6.051423	5.345415	5.676307	9.288377	6.595595	-8.974612	9.607847	0.806074	-11.560697	1.590301	-6.715113	-3.587403	-4.455515	-7.390290	4.649999	-9.089392	4.843652	-14.684963	-4.454484	-7.390283	-11.862852	-9.088892	-6.715113
5172	6	-6.044837	4.476980	4.538025	-3.926114	-0.600057	-10.275003	-6.810411	-6.610971	-3.966405	-2.000114	-7.705126	-10.308105	6.613912	-10.970726	-3.966640	8.630437	-7.705227	6.565793	6.553232	6.706404	6.750613	3.706457	5.097110	6.562083	-4.424460	-1.837600	2.352011	-2.193140	-6.403398	-10.095604	-9.248803	11.066123	6.750613	-6.927690	5.097111	-10.358754
5185	6	-0.044926	-4.313475	-5.669222	-8.494956	-6.215900	-9.564023	4.936672	2.478297	1.427725	-5.693292	-0.295298	-4.098789	-0.266648	11.630455	6.745628	-13.406880	6.363980	-9.564441	8.239727	2.478297	1.427725	1.263937	-0.295298	-1.090329	10.333392	2.478297	1.427725	4.723562	-0.295298	4.496949	6.774211	-10.554168	-5.669631	4.664776	-6.356008	4.496947
5186	6	-11.036432	10.198491	6.772462	-13.819330	5.091203	-9.495174	7.847429	2.029685	4.475379	3.328798	-1.279623	7.627672	3.386802	-12.360086	-1.727311	8.198609	-12.543690	7.570337	0.133349	2.379631	4.476428	-11.954038	-1.279166	-9.467411	3.267950	5.370984	6.772462	3.037750	5.091194	7.538164	-10.917433	-7.530217	-1.727311	-8.693501	-12.439895	-9.495173
5192	6	9.604912	1.336463	-1.370613	7.248247	-7.829052	6.414065	7.166089	1.336547	-1.370606	-1.018972	-7.829011	-5.135446	5.406084	-5.957241	-7.666570	7.250839	-13.010201	6.409457	7.745810	5.044718	5.068560	3.444997	5.117208	6.412879	3.422290	-0.734677	-2.870967	-1.165935	-10.197845	-5.559766	-3.345743	10.579109	5.068581	-11.207783	5.119832	-11.355253
5227	6	-5.382024	9.133245	7.524672	-11.206994	6.951050	-9.535112	9.252622	-12.828935	-2.804505	6.051644	-3.552323	6.036671	8.893501	4.367151	7.524633	3.787452	6.951048	6.036671	-5.195011	-8.034093	-2.804505	-8.745644	-3.552323	-9.535112	3.670438	-10.833333	-2.804505	4.362803	-3.552323	-0.344426	2.984596	6.808006	7.524671	1.731307	6.951050	-0.491820
5238	6	2.587545	8.539675	7.410200	-8.251126	6.200267	-6.647874	-5.802705	-8.239892	-2.880961	-11.253135	-4.746593	-11.574364	-3.280642	9.612498	7.410200	-14.330269	6.200267	-11.523215	6.149117	-14.672884	-2.880961	6.059084	-4.746593	5.892483	8.660877	3.111122	7.409745	2.981718	6.200266	5.895412	4.864676	-13.983073	-2.880961	0.691800	-4.746593	-0.140597
5253	6	5.419295	-8.728193	-2.542656	6.545119	-4.917613	7.250719	-11.180620	6.941679	7.873723	-11.076531	8.127569	0.981022	-11.363061	-5.831020	-2.512540	-5.615803	-4.917525	1.003618	5.309678	-4.631326	0.014599	6.540284	1.587380	7.250678	-12.572914	6.941743	7.873723	-13.558294	8.127569	-4.820199	-12.796733	-5.830963	-2.512538	-8.129380	-4.917525	-4.816900
5277	6	-7.926205	4.799405	1.923732	-9.876360	-2.576232	-11.878864	-10.708051	13.211490	7.872785	-13.430155	7.068281	-11.959965	-8.378986	-3.638837	-2.886814	-9.505936	-6.029862	-11.854125	2.531691	-4.353830	-2.895924	2.123287	-6.320969	-0.448653	3.357784	-6.418825	-2.898561	6.551812	-6.785853	6.576385	6.812909	7.017828	7.872784	2.634025	7.049882	6.403221
5316	6	-10.848936	10.224229	4.093189	-11.217888	0.134828	-5.068871	-14.057847	11.724896	7.896509	-11.338838	6.094844	-5.068872	5.636577	-10.878449	-2.878914	6.224467	-8.356969	6.312784	4.396320	5.217978	7.896508	1.241189	6.093613	6.209636	-12.885625	-4.367382	-2.878914	-6.152506	-8.323231	-5.068871	7.663461	3.698081	4.081715	1.419735	0.124674	6.334856
5321	6	-3.247124	4.579913	1.209477	-9.103930	-0.809107	1.352939	-8.433377	12.624994	7.643346	-12.907577	5.689834	1.352939	6.560366	-7.146558	-3.146724	6.910088	-7.250839	8.726405	-12.045077	12.624994	7.643346	-13.267053	5.689834	-4.498361	4.542974	10.461813	7.642613	3.571047	5.689834	8.725863	-6.858832	4.579913	1.209477	-10.135684	-0.809107	-4.498361
5331	6	-9.529637	7.370780	5.284250	-16.801128	0.731225	-11.171471	-10.125353	-6.034463	-5.772742	-11.920964	-10.202931	-11.171472	-9.706837	11.154029	6.734367	-17.140200	5.403128	-11.171471	4.130696	-8.015649	-5.781213	6.835171	-10.848442	7.203290	4.753221	4.808986	5.231959	1.547916	0.650649	7.194433	4.553438	8.934124	6.734147	0.917853	5.400113	7.126231
5337	6	4.173631	-11.982174	-3.168610	6.564990	-6.468500	6.666576	-8.359399	-6.137794	-3.168610	-5.196194	-6.395113	-7.353166	-6.448080	8.278877	5.872104	-8.132103	8.990072	-7.300251	5.788122	1.721005	5.872007	3.467770	8.939809	6.666685	-1.147472	-6.137867	-3.168610	4.024370	-6.395120	6.021288	0.616293	8.271275	5.872104	2.054103	8.990072	6.579520
5349	6	-10.117167	-2.431286	-8.365487	-10.315348	-7.913277	-5.410121	-9.708281	11.316526	4.178856	-11.331677	5.794803	-5.410121	-9.594911	6.823358	4.110211	-11.204225	0.422964	-5.410121	7.571203	-6.237832	-8.386439	6.861295	-10.269239	6.998114	8.672704	7.510518	4.178856	5.862817	5.783281	6.998114	9.032432	2.427646	3.985744	6.195341	-0.065843	6.998114
5370	6	-5.311215	7.778315	3.995740	-13.829264	5.950876	-7.172457	5.009851	-12.716599	-5.085050	7.615828	-10.635721	0.686408	-5.818165	-9.151678	-5.085050	-11.222822	-10.635721	-7.172457	5.918637	-12.733038	-5.085050	7.718382	-10.635721	4.802447	5.516670	4.281739	3.995717	5.009329	5.950866	0.686408	6.425456	4.277537	3.995717	5.111750	5.950866	4.802447
5386	6	-14.437184	-6.382710	-1.608800	-11.418134	-10.766228	-10.672315	3.950437	-11.996389	-1.608805	6.172690	-11.508182	7.042065	-9.127573	7.364137	4.489693	-12.737731	-1.948725	-10.489464	5.206654	5.301548	6.514069	0.345917	5.174584	6.624549	-13.051318	11.037789	6.514071	-17.398662	5.220248	-10.729311	-2.559829	-6.382721	-1.608800	0.041576	-10.766233	4.153555
5423	6	8.149731	3.685485	3.094554	9.196995	-2.413464	6.412521	-10.641226	12.512057	7.700969	-4.752216	6.627348	-7.971816	-8.391353	8.907127	3.095210	-2.545069	-2.411895	-7.971793	0.895225	12.509230	7.700969	5.995317	6.627348	6.402140	3.592626	-4.724307	-1.231987	9.417952	-8.155348	6.412520	6.926638	7.291114	7.700969	6.991334	6.627348	6.412521
5432	6	10.650689	-10.215202	-2.198452	5.835873	-8.683196	0.575763	-7.071465	10.617291	6.869142	-13.284943	2.360818	-12.161709	4.519748	-6.665398	-2.198452	-5.287468	-8.680468	-5.415097	-2.579861	-4.047193	-2.198435	-11.580078	-8.666961	-10.938289	6.172254	6.618235	6.868212	4.300203	2.359592	0.574986	11.545354	-10.341675	-2.198452	5.835904	-8.683217	6.025956
5470	6	-8.855756	2.753885	1.291602	-8.399066	-3.511907	-9.887727	1.821961	0.394886	-1.807524	4.364785	-7.902339	0.126405	-10.635554	12.555601	7.841323	-12.460657	3.185124	-9.887727	-11.434209	-4.127998	-4.325169	-8.396534	-8.504811	-9.887727	2.116931	-7.018071	-4.325170	8.978542	-8.549523	6.209480	2.937873	6.973654	7.841100	4.914430	3.181530	6.209771
5529	6	-9.572966	-3.465290	0.116795	-9.580087	-8.972277	-11.360974	10.221805	1.734424	2.178389	7.440550	1.168021	7.368609	-4.295317	12.809839	4.373610	-10.309797	6.102224	-11.436023	-3.584789	8.244049	2.216520	-9.618561	1.177458	-11.365827	9.557548	6.590037	4.372586	6.856025	6.099353	7.366040	4.182019	-7.601970	-2.268260	7.649232	-9.221538	7.363710
5592	6	-9.556246	-8.217924	-4.824310	-9.655271	-8.289031	-9.576853	5.545163	-13.688456	-4.824311	8.052986	-8.289031	6.496069	-9.180466	11.107677	6.926696	-11.663349	5.273565	-9.744754	5.911959	5.634926	6.926696	6.044908	5.273565	6.512268	0.473886	-8.218754	-4.824310	2.307595	-8.289031	-1.383399	-6.104814	4.659327	5.056967	-11.657489	-0.194064	-9.618031
5602	6	6.731655	-12.553775	-5.576320	6.486013	-11.784977	6.521463	4.283985	-10.854571	-5.576320	-1.563870	-11.784977	1.028185	8.112763	3.933420	4.487801	-6.130524	4.027782	1.029676	-4.434122	-0.639641	-3.747728	-7.142567	-8.138171	-6.280963	10.415134	3.932233	4.487801	1.902564	4.027782	6.456093	-3.713773	9.930395	4.487952	-11.712196	4.027784	-6.280962
5629	6	-14.381156	13.306915	6.400362	-14.908225	6.570304	-9.803140	-8.377442	3.161018	0.620457	-10.913112	-2.880287	-9.401030	4.302156	-1.892945	-1.660934	4.540673	-6.179038	6.236420	3.842887	-6.282612	-4.821593	-0.973021	-6.283974	5.945383	4.003369	-1.623347	-1.453095	-0.973006	-6.105875	5.972761	4.225226	-6.575679	-4.953765	4.540689	-6.283980	6.225662
5643	6	-14.119276	9.729032	6.888055	-10.327647	7.100402	-8.257822	2.447005	9.279457	6.887202	0.256511	7.100371	-0.163050	6.729214	-11.081904	2.498283	7.700493	-8.313223	6.448127	4.474675	5.736223	6.853852	2.474407	7.099125	6.448126	5.484316	-11.081726	2.498283	5.487221	-8.313223	-0.160331	-11.851538	-6.943716	2.528470	-5.130466	-8.264853	-8.248943
5657	6	-11.551514	-4.015196	-5.309621	-9.221583	-9.659648	-7.813165	-13.181064	10.682458	5.309784	-13.311021	6.516782	-7.819844	6.369921	-9.990086	-5.798626	7.599135	-9.674252	8.850173	-6.975736	2.325729	-0.162002	-9.213385	-3.743995	-7.604992	4.615654	5.285282	5.309350	3.459222	6.516541	8.788666	-0.627633	-4.027147	-5.316398	1.083335	-9.660005	7.181474
5663	6	3.822021	-9.598296	-3.231860	9.094305	-10.507778	7.574573	-12.673848	9.207737	5.951606	-6.167659	6.669944	-11.140913	-10.338896	-5.659038	-3.231860	-3.739970	-10.507775	-11.021287	-6.421715	0.159856	-2.492361	-3.754588	-6.000524	-11.023670	-7.264673	-5.659038	-3.231860	1.115427	-10.507775	-6.303106	-3.312971	0.159851	-2.492370	1.177015	-6.000543	-6.260620
5745	6	8.180846	2.627613	2.565182	0.531398	-1.117555	6.804651	-9.227707	8.714449	2.572670	-11.192798	-1.080890	-12.529449	4.681262	-9.914713	-3.204658	7.253354	-10.614856	7.019208	-13.221519	11.385002	9.034237	-11.193520	5.018450	-12.529449	-12.709488	-4.211160	-3.204568	-4.927818	-10.614338	-12.206534	4.174507	6.176837	9.034237	0.529836	5.018428	6.757955
5757	6	-8.383328	9.478183	8.544474	-9.204328	5.816456	-12.513069	-6.201012	-6.691917	-3.070144	-4.072457	-9.760665	-10.378860	4.252729	-9.169058	-3.070198	5.000224	-10.156809	-1.671117	10.567373	-11.999426	-3.070198	6.809065	-10.247033	4.554653	-5.787920	1.362434	2.488639	-4.731031	-3.969593	-10.848926	8.344952	4.584090	8.544474	1.425362	5.790036	4.214788
5770	6	4.886775	-6.765234	-1.945070	5.064253	-11.988928	7.882748	9.815697	3.120109	3.979681	4.724915	-1.155366	8.085948	5.463978	6.655451	5.940213	1.373976	4.215049	7.918372	-6.347586	12.230651	5.940213	-12.766489	4.215109	-9.258876	-1.908571	8.779537	3.980251	-9.400553	-1.132929	-6.962185	-4.378830	-1.145754	-1.922697	-9.071930	-7.186091	-8.602177
5802	6	8.736492	-8.745358	-4.701757	9.072449	-12.850025	4.896876	-9.484801	12.482357	7.684506	-12.483490	6.401744	-11.048617	4.091049	-8.550909	-4.701757	3.232288	-12.849898	-1.288909	-6.610975	2.291315	1.810201	-7.156003	-6.607852	-10.967366	-7.724103	-4.371431	-4.701429	-7.138419	-12.683750	-11.017389	7.019647	8.111772	7.684506	3.721432	6.401719	4.853511
5850	6	-6.253695	11.490207	6.207588	-15.373405	6.615783	-6.425913	10.380410	1.077363	2.978382	6.078648	-2.231307	5.764745	-6.150223	-2.859860	-4.954254	-9.132456	-5.332418	-6.420035	4.454616	-6.132483	-5.033790	6.973727	-5.334078	5.557524	5.999511	4.597925	4.932571	1.625848	0.469252	5.550029	-4.752103	7.856649	4.932591	-14.195889	0.469284	-6.288482
5854	6	-5.266112	11.301800	4.232041	-12.165337	5.619531	-13.587630	-7.954068	-4.672370	-6.228430	-11.359993	-5.784889	-13.591618	-1.666108	3.077384	-2.066618	-11.372510	-3.300623	-13.090887	5.544269	8.080577	4.231959	5.077244	5.611804	-0.467588	5.868593	-8.002252	-6.229072	6.207352	-5.948302	4.277098	8.261676	8.031378	4.231956	5.402272	5.611505	4.287459
5923	6	4.160007	-11.394617	-5.653061	7.003816	-11.264288	7.137803	-8.395983	2.061445	0.664035	-5.016024	-5.462291	-8.684082	-13.183672	-4.791584	-0.841783	-4.957439	-10.690094	-8.788307	-10.874399	11.231382	5.187506	-10.431017	5.532648	-9.364275	6.480426	5.414609	5.187501	1.816971	5.531218	6.835278	-0.396820	-4.793908	-0.844727	6.188968	-10.692022	5.701896
5930	6	3.010284	-11.455279	-5.794375	6.550637	-9.819929	6.500608	-11.093743	11.691199	6.052694	-14.339820	5.770092	-8.982341	6.779250	5.006034	6.052693	4.315093	5.770078	6.710926	-13.472530	-3.701615	-5.794349	-12.132655	-9.819903	-8.982341	-10.960368	9.692178	5.251702	-13.814297	-0.952073	-8.982341	6.912435	2.657468	5.242868	4.862220	-0.968733	6.710948
5932	6	3.990691	-9.882939	-9.393115	5.237905	-9.070973	9.402387	-9.865415	-3.706189	-9.393113	-11.268724	-9.070969	-6.304557	-5.469417	1.514545	-2.829788	-10.971362	-3.979824	-6.304557	-0.946696	-4.702548	-9.393115	2.590304	-9.070973	3.324269	-5.787408	9.697715	3.539026	-11.183990	3.920914	-6.304557	9.713485	3.414184	3.539005	5.222633	3.920901	9.417878
5982	6	-6.568862	-4.910819	-8.099294	-12.606049	-6.247996	-3.243935	5.324382	-9.766634	-8.171343	3.851644	-6.254747	9.103148	6.580407	6.081495	3.579828	3.004327	4.661670	9.112468	0.924549	10.884740	3.580358	-5.127642	4.662062	2.932598	-6.221986	10.900931	3.580358	-13.359390	4.662062	-3.243821	7.389990	-4.071596	-7.561326	3.870543	0.195156	9.113812
5993	6	-5.695581	5.339456	2.176822	1.707161	-1.406475	0.868360	-11.991717	11.524940	7.532109	-9.740095	6.693912	-10.694321	-9.407102	5.339456	2.176822	-5.845811	-1.406475	-10.694321	5.129337	3.544677	2.176015	6.845316	-1.407051	6.147006	-7.660364	-2.164714	0.781692	1.715989	-8.534335	0.870424	-11.375357	-2.164714	0.781692	-5.837000	-8.534335	-10.694321
6078	6	-8.914872	4.276503	3.113992	-9.152494	-1.534511	-4.225805	8.330813	5.049652	5.106356	4.597874	4.259572	5.048882	-9.902722	10.225301	5.138424	-12.514453	4.272772	-4.226113	3.935647	-10.142733	-2.043876	8.012398	-10.990759	4.763857	-2.211170	-4.977568	-0.804512	2.756940	-10.987718	3.718986	-14.187260	-4.977567	-0.804512	-9.084649	-10.987718	-4.226410
6111	6	-4.331328	4.093676	1.560357	-10.654976	-3.719116	-9.632839	-4.627406	11.126012	6.353406	-13.614489	7.903389	-9.641330	6.222663	4.496776	6.353406	2.935319	7.844212	3.507602	2.217857	-1.140302	-1.710929	5.915038	-4.883431	3.728647	3.263639	-0.690423	-1.151279	5.802176	-4.771051	3.580278	1.461648	-0.544273	-1.963694	5.840574	-4.940349	3.626003
6112	6	-9.629083	8.186231	0.944510	-12.005478	-4.832507	-10.899403	-15.146322	11.612864	6.176592	-15.755224	6.763664	-10.899403	7.866772	3.202620	0.906430	6.839180	-4.899417	6.843105	-9.629178	10.469894	1.106226	-12.014303	1.026629	-10.899403	7.867013	5.625949	1.103229	6.829108	1.024006	6.843105	3.505757	-7.115001	-4.126282	6.842549	-10.215099	6.838555
6161	6	6.973033	-5.561879	-4.247827	9.243156	-14.000093	5.742527	-7.294998	6.246703	1.648612	-2.730608	-6.435797	-9.522995	-1.461588	6.246688	1.648612	2.904489	-6.435797	-7.212868	-8.970280	9.655440	4.191375	-4.999760	5.093759	-11.277159	10.365417	1.863120	1.548471	9.242596	-6.655390	5.742527	9.373446	5.863426	4.190971	6.974919	5.093680	5.737073
6174	6	6.918104	5.470477	6.890155	-0.660533	6.570892	4.647196	-6.723515	11.567123	6.928066	-15.916239	6.577997	-11.305995	1.811359	-2.130402	-2.352996	-0.002034	-8.133005	-2.740683	2.564623	-3.707512	-2.271875	-0.000612	-7.969164	-1.554044	5.987891	-10.306536	-5.487805	5.272366	-8.640266	6.618754	2.876808	-2.831672	-1.817606	-0.001222	-7.963399	-1.524933
6192	6	-11.173310	11.596700	7.819650	-12.690274	7.371574	-10.770390	6.093262	10.979375	7.819650	4.186982	7.371574	5.517092	-13.418635	-6.165869	-3.537701	-9.293651	-9.875819	-10.770390	9.931284	2.572429	1.480734	7.396198	-2.036950	5.517094	3.782933	-6.777761	-3.537702	7.582944	-9.875820	5.516935	-7.372013	3.199839	1.487070	-9.481577	-2.026744	-10.770390
6222	6	6.353600	-13.346403	-5.129865	5.265881	-10.234526	8.189950	-3.493006	-7.030853	-5.126731	-3.848125	-10.234522	3.240890	-1.414839	-1.633353	-2.906237	-3.847800	-7.114927	3.508500	-6.673869	8.116786	7.645799	-8.321642	7.719329	3.199784	-12.653281	8.116786	7.645799	-14.581295	7.719329	-2.357979	-8.371329	-1.633283	-2.906132	-10.493465	-7.114726	-2.357978
6237	6	-11.394348	11.462402	4.968567	-11.100854	6.633625	-11.049755	-5.396553	4.815007	1.198900	-9.479279	-4.141372	-11.049615	-10.835082	-3.971110	-5.204346	-9.523551	-6.934357	-11.049732	4.927680	-9.263748	-5.385003	5.733250	-11.078865	4.347904	5.558339	7.534008	4.968567	4.229700	6.633625	4.339519	2.759355	2.803714	1.198900	-7.139965	-4.141373	-5.535528
6243	6	-8.637428	12.799273	4.742582	-9.921270	8.338134	-10.897559	7.549528	6.816128	4.742582	5.797246	8.338134	6.649027	-9.158306	-4.880603	-4.854690	-7.819723	-11.073104	-10.897555	5.803924	-10.867854	-4.854690	7.898793	-11.340017	6.649032	-4.936701	2.903044	-0.955707	-7.819723	-4.244957	-10.897551	1.547414	2.879463	-0.955791	-2.285060	-4.245036	-4.549451
6313	6	-14.055319	12.685501	6.835728	-10.990738	5.425886	-7.930194	-13.320137	-4.388190	-0.094204	-5.737555	-7.965640	-7.930194	-9.186968	2.228890	2.098409	-5.825663	-6.027106	-7.930194	4.572203	-9.223219	-0.094310	6.273176	-9.254607	7.098224	-13.077515	11.782108	5.005651	-9.808666	0.332136	-7.930194	3.809898	8.299765	6.835724	1.004356	5.424979	7.000231
6323	6	7.351625	-9.532311	0.279766	6.271211	-9.635200	6.252182	7.845127	1.988138	4.226308	4.357198	-0.771071	6.252181	-5.896634	7.779567	4.584741	-14.214889	-0.496610	-3.721724	5.079305	6.365775	6.324765	3.642221	3.929194	6.252094	-7.239565	11.937352	6.324766	-14.616878	3.929812	-3.721724	-3.436910	-3.955510	0.279767	-11.351723	-9.545208	-3.721724
6418	6	-13.449571	-6.968001	-2.287198	-11.865840	-7.466170	-4.734768	4.727243	1.999939	1.286346	6.772667	-3.338449	6.740308	-11.431637	11.016906	6.366061	-14.924799	8.372493	-4.734768	-11.428858	4.476768	1.288436	-11.861596	-3.290120	-4.734768	4.890642	8.461348	6.366060	3.738810	8.371925	6.740240	2.610028	-8.254427	-2.319606	6.049639	-8.383153	6.740189
6423	6	-9.843124	9.371708	1.685645	-11.211771	-2.789754	-8.648580	-10.582628	-2.576568	-4.407374	-11.219414	-11.661779	-8.648581	3.174002	-6.788905	-4.517500	6.245158	-12.384144	8.365266	7.212402	5.171022	1.685531	6.618422	-2.793788	8.365693	-16.336528	13.421188	7.595333	-16.054957	5.652305	-8.648581	-16.217060	12.205643	6.708927	-16.046748	-0.081022	-8.648581
6432	6	-2.773215	7.509985	5.722518	-6.373168	0.681366	5.562655	9.081274	4.354352	6.444380	2.488294	6.207483	8.952521	-2.884247	10.107174	6.444381	-6.383440	6.207484	5.561160	-8.430903	-7.134856	-3.421567	-2.953769	-7.476183	5.552172	-2.615769	-7.200310	-3.421568	1.783781	-7.476183	5.657544	3.394569	-9.127212	-3.421568	5.761758	-7.476183	8.681612
6437	6	4.431652	-7.525658	-4.800932	6.499736	-7.865546	8.797036	-11.202282	11.658150	6.775119	-9.669537	6.314594	-5.818151	-0.459071	11.396513	6.775119	2.528673	6.314594	4.989601	-11.701605	-4.874734	-4.800931	-6.836160	-7.860879	-5.818151	5.322345	8.344956	6.775119	3.671946	6.314594	8.797123	-1.155983	-5.042298	-4.800931	4.035022	-7.862934	4.657153
6438	6	7.936256	3.648720	2.720111	7.085528	-0.514973	8.324360	-10.975710	7.585549	6.625214	-11.243095	6.411353	-10.472419	7.935869	3.997212	6.625211	5.220274	6.411353	8.324179	-10.972991	7.271976	2.720123	-9.377972	-0.514957	-10.472419	8.547372	-11.853743	-1.218617	7.388741	-5.424067	8.324362	-10.355683	-8.212618	-1.218617	-9.074759	-5.424067	-10.472419
6485	6	4.675166	-9.813536	-0.585184	7.104994	-8.909937	3.142716	-2.204500	9.769959	3.695426	-6.811637	-2.292874	-11.480931	-4.692332	10.615677	7.278944	-9.295620	6.041921	-13.010127	9.896524	3.267006	3.572290	6.675708	-2.732866	3.351058	7.395044	4.509130	7.225971	4.433815	6.041884	3.322988	-0.258397	-0.681550	2.497418	0.174269	-7.496867	-0.135774
6503	6	3.766912	-6.054680	-5.829489	7.042067	-10.757184	8.626695	-0.158549	-3.325021	-4.446929	6.982840	-10.757108	8.019139	-10.802599	-3.053814	-4.094089	-3.982943	-10.756989	-9.670141	-4.903332	3.380141	0.633367	-4.067260	-4.566341	-9.670123	7.972309	7.488679	4.510853	3.656160	4.747272	8.626673	-7.384880	10.489401	4.510869	-7.368758	4.747283	-9.670141
6579	6	7.198019	-7.111780	-5.332794	7.132746	-7.377502	6.728467	3.684698	8.128475	6.869289	4.523922	7.631832	0.705255	-7.991097	10.451347	6.869359	-14.252997	7.637827	-11.592037	-3.535170	-1.800848	-2.712014	-11.878925	-4.105433	-11.592024	6.204074	-6.407910	-5.300458	6.920813	-7.156300	0.707481	4.858389	7.191745	6.869207	4.751307	7.625013	6.727298
6621	6	-7.679969	10.246246	6.423682	-10.957259	8.797115	-3.179344	-10.148934	-6.657542	-2.370764	-7.400987	-7.543905	-3.213599	3.981186	-12.891443	-2.370764	7.724867	-7.543928	8.939421	-4.587450	4.881898	1.213880	-7.829366	-1.434662	-2.894086	0.591088	-6.660761	-2.370764	6.458163	-7.543905	7.551935	6.452359	3.976239	6.423682	4.164230	8.795573	9.179276
6651	6	-7.093804	-3.963580	-0.029869	-12.131664	0.231160	-9.564414	11.204772	4.693239	6.169734	2.628488	9.199199	5.454745	-5.174820	10.591664	6.169734	-14.634930	9.199201	-9.564414	-7.093812	-5.400053	-0.045316	-12.130099	-5.517544	-9.564414	9.309468	-11.117759	-0.045316	5.613786	-5.517562	5.454745	9.308721	-9.683421	-0.029939	5.612223	0.229774	5.454745
6663	6	5.847478	-10.854016	-7.627280	7.730203	-8.824817	6.998154	4.076455	7.035563	5.471990	4.224782	5.508561	6.757862	-12.127711	13.578095	5.471991	-12.542239	5.518708	-10.359455	-10.346762	-4.308987	-7.627279	-9.006285	-7.779060	-10.349413	-0.337753	-4.325413	-7.627279	3.199966	-7.787187	4.436179	-5.689479	1.896050	-0.990946	-9.006286	-2.993079	-10.050028
6675	6	-13.631874	10.705565	6.819019	-12.971016	6.995383	-10.603419	-13.631455	10.648344	6.793610	-12.970482	0.374547	-10.603419	-9.745994	-2.040832	1.593200	-6.935318	4.206163	-10.603419	-11.541592	-2.652836	-4.076687	-6.926058	-7.866407	-10.603419	3.958050	4.355340	6.791782	3.467116	0.341818	5.986410	3.700998	-8.903124	-4.081653	9.549939	-10.512952	5.985398
6719	6	-8.329259	0.994138	0.046236	-10.631656	-4.485099	-6.843613	-14.027135	9.897290	5.637990	-14.773914	5.340977	-6.843628	-12.071421	-6.586091	-5.166993	-10.770057	-12.875218	-6.843628	4.187432	5.301229	5.637990	2.484251	5.340975	6.941615	6.176290	-11.307408	-5.166995	6.658346	-12.875218	7.005028	-0.207357	-7.223395	-5.166995	4.717034	-12.875218	3.754540
6738	6	-16.300823	8.884173	6.220012	-16.457448	6.224874	-0.883918	2.785669	7.088849	6.220012	1.623171	6.224874	7.821735	3.421147	-7.765433	-4.834830	7.306656	-7.218178	7.928365	-14.054990	-1.437642	-4.812596	-11.496205	-6.867138	-0.883619	-9.718827	8.884173	6.220012	-9.742177	6.224874	4.614121	-1.676623	-1.437643	-4.812596	0.705949	-6.867139	5.947145
6745	6	5.054172	5.132464	5.303408	3.124551	6.306063	7.638039	6.861158	-10.525093	-5.765801	8.464784	-11.072579	7.811841	-5.187570	1.973438	-1.038327	-3.402076	-6.227225	-6.536071	-10.657772	11.700574	5.308606	-8.775016	6.309189	-9.267608	-3.402556	-3.934578	-2.497704	1.948292	-11.072531	-3.359211	-8.764249	-3.934356	-2.497569	-3.402223	-11.072531	-6.536196
6747	6	-11.653114	10.956482	7.067396	-12.433418	6.642490	-13.444389	3.544271	-7.497693	-0.350487	5.939709	-7.206215	4.306308	-7.060119	3.668410	0.882910	-5.971704	-1.241427	-13.435608	-10.139252	-2.706245	0.177691	-5.971528	-7.145528	-13.435604	-4.004720	-2.706245	0.177691	0.106501	-7.145528	-6.583344	0.671451	3.648369	0.882630	3.962891	-1.241536	-4.543296
6754	6	3.447959	-11.071096	-7.798100	8.374295	-9.139122	3.231752	0.923654	-7.603982	-7.797299	4.354916	-9.133221	3.122402	7.836172	4.390353	4.467637	3.229767	8.080545	3.228547	-6.734847	10.630095	4.479971	-10.977487	8.083650	-13.118205	-10.240966	-5.606398	-7.785279	-5.630281	-9.047171	-13.118493	-4.256010	-5.609821	-7.785339	0.544997	-9.047593	-8.631949
6760	6	-12.559394	-6.647537	-2.045030	-9.994074	-12.420881	-10.242168	6.114839	-12.988011	-2.668728	5.658241	-12.420882	5.884340	-8.309054	3.383859	2.267337	-10.147437	-5.576663	-10.242030	-9.336481	10.971469	4.747770	-12.111432	5.630923	-10.242135	9.330055	4.696429	4.747760	3.540573	5.630911	5.884288	-12.706830	-2.836549	1.799738	-10.076184	-12.346434	-10.242168
6762	6	5.792522	4.815144	5.387982	1.101240	1.917193	7.224342	-7.893587	11.082992	5.392049	-16.798070	1.917424	-11.023797	3.459530	-6.004336	-0.370404	6.447014	-12.105090	8.047646	-10.375913	-2.269862	0.498870	-11.377038	-8.399582	-11.023797	3.942030	-0.868891	2.282435	0.755918	0.900716	-0.515768	3.865534	-1.518993	1.339651	6.517187	-0.346329	8.048576
6763	6	4.946487	-9.532328	-2.786440	4.905450	-10.309067	5.179911	-7.404440	12.145794	6.030030	-13.130857	6.207704	-10.471106	-3.784181	3.665880	-0.439716	-12.232570	-3.171712	-10.471106	2.487143	-0.885275	-0.683824	3.090666	-4.065600	-1.356466	2.338328	0.204315	-0.467035	-6.048292	-3.234623	-6.394306	6.790141	6.089712	6.030030	4.029636	6.207704	5.180085
6772	6	-6.649284	11.752674	6.408954	-15.684615	5.916864	-12.272129	-4.567687	3.942942	0.423131	-10.178145	-3.023885	-12.272128	-10.588262	-5.820950	-4.931157	-10.179571	-10.277126	-12.272128	3.045419	-0.120849	-1.785305	-3.799933	-5.549127	0.192014	2.677866	10.382084	6.408954	-9.323363	5.916864	-0.206870	2.426086	-7.009853	-4.931253	6.083319	-10.277414	4.887360
6799	6	-8.526575	-6.015401	-2.054393	-2.054674	-11.576414	-2.118482	4.682769	5.160777	8.328618	1.361425	6.041528	7.346053	4.545081	-11.748953	-2.057766	7.815645	-12.041759	7.343632	-12.995391	10.932482	8.332141	-12.432952	6.089053	-5.227463	-12.239460	5.029388	5.318261	-12.421042	-0.549693	-5.227463	-4.476783	2.823048	2.907385	-3.654942	-2.169961	-4.745023
6819	6	-11.529292	-4.741553	-10.793801	-9.307818	-9.605419	-10.058910	-4.594648	1.129052	-5.607881	-9.162426	-4.694600	-10.058071	-3.134813	7.867939	1.119044	-9.435205	4.182590	-10.059486	3.917055	-10.183707	-10.793801	2.686687	-9.605899	6.762139	4.309278	2.502870	1.118750	-4.046561	4.181998	2.407320	9.859372	2.502792	1.118750	2.564910	4.181997	6.770778
6825	6	9.733752	3.552101	-0.060780	6.240392	-2.075513	2.500702	3.432140	5.037317	-0.060780	-4.945361	-2.070608	-4.008071	0.515974	12.248274	4.249846	-13.583888	7.239853	-6.411553	-5.606864	-3.536559	-4.140551	-9.523278	-7.687568	-6.944403	8.106047	8.830215	4.249846	1.994929	7.239853	2.198295	4.501447	-7.847046	-5.267465	6.225868	-7.694931	2.339665
6829	6	-11.897432	-6.607744	-3.212558	-6.156841	-12.922025	-10.307752	-12.279950	10.420601	6.243855	-8.629010	5.585358	-10.308050	5.750933	4.844294	6.226528	1.969407	5.579208	0.294328	6.123797	-12.184169	-3.466123	4.445764	-12.926217	0.309552	6.561360	-12.184206	-3.466123	7.205944	-12.926217	6.511516	6.205143	4.844159	6.226527	4.734104	5.579207	6.511475
6846	6	-6.490450	13.127887	7.401163	-8.254650	5.523623	-8.114273	9.942544	1.133154	0.996155	6.605410	-1.732511	8.562079	-3.236419	5.850312	1.013213	-5.119915	-1.603435	-8.113642	-9.122004	-2.532843	-3.126720	-5.147322	-8.209926	-8.113974	6.703163	9.462619	7.401163	3.492066	5.523623	8.559182	4.000129	-4.606467	-4.695634	6.398273	-8.301551	8.480736
6847	6	6.493466	6.366101	3.707716	1.996734	5.900836	-2.368127	9.199972	6.364410	3.707716	7.089651	5.900836	3.673762	-3.230612	12.069050	3.707716	-6.486534	5.900840	-11.338819	-3.448506	-2.303948	-3.130786	-5.818839	-2.540209	-11.315752	4.669985	-7.903917	-3.135626	7.756957	-2.590181	3.672899	2.440392	-3.050709	-3.134789	2.636690	-2.579430	-2.556359
6860	6	-15.169174	-6.235457	-0.743215	-7.251762	-8.825918	-11.080415	5.097941	5.019175	3.798352	5.590529	5.599780	-0.995668	7.206008	3.689522	3.798351	7.104731	5.599766	4.789206	-11.509537	8.430311	3.798352	-8.049852	5.599780	-11.082242	2.620496	-7.840292	-0.743215	7.901640	-8.825923	4.669242	2.908922	6.634729	3.798352	-1.579955	5.599780	-2.980358
6955	6	-11.852973	-3.894558	-5.048578	-13.277735	-5.850555	-12.107877	-9.481642	8.482313	4.814693	-14.656686	0.173114	-12.066047	-12.755065	13.153854	7.060264	-17.747505	4.692298	-12.112615	5.288456	-7.416009	-5.237061	5.097907	-7.881937	6.203215	7.793755	3.130363	4.685427	3.868092	0.005735	6.259144	0.564976	-4.454675	-5.109431	5.097904	-6.275285	5.102480
6968	6	4.638660	6.940162	6.661441	1.246714	6.153076	6.200834	-13.091325	3.009975	6.642183	-15.455941	-0.466166	-7.720954	-13.356700	-6.201369	-1.747561	-8.961785	-11.758708	-7.577638	-13.093291	9.354915	6.661441	-15.455966	6.153076	-7.720954	2.333583	0.565026	6.572639	0.704320	-1.576140	6.050199	4.360056	-8.616058	-1.747561	7.760070	-11.758708	6.574315
6985	6	-6.240194	12.781270	7.383135	-15.293774	7.971776	-13.621700	1.811014	8.633546	0.758308	-5.044359	-4.767651	-7.197368	7.859804	6.247266	0.758308	7.041230	-4.767651	4.901714	-2.469863	9.742114	0.758308	-9.750027	-4.767651	-13.609418	6.195931	6.247269	0.758308	3.474747	-4.767651	-1.566097	-6.384747	-4.574035	-5.219619	-9.756720	-9.781260	-13.621638
