109	10	4.726473	-13.694519	-3.151570	7.574778	-11.517830	6.881126	1.570648	-1.804381	7.637463	4.017980	-1.327931	5.511350	-10.058814	5.792454	8.280043	-13.545811	-0.973457	-8.376634	2.232302	-1.778863	7.792109	4.038585	-1.057235	6.098197	-10.058830	6.741105	8.595798	-13.758983	4.559559	-8.376634	1.423714	0.165543	7.558784	3.952525	-1.208143	4.987954	-8.644102	-7.663785	-3.148401	-9.912758	-11.517829	-8.376634	2.274601	-1.731210	7.802260	4.037796	-1.044222	6.124350	2.758216	1.189785	8.484898	3.726546	4.559545	6.389969	1.501174	1.980466	7.569404	3.937433	-1.168159	4.856856
486	10	3.450722	-18.193863	-4.342115	7.756566	-13.079397	6.861525	-10.667100	6.877224	7.592134	-5.313433	5.505857	-11.211537	-6.993240	-11.732366	-4.342097	2.763111	-13.073513	-2.510654	3.336592	0.361956	7.254420	1.034122	5.502901	6.473277	2.923139	0.077872	7.289599	1.041742	5.503282	6.692501	2.734960	-0.027719	7.278216	1.043340	5.503124	6.705701	2.994925	0.539899	7.167705	1.028994	5.501691	6.214709	3.147377	0.198592	7.290227	1.038975	5.503323	6.636879	3.207818	0.234363	7.286407	1.037980	5.503286	6.609763	3.073940	0.158268	7.292097	1.040010	5.503333	6.661343
492	10	1.254086	-3.097885	-4.505887	5.380361	-11.853003	7.762022	2.568402	-3.158908	-4.443087	5.849967	-11.404231	8.263666	1.170755	-2.506198	-4.458332	5.257214	-11.638435	7.485611	1.162567	-2.640456	-4.473989	5.278510	-11.701413	7.549716	2.500056	-3.260117	-4.458615	5.832649	-11.474499	8.288241	-5.076456	1.517118	-0.840596	-8.579899	-7.050093	-3.390822	1.266180	-3.127668	-4.507169	5.388398	-11.859865	7.776295	1.216708	-2.989496	-4.500545	5.352614	-11.825008	7.711058	2.825816	-2.479714	-4.303520	5.818892	-11.026115	7.848110	-10.320930	8.526087	5.916031	-13.493773	3.062072	-3.391223
1079	10	3.313586	2.718120	6.640529	3.037605	8.254203	7.005716	4.493123	-15.638198	-4.263002	8.349099	-7.686051	8.198033	-12.199462	7.676536	6.716447	-11.504451	8.862983	-6.799396	5.040646	0.147208	6.476390	4.434544	8.849458	8.307072	0.788452	3.437506	6.413525	2.451714	7.741658	6.731774	1.689498	-2.844676	5.560905	4.400263	7.946857	7.822505	5.222157	0.835610	6.556000	4.405418	8.820838	8.289997	-12.437830	-9.167344	-3.569127	-7.555239	-7.686051	-6.799782	5.228685	0.897053	6.562299	4.399703	8.814472	8.282636	2.626036	2.876243	6.626124	2.655968	8.169730	6.858934
1102	10	3.168343	-0.994272	5.835470	2.426767	7.864746	8.270897	3.500222	-17.907954	0.217905	8.583971	-6.042065	8.531330	-13.095797	4.669966	6.231777	-8.193341	8.340172	-7.676034	1.668079	-0.058216	5.586255	2.343190	7.605230	8.233400	1.812626	-0.985417	5.540198	2.393768	7.607031	8.262902	2.629968	-1.593405	5.713480	2.444313	7.771680	8.283041	2.581095	-1.633179	5.700571	2.444499	7.762151	8.283672	-14.997751	-11.701545	0.247460	-2.288358	-6.042038	-7.673656	3.945217	0.352527	5.907066	2.359528	7.811555	8.236786	2.921252	-1.291556	5.785145	2.437341	7.826638	8.277353
1315	10	-10.578621	3.355862	6.598554	-11.034136	7.591704	-9.932910	0.748442	-4.634398	2.513066	8.448340	4.783993	7.688656	-10.458517	-10.574119	-3.643293	-6.521164	-3.101818	-9.932812	2.945397	-3.715182	3.253301	7.748960	5.386145	7.114352	1.064846	-5.103286	2.175087	8.732455	4.429234	8.176607	3.879337	-5.688948	2.363198	7.155452	5.386599	8.648776	3.793003	-5.838389	2.269410	7.156685	5.342222	8.696454	2.315617	-6.631444	1.427461	8.588887	4.291054	8.973080	1.989315	-3.687958	3.190619	7.815566	5.339675	6.960190	-3.266705	3.355862	6.598554	2.900830	7.591704	2.925943
1520	10	-11.305060	-13.563982	-5.825506	-9.484928	-2.447851	-4.080396	-11.424670	4.264629	6.340274	-15.084292	8.403925	-4.080396	3.135115	-20.102900	-5.825506	6.563538	-2.447851	8.070056	1.209961	1.485437	6.032881	0.332780	7.909076	6.358450	1.573790	1.343292	6.089246	0.337125	7.936297	6.314698	1.459889	1.409034	6.073515	0.325786	7.928351	6.326342	1.278012	-1.393708	5.933449	0.802768	7.895426	6.550444	2.310311	0.544399	6.182109	0.587452	7.985029	6.303077	1.812152	1.161010	6.119524	0.385857	7.952189	6.296216	2.539729	-0.017781	6.214903	0.733487	7.996272	6.370826
1543	10	-11.408161	7.814228	6.885642	-9.738122	4.903184	-11.881850	-10.338502	-4.438433	-0.245997	-0.426747	-9.337212	-8.043189	-4.550096	5.545197	1.365966	-0.573899	0.702249	-8.137404	9.525792	1.730156	1.280153	6.956677	0.596110	6.318654	6.136365	4.077161	6.882753	3.817750	4.903148	-0.425111	3.467474	-8.180312	-0.252908	6.719361	-9.337305	-0.285548	3.520702	-8.180777	-0.252908	7.086821	-9.337305	6.320299	6.222106	4.077161	6.882753	4.327396	4.903148	6.222602	9.472399	1.730156	1.280153	6.588372	0.596110	-0.287694	-0.372917	7.800077	6.885642	1.688279	4.903184	5.309219
2000	10	3.687752	-18.771148	-3.700626	6.056576	-6.781125	6.567580	3.086262	0.106423	6.829075	-0.100277	7.492935	6.502523	-8.481933	-12.138548	-3.700626	-9.273146	-6.781125	-10.602571	-6.161237	6.744736	7.107360	-15.366659	7.575681	-10.600137	2.447431	-0.116855	6.643547	-0.085499	7.439533	6.510553	-0.904016	-12.150107	-3.700626	0.440150	-6.781125	4.323643	1.608861	0.163058	6.440551	-0.139449	7.380366	6.496154	1.701746	0.993047	6.612439	-0.272069	7.426917	6.471160	2.780614	-0.027377	6.748134	-0.089728	7.470761	6.508365	1.798529	-0.046876	6.454733	-0.107793	7.382389	6.503096
2353	10	-13.523356	6.181370	9.765325	-14.129547	6.888909	-6.290528	-12.042616	-10.209403	-1.734758	-10.471325	-11.067743	-6.290528	6.178006	-16.699155	-2.048498	8.376591	-11.188217	6.530411	4.327253	2.605275	9.347441	4.703864	6.710132	6.247941	3.694594	3.764063	9.279493	4.697444	6.642543	5.750505	4.467805	0.368615	9.430439	4.712004	6.422551	6.492561	3.146650	4.267852	9.245557	4.694013	6.547894	5.247386	1.200901	4.663249	9.167363	4.686053	6.089374	3.829206	4.617183	1.210320	9.411744	4.709748	6.587119	6.452644	4.294706	2.696950	9.342543	4.703416	6.710560	6.224781
4707	10	-5.860011	-0.295737	-2.352469	-3.481317	-5.175797	-10.217406	0.604229	-0.458683	-3.471231	1.781082	-6.123906	-2.401670	-10.985006	7.171401	6.930790	-8.430526	7.748927	-11.669645	3.147375	3.327462	6.930735	3.053920	7.748916	4.615012	3.216584	-8.359317	-4.761071	7.960867	-9.575951	4.650489	0.141972	-0.574343	-4.039250	2.373597	-6.537298	-2.356809	0.557980	-1.178266	-4.635947	3.225977	-7.225295	-1.672786	3.918324	-2.181855	-3.876750	3.757022	-6.097039	-0.672736	4.299903	-1.047731	-3.345542	2.597591	-5.828866	-1.329907	1.685361	-0.527749	-3.206995	1.305119	-5.877334	-2.101526
4781	10	-7.107526	5.362611	7.620059	-14.307813	7.607319	-3.214504	-12.162373	-4.455781	3.395043	-11.787603	-2.362830	-3.214501	4.461321	-5.933062	6.462060	2.722895	5.039588	7.200909	2.609927	-5.009675	6.101957	2.633655	4.726807	7.038365	2.099578	-3.151750	6.182233	2.389121	4.723382	6.476388	6.401874	-0.504353	7.277269	2.313473	7.547800	7.041959	1.379363	2.701851	6.719421	1.645639	6.664644	4.577944	2.109892	-3.191507	6.178767	2.395315	4.723207	6.492796	1.757619	-2.007077	6.336428	2.161172	4.822405	5.854941	1.407925	-1.182773	6.534132	1.884220	5.731017	5.137875
4933	10	-14.689150	6.118271	6.635426	-14.224575	7.768561	-8.570445	-14.859338	-10.345388	1.238037	-10.724099	-6.590714	-8.570445	4.235607	-4.508815	3.650252	5.974728	1.905115	7.580352	3.237859	-4.781961	3.646416	5.977294	1.902965	7.632966	2.612939	-4.886118	3.644013	5.979013	1.901372	7.660352	4.024897	-4.574926	3.649430	5.975247	1.904698	7.591601	5.342368	-4.039749	3.655095	5.971737	1.906980	7.509388	1.045801	-4.122052	3.642734	5.973622	1.900570	7.499451	5.146128	-4.146659	3.654131	5.972357	1.906710	7.524885	3.671208	-4.674919	3.648090	5.976129	1.903965	7.610048
5072	10	-7.367577	6.530777	8.359470	-12.422999	7.209238	-5.340060	-9.034930	-11.546429	-3.948367	-8.657070	-4.408039	-5.340060	5.227160	1.286335	8.020719	2.837100	7.191145	7.653074	3.357888	-16.108663	-3.948367	6.641876	-4.408039	7.712254	2.718152	-14.434460	-3.948367	5.082587	-4.408039	1.225759	3.079305	-5.453998	2.510556	6.437643	4.731393	7.712091	1.024949	-0.670685	7.135923	2.565973	7.103849	7.658183	0.954751	-0.602154	7.118692	2.525447	7.103303	7.647872	5.028296	3.004828	7.638896	2.598464	7.166789	7.555443	4.050612	-0.107424	7.864596	2.867641	7.172443	7.684975
5183	10	-8.429189	4.837275	7.211966	-16.487156	4.667816	-12.533714	-5.826132	3.568162	2.136038	-13.496439	-2.089056	-12.529882	4.639464	-0.972140	-0.074025	3.300475	-6.949052	-0.521638	4.349035	-1.445227	-0.484800	3.345013	-7.301518	-0.515040	5.318210	-8.574472	-3.402800	5.917770	-11.868473	6.028385	3.044217	-3.817803	-2.259608	3.383424	-9.130807	-0.489210	3.851577	-2.326519	-1.184362	3.391453	-7.953957	-0.502948	4.697991	-0.877950	0.008547	3.290205	-6.882670	-0.522828	4.982276	-0.401501	0.405635	3.238519	-6.612004	-0.527742	4.871696	-0.593718	0.252334	3.258468	-6.703057	-0.525996
5278	10	-5.672873	-8.076183	-3.490148	0.464064	-5.723469	-4.914227	-8.685097	-8.076183	-3.490148	-4.429446	-5.723469	-10.113801	-8.673535	6.272698	6.784225	-10.250785	7.139368	-10.214137	-1.011388	-1.191806	3.525711	5.536683	3.014558	5.852321	4.428128	-0.995609	4.517045	4.694740	4.720252	6.724855	4.225879	-13.849815	-3.607792	6.232171	-5.723469	7.826024	3.939778	-1.402496	4.507547	4.480840	4.467246	6.903331	3.655987	-1.639054	4.487543	4.383591	4.315559	6.990781	5.053015	-0.385625	4.457040	5.062226	5.015726	6.357884	4.961532	0.153719	4.294468	5.344141	5.019459	5.848846
5832	10	-15.442773	6.941028	7.602220	-7.530205	7.120611	-6.870577	1.067460	-3.939973	2.544633	6.403284	3.615681	6.522384	1.800362	-3.308660	2.546164	6.436076	3.619257	6.584925	-4.670382	-11.651958	-3.498096	4.246999	-4.884076	5.720141	-16.688515	-11.651958	-3.498096	-5.189474	-4.884076	-6.863215	-2.872979	6.941021	7.602220	1.969523	7.120611	5.712104	0.470698	-3.016941	2.543653	6.254857	3.613620	6.435008	1.534737	-3.723172	2.545569	6.456611	3.617864	6.585431	1.243282	-3.963546	2.544968	6.432437	3.616450	6.549011	0.337228	-2.760141	2.543474	6.212459	3.613337	6.416385
6682	10	1.405044	2.559762	4.338175	-12.952450	0.080388	-5.013604	2.193174	0.902787	0.397429	-6.433179	-6.571466	-5.009303	-10.290001	-5.662229	-2.430425	-9.622130	-9.467107	-8.568271	10.292528	0.891241	0.396340	6.308284	-6.577067	6.567488	-7.961552	8.987176	6.470186	-15.646302	6.790678	-8.568297	4.264227	-6.040314	-2.650794	6.640652	-9.506055	6.567795	5.841584	8.638588	6.470034	0.704641	6.789300	5.340727	-4.893252	2.910261	4.518239	-15.599442	0.159967	-8.454017	8.902055	2.500737	4.303182	0.791126	0.065185	5.435789	0.381138	8.840540	6.470127	-13.510484	6.790138	0.097650
6726	10	-12.178432	-9.853875	1.021012	-4.718733	-5.482948	-10.217097	-13.790479	4.932358	9.005849	-9.752220	8.157068	-10.217097	1.957288	-0.668561	8.289970	1.484827	6.295606	6.799890	5.171362	1.118691	8.473968	1.530045	7.078268	6.773956	4.207335	-13.667156	1.021012	6.714075	-5.482948	6.863287	2.928413	1.492653	8.287483	1.340527	6.197546	6.677006	3.785564	-0.501692	8.580807	1.694907	6.927819	6.838921	4.599881	1.547810	8.363131	1.384701	6.639137	6.719363	2.043514	-0.782326	8.305605	1.505643	6.334424	6.812766	4.030486	-0.283207	8.599164	1.700619	7.002710	6.836826
6799	10	-9.476834	5.412724	6.633007	-14.970176	7.573437	-9.201344	-9.378078	-5.841224	-2.697619	-10.544492	-10.648709	-9.201344	4.322554	-12.183438	-3.152391	7.436339	-10.685043	7.592550	-0.021805	-1.264803	5.518555	1.667194	5.348114	7.309863	0.283927	-1.400179	5.602318	1.824867	5.629083	7.435022	-0.045249	-1.238555	5.513336	1.653546	5.330306	7.295417	0.365485	-1.382566	5.627549	1.859725	5.713064	7.451526	1.159814	-0.549169	5.847024	1.973230	6.502022	7.400137	-0.194706	-1.009336	5.486494	1.561986	5.238930	7.185349	0.325679	-1.393498	5.615161	1.843132	5.671811	7.444214
