146	6	-9.774751	-12.566584	-5.563201	-8.531590	-5.938613	-7.440044	-5.957562	6.358695	5.346227	-12.008764	8.372658	-7.440044	10.095832	1.509414	5.189015	3.361042	8.281339	6.545359	2.856739	-13.901953	-5.563201	-1.882364	-6.008487	-2.894246	-9.664418	-3.678574	0.323600	-8.532568	4.896872	-7.440044	6.181975	-16.653932	-5.563201	6.712484	-6.049110	6.545390
185	6	7.421845	-14.575607	-7.134515	7.490485	-10.501817	7.369179	7.376697	3.842770	5.583674	4.707603	8.389360	7.369179	-6.781112	-9.531869	-7.134467	-8.956462	-10.501817	-5.162259	-6.827426	8.886505	5.583677	-11.739347	8.389360	-5.162259	0.422499	-12.078653	-7.134515	-3.556551	-10.501817	-4.808371	0.473399	-12.150232	-7.134515	2.658419	-10.501817	-1.524178
319	6	-1.038956	-10.598875	-4.911569	2.137724	-9.286275	7.506370	3.993664	-16.387090	-4.911572	7.773676	-9.286377	7.674271	5.405935	0.797493	5.677820	5.710772	6.367557	7.674414	-12.103957	-10.598858	-4.911569	-10.056325	-9.286275	-9.493159	-10.560268	6.767537	5.713997	-12.179288	6.472205	-9.492662	0.570498	6.762977	5.713997	4.195875	6.472204	7.655450
336	6	-6.811423	5.746788	7.151799	-9.459634	6.774180	4.308114	-9.906869	5.748460	7.151799	-14.733804	6.774180	-1.219450	3.009458	4.659785	7.151371	2.001258	6.774179	9.180109	-7.667491	-12.964881	-2.406045	-3.584916	-5.904190	4.408463	-2.728554	-12.995559	-2.406045	1.939948	-5.904190	7.121469	-11.311564	-12.963918	-2.406045	-8.873596	-5.904190	-1.219450
338	6	4.386853	-12.748402	1.638490	4.246794	-8.395475	5.392832	-9.819113	7.116333	6.686470	-9.075188	5.431572	-11.320635	-9.479255	0.672285	6.475302	-8.998290	-1.723423	-11.304447	-11.600650	-10.734049	1.638490	-7.022178	-8.395474	-11.364600	5.660162	4.149138	6.686470	1.316638	5.419451	0.800142	6.166900	3.763594	6.686470	2.445038	5.410852	5.490746
351	6	4.868364	-2.516811	2.688248	-4.302665	3.789158	-4.435610	-6.363001	-11.678824	-2.255284	-8.568079	-0.932305	-10.316756	7.164123	-3.748574	2.682134	6.999448	3.781283	6.016172	-2.054055	4.942995	7.843343	-15.195808	9.693889	-8.178255	5.983375	-3.183795	2.682922	0.908388	3.782009	-1.777227	4.453321	3.075409	7.841295	-10.545931	9.693787	-4.494200
394	6	-0.914983	7.786148	4.768155	-3.864827	6.844920	-10.450575	5.263091	-15.114890	-4.931412	6.559379	-8.372858	3.863005	-0.214728	7.786091	4.768155	2.750949	6.844920	-4.669887	9.700380	1.618160	4.736213	4.029465	6.676225	3.863006	-4.841972	-8.970120	-4.931412	5.298878	-8.372858	-4.683308	4.429891	1.840998	4.750870	-3.486613	6.752079	-4.627520
397	6	-1.189278	-8.250864	-4.414117	5.689056	-11.720293	4.335609	-10.651568	6.243822	6.612553	-8.597920	5.314458	-9.789894	-13.168657	-8.147371	-4.414048	-5.152219	-11.698818	-9.807776	-6.438116	-8.150166	-4.414050	5.427112	-11.699414	1.230832	3.260540	-9.525695	-4.414483	6.071442	-11.902655	6.840495	5.814253	2.964008	6.589954	2.717263	5.228304	7.158339
417	6	-6.051789	-4.197596	4.511249	-9.043365	3.034223	1.206655	3.976107	-18.586805	1.843511	7.338972	-10.350684	7.103512	-5.598629	-14.043576	1.843567	-8.018354	-10.338657	1.206655	-0.271326	-4.464840	4.491629	2.245947	2.829939	4.682156	-11.754639	-14.043576	1.843567	-11.553369	-10.338657	-4.862778	-12.207798	-4.197596	4.511249	-12.483615	3.034223	-4.862778
442	6	-10.261984	-12.034041	-4.897638	-7.803145	-8.502009	-7.112561	-2.606833	-12.100897	-4.897646	1.654041	-8.502649	2.709503	4.462911	-14.844538	-4.897760	6.082707	-8.514172	6.161107	-5.952819	-12.040452	-4.897639	-0.189835	-8.502071	2.299233	1.914821	1.444734	3.151230	-6.752683	6.244833	-4.216846	-4.404988	2.549372	3.174665	-11.088042	6.629278	-7.771940
536	6	-11.207880	-11.166338	-2.023819	-4.318688	-2.948169	-5.194771	-1.277952	5.903694	6.761064	1.229888	6.991227	3.831178	3.651730	-10.034240	3.413609	6.334034	3.960667	6.197000	-11.543105	5.903694	6.761064	-6.126832	6.991227	-5.195104	3.758052	-17.279309	-2.023834	6.783225	-2.948169	6.223051	-0.652981	-11.166349	-2.023819	3.074544	-2.948169	4.153811
547	6	-1.954606	7.644410	6.341818	-14.813065	8.295311	-9.995498	6.446276	2.374041	6.339338	2.190034	8.294647	6.176737	-4.814912	-5.652965	-6.908412	-9.370331	-3.784539	-9.997713	3.610642	-7.608800	-2.448699	7.564635	1.289162	6.176898	2.625500	-7.556630	-2.448699	4.057852	1.289162	1.568425	2.625502	-10.866084	-6.908412	4.057854	-3.784560	1.568426
663	6	5.439417	-9.540874	0.311245	7.180353	-10.589512	9.097860	-12.887386	8.347536	8.394330	-6.078623	7.917958	-5.774081	5.340068	4.962436	8.380307	3.382670	7.917956	9.097759	-0.634948	-5.845969	1.474398	5.142452	-10.054101	8.024779	-11.660254	-5.442065	1.716190	-2.450948	-9.560736	-5.771221	-1.120604	8.183788	8.394150	1.170491	7.917958	7.415113
664	6	2.452329	3.954946	5.539606	-7.032442	8.405852	-5.885658	-4.363524	-7.347555	-3.669046	-8.526752	-8.985118	-11.769955	4.501742	-11.320617	-3.669046	1.254696	-8.985158	-1.623855	-3.579703	7.902963	5.539606	-12.701214	8.406057	-12.305873	5.214638	-11.320701	-3.669046	6.785490	-8.985158	4.799214	5.983754	3.926429	5.539606	2.301848	8.405840	4.726645
783	6	4.274978	-12.659826	-8.870346	7.720066	-9.092607	5.386102	10.401894	2.225154	3.755667	1.391484	6.496984	5.287865	-11.133840	-8.985870	-8.870184	-4.531439	-9.092606	-9.273643	-3.565003	-9.071241	-8.870202	1.669519	-9.092606	-3.358655	-5.339585	8.334645	3.907975	-10.866535	6.711675	-9.273645	2.914632	5.753904	3.906801	-7.352960	6.710154	-3.577866
805	6	5.617089	3.479067	6.477387	5.129566	5.065924	8.507651	-1.108751	-6.538574	-1.386764	4.612999	-10.598200	4.950058	-10.524205	4.470788	6.480648	-8.663219	-0.558426	-6.079597	-10.538373	7.737613	6.561470	-8.724039	5.077443	-6.079597	3.141240	-10.747145	-1.426629	7.249866	-10.613926	8.504734	-12.980653	-6.538551	-1.386763	-6.075555	-10.598200	-6.079597
952	6	6.420478	-7.367133	-5.551510	6.876604	-8.301089	5.860578	-1.281003	0.632007	-0.542458	2.553384	-3.030142	-2.792723	-5.526119	7.331864	3.558997	-6.469681	5.929353	-7.592761	-0.297673	2.180331	3.435014	2.028669	5.406957	-2.809793	10.828489	1.296084	3.333171	4.730728	5.045626	5.860612	-0.894591	-0.995790	-1.077689	4.562225	-4.300897	2.575359
978	6	8.923689	0.878487	6.778749	3.478626	4.649232	7.056213	5.880941	-10.757658	-3.887097	6.649212	-9.250773	7.055551	-8.463736	7.036208	6.802086	-10.770598	4.652330	-7.732122	0.956077	-2.808915	-1.598127	2.179203	-5.798560	-0.947690	4.294135	3.663011	6.802014	-0.482216	4.652320	-3.066584	-5.102940	-2.628179	-1.056155	-1.941247	-5.364514	-7.619138
1157	6	-12.165492	-6.160522	-0.834330	-9.343403	-0.487326	1.544493	2.273525	4.875279	6.894735	-2.624942	8.110031	4.420180	4.054933	-10.882724	-2.539811	4.533659	-1.832532	8.633196	-11.314608	6.693123	6.921547	-16.443205	8.120615	1.544492	-13.385314	6.693123	6.921547	-19.543733	8.120615	-4.506257	-14.405120	-6.160522	-0.834330	-13.238276	-0.487326	-4.506257
1158	6	-2.313915	-10.531173	-4.980219	3.423610	-9.069842	2.164325	-13.185818	-9.726442	-4.980219	-5.688379	-9.069842	-5.562065	2.834580	-16.361376	-4.980219	8.367387	-9.069842	6.248492	-8.383843	6.524892	7.231789	-6.430702	6.514899	-6.870310	0.826160	-2.965871	4.470081	7.499805	5.733676	5.139620	0.066765	-0.106141	7.190833	3.895043	6.514854	2.165191
1210	6	-12.020168	5.486921	6.270597	-12.810358	7.400708	-8.430643	5.968482	1.150147	5.846418	4.336699	7.298562	5.460537	-15.257362	-7.068361	1.099762	-9.561494	4.778601	-8.430617	2.532953	-8.775247	0.740401	7.426240	4.595140	5.470482	-14.715202	-12.988680	-2.596359	-9.561370	-1.165829	-8.430617	2.969163	-14.989213	-2.604758	7.426669	-1.165832	5.470884
1211	6	4.461547	-15.517416	-0.462487	5.511107	-12.468494	6.075090	-6.918068	6.507197	8.407766	-15.120676	3.867418	-0.098304	-4.918750	1.577275	4.453998	-8.814294	-1.840110	0.430698	-4.258021	-6.458750	-0.462487	-6.284956	-12.468494	0.894335	-1.881355	1.471732	4.453852	0.733398	-1.889498	2.763376	-1.659612	-6.849232	-0.462487	2.150212	-12.468494	2.928065
1295	6	-8.494061	7.712021	8.352318	-16.233831	8.927146	-7.209305	4.034826	-8.109517	-3.285975	6.772621	-10.641710	8.905206	-9.359651	-6.268737	-3.285975	-10.714100	-10.629617	-7.209319	4.458737	5.566797	8.352318	1.243786	8.926139	8.822238	0.167764	-6.510545	-3.285975	6.771866	-10.633341	5.077432	-0.182093	-6.461816	-3.285975	1.645022	-10.632687	-1.576276
1412	6	-7.059825	7.710302	6.349011	-13.849084	6.305172	-10.883546	7.912290	-10.312092	-5.338594	9.314731	-9.945145	5.906271	4.584232	-10.311692	-5.338594	3.912690	-9.945121	-0.390529	-4.280042	-0.817094	-0.155897	-4.525012	-5.417359	-10.883463	-7.742055	-6.058712	-5.264519	-4.648104	-8.918640	-10.883545	8.593697	3.479031	6.345725	3.143488	6.233709	5.906277
1450	6	-9.379640	6.013894	7.291797	-11.373663	6.441180	-11.366405	-8.331161	-12.269526	-1.572166	-7.838870	-12.155954	-11.366405	5.369373	-18.311799	-1.572166	5.656252	-12.155957	6.978147	3.898121	0.475873	7.176369	2.219494	5.440483	6.959572	3.890405	0.050397	7.187546	2.213268	5.430425	6.967455	3.760190	0.713431	7.167741	2.221691	5.385330	6.951813
1488	6	-7.270983	-8.385070	-8.918954	2.317892	-8.475838	-7.669906	3.160874	-11.789878	-8.922695	8.422547	-8.608268	3.455848	-9.929828	6.550251	3.815460	-4.689748	7.041620	-14.012672	-4.254776	6.550243	3.815460	1.501841	7.041620	-5.986652	-12.325267	-8.385070	-8.918954	-3.524671	-8.475838	-12.989165	6.329731	3.135043	3.805283	7.649496	6.878633	3.644667
1522	6	-10.386083	6.712590	6.853393	-12.679776	7.542949	-11.623149	8.652348	2.062388	6.853388	3.521419	7.541468	6.223265	-9.225950	-7.740222	-4.830336	-9.569864	-7.087774	-11.623149	10.050978	-12.389986	-4.830336	5.922058	-7.087774	0.183136	8.651824	2.062388	6.853388	2.811513	7.541468	0.183134	10.050985	-12.389986	-4.830336	6.631575	-7.087774	6.223266
1530	6	-10.825374	-6.455180	-4.954423	-4.540821	-11.608508	-4.841206	3.433699	2.881174	6.924028	3.787140	3.642094	5.820365	3.034972	-11.395930	-4.954423	7.291256	-12.044296	5.752906	-10.514572	7.838949	6.984920	-8.144082	3.943998	-4.909712	-3.479951	-6.455180	-4.954423	2.599755	-11.608508	2.731454	1.970105	-11.140018	-4.954423	4.072330	-12.040955	-1.410349
1531	6	5.073910	-14.069506	-3.150682	6.756986	-8.087453	7.700589	6.431804	2.021828	8.031225	3.500118	7.800089	7.702328	-5.529097	-11.196942	-3.150682	2.419986	-8.087453	-1.451160	0.067330	-11.600042	-3.150682	5.800011	-8.087453	4.731509	-7.703575	-11.189112	-3.150682	-2.435076	-8.087453	-5.750999	-10.490089	5.933223	8.038626	-6.376805	7.805834	-5.751361
1534	6	-0.686907	-9.874584	-3.704188	2.448422	-12.208349	5.452360	-12.736150	7.160234	8.542999	-11.234224	6.680689	-4.985200	-5.753458	-8.811583	-3.704187	2.345473	-12.208349	-0.198395	4.835521	-14.639195	-3.704188	6.758692	-12.208349	6.893967	3.809175	1.432400	8.480134	2.693393	6.680448	6.808267	-12.297551	-8.810154	-3.704187	-7.084227	-12.208349	-4.985026
1558	6	-4.021782	2.221464	-0.554501	-8.448411	-2.759272	-12.526777	-5.860449	7.939273	4.874768	-13.090480	7.420279	-12.526827	-8.975700	-4.116497	-3.860636	-8.418815	-5.681838	-12.526828	4.973672	-9.305167	-3.862974	3.350288	-7.791451	-0.949311	10.113888	2.616722	4.868793	2.287430	7.316162	3.561477	6.982790	-9.430686	-3.862974	6.951860	-7.804083	3.581551
1600	6	-5.110558	-3.213953	-3.411198	-4.446366	-11.110985	-5.242062	-2.495302	6.575836	8.712876	-7.970102	6.665695	-7.348387	-4.261833	6.640552	8.712876	-7.973493	6.665695	-7.381849	3.288519	0.751371	7.560816	4.896912	5.374965	5.248600	3.639084	-13.730687	-3.411202	8.329642	-11.111974	5.353711	1.952692	-12.031050	-3.411202	6.279992	-11.111974	1.075183
1617	6	5.949285	-13.778739	-3.489506	-0.619060	-1.771924	6.875618	6.271948	1.165258	4.840962	2.230289	6.583261	6.912139	-7.606209	-9.930803	-3.489506	-12.598244	-1.771923	-10.226407	-7.165882	5.015330	4.841905	-13.785640	7.033255	-10.226407	6.109721	-13.778740	-3.489506	3.419877	-1.771924	6.912141	5.551068	1.165265	4.840962	-1.851020	6.583264	5.443237
1645	6	4.625966	-13.582400	-5.342946	7.761823	-7.088933	6.307954	6.004643	2.611517	7.097358	1.150370	5.710971	6.233602	-10.747722	-8.182626	-5.342945	-8.577595	-7.088933	-5.802857	-1.675135	-8.182626	-5.342945	2.613642	-7.088933	5.130886	-8.543946	8.028403	7.121158	-15.063106	5.715668	-0.300667	-5.245365	2.143434	0.888146	-8.571592	0.609577	-0.298991
1716	6	-15.290344	-7.923731	-5.781033	-1.333507	-9.007850	-2.264006	-10.827624	6.568978	6.567919	-9.116483	6.841015	-7.498279	-5.834151	-7.968140	-5.781033	1.777716	-9.007850	4.363944	3.850180	2.203810	6.562168	4.261147	6.719280	5.965580	-7.159242	6.552476	6.567919	-1.905027	6.841014	4.363944	-0.812483	5.568076	6.567918	4.092310	6.840913	4.364136
1771	6	-1.043488	-7.412931	-5.490764	7.319730	-7.972685	5.401626	-9.922080	7.553858	6.886509	-9.522728	8.224013	-9.138734	4.977929	-13.433491	-5.490764	7.401702	-7.972685	7.397787	-11.813903	-7.111479	-5.490764	-3.347991	-7.972685	-4.281160	-6.598925	-7.111631	-5.490764	1.679608	-7.972685	-4.253192	6.291813	1.057713	6.379443	1.160378	8.223630	7.398684
1800	6	6.517078	3.419411	9.129968	2.223733	6.237296	3.895549	8.036617	-15.778347	-0.745643	7.085712	-8.018761	3.910258	-10.570167	9.358330	9.130011	-15.350196	6.237368	-12.092479	-9.198146	-9.439924	-0.745643	-10.488214	-8.018761	-11.990535	-9.226806	-6.501176	1.902739	-11.624210	-0.967345	-11.993688	8.007245	-12.836948	1.902739	5.949715	-0.967345	3.910157
1841	6	-10.300508	-3.637629	1.778597	-9.881609	-13.214741	-8.716687	-8.876670	0.523930	2.261885	-9.887254	-8.399081	-8.716687	-0.250537	-3.642161	1.774756	7.555762	-13.226465	7.484378	3.723606	-13.961866	-2.941542	7.628288	-15.207734	7.715288	-10.884039	-8.183730	-2.931773	-9.878331	-15.207514	-8.716687	-0.853242	-8.184073	-2.931780	7.394942	-15.207514	6.134937
1854	6	7.668880	-12.746315	-5.050043	6.743911	-10.357043	5.784019	-9.393343	-9.932523	-5.050043	-3.493658	-10.357043	-8.589936	3.429307	-11.130419	-5.050043	6.682176	-10.357043	0.084296	-12.098641	7.759729	6.266858	-9.516412	5.746531	-8.686974	-2.990286	-9.958221	-5.050043	2.225940	-10.357043	-4.610176	4.963384	5.821501	6.266842	0.715412	5.746531	5.054570
1882	6	-8.354789	1.786473	2.209247	-10.594480	-3.308272	-8.408295	-13.664703	-6.324244	-3.083233	-10.594347	-9.669972	-8.408295	4.250377	-11.342434	-3.134751	6.177366	-9.906074	6.998280	-8.740520	7.347236	4.191472	-11.026815	4.492036	-8.408295	2.509968	-0.110307	2.145781	5.522336	-3.321326	1.197308	9.174759	1.841370	4.187202	5.751477	4.479673	7.001663
1932	6	5.466149	4.582339	6.014154	6.688915	7.262074	5.935464	-11.016955	8.301770	6.014154	-10.101997	7.262337	-7.543938	-12.317529	-4.163893	-2.226217	-9.707445	-1.303662	-7.543971	4.148412	-7.881233	-2.226217	6.974811	-1.303716	5.932292	4.035704	-4.086043	1.471407	6.856796	5.990900	5.931654	-1.028826	8.301766	6.014154	2.127850	7.262337	3.816811
2005	6	6.096264	1.856801	6.531255	1.693721	7.231374	5.975974	-9.546669	4.947648	6.569291	-11.643709	7.524080	-11.145764	-4.500792	-8.576442	-3.775192	3.362318	-6.335569	-2.920269	-14.189634	-1.472393	6.193252	-11.607220	6.251628	-11.185497	6.061333	-11.637414	-4.378841	7.404723	-6.342788	6.475175	-9.603406	-8.576027	-3.775035	-5.748032	-6.335567	-11.134908
2178	6	4.936827	-12.991970	-2.034822	6.095134	-11.503457	5.365686	-11.262514	-7.890097	-2.034724	-11.242983	-11.502596	-11.223947	-12.249725	5.429202	7.104467	-15.179969	6.119886	-11.229301	1.315057	-2.543835	5.012312	2.158511	3.714123	4.563639	1.560845	-2.764861	5.159150	2.157553	3.989735	4.652690	2.803100	0.954279	6.649878	2.144242	5.689860	4.639439
2196	6	5.867214	3.242571	4.831414	7.015406	6.147525	5.167613	-5.940537	-9.213415	-5.547160	0.274745	-8.731755	-8.958307	-5.361562	5.088899	4.831414	-0.797005	6.259016	-11.460815	5.044210	-11.060331	-5.547168	8.390382	-8.841381	5.167613	0.407636	-9.217653	-5.547160	8.389988	-8.732185	4.651610	-6.561085	-9.213415	-5.547160	-6.091960	-8.731755	-11.579988
2214	6	-6.313480	6.559513	5.035873	-14.632280	7.917468	-9.254903	-11.193667	-8.503126	-7.127150	-13.058575	-9.308236	-9.255429	6.575240	2.758420	5.035849	-2.699963	7.827793	3.485901	4.474944	-10.842032	-7.127150	5.022835	-9.574713	6.606471	9.358535	1.589323	5.033224	3.447321	7.715635	6.622971	6.307048	-0.269570	-1.474926	4.979396	0.879231	6.623785
2232	6	-8.831058	8.406547	6.396691	-5.194040	7.847574	-11.243376	-8.141444	-7.368084	-4.495515	-2.776835	-7.756050	-8.805122	4.193995	-9.585106	-4.495515	2.396844	-7.756050	0.181905	8.890714	-11.694296	-4.495515	5.598113	-7.756050	6.509565	9.186020	4.033766	6.396691	3.178328	7.847537	6.505929	6.534602	4.793594	6.396691	-0.960422	7.847571	5.656498
2298	6	3.367845	-10.732145	-7.230443	5.479450	-11.142932	0.305944	-4.866402	6.733813	4.658595	-14.067745	6.949454	-10.725645	7.250810	4.285248	4.658593	3.064763	6.904748	0.306060	-8.750313	-8.355036	-7.230443	-11.588870	-10.776852	-10.725646	8.563737	4.285248	4.658593	4.111891	6.904748	5.449626	4.679951	-10.802806	-7.230443	6.589040	-11.147703	5.449625
2329	6	-5.010557	5.385697	8.214180	-15.961541	7.918431	-8.132632	6.531899	-11.736265	-1.138886	7.987807	-6.763945	6.269135	4.858233	-3.405557	5.589183	2.894196	2.500926	6.268661	-6.497767	-7.674422	-0.895947	-10.595222	-6.763346	-8.407561	2.502249	-11.736263	-1.138886	5.173106	-6.763945	0.890135	8.106548	1.459709	8.082179	2.609802	7.466735	6.268092
2482	6	5.446039	-14.083530	-5.420847	6.634895	-4.580249	7.491993	-1.903311	7.428679	4.216669	-11.829204	6.382274	-8.212001	-1.878908	7.257202	4.161678	-11.774480	1.448272	-8.211933	-6.062589	-8.279342	-5.273986	-11.376984	-4.579670	-8.212774	9.669660	1.560357	3.942492	6.402856	6.327586	7.491880	9.664341	1.240777	3.803896	6.472327	1.272373	7.491918
2564	6	-11.207763	7.357883	6.293118	-8.697944	7.414724	-12.672058	-13.137488	-7.144167	-1.911377	-4.598523	-1.721512	-12.671816	7.202483	-1.849266	4.552458	4.355444	5.538941	4.941510	5.407723	3.520828	6.282573	2.921356	7.354763	4.941283	-6.661280	-7.340148	-2.175859	1.381614	-8.220950	-7.616390	3.241664	-9.714344	-2.175975	6.855403	-8.615150	4.941503
2577	6	-11.043550	7.207578	6.459349	-17.207377	7.363014	-11.338762	-9.631936	-7.587236	-3.765716	-11.583759	-6.949235	-11.287520	2.097021	-0.013545	1.278305	-1.100996	-5.136980	-1.753309	5.597198	-11.314102	-3.765931	6.938956	-6.949235	4.436748	-5.471307	1.111215	1.323491	-11.588481	-4.235522	-11.287688	4.158098	4.520033	6.459346	1.307216	7.363013	3.995825
2624	6	-11.098885	7.723514	7.465815	-8.583477	5.883429	-11.840429	-11.131583	-7.284959	-0.680622	-7.477157	-4.414357	-11.522667	7.026851	-12.419661	-0.680622	7.342627	-4.456249	5.163082	7.042534	2.586901	7.465575	6.236289	5.766321	5.157523	1.625199	-2.828141	4.042091	6.215039	3.894943	4.574492	-15.736556	-2.024118	4.060731	-8.471221	4.209017	-11.815574
2637	6	-12.672904	3.362464	6.031060	-8.530165	-0.646901	-6.053293	-12.705064	6.280655	6.407752	-8.532455	5.833344	-6.054714	-6.247055	-3.520805	-0.090891	1.967825	-12.436520	1.925130	-13.875277	-3.520805	-0.090891	-4.515719	-12.436520	-3.436033	2.595194	2.156925	6.030766	3.530741	-0.646930	6.912863	2.598825	5.076700	6.407747	3.530632	5.833344	6.916520
2736	6	-8.396477	-7.361369	-5.739840	-9.586163	-4.399295	-3.934149	-6.280005	-2.266608	0.451187	-9.664027	5.873581	-3.934155	-10.283130	7.302466	6.057753	-11.454067	7.840139	-3.934203	5.511587	-7.356767	0.015306	6.714257	5.546575	7.424296	5.508859	-12.369455	-5.739852	6.771953	-4.399313	7.424322	3.610848	2.287937	6.037846	4.902163	7.830970	7.374347
2739	6	-9.318400	8.869010	9.197116	-14.475005	5.566355	-6.055381	6.402331	4.010078	8.620162	3.197938	-0.294592	8.234713	7.875545	-12.661274	-3.438666	8.315319	-12.192057	8.234715	-9.318455	7.891282	8.688498	-14.475004	-0.294442	-6.055381	6.415935	5.030481	9.163115	3.198052	5.566338	8.234713	-7.898841	-8.613483	-3.158507	-9.363884	-12.186015	-6.055269
2927	6	-7.197878	7.592085	6.890154	-10.619772	7.774192	-10.206034	-10.405104	-8.391298	-3.670875	-6.415466	-7.340546	-9.076461	5.768725	-7.836659	2.846506	6.747037	3.635248	6.601509	9.536771	1.761394	6.604333	2.605012	7.686836	6.490491	6.115166	-14.131551	-3.670948	6.812447	-7.340546	6.601827	1.872765	-3.008081	2.967372	-2.593097	3.638358	0.063516
2936	6	-10.735665	5.888856	6.881607	-13.409953	8.878926	-10.443714	4.374979	1.132207	6.205468	2.013095	8.747900	5.520626	4.730231	-6.912112	-0.454870	7.454014	0.429374	5.526415	2.161333	-3.587264	3.035752	-3.874244	7.024209	-8.802837	4.593858	-11.498863	-2.796935	7.452315	-5.948108	5.525877	-9.590654	-6.801713	-2.265782	-7.699884	-4.919305	-10.443714
2938	6	-4.390970	6.193141	3.297460	-5.314109	-2.067820	-9.024873	-12.068947	-5.432345	1.328012	-5.269740	-7.510407	-9.028036	-9.796923	8.360634	9.383124	-9.572533	7.734097	-9.028649	6.240822	2.901022	9.246947	4.126791	7.431626	6.457819	3.858773	-11.313757	1.241071	8.425868	-8.227261	6.457133	2.171246	2.901027	9.246948	-1.750370	7.431627	6.081643
3027	6	-13.033339	5.467078	6.454773	-16.077347	9.490256	-10.562114	-13.280390	-5.130405	0.578457	-10.243684	6.169661	-10.562114	3.622035	-16.117260	-5.615391	5.968886	-5.590643	7.257125	3.611690	-9.868042	0.577218	5.907847	6.164478	7.257125	-15.100448	-0.850663	5.907662	-15.555854	7.292575	-10.562114	-13.270239	-11.377033	-5.615391	-10.182825	-5.590642	-10.562114
3066	6	5.959107	-6.266429	4.105010	7.195321	3.379164	8.050994	6.626015	-14.042612	-1.479902	7.415990	-4.798951	8.052939	6.957840	0.142141	6.108461	2.135677	6.170661	7.667145	-9.299454	-8.192648	-1.479902	-7.751693	-4.798951	-10.224347	-8.208273	6.032967	6.108592	-13.058168	6.175722	-10.521494	-7.416858	-0.667930	0.542306	-7.751694	-1.320374	-10.224347
3205	6	-7.254632	7.531186	6.700415	-16.582815	0.178603	-7.657586	-7.282997	7.653088	6.755256	-16.624332	4.889496	-7.657586	7.359038	5.690398	6.700415	2.017998	0.178603	6.325641	-9.953543	-7.461567	-4.546356	-13.092567	-9.563015	-7.657586	4.686850	-9.302106	-4.546356	5.505148	-9.563015	6.487769	7.325645	5.812300	6.755256	1.976465	4.889496	6.316484
3247	6	-11.682182	-11.705580	-3.400151	-6.696256	-6.883042	-9.882448	-7.649596	7.074797	5.308515	-11.113571	6.751793	-9.882415	7.872069	3.722187	5.229415	1.787849	6.751720	6.404605	7.118793	3.722187	5.229415	-0.702959	6.751720	6.016891	3.681989	-15.054947	-3.413641	6.154060	-6.883043	6.146496	5.338163	-2.726874	2.682963	5.149046	3.700316	6.377097
3257	6	4.379673	-15.228183	-4.272431	7.034740	-9.629342	4.400103	-9.224792	-9.782862	-4.272431	-9.789795	-9.629342	-11.162375	-4.051136	8.086709	3.976413	-13.104565	4.720894	-11.161841	1.599527	1.782277	1.770319	-8.282703	-3.181141	-6.727933	-3.573946	2.360323	1.774069	-11.244604	-3.177368	-11.160937	9.561876	2.207188	3.975931	3.442611	4.719643	4.403465
3323	6	7.638409	-16.723916	-1.619939	6.922561	-10.558492	8.751614	-7.680797	-11.577717	-1.619939	-5.270549	-10.558489	-3.483221	7.645472	2.622066	7.687175	3.354619	1.083986	8.751437	-7.674537	7.860444	8.092058	-8.845998	6.185267	-3.483218	-7.674094	7.788290	7.759353	-8.840314	1.245180	-3.483217	7.644861	2.711944	8.091900	3.347100	6.070739	8.751432
3330	6	1.250611	-11.214218	-5.210559	7.268197	-9.015622	9.326548	-6.625030	-11.034410	-5.210559	1.586109	-9.015622	-2.254248	-7.897501	6.931900	6.560671	-3.550933	4.883081	3.803108	-11.424570	6.931900	6.560671	-8.975021	4.883081	-8.487685	-10.988907	-11.034406	-5.210559	-3.903588	-9.015622	-2.527118	-0.383991	6.913126	6.560671	2.079786	4.883081	8.153674
3360	6	-14.126426	6.171623	5.916330	-12.625125	9.341673	-11.959331	-14.176299	-10.714130	-5.184670	-8.907768	-9.632358	-10.978917	-1.324162	-10.714221	-5.184670	7.596495	-9.632358	4.602769	-1.274217	6.171517	5.916330	4.024739	9.341673	4.684224	3.508401	-15.446969	-5.184674	9.006232	-9.632358	6.154732	3.384664	1.746825	5.916206	5.289042	9.337281	6.149970
3382	6	2.827751	-9.484248	0.726312	5.690224	-3.858389	7.000259	-5.205929	-6.991337	0.869403	-11.812226	-3.858319	-5.698874	-4.146064	8.241631	8.504442	-17.035869	4.899858	-5.698873	3.673730	2.801762	8.348217	-0.076659	4.899383	4.209243	1.287526	8.214536	8.504368	-14.406615	4.899858	-0.687247	2.308335	7.520988	8.501904	-7.454735	4.899858	1.508487
3400	6	-14.990295	-10.600884	-2.101049	-9.629951	-10.001698	-8.506648	-11.648292	6.744176	6.881611	-14.976446	7.606486	-8.506805	3.621571	-14.874322	-3.601847	5.447498	-10.001699	8.613108	-8.369218	-10.600884	-2.101049	-0.496961	-10.001698	1.520014	5.114805	2.364472	6.874684	0.307389	7.604413	8.289335	-1.994115	-10.603759	-2.102964	2.099816	-10.001698	3.429374
3447	6	-8.381871	-11.617127	-2.433774	-9.842014	-5.979343	-10.130752	5.091995	-16.170732	-2.433774	8.203788	-5.979343	6.632335	-9.045525	6.803993	6.380537	-15.117680	7.018909	-10.130752	4.427458	2.237006	6.380110	2.927786	7.007780	6.625313	-7.414283	-5.702360	2.953866	-9.874736	3.684607	-10.130752	4.994211	-10.301986	2.953793	8.171073	3.684486	6.631803
3507	6	-7.477715	-2.553804	0.840484	-8.553707	-5.978847	-11.637194	5.225910	1.448591	7.434041	3.322174	6.132268	6.594285	-7.994717	6.575849	7.434221	-11.952838	6.166639	-11.848476	-10.485231	-7.756251	-3.429845	-8.392410	-6.370593	-11.611793	4.715302	-0.902327	7.417860	3.337346	5.600902	6.595857	1.517397	-11.717725	-3.432035	6.092753	-6.370811	6.476323
3524	6	-7.779781	8.597023	8.267883	-12.588191	6.058597	-9.360027	-8.540195	-5.943643	-3.726370	-9.375811	-9.116734	-9.404805	3.720138	-10.326166	-3.726409	5.573151	-9.116747	5.280453	4.614198	4.214802	8.266175	2.401956	6.058455	5.406639	-7.741338	7.798430	6.383174	-12.359732	-0.301895	-9.357126	4.621033	3.406941	6.372804	2.636612	-0.303649	5.407620
3540	6	3.413786	-11.641198	-8.261123	5.338503	-8.372790	6.855084	-3.082632	-8.197800	-8.261123	2.516665	-8.372790	4.409577	-12.808962	5.437330	3.490196	-9.994060	4.600962	-7.958147	-13.194282	-8.197800	-8.261123	-9.850671	-8.372790	-7.957967	-2.697240	5.437330	3.490196	2.458344	4.600962	4.408994	3.709978	1.704535	3.490170	5.271172	4.599509	6.855070
3616	6	-10.911716	6.253334	6.074661	-13.068577	7.738491	-0.775856	-12.108942	-1.332746	1.573839	-0.871150	-5.346438	0.737451	-14.220223	-1.332746	1.573839	-6.490583	-5.346438	-0.775828	3.328362	-12.396053	-3.557161	5.897683	-9.918030	7.666705	-8.551379	-7.833480	-3.555884	-0.744114	-9.481426	0.956581	-11.406380	-7.833480	-3.555884	-6.350625	-9.481426	-7.135637
3619	6	4.769359	1.242522	5.375494	1.783423	4.989362	6.099376	-7.280191	-2.455413	-5.178502	-6.169928	-7.671863	0.336092	-7.253742	7.900676	6.014497	-11.124797	5.070699	0.336092	2.545640	-7.216195	-5.205590	5.881989	-7.902827	6.127510	-10.211419	7.900677	6.014497	-15.247646	5.070699	-5.587244	-10.243060	-2.455413	-5.178502	-10.287343	-7.671863	-5.587244
3628	6	-4.618712	-9.981911	-6.483239	-2.836784	-12.823706	-4.866559	4.487699	-12.722996	-6.548695	7.068193	-12.823706	6.420438	-1.801228	8.210041	6.021130	-13.567554	4.229084	-7.000702	8.779734	3.599867	5.856859	2.162118	4.220870	6.055014	-1.155395	-10.153622	-6.491703	1.306168	-12.823706	3.061567	5.565888	4.859582	5.954308	-7.764208	4.227938	-4.388228
3662	6	3.833859	-11.977575	-4.898298	9.370917	-9.779572	7.653609	-12.058611	-5.782367	-4.898017	-6.131993	-8.861247	-11.095732	4.529810	2.155192	8.095477	2.883349	7.069547	7.658021	-11.459849	8.488131	8.149283	-12.680864	7.337074	-11.095806	-1.266064	-5.782395	-4.898017	1.169556	-8.861260	1.757030	-9.255946	-5.782367	-4.898017	0.320501	-8.861247	-4.481771
3741	6	-11.710993	4.391588	6.946806	-9.276558	7.447166	-8.512475	-13.521229	-8.665016	3.497407	-5.357894	1.760579	-8.486854	-13.435005	-13.843356	-0.407749	-5.110977	-10.574632	-8.469916	3.232866	-15.478989	-0.407749	8.103061	-10.574632	6.183130	4.812408	1.562668	6.854674	4.129299	7.278166	6.263538	3.146641	-10.247331	3.497407	7.843365	1.760579	6.162082
3777	6	-9.126056	-9.902209	2.965430	-0.216845	-8.365305	-8.467234	7.001627	3.424230	6.425286	3.928064	4.451118	5.055557	4.036740	-12.573449	2.965430	7.415863	-8.365306	5.055557	-0.739714	-9.902214	2.965430	4.127181	-8.365305	4.928530	-7.340067	6.100157	6.425371	-6.542080	4.451626	-12.762729	-5.257188	-9.902209	2.965430	1.384076	-8.365305	-0.117308
3840	6	-7.066184	-5.755549	-8.212331	3.609362	-11.698283	-1.482611	6.456316	1.533552	3.790613	4.741829	6.590848	4.995085	3.948667	-8.174141	-8.212533	7.968034	-11.832938	4.994927	2.082284	3.854041	3.790617	2.924657	6.591113	-1.271042	-12.181081	4.863724	3.790617	-5.492080	6.591115	-6.692788	-14.537984	-5.755543	-8.212331	-2.034452	-11.698281	-6.446925
3860	6	-5.475804	9.420439	7.103762	-0.012764	3.804033	-0.786067	-4.049326	-6.911475	-2.997336	3.543468	-9.431286	-0.739258	4.216407	-13.032795	-2.998078	8.087324	-9.431499	6.826415	-11.160873	9.420439	7.103762	-11.643816	3.804033	-6.855175	-1.769981	-6.911594	-2.997337	3.843552	-9.431286	3.139137	4.679854	3.298182	7.103605	4.553717	3.804017	6.859778
3927	6	-2.308701	-10.482223	-4.391214	3.272802	-10.667142	2.236187	-8.846350	4.617202	7.426417	-10.185946	6.755937	-1.062438	4.707725	-13.700197	-4.391214	6.932795	-10.667167	7.908435	-5.884980	-10.480027	-4.391214	-4.952403	-10.667142	-1.062215	5.279184	1.099827	6.978350	1.731196	6.259861	7.908485	4.904457	1.103886	6.981575	-3.951421	6.262233	5.633064
3971	6	-11.339214	8.338549	6.730094	-12.896414	9.042386	-8.822093	3.494793	5.786990	6.730094	5.107895	9.042386	7.032895	-10.914441	-7.259733	-5.045666	-11.418327	-7.527184	-8.661624	3.933604	-10.319376	-5.045666	6.585978	-7.527185	7.132581	-0.632237	8.336218	6.730094	5.099388	9.042386	4.940041	-0.159211	-7.265957	-5.045666	6.582790	-7.527184	5.259328
4081	6	3.766760	-10.591580	-7.031669	3.518775	-11.373873	6.810823	-12.102948	-8.713588	-7.031669	-13.360932	-11.373873	-9.771273	-12.490535	6.565795	4.121524	-13.552454	6.692285	-9.771819	2.701583	5.264038	4.121523	-2.965116	6.692284	6.501447	3.579374	-10.488282	-7.031669	-2.454212	-11.373873	6.770224	3.334836	4.925649	4.121521	3.197718	6.692284	6.746596
4194	6	-13.502876	-3.917665	-4.919635	-11.293510	-8.253924	-9.768909	3.591846	-7.541032	-4.988809	6.554315	-8.253930	7.057536	-9.021640	0.711256	-0.734898	-11.294041	-4.837214	-9.768910	-10.796207	6.995417	6.946284	-16.200042	5.666163	-9.769542	-7.460703	-3.917665	-4.919635	0.967601	-8.253924	1.294705	6.914716	2.242394	6.716961	1.897181	5.639769	7.071195
4270	6	1.491169	-2.746516	4.505810	5.264122	2.229397	8.059217	-11.524595	-9.078031	-1.477966	-6.533938	-9.151315	-8.209896	4.604182	-14.805147	-1.477966	7.299799	-9.151315	8.059262	0.777044	5.124470	6.549435	-9.746684	7.299750	-1.753248	0.992234	4.896770	6.549435	-7.584879	7.299749	2.460403	-8.657737	6.129095	6.549435	-11.720088	7.299751	-8.207988
4286	6	7.710236	2.929269	5.623942	3.763812	6.879404	8.303452	5.349400	-12.602126	-4.134839	8.733199	-12.727574	8.265241	-4.041908	2.249921	1.588375	-8.346254	-6.251467	-4.232660	-5.276004	8.037557	5.623942	-12.612466	6.885384	-5.461876	5.051259	5.021451	5.623942	-0.942487	6.885366	8.253280	-7.643098	-9.231894	-4.132744	-7.643089	-12.727574	-6.671215
4348	6	4.181866	-17.710909	-5.498896	6.514654	-9.249482	5.575746	5.119079	1.292661	5.679590	4.610164	9.648412	5.577480	-4.099295	-13.938572	-5.496787	-3.774203	-9.249482	-7.631794	-2.605062	5.199282	6.279628	3.308262	9.659488	-1.020933	-3.887920	5.199284	6.279628	-5.947780	9.659488	-7.631851	-2.933682	-13.938572	-5.496787	5.049436	-9.249482	-1.020860
4358	6	-8.211990	-4.841396	0.098372	-5.319795	-9.298061	-8.004174	4.694859	-7.283595	0.091658	6.908560	-9.298150	5.118010	4.595582	3.650278	5.956168	1.142412	6.489681	5.117011	-4.296758	-4.854218	0.098081	0.835616	-9.298065	-7.134953	-10.186736	5.952691	5.956169	-11.087493	6.490383	-8.004529	-2.278212	0.666796	2.168268	-5.324965	-6.417526	-7.025874
4438	6	6.443265	-13.942998	1.982992	7.256497	2.174133	7.142465	-8.949728	3.713512	9.285877	-12.076868	7.951042	-7.261406	-3.943217	-7.857368	1.983239	0.094389	2.174191	-2.965479	1.485228	2.392625	7.658759	1.237886	6.003753	5.269803	6.636134	-18.368715	-3.697089	7.493032	-9.502709	7.143921	-3.668507	-12.283619	-3.697089	0.334430	-9.502709	-2.958407
4467	6	-10.497745	8.724585	6.724059	-10.979121	7.441228	-9.308958	-10.909428	-6.326453	-4.225162	-8.699889	-11.410366	-9.308958	6.985709	4.638918	6.668702	6.955067	7.439299	5.684895	6.538752	-10.545995	-4.866051	9.193641	-11.429805	5.682688	-7.173064	2.623268	0.609552	-8.779141	-5.225555	-9.308892	5.058422	-1.752706	4.559209	8.265986	3.987836	5.650621
4492	6	-13.368582	6.196110	8.457219	-14.695031	7.770760	-5.584551	-2.998789	-1.141200	1.681248	2.207724	-6.641879	0.960745	5.998801	-15.157343	-1.114575	6.274294	-6.871606	6.016020	-11.062539	-8.864265	-1.113122	-9.306695	-6.871606	-5.584551	-9.684590	-1.141200	1.681248	-9.357205	-6.641879	-5.584551	-4.353184	-8.864265	-1.113122	2.259307	-6.871606	0.966760
4564	6	-9.666145	-0.118676	4.907763	-12.915978	-1.048977	-11.193722	6.936345	-15.067789	-5.139486	7.354063	-13.635254	5.353195	-8.734822	-10.152777	-5.139486	-8.651279	-13.635254	-10.660219	7.210447	-0.383089	4.898790	-2.439919	5.419949	4.593599	-9.440605	5.811972	4.912475	-12.922617	5.425134	-11.193887	7.492425	-0.383089	4.898790	3.099960	5.419949	5.332744
4631	6	4.423025	2.174112	8.723775	2.976897	5.448470	7.439259	-12.020486	-10.578577	-3.443273	-9.460786	-11.243021	-11.252249	-11.544171	6.559847	9.036186	-12.834667	5.448588	-11.339223	3.733224	-14.577886	-3.499614	6.305053	-11.266837	7.572162	4.926319	1.934116	7.535301	3.263945	0.832457	7.547814	-11.280920	6.378232	7.897707	-12.605531	0.832682	-11.335591
4717	6	-14.128410	-5.650593	-3.069330	-8.799553	-12.318229	-12.857473	4.271835	-9.731804	-3.069629	7.693458	-12.318235	6.534522	-7.758765	1.978441	2.396293	-8.526421	-3.668995	-12.846171	7.528434	3.060091	8.278571	1.587933	4.372274	6.530372	-10.562289	8.620254	8.278581	-14.961980	4.373725	-12.882250	2.601142	6.915988	8.278581	-2.539327	4.373725	5.618990
4745	6	-2.618237	-7.245985	-8.530006	5.323016	-8.074904	5.630318	3.278887	-13.099356	-8.530045	6.352258	-8.504724	6.298980	-1.145491	5.546158	4.603196	4.765570	6.903842	6.018773	-11.664391	5.547932	4.603196	-10.591539	6.903907	-3.072723	-13.143777	-7.245955	-8.530006	-9.214216	-8.074896	-3.107133	-6.091192	5.547932	4.603196	-4.319868	6.903907	0.993031
4750	6	-13.473182	-10.307640	-2.821227	-5.270945	-10.265198	-9.509353	4.598786	-12.634374	-2.821227	8.639206	-10.265198	8.167208	-11.480223	7.732444	6.510873	-11.638237	6.335050	-9.503632	-9.096800	2.045793	2.904686	-8.354424	-0.994868	-9.471824	6.509405	3.935134	6.510873	1.923623	6.335044	8.288564	-7.420777	-10.309105	-2.821227	2.189199	-10.265198	1.202485
4754	6	-6.618996	-2.534420	2.431637	-11.457673	-5.941022	-9.544908	-7.257559	-5.741466	-3.359790	-11.418879	-6.930061	-9.546280	-1.366825	4.291036	2.858129	-10.544393	-1.546822	-7.831431	6.108798	-11.986721	-3.360279	5.995295	-6.930363	5.167766	-4.749677	6.580289	8.089525	-17.869270	5.582229	-9.521585	1.464780	3.925183	2.858129	-6.855078	-1.546943	-5.902495
4867	6	-11.053407	7.991596	3.844193	-9.566528	6.982879	-0.782233	-12.805340	-6.974630	-4.436589	-9.343458	0.028650	-0.781881	1.468565	-8.877074	-5.990588	5.433949	-6.069821	4.369098	4.177798	3.977439	3.844173	5.241598	6.982871	6.415992	-12.805340	-7.002334	-5.990588	-9.343458	-6.069821	-0.781881	1.468563	-8.849369	-4.436589	5.433949	0.028650	4.369096
4883	6	-9.194302	5.829876	6.944003	-13.552080	8.247279	-4.119463	-11.262008	-9.346703	-5.374171	-10.771373	-6.055750	-4.119463	3.702097	-0.699922	5.057848	5.256076	6.651776	6.506222	4.825928	-0.242349	5.622968	4.944204	6.877436	6.501416	0.947215	-0.472132	4.563189	4.260128	6.029480	6.477219	5.030600	-0.095784	5.776025	4.858712	6.919844	6.498491
4947	6	-9.323467	-9.735707	-3.688603	-6.443556	-7.166696	-12.220947	7.548719	1.123570	7.807659	2.907128	7.782657	4.827022	7.394856	-15.086854	-3.987927	9.365614	-7.166696	4.827023	-10.638654	6.505304	7.927692	-12.903392	8.105365	-12.220947	1.181388	-13.881288	-3.976995	3.321919	-7.166696	-4.762348	4.723345	-4.023625	5.922949	3.156070	2.872671	4.813015
5054	6	-11.874579	-4.129917	-4.938298	-8.333082	-9.847247	-7.269493	-11.026805	9.319190	6.924081	-12.717012	6.618359	-7.269494	-0.984554	-4.132376	-4.938298	2.517984	-9.847248	4.044786	5.989290	3.989192	6.924067	3.257914	6.618123	7.821326	-6.964988	0.792332	0.282146	-8.333357	-0.656239	-7.269493	5.142032	-9.383569	-4.938303	7.643744	-9.847297	7.825785
5077	6	-8.538476	6.328184	7.135975	-12.802691	8.617098	-6.829585	3.890323	-6.953066	0.699874	5.182353	4.806355	-3.051566	-4.775595	-1.718335	-4.687621	-9.020275	-0.679274	-6.829585	6.301497	-0.338476	6.322534	3.181913	8.617089	2.720170	8.383723	-12.521165	-5.930945	6.957657	-4.432665	2.720208	3.658529	-11.788575	-5.930945	5.163198	-4.432665	-3.051719
5080	6	-10.980093	-6.224874	-5.363971	-8.438075	-5.852033	-9.566958	-9.816597	8.056808	5.506301	-10.290629	9.594359	-9.784403	-1.478402	-6.336390	-5.363973	1.023173	-5.852040	4.864276	3.229740	6.444929	5.506301	5.734047	9.594354	7.891645	-1.216903	2.231995	0.796804	-8.349653	-1.511112	0.117515	-6.532512	2.367924	0.797385	-8.444114	-1.503084	-9.568122
5126	6	-8.645368	-5.358386	-10.148548	-3.615823	-6.814383	-7.459515	5.622475	-11.325496	-10.148646	6.373792	-6.814383	6.946076	-3.503858	3.757392	-3.965499	-3.246771	-2.420169	-7.459460	-5.894351	7.900234	2.277264	-6.173834	3.485352	-7.459546	10.098449	1.918962	2.270659	3.902335	3.470972	6.945898	2.006011	4.253178	2.277256	-3.048480	3.485340	-2.897261
5135	6	-9.169752	-8.788640	-5.472955	-8.210702	-13.155974	-9.662465	-9.948877	6.946824	6.497719	-13.241220	5.559455	-9.662465	4.434556	-12.127324	-5.472955	7.135721	-13.156313	6.056501	-9.945345	6.942462	6.362906	-13.238035	-0.489688	-9.662465	3.705210	4.100255	6.497719	2.089405	5.551827	6.003160	3.708782	4.091228	6.357757	2.092934	-0.503886	6.003670
5186	6	3.835279	-14.861015	0.563255	6.492298	-2.934423	7.226972	-10.336491	-11.143959	0.563255	-6.904031	-2.934423	-8.262993	-10.690377	5.906181	8.496642	-12.591775	7.500656	-8.277525	3.405588	2.301785	8.496540	0.390429	7.421839	6.850986	2.333973	-2.516154	5.106207	0.415916	6.264529	6.853198	-1.444276	-11.147741	0.563255	0.811292	-2.934423	-2.231846
5270	6	-11.710154	-11.916015	-3.909963	-11.587449	-10.783820	-1.662581	5.167861	-17.963151	-3.909964	4.456696	-10.783820	7.321948	-5.982563	-11.916015	-3.909963	-7.778511	-10.783820	4.046103	-1.978359	5.944835	7.107689	-9.534757	7.239725	4.021130	-7.694386	5.944855	7.107689	-18.012634	7.239725	-1.664866	-0.522399	-11.917134	-3.909963	4.404654	-10.783820	7.085045
5349	6	-8.649037	6.527710	6.902629	-14.541371	6.671572	-7.861422	-11.551344	-6.609708	-3.322518	-12.110790	-7.467920	-7.861422	-6.508796	1.302979	0.398387	-12.178712	-2.986081	-7.861422	-7.815392	4.760247	5.403969	-13.504751	0.900747	-7.861422	4.848004	2.086338	6.898161	3.971412	6.671523	9.730263	3.719642	3.852120	6.902515	-2.155353	6.671572	5.459430
5422	6	-9.402626	7.638796	7.996802	-13.860866	8.808526	-9.389805	-5.798600	-10.016942	-1.792839	-8.237396	-3.211829	-9.389805	4.760505	4.862942	7.996802	1.682082	8.808526	6.030947	5.937406	-6.282322	1.712353	7.386118	3.266360	6.361213	8.338182	-13.386008	-1.792839	7.511799	-3.211829	6.361215	3.720373	-12.344510	-1.792839	4.873261	-3.211829	0.554112
5488	6	-5.996861	0.047893	1.646795	-10.258441	-6.521020	-9.196753	-11.570477	-7.806399	-3.899325	-9.367497	-13.991117	-9.033727	-10.190974	7.037868	8.274836	-14.990838	5.031888	-9.406545	4.941788	-11.476971	-3.904239	8.120623	-14.040476	8.112931	-10.058117	4.059989	5.007332	-14.990771	-1.070036	-9.406545	6.319929	3.339275	8.269949	2.506925	5.031110	8.032629
5510	6	-10.241033	-10.019548	-4.411807	-7.648633	-12.149225	-10.592891	4.737498	-16.332570	-4.469698	7.485285	-12.149225	7.741259	-3.977501	-10.019560	-4.411807	3.947039	-12.149225	2.052450	-11.930647	7.059976	7.759319	-9.842103	4.756018	-10.592891	3.045934	3.059108	7.564057	5.293794	4.756018	7.589900	-5.801602	7.059976	7.759319	1.752241	4.756018	2.048909
5561	6	-12.563956	6.954680	6.856754	-16.198718	8.654848	-8.751166	4.236593	-15.391334	-1.970340	4.881325	-2.952867	5.775946	-12.284595	-10.818270	-1.963773	-11.987424	-2.940228	-8.751166	3.419892	-6.507570	1.384678	4.653576	3.824791	-0.068192	3.421232	-13.499472	-1.969557	4.654029	-2.951357	-0.068140	4.235397	-8.446743	1.357422	4.881051	3.651900	5.775943
5582	6	-13.050386	6.202464	8.498958	-14.657908	6.271059	-14.403420	3.585727	-9.694665	-0.351752	3.585033	-5.444958	-2.131063	3.336999	4.767962	8.498789	-0.703386	6.249804	4.112319	-9.258057	-8.102066	-0.351752	-8.517052	-5.418729	-13.547452	6.112578	-3.944135	4.952712	4.191898	3.943235	4.459828	10.062548	-14.129241	-0.351753	5.494560	-5.457595	4.468003
5651	6	4.775699	-16.357362	-5.419723	7.336478	-12.298353	7.149733	-11.453372	-11.956912	-5.419721	-6.478059	-12.298353	-7.246710	-2.413452	6.489058	6.796507	-2.465174	5.635006	5.189621	-0.402646	-12.355136	-5.419722	5.211752	-12.298353	6.927658	7.842357	2.077062	6.525546	5.135813	5.626013	7.155766	-8.587006	6.489497	6.796508	-8.883351	5.635006	-6.442187
5658	6	-9.929101	5.934383	8.712593	-10.771613	7.559263	-14.577742	1.598379	-7.914907	-4.345252	2.894986	-7.406789	-5.734788	-9.763707	-7.172011	-4.295931	-5.544026	-7.405699	-14.577742	2.784916	-1.219897	2.239222	6.304601	-1.585439	3.215439	5.360524	2.850000	8.712590	2.636410	7.509047	3.783091	5.463269	-10.329450	-4.358841	7.896379	-7.407374	3.783621
5723	6	4.252489	-15.061982	-7.216966	6.280241	-10.639316	6.021354	-11.113177	7.421515	4.718514	-9.723981	5.383324	-12.456782	-1.174413	-10.076420	-7.216966	5.049353	-10.639316	4.128182	-7.693735	-10.076420	-7.216966	-2.223323	-10.639316	-12.078284	-0.618985	7.421511	4.718514	2.523974	5.383324	4.542371	4.798952	2.411080	4.717323	3.525853	5.379978	6.045916
5790	6	-6.698938	-11.288314	-2.811215	-7.709407	-9.072838	3.766003	1.166495	-11.645598	-2.811215	4.643119	-9.072838	7.770385	1.539063	5.891043	5.963243	-5.686616	6.706691	5.058533	-8.230481	-11.288314	-2.811215	-13.209619	-9.072838	-2.035337	-4.012969	6.896488	5.963260	-11.928918	6.706695	3.827609	-5.484643	6.896488	5.963260	-17.445306	6.706695	-2.013558
5847	6	-10.745344	-11.083419	-1.892667	-12.032097	-12.643243	-10.124959	4.931024	-17.560960	-1.892671	7.568647	-12.643243	7.211533	2.578073	1.428183	8.656844	1.480418	3.443886	6.009566	-11.818008	6.334879	9.165970	-18.123813	3.980753	-10.124959	2.675446	0.719997	8.684974	1.481737	3.293168	6.345272	2.432938	1.408054	8.635515	1.480113	3.246174	5.968808
5874	6	-5.076705	1.985837	2.718294	-7.476043	-4.019827	-9.178703	-9.834997	-7.743662	-2.616418	-5.890258	-9.594337	-9.750365	3.987160	-15.181284	-2.616441	5.405030	-9.594338	0.193417	-11.331926	7.976861	7.308242	-10.579257	6.753344	-9.767990	5.897959	-15.181430	-2.616441	7.057151	-9.594338	6.768493	4.336196	2.747981	7.307062	2.361083	6.727812	6.612590
5912	6	-4.861255	-10.852524	-1.793786	2.763266	-11.452375	1.006804	-6.261482	-10.852524	-1.793786	0.110657	-11.452375	-4.182810	6.606889	-14.590713	-1.793788	6.725524	-11.452375	5.812576	-10.311057	-10.852524	-1.793786	-7.766356	-11.452375	-9.083071	-9.001575	4.636768	8.176969	-12.978532	5.734747	-9.596371	7.596482	0.710258	7.256213	1.554378	5.660451	5.512576
5913	6	-12.073914	6.218734	5.397848	-12.862724	6.913621	-8.826964	-5.189755	-11.315481	-6.286611	2.487108	-3.249726	1.625334	2.969181	-2.228800	3.214740	2.336334	4.908089	6.280287	-16.259723	-11.315481	-6.286611	-6.992010	-3.249726	-8.830791	-5.203491	-10.183174	-2.815319	2.483815	0.412482	1.620712	-16.270203	-10.183174	-2.815319	-6.992012	0.412482	-8.830793
5949	6	-12.251786	-4.645490	-6.142895	-5.744840	-11.862826	-9.766480	4.970187	-9.019887	-6.238355	6.547071	-11.917431	7.507408	-0.817726	5.411983	5.324015	4.374595	4.401211	4.827506	-11.623522	5.973791	5.324019	-7.917088	4.402398	-9.806598	-1.854554	-4.947408	-6.196221	6.466495	-11.881305	4.022444	5.777561	1.024814	5.303925	4.409651	3.612924	7.575956
6038	6	-7.983314	9.295467	5.239570	-12.154145	7.865235	-8.464166	7.712627	4.477443	5.238774	3.515075	7.865139	8.825044	3.852471	-9.193946	-6.879242	5.767354	-10.457820	8.815077	-1.169985	-7.435232	-6.864148	1.571444	-10.457820	3.919180	-11.841350	-7.317877	-6.861244	-9.900038	-10.457820	-8.454539	-5.777608	1.807301	-0.314920	-9.900020	-4.030099	-8.454539
6068	6	4.061891	1.442290	5.254350	1.954286	5.698191	6.957959	-11.363014	-2.080293	0.620965	-13.899134	-7.413374	-7.673718	-10.646120	8.056522	5.254370	-17.180231	6.452563	-7.673718	3.619574	-13.934409	-5.613513	7.763734	-9.924526	6.948388	-7.060493	0.854369	0.651267	-13.745067	-5.464417	-7.673717	-11.364645	-7.453440	-5.543930	-10.587236	-9.757244	-7.673718
6094	6	-13.057090	6.809941	6.553030	-15.225379	6.597423	-4.555313	3.531264	-14.890343	-2.100353	6.647009	-4.724512	8.588946	-12.898473	-9.273658	-2.100353	-11.104157	-4.724512	-4.555313	-12.891684	-9.095411	0.700348	-11.118982	0.869926	-4.555313	3.531371	-14.712095	0.700348	6.632201	0.869926	8.588965	2.833591	1.097500	6.551690	2.302018	6.590824	8.393038
6113	6	0.520447	6.729789	4.926823	-2.358732	6.311307	5.580897	-4.802705	-8.743149	-7.102748	-2.455142	-5.311610	5.539522	-9.875632	-8.743007	-7.102747	-10.874163	-5.311603	0.226629	8.751590	5.114224	4.926823	3.141530	6.257278	7.426852	6.326279	-10.553850	-7.112804	5.066492	-5.362976	7.426852	-7.476227	6.930405	4.926823	-12.802027	6.314776	0.226629
6216	6	6.938750	5.178790	6.382601	2.931088	8.069343	7.970597	-3.271651	9.156199	6.382601	-9.886032	8.069408	-9.022969	-2.410830	-7.033584	-3.828406	2.939462	-6.165150	-2.346285	3.898308	-10.689990	-3.828406	9.048789	-6.165169	7.956118	1.649994	9.011437	6.382601	-7.779455	8.069408	-8.129003	-6.308710	-7.033582	-3.828406	-4.291251	-6.165150	-9.022678
6226	6	5.055531	-13.432769	-3.948446	6.879679	-9.228576	6.322710	-8.142547	7.385897	7.702519	-12.890910	6.871024	-10.915173	-8.131645	-7.093363	-3.948446	-8.800280	-8.685657	-10.657329	4.717736	1.045260	7.484374	2.688518	6.486396	6.124102	3.331303	2.477834	7.698075	-1.443847	6.719760	4.443612	-3.495761	1.939278	1.636610	-7.799983	-2.639351	-10.426873
6258	6	-6.584580	-4.514441	-5.457805	-0.383974	-13.403174	-3.112692	3.247048	-10.826899	-7.051201	6.600528	-13.403174	5.270483	-3.514655	5.671956	5.747452	-1.604866	5.434031	-3.515221	-3.969263	2.005262	-1.082302	-6.026749	-7.674600	-5.795615	-1.318279	0.771227	-1.593249	-0.400982	-8.181584	-3.116908	-7.338139	5.768391	5.750773	-7.325766	5.434056	-6.181420
6337	6	-14.940852	-10.230789	-3.148146	-6.392746	-9.292355	-5.139227	-13.829031	5.158020	8.739762	-13.009889	6.252017	-5.139227	2.853328	-2.142181	3.291962	8.208901	5.884016	6.914342	-3.538483	-10.230792	-3.148146	3.448531	-9.292355	6.702633	4.846890	0.502840	6.799991	2.102773	6.215741	6.925982	3.258091	0.921011	6.174423	2.104728	6.193587	6.920699
6366	6	-11.071703	-11.362298	-4.814602	-8.058703	-6.241705	-9.664039	-7.022063	6.169498	5.397344	-12.247710	7.695356	-9.670364	6.700172	0.649405	5.238853	3.355135	7.509289	1.783268	3.305416	-14.143665	-4.814602	6.962908	-6.241758	4.057492	2.754011	-1.582414	-0.533349	6.009865	3.042223	1.464504	7.286790	0.642925	5.235454	3.642880	7.507279	4.082540
6405	6	-7.260597	0.283086	0.493937	-8.131181	-10.731186	-8.321554	-12.452203	-5.548249	-4.227155	-8.057236	-14.299208	-8.343391	-10.909978	9.438676	7.978322	-11.209846	1.054416	-8.342205	2.846816	-9.203946	-4.244403	7.403363	-16.321834	5.573876	-1.144807	-5.553400	-4.227277	2.793833	-14.303217	4.083122	4.753319	3.620260	7.950204	4.302742	1.010774	5.819824
6466	6	-9.173375	-12.462237	-3.360300	-9.398803	-5.497382	-9.514970	3.486334	-7.045930	2.053951	7.226427	5.919749	6.714152	2.821785	-13.291286	-3.364598	7.176153	-5.498244	6.713583	-7.978210	-5.380348	2.616267	-9.457650	6.034051	-9.514970	6.381181	3.319603	7.703236	3.961162	6.681391	6.713860	-5.915184	5.391252	7.895738	-12.680683	6.683369	-9.514964
6497	6	-13.743812	7.279263	4.400874	-11.741367	7.657240	-12.311720	-13.028261	-6.475364	-6.459408	-6.844065	-10.547906	-12.311720	2.857194	0.756422	-1.832806	2.846747	1.255531	-2.007158	-8.050244	3.991746	-0.833702	-6.844097	1.255730	-12.311720	5.164830	-11.404791	-6.459424	8.154094	-10.547906	4.031664	4.469351	2.628677	4.370995	3.328348	7.656693	4.031497
6671	6	-5.944138	6.195018	5.113829	-8.709607	7.847871	2.512200	3.945259	-9.909889	-6.356752	8.540063	-10.394546	8.842218	4.150722	0.634135	5.111993	2.549876	6.247890	8.850632	-5.887934	-4.552511	-6.355806	-2.621725	-10.394512	2.914433	-10.574373	-4.552342	-6.355806	-8.626226	-10.394512	-1.701777	-8.428910	6.195169	5.113829	-14.628303	7.847871	-1.695724
6681	6	-9.146054	-6.847396	-5.128214	-8.940249	-10.571464	-9.966383	7.387572	3.014064	5.644887	4.759964	0.416525	7.138809	-7.446758	7.150358	5.756044	-11.883492	6.864710	-9.898932	5.580653	-11.318174	-5.128214	7.647294	-10.571614	7.185735	-7.382586	5.905524	5.644907	-11.877549	0.416525	-9.890409	7.323990	4.268637	5.756043	4.756068	6.864710	7.138037
6802	6	4.512357	-11.001088	-3.983903	6.971481	-8.453520	6.617596	-3.282949	7.539278	4.790957	-6.766540	5.280732	-10.647915	9.323090	1.254824	4.153645	6.561628	4.912356	6.702159	4.322544	-10.727998	-3.975128	2.888755	-8.453498	0.381479	-7.618545	-6.481128	-3.272406	-4.911065	-8.450466	-10.653591	9.216700	1.256038	4.154084	2.651639	4.912784	0.532040
6862	6	7.425487	2.373844	6.523949	5.630228	7.784747	7.119588	7.292025	-13.583329	-5.346047	7.444389	-5.666299	7.120224	-4.614334	-9.295458	-5.346047	-5.972094	-5.666299	-4.248502	-2.086642	6.595777	6.527577	-3.499997	7.785631	6.105467	-4.455912	6.696952	6.527577	-7.776702	7.785631	-5.420962	-2.295942	-9.382841	-5.346047	-1.789946	-5.666299	5.950757
