19	5	7.543021	-6.435619	3.010592	5.719423	4.115949	5.166949	-3.886204	-4.464664	3.011184	-11.147732	5.345990	-1.946970	5.637620	-15.417944	-3.362103	7.091756	-6.026935	5.165055	-7.213848	-13.447907	-3.362103	-10.836584	-5.944960	-1.947018	-7.350151	2.468713	7.884494	-14.502142	7.563451	-1.947022
100	5	6.310271	-16.495091	-5.075382	6.844071	-4.187521	5.918731	5.749114	-9.860682	0.539937	6.770483	1.331879	5.918730	0.479945	-7.976175	0.540582	3.635462	1.331885	-5.344428	-8.198548	-7.904932	0.540655	-3.791726	1.331886	-11.361479	-7.505011	-14.540174	-5.075382	-3.716871	-4.187521	-11.361478
177	5	-12.995376	-13.472767	-5.382727	-7.846982	-9.643323	-10.948184	-0.628308	-13.795242	-5.382727	3.162193	-9.644297	3.982627	5.826981	-17.587095	-5.382727	7.742452	-9.647908	6.873109	-14.329583	3.814139	6.160567	-11.357299	6.705103	-10.949491	3.815414	1.091299	5.575872	4.665922	5.981806	6.590017
234	5	5.935458	-25.558160	-2.525405	9.172819	-9.339541	5.853768	-10.761895	-18.919876	-2.525405	-8.258651	-9.339541	-3.176800	-13.088443	-9.261902	4.034871	-8.966251	0.160580	-3.176800	3.608704	-15.098935	4.034871	8.465187	0.160580	5.853293	-2.258141	-9.261902	4.034871	2.428298	0.160580	5.512058
297	5	-11.007194	-11.884183	-0.161544	-13.724827	-0.126971	-12.967457	-11.007194	-13.919289	-1.681985	-13.724824	-6.394743	-12.967457	-11.002310	1.526368	6.641246	-19.083214	5.026242	-12.967458	4.537305	-16.809173	-0.181119	3.071941	-0.134040	5.983909	4.537305	-18.787731	-1.685954	3.071944	-6.396360	5.983909
299	5	-15.521631	-8.842833	3.075682	-6.388785	3.577453	-12.995441	-10.959127	-16.047066	-2.549393	-5.283228	-8.628802	-12.995441	3.653097	-20.678558	-2.549393	6.760991	-8.628802	-0.438674	5.561975	-20.976209	-2.549393	7.985903	-8.628802	5.929497	-14.562796	1.540169	6.037659	-7.839635	7.420223	-12.995441
302	5	-11.268700	2.618688	7.790170	-13.236012	8.249708	-2.738097	5.558164	-8.193168	1.695679	6.640438	1.963582	5.658285	-3.405304	-11.918675	-2.503646	0.920756	-6.318806	-1.911290	5.558492	-14.874553	-2.503646	6.644427	-6.318806	5.658285	-9.493890	-11.897580	-2.503646	-7.094208	-6.318806	-2.738097
307	5	5.360665	-16.689368	-0.714340	7.276267	-13.552470	6.600711	-9.823787	-10.344748	-0.714340	-9.469675	-13.552470	-6.140824	-1.244884	-10.345536	-0.714340	6.723520	-13.552470	4.589700	-10.153671	2.045167	8.276691	-12.939223	4.578099	-6.140824	-1.607823	2.044658	8.276690	2.243643	4.578072	4.331612
365	5	-7.685965	-14.841631	-4.956887	0.729860	-8.368122	-1.735534	-1.686003	-15.823421	-4.956887	4.574291	-8.368122	5.079886	-8.192572	-14.841448	-4.956887	-8.106853	-8.368122	-7.947413	-1.486144	0.781978	6.268452	-0.081698	8.799733	5.065872	-6.728794	2.620930	7.225504	-14.214735	9.416048	-7.940096
405	5	-15.438993	-11.154055	-3.318606	-11.707435	-10.026654	-11.096492	-14.172004	-0.364000	2.882816	-12.076412	-4.968876	-11.096492	-15.300435	2.123511	7.506846	-12.955562	5.908339	-11.096492	1.581064	-11.860040	-3.318606	6.691309	-10.026661	5.600902	1.321262	-1.011919	2.862056	6.272331	-6.020977	5.272931
503	5	-12.744767	-12.681856	-4.350110	-10.814299	-2.979934	-11.909176	5.197630	-11.161913	0.721682	4.647958	5.136652	6.929848	-11.882907	-5.940762	1.770679	-10.989254	5.817159	-11.902011	1.787937	-6.091053	1.694373	-1.583993	5.766619	5.832758	5.166502	-17.799983	-4.365245	4.733945	-2.980957	6.928513
506	5	-8.209759	-3.219785	3.221891	-11.019672	3.018374	-12.499525	-7.581677	-12.966994	-3.809919	-10.597521	-7.326717	-12.474056	5.990955	-8.673311	1.874579	6.957517	2.025198	4.848822	-8.795177	0.521722	5.470544	-11.963140	6.136486	-12.515548	6.098981	-17.244036	-3.812600	7.138636	-7.327088	4.858116
553	5	-10.599711	-13.709763	-5.182717	-13.476036	-6.938986	-11.183050	-10.599714	-8.556147	0.308443	-13.549770	2.222791	-11.183050	-9.639481	0.748635	7.246290	-16.623042	5.726338	-11.183050	6.289551	-20.088856	-5.182717	3.415000	-6.938986	5.159200	6.289547	-14.935284	0.308295	3.341287	2.222712	5.159200
562	5	-13.062222	-16.744909	-5.730638	-7.255341	-8.279422	-7.778355	5.187729	-22.171706	-5.730638	8.310576	-8.279422	7.136113	-2.349320	-16.748202	-5.730638	4.323890	-8.279422	2.791443	-3.051040	1.312819	4.713780	3.226392	7.902820	2.791079	-13.700835	1.314222	4.714290	-8.340662	7.903501	-7.778355
588	5	-11.666660	4.086611	7.345083	-17.694020	9.305395	-11.803067	5.265336	-14.223382	0.786056	5.099209	5.722876	6.119554	-12.935957	-8.323079	0.788814	-13.004419	5.726534	-11.803067	-12.868798	-13.758541	-4.752025	-12.606255	-0.140270	-11.803067	5.405509	-19.727283	-4.752027	5.510437	-0.140270	6.119557
593	5	-7.504297	-3.890432	3.777529	-16.163725	5.065224	-7.427691	4.841558	-18.264732	-2.220257	7.922879	-7.815120	6.741252	-5.108545	-13.609266	-2.220257	-9.786706	-7.815120	-7.426608	3.252875	-8.862491	3.567011	2.067228	3.054230	6.210201	-3.720774	2.034399	8.192845	-14.742835	8.361701	-7.420056
598	5	-9.770692	-15.282378	-3.476550	-9.007506	-3.830126	-11.667491	-9.789771	-5.694391	2.504721	-9.007696	5.136824	-11.667491	-10.671906	1.263054	5.434880	-13.375600	8.708708	-11.667493	6.724936	-10.365676	2.504721	4.809903	5.136824	6.847048	6.744138	-19.953273	-3.476550	4.810111	-3.830126	6.847152
614	5	4.935394	-8.907568	1.149735	6.070753	5.485652	4.336847	-9.576993	-11.380145	-4.500846	-3.365194	-5.124159	-8.172622	5.640332	-15.119838	-4.523623	6.071227	-5.125987	4.336863	-10.601153	-5.600597	1.955795	-3.365208	5.513016	-8.172632	-11.294800	3.641780	7.236839	-9.391184	6.048462	-10.863442
630	5	-18.237171	-3.599712	5.735141	-12.239851	3.645471	-7.525693	-14.891858	-14.164034	1.733022	-7.136251	-8.551305	-6.426257	-14.482173	1.197856	7.832869	-12.241291	5.520211	-7.525743	3.380920	-17.850585	1.733022	7.456083	-8.551305	8.657279	-2.457946	-14.164243	1.733022	6.194175	-8.551305	3.460053
631	5	-15.036989	-3.967604	5.389579	-15.519564	6.721101	-7.736877	5.145105	-13.853086	-3.314051	7.303915	-6.064091	6.348153	-13.217429	-10.134293	-3.232110	-11.674396	-6.064077	-7.736877	-12.322129	2.632037	8.038717	-15.956265	7.365995	-7.736877	-8.778206	1.209344	1.514802	-11.551729	-0.732838	-7.736877
642	5	-6.887209	-7.206305	2.674736	-9.831266	2.613381	-9.528130	-6.815338	-11.487765	-2.363565	-9.395453	-9.804689	-9.528130	-5.447707	4.088590	5.880841	-15.980349	7.194822	-9.528130	7.002381	-15.114733	-2.386285	4.440173	-9.804699	6.497462	6.968628	-10.828499	2.305169	4.334273	2.609216	6.497460
667	5	-12.451864	-11.154403	0.972492	-9.835076	0.589062	-8.512212	-12.451735	-15.546742	-2.730871	-9.830611	-6.961249	-8.512212	2.914892	-14.704207	0.874624	5.538059	0.570861	5.989340	-10.844282	1.368721	7.254058	-15.141628	7.199793	-8.512212	2.914992	-18.958266	-2.735493	5.541466	-6.961407	5.989423
732	5	5.023284	-16.060826	-3.592811	6.609850	-9.966776	5.751106	-6.895984	-13.275501	-3.592811	-12.375446	-9.966776	-9.136005	4.955983	1.008392	7.468217	1.683110	5.311335	5.350174	-6.223396	3.837193	7.469101	-17.241310	6.151871	-9.152246	1.603328	3.161805	7.469099	-9.750815	6.117302	-2.551556
834	5	-12.636187	-3.499961	2.710540	-9.163249	4.049337	-10.592254	-12.629855	-11.283315	-3.352923	-9.147840	-8.069550	-10.592229	-15.493881	1.570981	7.080272	-9.907771	5.049733	-10.595630	5.207020	-8.642753	2.710500	7.423481	4.040863	6.466726	5.262076	-16.181400	-3.352923	7.439078	-8.069551	6.471787
852	5	-15.459713	-9.388851	0.612583	-9.463910	-3.340273	-12.173494	-11.907890	3.632034	5.678955	-14.704595	9.155789	-12.173494	5.718499	-3.693878	4.937320	3.290107	2.710065	4.942966	6.685552	1.234759	5.641276	2.389155	8.986898	4.936707	3.059704	-11.018726	0.612583	7.509948	-3.340273	4.450182
903	5	-12.880297	-4.434452	2.732283	-12.948844	4.349168	-9.652018	-11.938998	1.473070	7.294552	-19.554132	8.114183	-9.651670	-12.624106	-8.093968	-1.381643	-12.938331	-3.071720	-9.651945	4.263351	-13.291001	-1.381643	3.716393	-3.071721	6.747419	3.994298	-9.622821	2.732275	3.668921	4.347851	6.687566
1050	5	4.283156	-14.394097	-3.978359	6.479767	-5.648098	8.053269	-11.644095	-8.615994	-3.978358	-9.340022	-5.648098	-4.386352	2.276267	3.399744	5.616801	-5.412007	7.129150	5.476772	2.482053	-0.666444	3.158744	-5.231066	3.625286	5.857180	-9.059276	4.413968	5.618401	-15.717798	7.129186	-4.386352
1074	5	-15.661748	-13.642552	0.323719	-8.963852	-11.150294	-7.006735	-2.689615	-13.642552	0.323719	2.475955	-11.150294	5.984861	-14.853979	0.590916	9.720736	-14.833174	6.429457	-7.006627	2.588824	-15.971857	0.323719	6.309715	-11.150294	7.858388	-8.573258	-13.642552	0.323719	-1.998388	-11.150294	5.207070
1105	5	5.953507	-13.357899	-5.290581	5.374913	-9.577399	7.281467	-6.445784	-8.424114	-5.290581	-6.751031	-9.577382	2.306666	-7.349298	-8.424110	-5.290581	-10.897967	-9.577382	-3.813611	-4.558976	3.156466	6.244892	-17.242768	6.987802	-3.813611	-3.655459	3.156264	6.244892	-13.095839	6.987802	2.306666
1404	5	-11.423655	1.572358	6.352411	-15.999156	6.497183	-6.668342	-13.523033	-11.738073	-3.518018	-11.116762	-5.323671	-6.668334	3.219934	-17.488091	-3.518035	6.248868	-5.323704	8.308528	4.930980	-6.179985	2.236063	6.532538	3.234872	8.308690	-3.039001	-11.738115	-3.518018	1.871297	-5.323671	3.995770
1419	5	-11.430604	-12.866605	-1.084774	-7.142424	-9.120671	-6.671259	6.397266	-16.779287	-1.084775	8.037463	-9.136330	6.108977	-11.713861	-7.908343	3.550161	-7.184747	1.994615	-6.671262	6.010492	-11.899116	3.527813	7.998706	1.315635	6.108248	-9.794182	3.029707	6.014994	-12.938915	8.459284	-6.671297
1519	5	-6.593397	-8.992648	-4.719132	-13.793691	-8.814471	-11.764104	-5.809340	3.187532	6.659124	-17.685669	7.803441	-11.764092	3.765662	-11.165021	-4.719132	-1.226630	-8.814471	6.986213	3.824435	-11.175269	-4.719132	4.344265	-8.814471	7.026297	3.975913	0.961346	5.698210	1.613372	7.261864	7.033888
1539	5	3.683856	-16.426823	-5.686345	8.189641	-13.314160	5.717224	-12.485524	-15.803850	-5.686345	-5.468082	-13.314160	-11.821508	-7.059403	-15.803852	-5.686345	0.746282	-13.314160	-4.897134	6.456981	1.425776	5.545665	1.881608	5.300210	5.506375	-9.445520	2.152358	5.726146	-11.915598	5.508401	-11.854637
1657	5	3.499247	-13.920384	-5.720917	6.940065	-9.319236	7.502554	-2.619134	-11.824022	-5.720909	1.939323	-9.319236	-3.225497	1.313982	-12.045397	-5.720912	6.269869	-9.319236	7.240677	-3.484432	2.724928	6.376461	-4.427308	4.905296	-6.746178	3.530454	-0.897734	4.481944	4.138912	4.900539	7.489966
1711	5	-16.805048	-7.929531	3.051934	-8.106586	-4.562134	-5.363332	-14.033072	-0.136288	5.934559	-13.338015	-0.274391	-5.363332	1.795973	-8.725238	3.051934	7.752894	-4.872544	7.149336	-13.333234	0.586786	7.257649	-14.150556	6.456081	-5.363332	3.231256	-0.706344	5.255429	4.237542	6.249159	7.707615
1734	5	-11.816412	-2.117726	6.340073	-13.245937	5.566325	-10.076040	4.107686	-14.534955	1.249106	1.917276	-1.594435	1.152493	-10.395518	-10.034562	1.249106	-9.268598	-1.594414	-10.069299	-11.941485	2.401495	9.252038	-13.385254	9.291751	-10.076369	4.319629	-14.797419	1.249106	6.938769	-1.594435	6.571320
1818	5	-3.307084	-15.902688	-3.436350	2.607858	-4.047252	3.564691	-3.749473	-10.120247	3.181051	2.151273	3.466773	3.558306	-8.023797	-10.120247	3.181051	-3.353856	3.466773	-6.319384	-12.923032	2.275053	7.939285	-5.821867	5.825065	-6.319411	-7.237016	-15.902688	-3.436350	-2.909926	-4.047252	-6.319285
1868	5	-6.135290	-14.317750	-5.949094	4.934606	-4.889982	0.558895	5.296727	-20.696210	-5.952625	9.081892	-4.889982	5.846633	-7.158997	2.634304	5.405375	2.956280	6.408371	0.558454	-14.023017	2.634304	5.405375	-9.298301	6.408371	-9.587373	-12.999882	-14.317750	-5.949094	-7.362712	-4.889982	-9.587373
1891	5	-9.254840	-12.326795	-3.590059	-13.494986	-11.545112	-12.018010	4.008728	-15.410987	-3.602120	2.641085	-11.545112	0.780950	-8.352394	4.061012	5.778861	-19.072282	6.625246	-12.018010	7.813093	-15.481389	-3.602197	3.844553	-11.545112	7.310225	7.431594	0.936278	5.142749	0.884674	6.168002	6.324127
1938	5	-8.873020	1.556065	3.508855	-10.871179	-0.554615	-7.976224	-11.383926	3.059937	8.523629	-17.166127	5.923367	-7.976224	-13.022076	-10.699318	-1.978486	-11.687056	-12.268174	-7.976224	3.179499	-15.409612	-1.978486	7.099765	-12.325512	6.094447	2.442480	0.284601	8.430098	1.422830	5.417933	5.231035
1963	5	-0.956167	-17.287543	-3.897605	2.297729	-5.535862	4.584475	-14.831998	-17.287543	-3.897605	-10.128420	-5.535862	-5.798772	-3.645901	-9.780130	2.606901	2.271854	3.451839	4.582730	-16.484749	-9.780130	2.606901	-10.150198	3.451839	-5.798772	-13.738292	1.764131	7.044809	-15.768093	8.236806	-5.798772
2004	5	3.190641	-13.735234	-4.906732	6.587723	-11.443523	8.430282	-11.920898	4.279163	6.774695	-16.240478	6.096814	1.468982	-12.711776	-10.150854	-4.906732	-11.791003	-11.443523	1.469539	-13.444810	-10.150854	-4.906732	-11.964536	-11.443523	-4.642779	-12.652618	4.279163	6.774695	-16.413573	6.096814	-4.643268
2044	5	3.407231	-10.267166	-5.101530	6.096418	-8.065251	8.702725	-14.811490	-8.914296	-5.101530	-8.130532	-8.065078	-6.233515	-13.868444	3.025727	5.836363	-13.334989	6.943703	-6.233515	4.423810	0.990949	5.728902	0.909953	6.478671	8.954692	-1.890837	-8.972441	-5.101530	1.242113	-8.065094	3.994719
2048	5	-8.217299	-16.183356	-3.444262	-12.386989	-7.071880	-9.055546	8.005646	-14.028731	1.266058	6.300964	1.809487	7.162124	-8.217052	-7.338051	1.266058	-12.388281	1.809489	-9.055546	8.005672	-22.792031	-3.444262	6.302256	-7.071880	7.162124	-12.396437	1.107490	6.160001	-18.491027	6.925188	-9.055546
2108	5	-10.150325	-9.152836	0.852763	-9.324525	-0.375796	-7.653022	7.075912	-15.723070	0.852729	8.387469	-0.376116	7.065040	-10.149680	-10.957630	-3.769654	-9.216580	-4.909183	-7.652838	7.076548	-17.527286	-3.769657	8.495343	-4.909202	7.065050	-9.918251	0.591058	5.253105	-10.619339	4.933184	-7.652420
2132	5	-9.859705	-6.135237	4.673044	-7.542301	2.628066	-11.549071	-9.449412	-10.264655	4.156705	-6.644076	-4.234444	-11.544106	5.847991	-13.765227	4.156705	6.635952	-4.269864	6.126617	5.634619	-9.609578	4.451598	6.196740	2.125041	6.126353	-10.002617	0.746576	7.517506	-10.846076	6.975281	-11.551063
2255	5	-17.719013	-5.469164	5.510195	-12.149225	3.173319	-12.994090	-15.198952	-12.589595	-0.635378	-9.630787	-5.939603	-12.993598	4.407204	-16.332344	-0.637662	6.098176	-5.939604	-1.560523	4.550095	-16.387733	-0.637669	6.513328	-5.939604	4.132970	2.412057	-7.499216	5.287862	3.943561	3.158006	3.477860
2275	5	5.878848	-21.203070	-4.219519	6.784801	-10.290849	6.819782	-8.784240	-14.996524	-4.219518	-7.560887	-10.238584	-6.939761	-10.836398	0.787829	8.221709	-13.550348	7.228981	-7.998027	-2.436233	-14.996524	-4.219518	1.645529	-10.238584	-2.730378	2.445662	-0.194008	8.038943	0.496284	7.175228	6.612334
2317	5	-2.948510	-12.549308	-4.312737	0.552829	-7.649469	-8.119005	-5.701864	-12.549308	-4.312737	-2.632054	-7.649469	-12.908268	-9.148327	3.449326	8.186665	-8.245494	5.810956	-12.916520	4.069732	-17.405200	-4.312751	8.742406	-7.649473	5.586806	2.976814	0.393838	7.958869	3.194908	5.401279	5.479475
2453	5	-11.626394	4.787932	5.689505	-10.476695	6.761697	-7.499542	0.726762	3.910051	5.689154	5.229016	6.761640	5.352002	-0.672446	-9.486121	-4.692766	5.410751	-9.765250	4.382690	-12.834415	-9.078932	-4.692766	-7.403070	-9.765250	-6.770397	3.782093	-11.741029	-4.692766	8.958200	-9.765250	7.786932
2483	5	-14.292260	-12.836450	-4.068290	-7.685853	-7.039055	-5.057793	-1.226805	-12.838067	-4.068290	5.013752	-7.039055	5.133038	-7.545316	-12.836450	-4.068290	2.059104	-7.039055	1.123372	3.336413	-15.972833	-4.068290	7.738202	-7.039055	7.600772	-14.412265	-0.433683	5.304319	-9.215634	6.447630	-5.057948
2595	5	-7.267082	-6.266400	2.130023	-13.176029	5.149903	-8.508706	-7.281507	-9.625251	-1.621333	-11.320314	-6.906328	-8.508697	4.347828	-11.906242	2.130009	4.288252	5.149896	8.361669	4.347968	-15.194210	-1.621333	6.143951	-6.906328	8.367388	-7.724087	1.139725	6.244539	-17.254320	7.421867	-8.508707
2604	5	-10.829211	-13.213774	0.706024	-6.284175	-4.030389	-9.064604	4.256178	-15.721604	0.698146	6.504003	-4.030456	6.188649	-10.944811	-6.873151	1.407691	-6.528479	2.821611	-9.116858	4.226628	-9.744904	0.874857	6.458975	2.176277	6.188640	-8.754141	1.386278	6.384390	-9.025284	6.615405	-9.199599
2681	5	-5.299739	-4.046186	0.505195	2.349726	1.985627	-2.028173	6.943937	-6.452747	0.402224	9.191233	1.985603	7.610386	6.949048	-11.204747	-1.836257	9.191729	-3.786105	7.610386	-5.295610	-8.797286	-1.836109	2.350349	-3.786105	-2.028172	-9.207463	2.652514	6.686777	-7.578395	6.286406	-7.681669
2702	5	-10.872379	-11.800294	4.003767	-5.088069	-2.395338	-7.392482	-11.065788	3.111973	8.875534	-9.974301	7.737840	-7.394028	3.316163	-14.861515	4.003767	5.178434	-2.395338	7.457578	-1.051174	-11.801699	4.003767	2.546096	-2.395338	3.652066	2.767852	1.092425	8.751268	0.184117	7.467226	6.933236
2761	5	-13.314084	-13.131003	-3.203588	-12.989244	-5.160821	-8.698673	-11.970542	-1.316128	7.304273	-18.789445	7.975471	-8.726352	6.180206	-17.003109	-3.203588	3.498734	-5.160821	7.154466	4.118071	-5.595783	2.036767	3.497763	2.355927	6.987520	-10.420075	3.259508	7.338027	-18.794212	8.039576	-8.716936
2806	5	-11.320380	-5.802488	5.145476	-14.807656	2.529487	-11.636796	6.865333	-15.930778	1.709574	7.354314	-3.974662	6.786643	-8.683867	-12.499080	1.709578	-10.213355	-3.974648	-11.636791	4.137158	-7.683045	5.136602	2.776131	2.409674	6.786568	2.664530	-13.544597	1.709575	3.106515	-3.974659	0.377317
2816	5	-13.607994	-10.721717	-2.792580	-6.430873	-5.804615	-9.768128	4.272861	-14.027527	-2.808554	5.354743	-5.858528	6.212082	-15.348425	-2.434836	5.196696	-10.150173	4.976221	-10.692188	-11.164542	1.829023	6.127520	-12.210582	7.492603	-10.776498	3.071338	0.231698	6.119598	-0.445302	6.870411	5.106653
2853	5	5.077466	-19.086635	-4.899949	7.117644	-6.976143	9.297981	-10.897808	-14.539347	-4.899949	-9.171492	-6.976143	-6.752803	-9.928059	3.203782	6.751848	-11.742843	4.571463	-6.752803	-1.020461	-15.001015	-4.899949	3.075341	-6.976143	8.147552	0.038930	1.832641	6.730132	1.588178	4.522007	9.249734
2857	5	-12.403742	-15.647702	-5.224244	-9.256385	-3.535206	-5.848279	-11.570185	2.193877	5.933340	-13.927225	7.709216	-5.848279	-2.373787	-15.647710	-5.224244	2.391967	-3.535206	5.206093	-17.636775	-4.056408	5.926476	-13.924654	3.456114	-5.848279	2.648574	-18.366001	-5.224244	5.806721	-3.535206	5.629117
2998	5	-12.639051	-10.387565	-5.389651	-6.010218	-9.577910	-9.040936	1.921726	-14.341552	-5.389651	3.211188	-9.577910	5.729137	-12.636781	-4.340402	0.237474	-6.010219	2.485000	-9.040936	-13.753561	1.944511	6.535322	-7.964645	7.526478	-9.041253	1.921726	-8.415142	0.234328	3.211187	2.484785	5.729137
3096	5	2.175502	-12.671521	-7.265464	4.383037	-5.328184	9.538005	-5.393192	-11.950403	-7.265464	-3.047197	-5.328184	3.246557	-4.000939	1.913131	5.441250	-6.357338	8.995115	1.619973	-2.536750	-11.982728	-7.265464	0.042596	-5.328184	8.246692	-5.991755	1.923488	5.443492	-7.015025	8.995169	0.271642
3211	5	2.193464	-10.626994	-1.729173	8.417878	2.997901	7.867809	-11.589787	-7.867961	-1.729171	-6.508218	2.997903	-3.906260	1.460676	-13.465231	-6.017590	8.121987	-6.811735	7.867745	-13.328812	-12.604164	-6.017590	-6.507982	-6.811735	-3.906260	-6.996117	-0.094413	4.250269	-1.483424	6.541613	-3.854054
3240	5	-2.174486	-8.328239	2.035792	4.940329	3.389670	2.024303	-5.701995	-8.328239	2.035792	4.891095	3.389670	0.116668	-2.040201	-13.522076	-4.080156	4.950142	-3.241174	2.024611	-5.567721	-13.522076	-4.080156	4.900908	-3.241174	0.116668	-9.385879	2.541773	5.604312	-12.186801	6.897553	-6.454864
3488	5	7.044296	-21.633446	-4.517889	7.094121	-7.688955	6.248882	7.044280	-15.364808	0.835230	7.094121	2.847032	6.248882	-9.794237	-16.406217	-4.517889	-8.620427	-7.688955	-9.410699	-9.794255	-10.137350	0.835230	-8.620427	2.847032	-9.410700	-12.271042	1.773800	7.658737	-13.176212	7.924597	-9.460661
3495	5	-12.004625	2.062974	7.280615	-10.902674	6.097700	-12.420869	-10.444783	-9.006887	-2.992775	-6.530255	-4.972148	-12.410842	6.321483	1.555688	7.248205	4.685675	6.063092	5.036525	2.602110	-9.318223	-3.019317	2.917360	-4.972149	-1.633072	7.880045	-9.478517	-3.031085	8.896646	-4.972150	5.071841
3582	5	0.826205	-8.099369	-4.691235	6.155448	-8.485953	8.645252	-8.061131	-7.990817	-4.690948	-8.797859	-8.485953	-5.963012	-2.289940	-7.992319	-4.690952	-1.233518	-8.485953	7.047472	-5.400226	4.448890	7.554557	-13.011098	8.522759	-4.181181	0.331059	4.393171	7.554406	-3.907724	8.522757	5.412626
3621	5	4.210910	-13.165884	-7.633440	7.798506	-9.892939	6.436473	-14.604422	-9.758555	-7.633440	-7.211533	-9.892939	-6.935186	-2.153500	-9.761252	-7.633440	-0.852836	-9.892939	4.792333	-15.707042	3.580851	4.314782	-11.978082	6.816410	-8.292575	2.843412	1.800818	4.175394	2.753876	6.784345	6.412993
3658	5	4.717385	-13.806608	1.773519	5.525519	2.874874	6.933793	-13.540517	-7.717762	1.773519	-12.855873	2.874874	-12.092639	-12.768930	-13.925225	-2.267406	-12.855865	-3.953486	-12.092639	-14.505320	2.742307	7.983185	-18.676898	8.367873	-12.092639	5.496849	-20.198302	-2.267406	5.574076	-3.953486	6.933812
3661	5	-13.242730	-6.791590	1.314542	-5.425564	2.589773	-9.728411	-12.796821	-15.484191	-3.974245	-3.597936	-2.436662	-8.666409	4.068124	-11.442259	1.107766	4.912021	2.586384	6.842777	4.305725	-19.968465	-3.974779	6.357078	-2.436662	6.844047	-11.857660	1.672136	6.212085	-9.062360	9.343465	-9.731240
3716	5	4.958152	-14.191185	2.298714	6.539382	-4.015287	6.659105	-9.609379	-9.453304	2.298758	-11.501846	-4.015279	-6.178908	-10.150517	-3.398310	4.994305	-15.232328	3.397208	-6.178908	4.015165	-8.267299	4.815095	3.659080	3.367935	6.641782	-6.562038	2.362339	8.101086	-18.128967	7.440399	-6.178907
3811	5	-12.855522	-14.569661	-4.818837	-10.793108	-7.255304	-9.055928	-17.550102	-2.036984	6.495955	-15.123660	3.668661	-9.055928	2.190517	-16.268295	-4.866542	6.634743	-7.255304	7.028237	-12.288558	3.084219	6.900320	-15.252894	8.278661	-9.055928	2.048611	1.272860	6.879701	1.949315	7.878594	6.654398
3820	5	2.808911	-16.817842	-1.586677	-4.042415	-6.155983	-5.871259	-3.132847	-11.122831	-1.586677	-9.154187	-6.155983	-9.146947	4.778256	-16.969792	-1.586677	6.401933	-6.155983	6.292971	-2.884596	0.540015	6.890038	-15.068501	6.906506	-8.965885	-2.240272	-11.123377	-1.586677	0.446676	-6.155983	3.399861
3881	5	-11.606762	-15.230670	-3.737160	-9.600237	-1.913392	-12.392221	-11.980306	-8.492223	1.501565	-9.600864	4.313310	-12.392221	5.537102	-12.480470	1.501564	6.242805	4.282345	5.401391	5.915642	-19.460031	-3.737395	6.243453	-1.913690	5.402248	-10.282388	1.843923	6.390070	-15.824372	6.972894	-12.392221
3977	5	-7.284013	-7.930924	-4.089942	-8.355818	-11.349331	-9.923568	5.604493	-14.413840	-4.089942	7.435050	-11.349331	6.913025	-6.486907	3.091676	6.533700	-12.476569	5.259417	-10.091926	0.222126	-8.467772	-4.089942	6.370838	-11.349331	3.853864	0.741141	1.211349	6.387831	2.954946	5.258311	4.403105
3983	5	3.180678	-21.443027	-4.695100	9.345254	-8.313591	7.310092	-9.198791	-15.530363	-4.695100	3.602051	-8.313591	-4.207572	-14.486986	0.833573	7.929140	-9.393754	8.122367	-9.328457	-14.548888	-15.530363	-4.695100	-3.640055	-8.313591	-9.327468	-2.549674	-15.530363	-4.695100	4.711621	-8.313591	3.650911
4017	5	-11.530671	-17.298225	-4.303576	-3.641134	-9.775611	-6.329615	5.506618	-21.824770	-4.303576	8.342003	-9.775950	6.287016	-0.837784	-17.768126	-4.303576	1.545768	-9.775709	5.782452	-12.836606	1.083255	7.491512	-9.410714	6.064601	-6.549470	-0.858368	-17.762459	-4.303576	-0.597586	-9.775708	5.107612
4048	5	-6.572536	-9.342142	-4.482950	-8.836859	-4.716925	-13.251165	7.076848	-13.460813	-4.732602	4.982894	-4.716925	4.097751	-4.913333	2.231879	7.325648	-13.691557	7.272657	-13.244164	-7.401939	-5.069051	3.486878	-9.004743	3.278213	-13.251229	4.551775	-12.153143	-4.708189	1.659257	-4.716925	-1.949125
4077	5	-8.555682	-13.443601	-6.061423	-11.463699	-3.058332	-8.152683	-8.975608	-8.916387	0.334078	-11.526390	3.132213	-8.152684	3.924750	-11.227868	0.334078	7.154969	3.132213	5.853035	4.382512	-15.777580	-6.061423	7.218517	-3.058332	5.853657	-5.917583	3.590030	5.487100	-12.142164	7.505194	-8.152674
4117	5	-5.956831	-11.692359	-4.532088	-5.502338	-9.485098	-7.952525	-6.209583	-6.122107	2.055862	-6.436069	1.487205	-7.952551	7.066238	-12.651982	2.055861	7.387346	1.487152	6.872684	7.079861	-18.222518	-4.532088	8.005520	-9.485098	6.872684	-8.218731	3.008837	7.307333	-11.805349	7.302733	-7.952588
4118	5	-11.987467	-15.972159	-5.465218	-7.515451	-2.154619	-8.042713	-12.111550	-12.023151	0.880308	-7.515453	3.708176	-8.042713	4.519810	-14.003403	0.880308	7.195952	3.708176	6.093399	-9.146995	0.661674	7.321031	-13.338525	9.247245	-8.427100	4.647423	-18.036803	-5.465218	7.195981	-2.154619	6.094303
4146	5	-14.273661	-9.132662	3.345157	-12.266976	-8.628708	-9.306768	3.069508	-10.617961	3.342703	5.931723	-8.636394	8.215384	-8.398213	2.338503	7.705283	-17.374908	6.650213	-9.312130	3.990740	-0.394179	6.908596	1.786349	4.240276	7.767798	1.894830	1.863204	7.602498	-9.295870	6.498466	3.388732
4172	5	-12.072355	4.504733	9.443370	-17.091202	4.032146	-9.421059	-13.546957	-5.961780	2.674816	-12.521398	-7.475051	-9.414656	-16.041527	0.179684	7.943055	-17.090451	-2.376960	-9.421059	3.248994	-7.433966	2.674796	6.440232	-8.050036	7.416171	4.621448	2.399404	9.435292	1.726847	3.933801	7.193324
4245	5	-0.787770	-14.999365	-2.869800	0.757496	-1.144825	6.191708	-10.212235	-6.174219	3.032925	-18.319549	6.179690	-8.319032	-9.911859	-14.471273	-2.869800	-11.758202	-1.144825	-8.319032	-8.468616	1.401538	7.668479	-18.319587	7.786553	-8.319032	3.730145	-12.602264	3.032721	0.721969	6.179430	6.649414
4323	5	6.048390	-12.366291	-3.184377	8.201301	-8.863994	7.057433	-12.453352	2.549822	6.261863	-12.275716	9.532928	-12.341904	-10.614059	-8.625709	-2.992954	-6.418531	-8.547639	-12.322188	-12.588452	1.144866	1.047641	-6.424853	-2.911659	-12.322358	3.268687	-1.385761	5.495428	2.367726	8.147607	6.982980
4395	5	-5.526229	2.099760	8.313001	1.295924	6.288139	-7.805674	-4.092524	-14.468540	-4.520139	1.853288	-9.436223	-6.896650	-7.315195	-14.468540	-4.520139	-4.355565	-9.436223	-12.813822	6.407244	-20.669437	-4.520139	8.210968	-9.436223	4.353853	-8.420317	2.099760	8.313001	-4.766147	6.288139	-12.890791
4398	5	-17.170371	1.038410	8.019510	-10.811566	7.603045	-8.969358	-1.891777	-9.449706	2.137532	7.269056	-4.634027	2.485334	-9.313546	-9.348795	2.137532	0.233845	-4.634005	-6.622347	-12.863281	-9.348791	2.137532	-4.764245	-4.634005	-8.969358	4.006173	-13.799230	2.137532	9.118178	-4.634176	8.010243
4412	5	-15.465751	-5.958120	1.946896	-7.127617	4.549681	-10.497836	-15.457257	-11.058285	-4.223606	-7.127596	-3.833564	-10.497836	2.787903	-7.356022	1.662261	7.489459	3.916243	5.298250	-16.024812	1.629517	7.171358	-13.288658	6.421606	-10.497845	2.792642	-12.459864	-4.223801	7.491356	-3.833564	5.305246
4454	5	-8.511901	-16.515474	-2.501716	-2.817298	-6.127421	-10.930933	3.863922	-18.461585	-2.501716	3.401778	-6.127421	-1.414748	3.946733	-18.520894	-2.501716	8.999333	-6.127421	4.698538	2.949648	1.027303	8.660636	4.356667	5.938790	4.484055	-13.279653	2.376068	8.740391	-10.479655	6.223284	-10.978268
4639	5	-11.339399	-10.883355	-4.807300	-11.182843	-7.565083	-10.653480	-13.716584	-4.390846	7.221890	-17.202889	5.001464	-10.653480	-5.083469	-10.883355	-4.807300	-0.384880	-7.565083	2.398410	2.662082	-11.824686	-4.807300	6.107952	-7.565083	8.332641	-12.354608	0.634470	7.348207	-17.205895	8.545938	-10.653480
4651	5	3.267703	-10.406611	1.457906	6.073158	3.717587	7.388013	-13.607050	-6.852739	1.457907	-10.192455	3.717990	-9.078628	-13.529014	-15.305564	-5.176608	-10.192078	-5.383263	-9.078628	3.345739	-18.853860	-5.176608	6.077720	-5.383263	7.388020	-13.821843	1.894977	6.764414	-15.886929	8.835772	-9.078628
4707	5	5.163040	-14.199482	0.691475	6.646189	-12.564712	4.266049	-13.532996	-10.982208	0.691501	-4.917568	-12.564696	-11.181582	-9.656140	3.601922	7.197207	-8.620423	5.570095	-11.239041	-14.375366	-1.506049	3.499442	-5.147308	-7.040018	-11.413657	8.055152	0.417834	7.042632	2.985362	4.563406	4.271965
4833	5	-15.249330	-11.574124	-1.046415	-10.538899	-8.277108	-11.571357	3.927021	-16.572615	-1.046415	6.728537	-8.277108	5.065458	-11.329515	3.479931	6.975137	-11.955489	8.728292	-11.571760	-15.603740	-8.780671	3.057786	-10.665395	1.100242	-11.571432	3.569983	-13.233453	3.057786	6.592474	1.100242	4.987521
4876	5	-12.276280	-15.253260	-4.848080	-8.993497	-10.945319	-10.602897	3.626737	-20.887479	-4.851013	6.333159	-10.945322	6.897577	-12.328107	2.180835	6.235190	-13.527978	7.998728	-10.603040	1.736418	-0.126282	5.876646	1.691312	5.909448	6.292573	1.250299	1.051728	5.909955	1.255093	6.037699	5.973159
4952	5	-12.143845	-6.324154	2.400971	-17.880851	2.611419	-1.209813	4.211178	-18.977562	-2.247063	6.191808	-6.251353	8.127816	-12.138534	-12.502243	-2.247063	-12.761105	-6.251353	-1.209808	-12.642027	1.755179	7.309633	-18.537110	6.226450	-1.209815	4.201847	-12.810602	2.400971	1.042704	2.611419	7.468081
4976	5	-14.460035	-12.106147	-1.384338	-5.103757	-8.937248	-6.504267	-14.037541	2.537755	6.937173	-9.090978	6.793719	-6.511128	3.849681	1.372540	6.937173	5.210135	6.676174	5.952302	3.644604	-13.220216	-1.384338	9.161693	-8.937248	5.925785	-12.830846	2.262268	4.312584	-5.406928	-0.254691	-6.505636
5000	5	-6.485462	-15.143748	-2.978297	-10.177938	-3.950305	-11.448630	-7.903240	2.195821	7.827136	-16.262669	8.153418	-11.448630	5.616729	-20.626591	-2.978297	7.060460	-3.950305	4.486298	-6.510325	-3.993514	1.629844	-10.178740	3.410912	-11.448630	5.593518	-10.480753	1.625143	7.059668	2.485074	4.486298
5009	5	5.620467	-15.161350	-3.275906	4.363439	-9.954102	6.220783	-10.415896	-8.659216	-3.275857	-13.837613	-9.954102	-8.858532	-10.350916	-4.445442	2.157694	-14.106838	1.307711	-8.858532	-8.828901	3.591909	6.364406	-20.462584	5.866296	-8.858506	5.616229	-10.995201	2.140616	4.108365	1.288887	6.220040
5026	5	-13.452909	-8.897832	2.001784	-13.114343	5.507730	-9.088637	-13.290486	-14.578198	-3.569806	-13.103016	-4.295442	-9.088637	4.234863	-15.163207	2.001784	5.872213	5.507730	6.991859	-12.300268	2.478376	8.552257	-18.280678	6.472627	-9.088636	4.398020	-20.844417	-3.569806	5.884278	-4.295442	6.991860
5098	5	-9.128608	2.719601	7.401022	-17.500830	8.969138	-0.093844	-13.739330	-4.042545	5.055800	-3.587461	3.394452	3.420790	-15.663576	-4.042545	5.055800	-13.347755	3.394452	-0.092339	3.589039	-17.764183	-0.256916	5.389630	-2.738871	7.769262	-6.967138	-12.912935	-0.256916	-0.408712	-2.738871	5.304593
5133	5	-8.536722	-8.562272	2.401002	-9.679352	5.471841	-11.722280	-8.517199	-15.814915	-3.538178	-9.665422	-6.132410	-11.722280	4.802388	-14.206691	2.400854	9.056607	5.471839	5.469071	-5.811921	1.857445	6.120274	-13.641415	6.397573	-11.722280	4.821723	-21.464597	-3.538178	9.070533	-6.132410	5.469106
5221	5	-12.444521	-10.468738	-4.681579	-7.744243	-9.664704	-10.782236	-14.527997	3.157688	6.142254	-9.970372	6.011134	-10.782236	5.675300	-13.537877	-4.748634	7.425087	-9.664718	5.721966	-5.857784	-10.472627	-4.681779	2.611630	-9.664704	0.059148	3.606008	0.978633	5.738989	5.441829	5.702802	5.721959
5228	5	-1.795665	-12.659254	-4.409825	7.624484	-8.830674	4.507983	4.316726	-16.332803	-4.409825	8.136875	-8.830674	8.042990	-12.911671	-11.980271	-4.409825	-9.872033	-8.830674	-7.954140	-12.586648	2.251300	6.064587	-13.700357	8.558107	-7.956403	-1.428072	1.419357	6.064587	4.101520	8.558104	4.921541
5331	5	-11.285245	-6.876769	3.589242	-11.545204	4.257528	-11.080389	-11.307940	-14.078842	-2.272270	-10.205395	-8.707850	-11.062749	4.109240	-18.834418	-2.272270	6.067204	-8.707850	6.745591	0.055845	-14.079754	-2.272270	2.454227	-8.707850	-5.773586	3.194841	-9.069276	3.589162	4.725549	4.256920	6.664637
5420	5	-10.368905	-9.881295	-2.411752	-4.799822	-3.333613	-10.865384	-5.348995	-9.881323	-2.411752	1.346440	-3.333613	-4.784665	4.892400	-14.249000	-2.411940	6.347419	-3.333613	6.385888	0.485751	-9.970002	-2.411784	1.502498	-3.333613	0.414364	4.253384	-13.330179	-2.411939	5.105401	-3.333613	0.484055
5575	5	-8.079203	-16.236828	-3.874063	-5.059058	-9.184353	3.778212	-11.390892	-16.236828	-3.874063	-9.325919	-9.184353	-2.898154	3.002488	-18.106109	-3.874063	3.545159	-9.184353	7.384694	-11.256479	2.357747	5.562088	-10.469560	6.794628	-2.907828	-8.002135	2.357747	5.562088	-6.205640	6.794628	3.622164
5585	5	4.351729	-17.752203	-6.508766	6.782471	-11.555725	9.562279	-10.931563	2.238356	6.179496	-17.866257	6.540882	-0.194355	-2.642565	-16.090260	-6.508766	1.219003	-11.555725	4.920008	-11.258063	-16.090260	-6.508766	-10.989627	-11.555725	-0.194355	2.474417	1.068750	6.163839	-0.208824	6.009549	6.726974
5613	5	-10.935829	3.936434	5.055513	-12.352129	9.177038	-11.273677	-5.879416	-1.954398	-0.590036	-10.188797	4.514416	-11.273676	3.792469	-5.818806	-1.007834	6.487872	2.394610	6.289109	-10.839737	-6.912067	-3.757046	-10.188752	-2.323400	-11.273676	3.417289	-10.596856	-3.761138	6.482177	-2.329980	6.288593
5804	5	-8.779158	-14.539680	1.234788	-11.191118	-2.164042	-8.994960	2.275605	-5.552502	5.531614	4.002664	3.410058	5.694895	-14.358059	-4.240143	5.540572	-13.079404	3.667095	-8.994960	8.091994	-20.108080	1.234788	6.770538	-2.164431	5.839265	-12.775689	1.686323	6.448920	-13.730062	6.249655	-8.994960
5865	5	4.510910	-15.275269	1.030622	6.675746	-7.650414	7.424053	-9.989855	-11.759424	1.030635	-7.408563	-7.650413	0.358348	-10.783744	1.256926	6.772371	-16.133405	6.311089	-5.014439	-10.386717	-11.759207	1.030635	-10.648084	-7.650413	-5.014439	-10.387087	1.256662	6.772353	-12.893962	6.311006	0.358315
5906	5	4.927415	-13.777368	0.482340	9.096256	3.382612	8.212442	-11.970686	-9.154242	0.482340	-4.503598	3.382612	-9.420566	-11.970580	-15.165331	-3.248895	-4.503342	-0.844077	-9.420566	-11.317132	2.187489	6.827535	-8.541210	9.342977	-9.420566	4.927517	-19.504236	-3.248895	9.096504	-0.844077	8.212442
5964	5	5.824807	-18.623359	-4.886778	1.659250	-11.180857	-1.655705	-11.260314	-15.820258	-4.886778	-9.112061	-11.180857	-11.767559	7.507933	-19.483436	-4.886778	6.638941	-11.180857	4.714338	-12.085248	2.998958	6.650963	-14.897899	5.544433	-12.031610	5.073449	0.235719	6.649438	0.838779	4.407498	4.182943
5995	5	-9.342697	-7.854338	2.469254	-11.675202	3.198926	-2.740854	-10.826758	0.907182	7.543821	-14.882781	7.092389	-7.540655	3.898983	-11.607401	2.469254	4.886944	3.198926	6.865150	-9.311037	-11.050258	-3.677573	-9.353282	-2.765499	-7.443117	3.932426	-14.851281	-3.677573	7.314858	-2.765499	6.869403
6280	5	2.877686	-1.579027	5.261769	-12.183383	6.425892	-5.859798	-5.606313	-11.872645	-3.904688	-12.312010	-5.940092	-9.653184	-3.492880	2.430202	6.211436	-18.281860	7.724659	-9.653183	5.451856	-7.370862	2.884741	3.966870	4.881265	4.094255	5.590640	-18.214429	-3.914773	4.814232	-5.940158	4.094258
6359	5	-13.262455	-3.296760	4.143152	-6.862444	4.383198	-6.849829	-11.687989	-11.340512	-1.338782	-5.205575	-8.696671	-6.849626	4.531099	-13.971489	-1.338782	8.407061	-9.098283	6.951843	3.041135	-4.949407	4.132730	6.641531	3.753606	6.418971	-10.936274	2.025014	9.337498	-11.805589	4.793106	-6.849835
6361	5	-12.976542	-7.683569	2.711988	-8.040362	0.575795	-2.559537	3.962587	-12.106985	2.711616	6.409196	0.575507	8.299492	-10.959764	3.376103	7.514505	-14.304222	6.931439	-2.559536	4.350547	-18.937845	-3.677348	6.440668	-4.333430	8.316870	-12.592766	-14.108594	-3.677348	-8.012170	-4.333430	-2.559537
6422	5	-12.316459	-13.699993	-5.030413	-9.935349	-8.386174	-9.151016	-0.343969	-13.803751	-5.030413	1.667425	-8.386174	2.450418	-13.690431	2.284979	7.359551	-12.479176	7.120450	-9.153196	5.322455	-19.173152	-5.030414	8.197255	-8.386174	5.080056	-4.502297	2.284634	7.359532	-0.996136	7.120450	1.954808
6449	5	-7.557752	-11.643054	1.961046	-11.776222	0.068073	-6.749073	9.339987	-17.231483	1.951832	4.889532	0.068011	7.637811	-10.168350	4.537999	7.043764	-17.986532	5.362246	-6.757754	9.344145	-17.358231	-3.835227	4.990098	-5.638622	7.642952	-7.552645	-11.771194	-3.826893	-11.673258	-5.638619	-6.748439
6490	5	-2.483883	-14.059836	0.811051	4.038056	-11.559754	3.078209	3.874348	-19.674219	0.811051	7.931559	-11.621789	7.783827	-15.998051	-3.503866	4.537215	-11.240281	4.604466	-8.123970	-11.310773	-14.037097	0.811051	-4.831837	-11.558770	-8.123179	-10.758682	1.714352	9.003476	-11.899329	6.179069	-8.123967
6586	5	-7.492799	-12.808497	-3.386971	-1.729410	-5.895951	-9.353104	3.305874	-18.276348	-3.386973	4.668788	-5.895951	0.643874	-9.454960	3.977267	6.510629	-10.608035	7.122088	-9.418010	-0.031918	-12.828358	-3.386972	3.749017	-5.895951	5.955266	5.795616	-18.777616	-3.386973	6.333598	-5.895951	5.955470
6643	5	-10.356396	-13.501583	0.121758	-3.221972	-12.267937	-10.012321	4.640342	-19.895717	0.120389	6.970790	-12.267937	7.298824	-4.077919	-13.501583	0.121758	1.527885	-12.267937	-5.496265	-11.082897	1.947973	8.107137	-6.508264	6.993492	-10.012322	2.612978	0.305768	7.561140	3.805666	5.965291	7.276070
6675	5	-12.132332	2.081342	6.760238	-11.721967	6.992692	-11.254191	4.359125	-16.929741	-3.953897	7.124317	-9.194676	6.155733	-13.541123	-10.363199	-3.372844	-3.816472	-9.192880	-11.254029	1.862400	-4.004350	4.647284	1.750996	2.619033	5.922159	1.932792	-1.562218	4.754365	2.149879	2.858189	5.885712
6717	5	-13.636944	-3.103385	4.893957	-14.802280	6.625063	-12.254108	-12.309096	-8.726292	-1.113157	-9.149966	-5.491738	-12.247214	-14.348332	2.292456	7.054301	-15.138627	8.013729	-12.254109	3.681641	-6.726150	4.714319	1.358239	6.621176	5.808947	5.067148	-13.225511	-1.113159	6.723646	-5.491738	5.816632
6727	5	6.062695	-23.812418	-4.250420	6.514972	-9.907253	7.006862	-12.267683	-17.607419	-4.250078	-5.958462	-9.907253	-7.313594	-15.081210	0.191085	7.214712	-10.368117	7.041584	-7.313594	-0.656799	-17.607421	-4.250078	5.116275	-9.907253	3.244130	-3.677191	0.191085	7.214712	0.509515	7.041584	3.062319
6734	5	-13.272397	-3.986237	4.763733	-10.784179	4.561800	-5.316127	4.220748	-19.539228	-0.114437	5.809353	-4.414404	9.325643	-2.500027	-13.800228	-0.114437	1.754329	-4.414404	3.488801	-12.242106	-13.800175	-0.114437	-7.074614	-4.414404	-5.312793	-12.549323	1.459654	9.447014	-14.843008	7.409779	-5.316146
6746	5	4.332227	-13.674907	-2.512900	5.289395	-8.202832	6.217706	-11.037947	4.447058	7.200220	-16.143798	7.285603	-9.401791	-11.387860	-11.914977	-2.512900	-12.741334	-8.192461	-9.383766	4.335027	2.686585	7.200210	1.881536	7.201567	5.909820	4.183024	-2.480664	3.248900	4.472128	5.448829	6.190494
6797	5	-12.623930	-14.813871	-5.692632	-7.511012	-8.146463	-4.897604	3.577159	-16.656692	-5.704754	7.778463	-8.146463	8.311402	-17.127962	-3.642089	4.508026	-8.633291	5.039002	-4.900660	-11.133641	2.918833	5.852936	-12.247351	5.391743	-4.901473	3.561167	-7.201006	1.998650	7.778149	3.091297	8.311393
6892	5	-11.948718	-9.047575	3.937966	-11.077728	1.710898	-9.413322	-10.286225	-12.304946	-2.709853	-10.843551	-4.807163	-9.413321	4.761691	-13.807902	-2.711774	5.983334	-4.807196	8.395095	-11.725895	1.618468	7.128124	-16.853538	8.154975	-9.413322	3.090255	-10.583564	3.919634	5.199062	1.708540	8.395030
6916	5	-8.248780	-11.648508	-4.760720	-2.785253	-8.149245	-8.183678	4.548384	-18.115071	-4.760720	8.714555	-8.149245	6.821507	3.340426	-16.227515	-4.760720	2.873494	-8.149245	0.359417	-13.734995	1.958833	7.676918	-12.912799	7.290905	-8.183703	2.581931	0.300846	7.653133	4.477386	7.240356	6.479627
6946	5	-12.857105	-5.728887	4.678427	-16.048703	3.626112	-6.468257	3.510386	-9.031052	4.298258	1.661996	3.626111	9.045303	-11.555447	-17.497275	-1.416724	-13.946724	-5.979895	-6.466126	-9.467819	0.748654	7.529011	-18.219259	5.182205	-6.468761	4.794998	-21.206478	-1.416861	3.667047	-5.979937	9.330845
