123	6	6.502152	-12.883276	2.497311	8.055436	2.682456	6.114144	-11.712327	1.278268	8.756377	-8.582932	8.681926	-7.974451	-11.003377	-7.305121	2.497600	-5.161784	2.682456	-7.923470	6.571694	-21.124469	-1.915681	8.331569	-8.741810	6.114655	-0.416405	1.274345	8.756300	3.960004	8.680610	5.200426	-10.933658	-15.794047	-1.915681	-4.560232	-8.741810	-7.897253
191	6	-10.415372	-9.542621	-4.398958	-7.322394	-6.474740	-9.392386	4.201547	-14.677003	-4.399255	7.554843	-6.500252	7.401541	-12.449371	3.269493	8.714692	-9.898030	6.398812	-9.392386	-10.415080	-5.967326	2.113841	-9.168995	2.256562	-9.392386	4.199852	-11.900677	2.113429	5.708672	1.978734	7.401526	2.079749	2.212090	8.714368	4.438521	6.367162	5.591909
414	6	-13.667634	1.701700	7.415115	-6.900879	5.246987	-12.064042	7.998599	-8.584400	3.465560	5.231666	4.667183	-1.468273	-9.749550	-5.624664	3.347797	-5.250274	0.536460	-11.949971	8.064847	-11.627899	3.333905	5.262287	0.520262	-1.467334	8.266579	-11.750794	3.333898	7.309617	0.520242	4.229989	8.200949	-8.720956	3.465556	7.279631	4.667034	4.229102
659	6	-7.849333	3.205894	4.569458	-8.675341	9.052559	-6.723940	6.595742	-6.280469	3.969635	7.050837	2.159555	8.720728	-8.764460	-5.004127	3.961723	-8.355642	-1.311274	-6.723940	-6.584266	-6.974847	-2.662124	-8.320063	-7.142176	-6.723940	8.784752	-12.735560	-2.662124	7.087578	-7.142372	8.720728	6.610023	-10.769511	3.960010	7.052246	-1.358541	8.720728
797	6	2.107669	-8.714528	2.946106	1.569161	1.655034	-0.099799	-6.475628	-4.548768	2.946813	-6.914416	1.655224	-7.138292	-6.394948	-20.903526	-1.680671	-6.371705	-9.343124	-7.070881	7.555524	-14.433050	2.946106	5.131939	1.655034	6.337713	2.209721	-22.143652	-1.680671	2.140509	-9.343124	0.128280	7.623925	-25.938659	-1.680671	5.673795	-9.343124	6.361561
1506	6	9.212840	-12.324864	3.616496	-2.476572	4.036818	6.946886	-5.239699	-15.821468	-1.938857	-13.185093	-8.556438	-7.224749	9.215440	-12.324864	3.616496	3.997957	4.036818	8.584145	9.817757	-22.246895	-1.939086	5.888911	-8.556451	8.610465	-7.752227	1.801048	6.493117	-18.433515	8.580830	-7.270582	4.571470	-12.323120	3.616499	-8.830320	4.036819	-0.541198
1587	6	-0.593699	-14.459897	-2.425684	6.362844	-6.232896	5.523037	-10.674633	-14.459222	-2.425683	-1.169963	-6.232896	-4.744587	-1.805719	-3.785849	4.722869	1.372347	3.953364	4.307462	3.279096	-18.483177	-2.427909	9.516883	-6.232905	7.595319	-11.791979	-3.785823	4.722883	-8.716405	3.953365	-7.774597	-8.586752	2.266195	6.550897	-8.716405	5.841326	-7.676740
2247	6	5.826197	-15.247458	-2.466873	5.458200	-10.714022	8.477347	-10.286532	-9.819687	-2.390090	-5.096826	-10.714022	-0.863239	-0.232680	2.605547	6.489805	-9.754483	6.078077	3.602354	-2.631665	-1.372040	0.730956	-5.853352	-10.646989	3.215501	-11.122906	-1.372040	0.730956	-5.854054	-10.646989	-0.863563	-10.652713	2.605554	6.489805	-9.756814	6.078077	-0.863405
2545	6	-10.898643	3.728083	6.004197	-11.495859	6.824490	-11.950981	-10.976634	-10.077338	2.812711	-8.648865	-0.124284	-11.950980	3.320786	0.172139	5.136304	4.821187	6.824358	4.152864	-10.973968	-13.761926	-0.083170	-8.638051	-11.358783	-11.950980	4.654847	-15.448243	2.812012	6.752667	-0.125374	4.158781	4.657505	-19.033422	-0.083170	6.763461	-11.358783	4.158781
3207	6	-16.510408	-8.175516	-3.137366	-12.062557	1.068496	-11.416120	-16.158781	1.739035	8.046764	-18.163624	6.953523	-11.415923	-16.510587	-5.504558	1.892562	-12.303699	3.396785	-11.416120	-16.510410	-11.896543	-4.317143	-12.062550	-3.939375	-11.416120	-0.191493	-5.843740	1.878489	3.530869	3.358747	4.800263	-0.190000	-12.184325	-4.317143	3.758787	-3.939727	4.802173
3248	6	-11.141733	-12.477487	-4.820075	-6.318373	-6.980141	-10.416996	-11.173459	-6.358345	-0.477975	-6.318373	4.057808	-10.416996	-11.836057	3.271346	5.776420	-7.245483	7.326666	-10.416996	6.375556	-12.916869	-0.478233	7.735682	4.057439	4.692329	6.407279	-19.039634	-4.820075	7.735708	-6.980141	4.692581	2.867758	-0.418635	5.732966	6.388395	4.550055	4.089336
3341	6	-3.475968	-12.107017	-4.398975	1.609462	-8.100680	3.110262	-13.013666	-12.107017	-4.398975	-7.062211	-8.100680	-8.994797	-7.826310	0.697080	6.194895	-10.641943	6.412156	-8.994797	3.678782	-3.598890	5.000248	5.016844	2.551403	5.479975	3.938274	-3.500274	5.068823	4.922246	2.551611	5.470765	1.306382	-3.499643	4.571656	5.421761	2.549068	5.361103
3550	6	7.092435	-15.905043	-0.916727	7.186060	1.607212	-0.158170	-3.856009	-11.062809	-0.916716	-9.710766	1.607212	-7.486878	7.092909	-20.519258	-2.148555	7.198262	-2.852131	-0.158170	-3.861964	-15.677023	-2.148555	-9.699513	-2.852131	-7.486878	7.579832	-15.905045	-0.916727	8.493037	1.607212	5.656455	7.580303	-20.519260	-2.148555	8.505239	-2.852131	5.656455
3812	6	-15.427318	-10.774250	2.887941	-3.127696	3.351105	-10.406426	-19.484967	-4.466458	7.373012	-7.124193	3.931576	-11.772239	-12.867997	-16.813141	-1.101573	-1.030350	-7.253350	-7.395646	3.760929	-22.271336	-1.101578	5.887936	-7.253350	0.781346	4.105800	-22.565505	-1.101578	6.177193	-7.253350	6.642106	3.092581	-15.201186	2.868146	3.839029	3.330737	6.610303
4233	6	4.447213	-16.953479	-2.621282	6.869682	-6.973324	1.431437	-14.323403	-12.095016	-2.621282	-5.798330	-6.973324	-10.124886	-14.315904	3.324934	6.692127	-12.428177	7.339299	-10.124983	3.118108	-0.027179	6.683048	0.941922	4.929688	5.159089	4.475896	-16.979570	-2.621282	7.571357	-6.973324	5.188498	3.117081	-0.014747	6.683342	0.083476	4.952401	1.337959
4261	6	-12.123099	-10.577751	-3.443902	-7.573925	-7.408018	-4.430268	5.046057	-13.367762	-3.443902	7.531169	-7.419908	6.388010	-9.679643	3.866621	6.690425	-12.801781	6.925712	1.689812	-8.551697	-10.579854	-3.443902	-6.879065	-7.408038	1.689812	4.052653	1.201358	6.532399	1.625475	6.435254	6.382104	-13.250954	3.867584	6.690425	-13.493635	6.925782	-4.430268
4528	6	3.467291	-17.676885	-4.402884	6.860458	-7.797315	7.447717	-10.612530	-13.935394	-4.313718	-3.666053	-7.749690	-4.237507	-12.817824	-4.307511	5.272632	-9.803088	3.220673	-9.026923	-0.680255	-14.155759	-4.327005	5.239583	-7.757058	3.528570	3.431063	-10.633671	1.082656	6.550953	3.077186	7.443256	-9.805652	0.085271	6.289299	-9.860208	7.239374	-9.026940
4694	6	-8.461401	-10.736377	-3.822057	-6.164719	-6.787419	-8.691837	-9.469619	-7.845179	2.330251	-6.506974	2.577560	-8.691993	5.898462	-13.604455	2.328065	9.404639	2.577560	8.205320	-8.591081	1.146273	8.324006	-11.410739	7.011436	-8.691871	6.903184	-16.492949	-3.822097	9.735001	-6.787419	8.206799	-2.946285	-8.143198	2.329511	2.162972	2.577560	2.100882
5042	6	-14.762785	-14.569654	-0.235994	-7.398251	-8.870811	-12.504739	-16.260947	-5.162849	4.239167	-8.425032	3.579226	-12.504739	-10.734852	1.109290	9.204343	-11.820421	7.629153	-12.504739	0.669098	-5.217802	4.239166	4.221952	3.579225	3.936490	2.135667	-0.689790	7.204526	3.372570	7.589390	4.075495	2.013060	-15.937978	-0.235994	6.408772	-8.870811	4.073403
5440	6	-14.023729	-9.929774	0.413007	-9.176127	3.044737	-8.395797	4.733368	-17.750935	-2.757975	6.904220	-2.261568	8.762488	-14.136451	2.691091	6.435114	-15.369503	7.507862	-8.395797	-13.487030	-12.011322	-2.757975	-9.176076	-2.261568	-8.395797	4.153517	-15.308064	0.413007	6.903984	3.044737	8.761052	2.419568	0.575839	6.417872	0.499078	7.506590	5.923583
5474	6	5.147045	-11.288709	-0.744213	7.086287	-0.122839	7.926395	-12.420016	-7.514385	-0.448565	-11.708140	-0.116094	-6.400505	-0.275255	-7.942615	-0.524375	4.991688	-0.118091	5.478752	-12.420016	-7.617056	-6.362101	-11.708140	-6.752243	-6.400505	5.147045	-11.390205	-6.639639	7.086287	-6.752245	7.926395	-0.275255	-8.044931	-6.433562	4.991688	-6.752244	5.478752
5482	6	-16.628160	2.958557	8.313216	-14.024153	5.445504	-10.994370	-13.954237	-9.099999	0.523762	-9.084037	-6.473246	-10.816787	-14.774448	-6.885409	2.617515	-9.932258	1.931563	-10.895701	4.449515	-12.289632	2.435620	7.259806	1.914440	4.941944	1.925365	2.501184	8.268080	2.544639	5.445500	4.189918	4.970223	-14.711374	0.495254	8.054723	-6.606960	4.993557
5915	6	8.177684	-20.262063	-0.665932	8.629908	-9.451491	6.626719	-6.176209	-13.969908	-0.665932	-9.703681	-9.451491	-9.902266	-12.034203	-2.870676	4.067046	-10.304232	4.435095	-9.902283	5.612262	-20.044803	-0.665932	2.712946	-9.451491	0.024889	1.592573	-3.030815	3.990673	5.844314	4.388508	6.278944	-10.091810	3.164044	6.916107	-15.342865	5.379865	-9.902296
6804	6	6.225510	-16.842178	-0.263484	6.500289	-7.903937	6.031673	-5.478263	2.161639	9.183560	-14.186387	5.601272	-7.021323	-6.381590	-14.576263	-0.263484	-8.980576	-7.897027	-7.021325	4.695091	-0.298388	6.459092	-4.933546	4.763744	2.968669	7.591123	-0.298660	6.458791	1.362540	4.763578	6.032179	0.443032	-14.874537	-0.263484	1.318967	-7.898653	-3.803256
6984	6	-15.374946	-5.955367	4.346428	-5.942661	3.986403	-5.448826	-3.319553	-14.425470	-1.742657	5.826736	-5.686422	5.953501	-3.896856	-5.955367	4.346428	5.186040	3.986403	5.941901	-9.667520	-5.955367	4.346428	5.177575	3.986403	0.312688	-9.090219	-14.425470	-1.742657	5.814237	-5.686422	0.312693	-14.797647	-14.425470	-1.742657	-5.306082	-5.686422	-5.448826
