19	1	-13.122068	-15.701576	-4.732570	-7.486373	-9.818921	-14.616817
37	1	-8.150986	-16.679756	-6.046095	-9.659066	-10.070690	-11.127842
42	1	-15.214210	-13.555032	-2.185541	-10.016930	-12.763143	-10.574915
43	1	-14.649948	-18.431440	-2.523515	-6.420103	-7.155698	-11.124499
47	1	-16.224874	-18.159070	-5.079006	-13.617266	-9.389951	-5.403090
66	1	-15.615513	-12.949685	-5.693192	-11.780630	-5.696230	-11.850699
76	1	-12.622406	-13.096662	-3.634783	-5.367628	-6.292334	-11.294870
84	1	-14.453615	-13.913952	-8.755647	-11.907299	-8.800291	-11.486752
102	1	-13.846162	-13.890458	-2.821091	-10.575887	-11.382349	-8.807934
106	1	-16.516095	-14.783831	-2.805407	-11.241451	-5.178698	-9.837666
109	1	-13.867511	-15.205704	-4.471626	-11.499135	-13.348003	-11.512611
115	1	-17.989019	-18.404035	-6.700987	-8.915937	-9.322510	-9.606593
134	1	-10.656199	-15.868316	-3.791486	-11.527438	-12.319351	-15.981669
136	1	-14.922175	-14.456352	-7.846430	-10.611232	-10.399311	-10.267193
160	1	-13.385828	-17.571930	-8.775461	-9.869332	-14.249721	-7.822048
161	1	-17.161941	-14.814741	-1.111163	-11.770068	-7.348748	-12.545267
172	1	-15.289469	-16.383200	-5.119745	-7.382558	-7.383384	-11.207946
184	1	-14.932935	-14.491018	-4.341751	-11.036907	-1.773747	-10.280084
187	1	-17.253299	-13.691930	-10.064261	-14.025617	-8.104632	-11.357779
191	1	-11.779926	-16.079346	-6.052795	-9.942008	-10.007323	-12.004626
195	1	5.122207	-24.127674	-2.048388	8.945202	-10.488875	8.219687
210	1	-15.497548	-13.003723	-7.434083	-12.963790	-4.824530	-10.600818
213	1	-12.709479	-12.051898	0.330738	-8.683508	-13.303089	-14.271554
231	1	-13.210881	-10.775333	-4.857369	-8.624479	-7.050796	-11.845057
249	1	-16.978473	-14.587728	-8.470536	-7.807873	-12.700659	-9.890173
276	1	-15.081076	-18.132495	-0.862806	-9.699645	-11.136707	-6.779511
288	1	-10.073733	-15.868838	-4.179664	-14.563929	-11.529430	-12.049674
299	1	-15.406844	-13.802032	-6.553225	-7.838673	-9.861867	-4.700340
300	1	-14.722394	-16.096664	-6.582494	-9.076802	-9.850831	-10.746741
305	1	-15.299185	-18.464415	-7.351313	-8.176405	-11.239310	-9.138021
306	1	-17.415820	-17.059557	-6.434932	-9.724796	-15.010136	-10.947879
311	1	-16.478898	-18.706671	-5.979903	-10.533621	-11.391590	-15.158676
313	1	-12.088963	-16.296008	0.422837	-11.271992	-5.467343	-11.272312
322	1	-14.740185	-17.557530	-4.077298	-14.046750	-11.300382	-11.718196
328	1	-13.089278	-13.228508	-4.020059	-8.951954	-4.360939	-9.212619
332	1	-10.905487	-11.383475	-1.801430	-6.645307	-14.767257	-11.522662
344	1	-16.447132	-14.025290	-8.019324	-6.166685	-3.777481	-13.136675
360	1	-14.672934	-15.426797	-3.692701	-15.028828	-13.215743	-11.047788
384	1	-11.988823	-15.389508	-5.289244	-9.609079	-9.956078	-7.951311
385	1	-15.290138	-11.720031	0.122727	-12.315387	5.234629	-11.932947
387	1	-14.510792	-16.575099	-3.935803	-5.687328	-9.568572	-15.233293
388	1	-13.868874	-18.919844	-4.361328	-4.395430	-8.837715	-13.832126
393	1	-17.317515	-14.470121	-0.810768	-11.046020	-10.023168	-9.983446
427	1	-10.813424	-16.443861	-6.747910	-15.605182	-14.695901	-4.181193
432	1	-10.200627	-19.062292	-4.351108	-16.672460	-11.385801	-11.518838
498	1	-4.797323	-13.139052	-0.671001	-2.523683	-9.551063	-1.492809
504	1	-14.998656	-11.150827	-2.994670	-6.783383	-13.945952	-15.568467
507	1	-15.075059	-15.390281	-5.535012	-7.547583	-6.142042	-11.342924
509	1	-14.926350	-12.487662	-5.285614	-11.303121	-6.305159	-6.838328
511	1	-13.883082	-11.181067	-2.748019	-8.888196	-6.356377	-5.432802
525	1	-15.903726	-15.398147	-5.985893	-12.169874	-8.511742	-12.012563
530	1	-12.462784	-12.308261	-7.005648	-6.559580	-8.194898	-12.090210
533	1	-16.337821	-16.873434	-3.929994	-11.854419	-7.610447	-8.288588
536	1	-11.446606	-13.154126	-10.450859	-9.896905	-11.107637	-11.570950
546	1	-14.660047	-11.296304	-7.091920	-11.672998	-8.166002	-8.695594
556	1	-10.219198	-14.314880	-9.808491	-8.131770	-8.213786	-3.290662
564	1	-13.337511	-14.999047	-8.189374	-11.909080	-8.174226	-7.501330
599	1	-9.113196	-18.527097	-6.222592	-6.204242	-10.596393	-6.641134
605	1	-10.941701	-12.008187	-0.676480	-1.367596	-10.109652	-8.293739
610	1	-15.790025	-14.790456	-2.276202	-7.622931	-11.407261	-10.926589
624	1	-15.649072	-17.410483	-6.238965	-10.593347	-12.222822	-8.036053
637	1	-18.294835	-17.918326	-6.461744	-9.237134	-8.806335	-11.409052
657	1	-14.805330	-17.369313	-3.147213	-7.540613	-9.030861	-9.755080
680	1	-13.815674	-16.329859	-3.822082	-7.981987	-8.514682	-10.876337
681	1	-14.999397	-17.082325	-5.338272	-12.047431	-10.734846	-3.017173
686	1	-14.319490	-9.635561	-6.402200	-11.852000	-9.974738	-13.408882
691	1	-13.824731	-15.341417	-4.062908	-8.579934	-13.977724	-16.112916
695	1	-15.274570	-18.383430	-3.454554	-10.194471	-7.359352	-10.100959
698	1	-13.491149	-16.790241	-6.307986	-4.133584	-8.957767	-10.385169
708	1	-18.707280	-14.661996	-6.588227	-10.175478	-9.179584	-9.341598
723	1	-13.978100	-15.688750	-3.513610	-4.033496	-8.781173	-6.842211
738	1	-10.870007	-12.059475	-7.111452	-6.292214	-6.661760	-6.443263
765	1	-14.185667	-14.364979	-3.091738	-9.484478	-8.693799	-12.555272
770	1	-14.218366	-15.391361	-4.509345	-3.936266	-9.134032	-13.164428
779	1	-5.704434	-17.600547	-6.956388	5.024191	-13.554224	-5.855227
806	1	-14.876446	-16.028902	-3.330645	-6.156498	-10.310544	-8.937361
809	1	-13.733098	-14.679677	-4.916051	-12.468669	-12.100667	-13.835770
813	1	-12.497479	-18.151728	-4.622214	-10.249438	-8.220630	-9.556149
818	1	-13.708554	-13.968877	-5.594226	-8.088576	-12.019314	-11.737029
841	1	7.245088	-20.303688	-3.557760	7.755266	-12.237491	8.156555
866	1	-13.159406	-9.620743	-4.404750	-10.407151	-7.494598	-13.788162
867	1	-11.958238	-14.924885	-4.046005	-8.777627	-7.043091	-6.243212
876	1	-15.735973	-7.044145	-7.658713	-11.077444	-9.512007	-4.320141
878	1	-14.573174	-15.684428	-4.805971	-15.952859	-6.940950	-10.173488
921	1	-15.004204	-15.236129	-3.286145	-12.605409	-8.134508	-8.242767
932	1	-14.433119	-15.826942	-4.024655	-12.004832	1.192410	-6.743253
935	1	-9.430384	-18.175024	-7.521446	-8.345921	-7.572969	-9.575054
946	1	-10.958510	-15.327504	-6.599648	-5.410589	-10.508502	-11.437443
956	1	-7.922107	-16.967347	-1.191276	-11.343884	-15.938406	-13.489960
985	1	-15.260812	-16.343861	-2.633851	-8.789817	-11.896006	-11.335873
1018	1	-11.450352	-14.544144	-7.657875	-11.792012	-12.529201	-10.545613
1019	1	-14.532722	-13.930791	-5.412745	-7.835486	-15.477657	-9.456931
1026	1	-16.572637	-15.788112	-3.215039	-6.488850	-1.307473	-12.039335
1034	1	-6.237505	-15.114055	-5.444285	-11.700382	-8.359419	-13.935042
1045	1	-16.245090	-16.042965	-9.732256	-13.536258	-9.639511	-8.031836
1051	1	-13.180036	-14.920034	-8.091427	-8.608462	-9.802100	-10.911079
1052	1	-14.420971	-16.075315	0.975782	-9.743708	-16.107367	-9.969261
1060	1	-12.455573	-16.981731	-8.435452	-8.142290	-9.858046	-12.853482
1065	1	-17.923649	-13.504915	-2.013607	-10.201687	-11.832814	-8.976737
1079	1	-13.672258	-16.919166	-1.524959	-12.430120	-10.122147	-12.980447
1080	1	-17.577191	-15.509310	-6.638508	-5.083578	-12.280902	-9.362693
1087	1	-8.696976	-15.312783	-6.223547	-6.954133	-8.078380	-5.529251
1106	1	-16.017363	-15.267800	-5.233740	-10.293477	-12.996037	-9.994620
1126	1	-11.911064	-12.939748	-3.710021	-10.176263	-6.509490	-10.382309
1128	1	-15.447438	-15.548142	-0.682971	-10.461363	-9.659069	-9.964598
1140	1	-17.619531	-16.613588	-5.915390	-10.353856	-10.546917	-9.153727
1141	1	-13.228019	-6.235703	-2.864625	-10.100857	-10.272160	-8.183656
1144	1	-12.917433	-13.734230	-0.457273	-12.121037	-11.051377	-11.475261
1151	1	-12.997326	-14.763529	-3.026785	-7.258947	-8.347028	-6.500841
1199	1	-13.977221	-14.822577	-8.798187	-7.644353	-10.392141	-12.308344
1203	1	-9.850903	-16.353143	-0.541978	-10.256821	-12.157442	-7.827790
1213	1	-14.318088	-17.258318	-5.862836	-10.916415	-10.202320	-12.135219
1214	1	-15.967002	-11.975890	-1.843003	-5.845602	-11.342090	-6.624753
1217	1	-17.138427	-15.377628	-7.308382	-9.677046	-5.164501	-9.894649
1218	1	5.628994	-26.058696	-5.482392	8.013738	-10.149894	8.108508
1228	1	-11.951795	-17.106495	-6.329651	-10.752178	-10.320010	-13.588566
1235	1	-17.223385	-12.334665	1.861678	-6.391235	-11.266613	-10.872273
1238	1	-11.487521	-19.184900	-2.723685	-6.179102	-6.166559	-8.844778
1239	1	-2.176766	-15.974921	-2.848195	-12.142623	-9.784138	-11.303165
1246	1	-16.065865	-17.604640	-1.070802	-8.538819	-4.881353	-6.587186
1250	1	-15.079176	-15.739617	-6.804902	-6.626531	-10.570244	-12.541315
1264	1	-8.942982	-20.843646	-3.197748	-6.832656	-12.629459	-9.517568
1270	1	-15.620553	-12.091753	-11.654172	-9.224013	-8.676731	-8.396020
1282	1	3.202414	-14.193555	-10.100921	8.039279	-10.345182	8.770305
1283	1	-17.100813	-17.013198	-3.418029	-9.425928	-10.161472	-11.044159
1289	1	-15.793924	-18.771341	-4.699817	-5.017442	-9.104636	-9.787783
1307	1	-11.273476	-16.931354	-4.396585	-11.698004	-11.865137	-11.908480
1312	1	-17.635682	-15.996565	-6.260651	-7.608312	-10.585215	-10.765918
1326	1	-5.101117	-14.377756	-2.906611	2.354690	-13.303504	-8.399982
1332	1	-12.552648	-14.288306	-8.215449	-15.463099	-10.900399	-14.229465
1357	1	-16.762693	-15.953396	-0.794644	-9.001860	-11.010043	-9.163075
1365	1	-13.300091	-16.498945	-5.902143	-9.565733	-9.628503	-7.937914
1376	1	-14.450482	-17.533639	0.452774	-8.109837	-5.969607	-6.427909
1381	1	-15.968792	-17.976494	-5.519572	-9.342777	-5.616028	-10.232929
1384	1	-13.316465	-17.687327	-6.082999	-13.525496	-8.994506	-14.097233
1390	1	-12.701096	-6.807070	-5.564999	-10.835119	-13.434338	-11.486640
1395	1	-13.756010	4.195025	9.351722	-17.852153	7.511784	-11.634102
1414	1	-17.545002	-15.411000	-5.824883	-8.352236	-9.602821	-8.327290
1417	1	-18.044524	-15.211762	-6.654383	-9.943070	-11.832220	-11.321336
1430	1	-10.657370	-17.463393	-4.734034	-10.295737	-12.773091	-16.027940
1443	1	-17.101778	-14.914453	-8.517794	-10.629894	-9.192981	-11.895113
1476	1	-14.885914	-20.751548	-1.444043	-12.383669	-11.458758	-7.333432
1494	1	-17.468747	-12.561998	-1.689018	-11.060764	-10.398964	-9.286485
1495	1	-9.333705	-15.299291	-4.061815	-13.174355	-8.563265	-8.401788
1504	1	4.149008	-23.151337	-1.996124	8.297763	-8.936772	7.569420
1506	1	-17.826169	-11.939402	-0.513127	-9.426102	-12.980807	-15.367039
1510	1	-12.427852	-11.544240	-3.562757	-11.168300	-9.674883	-12.291457
1520	1	-14.078017	-14.910543	-5.261568	-6.516342	-10.316940	-6.834412
1523	1	-8.942606	-19.230010	-4.797339	-10.938045	-9.489049	-14.893449
1530	1	-12.756931	-18.640728	-4.516531	-14.814761	-9.942058	-12.757803
1532	1	-11.948793	-13.998421	-2.126276	-10.359278	-10.114187	-12.790335
1540	1	-13.837090	-12.017686	-3.856604	-11.245014	-6.026897	-7.795147
1543	1	-19.912648	-16.724365	-4.318032	-7.544400	-13.460778	-9.165759
1547	1	-16.389211	-16.678859	-5.594228	-11.077702	-13.724849	-8.768232
1582	1	-13.328891	-16.075650	-0.985144	-10.804946	-9.794220	-9.478521
1593	1	-17.198118	-18.908089	-1.334919	-10.201961	-10.144993	-12.788517
1620	1	-14.283449	-13.654671	-0.746341	-8.794960	-11.774922	-12.087549
1622	1	-16.505210	-16.848383	-6.112873	-12.321053	-9.423336	-10.465410
1634	1	-7.393768	-15.955150	-7.388986	-12.806079	-14.088621	-12.156438
1673	1	-11.450492	-16.731117	-2.712558	-10.229269	-3.806556	-9.145813
1674	1	-8.288266	-18.064788	-3.712968	-7.735624	-5.714683	-14.935798
1680	1	-11.910801	-11.691979	5.383809	-8.240864	-6.626651	-11.282025
1702	1	-12.088844	-18.907134	-2.650211	-13.437964	-9.153236	-7.724799
1705	1	-14.762644	-12.420796	-6.011548	-6.506940	-10.667511	-8.338952
1726	1	-16.951558	-12.131130	-8.130709	-11.866917	-11.479924	-11.067023
1770	1	-19.158202	-20.062160	-2.970154	-10.239960	-7.212371	-5.763509
1785	1	-14.285763	-15.864354	-7.253041	-13.152859	-7.456275	-6.964296
1799	1	-14.078595	-14.283818	-6.597106	-3.457543	-13.041156	-8.773055
1810	1	-16.041170	-17.045738	-5.926145	-8.771997	-14.185236	-7.498564
1850	1	-11.570083	-16.615807	-3.119772	-3.494775	-11.736394	-9.944512
1861	1	-8.395464	-17.970560	-4.049385	-7.782707	-10.514638	-14.986802
1864	1	-10.933828	-11.872386	-6.580619	-12.334777	-8.800239	-13.406131
1873	1	-13.038076	-15.761591	-5.111864	-8.484911	-10.721259	-8.944175
1934	1	-12.774418	-14.392783	-2.093851	-11.981579	-10.141505	-2.597178
1936	1	-15.105829	-13.671148	-6.062832	-8.861578	-14.519357	-9.854874
1938	1	-16.768177	-14.524353	-1.801984	-5.859955	-11.063259	-9.839880
1940	1	-11.947921	-15.029057	-9.832691	-10.820176	-7.406366	-15.150318
1954	1	-15.582079	-15.862342	-7.002228	-7.977892	-8.786374	-7.628987
1960	1	-14.080571	-14.286862	-1.053711	-11.497614	-7.190931	-7.592625
1980	1	-8.918559	-15.205326	-8.149186	-12.474145	-14.305626	-3.892926
1983	1	-9.980981	-14.814982	-5.317829	-4.298604	-9.506081	-9.608156
1984	1	-10.540843	-18.998961	-4.348747	-10.052491	-11.539704	-10.017493
1991	1	-14.689847	-16.782218	-2.804446	-8.906099	-7.451148	-9.549152
2013	1	-13.713321	-16.104339	-6.125960	-5.387083	-10.148860	-9.266761
2047	1	-13.291342	-14.852375	-2.543157	-8.751586	-11.351027	-11.460371
2086	1	-13.566300	-14.363458	-5.022169	-11.303311	-8.041904	-9.503679
2104	1	-15.782835	-11.858125	-2.202050	-9.932837	-9.731961	-14.187081
2105	1	-15.011254	-11.608775	2.499826	-9.048683	-9.681873	-15.324856
2108	1	-12.731344	-11.356516	-1.698274	-14.016174	-12.870512	-12.449775
2111	1	-15.097994	-10.723795	-7.362520	-14.037798	-9.952439	-10.823036
2113	1	-10.443561	-15.179381	-6.516988	-13.303323	-9.719736	-9.755093
2126	1	-11.133422	-15.140850	-6.100539	-11.597207	-8.559345	-8.433957
2135	1	-7.177833	-16.432173	-2.542611	0.629614	-9.238442	-3.707302
2138	1	-20.164938	-15.610802	-5.624415	-7.705056	-13.112188	-9.523090
2146	1	-13.167654	-19.038153	-4.206228	-8.601760	-6.629522	-9.790073
2153	1	-14.933854	-13.996006	-6.715376	-5.007610	-12.644872	-9.927553
2159	1	-13.244648	-16.457686	-1.538923	-7.088331	-10.342686	-14.519845
2173	1	-11.798981	-17.720750	-3.550909	-16.224842	-12.577386	-10.845696
2193	1	-16.676861	-15.957813	-1.873136	-8.785956	-9.484594	-9.339526
2207	1	-14.618534	-8.869618	-6.630717	-11.473436	-11.012775	-10.727207
2215	1	-13.524446	-15.896874	0.864179	-9.860554	-13.284879	-12.856663
2218	1	-14.033119	-14.150272	-4.717606	-6.302292	-12.050627	-11.348277
2239	1	-12.738199	-16.459966	-2.984864	-10.750800	-6.679160	-12.252013
2260	1	8.494232	-21.360652	-2.598037	6.925013	-12.833218	7.287119
2291	1	-8.770009	-16.600235	-3.375020	-7.193359	-8.845190	-7.889677
2292	1	-11.196733	-13.663592	-5.515339	-7.615829	-11.636394	-10.190555
2294	1	-15.242867	-14.534818	-3.674630	-8.902940	-12.424140	-11.050766
2298	1	-13.838729	-14.481018	-4.599514	-8.824190	-12.291658	-10.468196
2310	1	-17.011855	-17.806246	-1.234209	-14.879202	-12.894525	-10.691590
2335	1	-15.418316	-15.005945	-8.036751	-11.338369	-11.077108	-8.017109
2337	1	-15.880278	-13.540674	-10.939732	-11.798738	-11.973032	-9.448061
2343	1	-17.213332	-15.049768	-6.386078	-7.730908	-9.317311	-12.726989
2372	1	-13.090341	-16.283965	-3.375367	-15.324021	-7.821619	-6.793904
2391	1	-9.606392	-14.473206	-4.617214	-10.927268	-5.245762	-11.201956
2401	1	-11.388021	-11.332861	-3.106402	-5.984810	-14.354891	-3.995188
2423	1	-13.843783	-9.556387	-4.947674	-10.799506	-12.121080	-11.747455
2426	1	-14.036409	-14.233346	-7.872388	-9.900657	-6.610742	-7.514303
2427	1	0.183992	-21.329361	-3.901679	1.582076	-5.652669	-9.548241
2431	1	-14.313094	-16.972833	-1.005906	-13.741779	-6.125539	-11.626589
2439	1	-12.345059	-13.930822	-7.209243	-9.786319	-12.147952	-4.484298
2452	1	-14.102135	-12.464428	-6.476158	-6.581506	-13.754527	-9.031334
2458	1	-18.212315	-18.511061	-7.138035	-9.557323	-9.791351	-10.544852
2489	1	-9.435719	-15.258417	-4.436593	-15.629892	-12.258938	-10.519606
2504	1	-14.719344	-12.885099	-1.866509	-9.971450	-5.749093	-9.380023
2506	1	-11.469265	-13.655284	-5.974596	-13.809788	-11.775296	-8.749110
2522	1	-14.111925	-14.948122	-6.958472	-9.391572	-6.838005	-9.869060
2529	1	-9.764992	-14.126946	-8.854870	-8.441659	-5.477287	-15.643995
2531	1	-12.546760	-11.346302	-5.849988	-12.440131	-11.578212	-9.851293
2546	1	-18.320299	-14.656069	-2.726388	-7.894535	-9.688569	-9.512605
2554	1	-13.539813	-14.976811	-6.644960	-11.964057	-9.679066	-11.089465
2564	1	-13.742132	-10.371184	-5.156902	-10.708576	-6.488195	-8.910525
2567	1	-11.706849	-11.790886	-4.390226	-6.414427	-10.601933	-8.526637
2583	1	-15.670268	-10.311836	-9.168877	-12.911051	-6.613083	-12.806626
2597	1	-15.768817	-15.776222	-4.921313	-10.826058	-12.781307	-11.139992
2601	1	-13.751208	-13.086382	-4.450509	-12.097012	-13.344314	-14.438374
2611	1	-7.025730	-16.110791	-4.875041	-11.428529	-11.887125	-13.239207
2613	1	-11.862803	-18.353328	-5.150954	-7.631333	-11.609921	-14.372034
2622	1	-14.657868	-16.448697	-5.867087	-6.892492	-13.849259	-8.795560
2653	1	-13.728199	-11.034516	-8.489431	-10.667067	-12.143473	-13.143490
2660	1	-13.592946	-10.642442	-5.042876	-11.103848	-11.222673	-9.432911
2667	1	-14.524699	-12.665904	-7.540692	-4.457062	-7.441412	-8.696393
2673	1	-14.164132	-10.837223	-4.501005	-10.963876	-13.806722	-9.272798
2701	1	-9.111633	-12.126366	-5.818464	-4.740697	-8.720054	-12.109403
2710	1	-14.335348	-17.149042	-5.360622	-12.484431	-12.819405	-10.388805
2730	1	-14.174654	-13.052923	-3.978145	-10.003013	-8.995209	-13.846162
2734	1	-16.147636	-15.587728	-8.313003	-9.302120	-7.232657	-8.793125
2735	1	-19.147477	-15.458323	-1.551757	-9.675172	-16.306709	-8.255137
2740	1	-11.609753	-13.802542	-6.329021	-12.924700	-9.068165	-14.772497
2748	1	-8.144529	-16.166925	-2.580705	2.569013	-6.316510	-2.156113
2750	1	-13.665467	-16.187023	-3.951076	-7.447321	-7.132586	-12.318272
2756	1	-19.116584	-15.879004	2.174954	-7.393575	-4.723803	-9.653914
2780	1	-13.259603	-15.243358	-8.162962	-8.057877	-9.293280	-12.433657
2795	1	-15.633681	-14.798014	-4.713914	-11.192214	-13.784060	-10.220426
2809	1	-12.517887	-16.543274	-0.107276	-7.371128	-11.143893	-5.554385
2824	1	-13.339173	-13.445359	-3.184489	-6.879025	-13.580656	-14.063456
2835	1	-14.899820	-14.899378	-5.410613	-6.199920	-10.276085	-4.634648
2836	1	-17.885226	-3.870182	3.705811	-14.362608	2.123981	-7.349928
2854	1	-15.340918	-19.103265	-3.421266	-11.585173	-6.571890	-7.182154
2858	1	-12.719010	-13.963551	-2.476023	-6.448802	-12.842729	-11.833420
2859	1	8.524774	-22.137164	-3.832973	8.774660	-8.265651	6.710347
2864	1	-10.013572	-21.670348	-1.877892	-8.881402	-11.174028	-13.840420
2874	1	-15.462213	-16.633390	-4.073793	-7.839798	-9.265570	-9.400495
2881	1	-16.005560	-14.866953	-9.247561	-14.060968	-9.232655	-9.137960
2887	1	-17.563604	-15.861294	-4.175100	-7.917662	-10.771537	-9.386682
2892	1	-15.465333	-15.039552	-5.230008	-10.977374	-8.982335	-7.549123
2893	1	-15.845494	-13.181712	0.246676	-8.221425	-12.102417	-6.590948
2897	1	-13.566070	1.214935	6.619205	-12.565101	8.785203	-11.612061
2913	1	-14.859521	-18.523660	-4.599661	-8.406996	-11.506618	-9.126740
2918	1	-15.626007	-16.855069	-7.319969	-1.772242	-10.501132	-9.682974
2928	1	-10.727200	-16.995114	-6.269280	-6.891706	-8.762167	-11.451710
2931	1	-12.741983	-14.696693	-7.503632	-12.649813	-7.661808	-15.381161
2936	1	-13.804322	-11.376273	-3.906235	-11.925031	-12.926964	-15.863954
2947	1	-6.518455	-18.091020	-3.696077	-9.884155	-11.629911	1.297772
2973	1	-12.544746	-15.025447	-4.029240	-9.639726	-2.073166	-11.752883
2993	1	-9.213967	-18.205836	-3.442004	-11.201841	-2.377607	-10.271380
3031	1	-13.171659	-14.887787	-4.365176	-10.884145	-10.723699	-13.239022
3036	1	-15.293017	-12.218175	-8.911922	-8.628398	-8.770290	-8.340008
3041	1	-15.418147	-17.825119	-7.547744	-11.095771	-6.230246	-10.285203
3069	1	-14.360490	-12.968415	0.926839	-12.647954	-3.880639	-10.280495
3079	1	-13.710211	-16.575133	-2.056463	-10.570382	-7.897330	-15.331107
3091	1	-11.259921	-19.039469	-6.112102	-7.632669	-11.244284	-9.310242
3096	1	-10.603990	-14.353377	-1.871659	-12.330151	-8.411712	-10.684668
3106	1	-15.753561	-13.557619	-2.834299	-10.191927	-12.381676	-8.205590
3111	1	-15.355608	-13.642435	-11.277142	-5.569293	-10.471179	-9.211860
3124	1	-19.010843	-11.677476	-6.277546	-10.432671	-3.278828	-12.922388
3176	1	-18.224460	-14.891811	-6.082117	-6.787893	-8.922197	-10.690364
3195	1	-11.139305	-13.091025	-7.235596	-12.203633	-10.778624	-12.719109
3199	1	-17.139392	-16.223851	-4.134573	-12.432896	-8.216140	-12.465565
3202	1	-8.081792	-17.480033	-5.399577	-12.294530	-10.714714	-14.740832
3203	1	-14.881730	-16.522164	-2.769582	-13.694124	-12.225624	-10.690105
3214	1	-7.128406	-12.918032	-3.716499	-10.417808	-8.495221	-5.346709
3230	1	-19.023143	-17.045649	-3.657552	-14.104072	-7.918261	-10.636272
3235	1	-14.933798	-16.375512	-3.038862	-4.746950	-9.339237	-7.402357
3247	1	-14.062165	-10.958585	-5.795299	-6.258400	-10.990724	-9.171225
3252	1	-10.395058	-17.921409	-3.578833	-10.526412	-10.117512	-8.769643
3253	1	-13.758620	-19.114164	-5.207448	-9.769784	-11.321427	-9.085950
3257	1	-9.017764	-16.414839	-6.001819	-14.190013	-3.142689	-10.224274
3258	1	-12.010048	-14.753985	-4.336573	-13.293483	-6.420990	-6.163903
3269	1	-5.730415	-14.580824	-2.107114	-8.734951	-13.941241	-13.220717
3274	1	-13.535796	-13.726969	-0.620346	-8.585274	-10.000141	-10.878744
3288	1	-15.474589	-17.723035	-0.829738	-10.048032	-7.986962	-12.134420
3295	1	-14.559093	-15.858626	-2.759084	-13.965723	-7.934450	-10.444694
3304	1	-12.868687	-13.147028	-6.851058	-6.872005	-10.726832	-8.418816
3313	1	-13.998392	-14.146218	-4.506181	-12.063483	-10.082225	-11.485847
3324	1	-9.876477	-17.572504	-5.868004	-12.184250	-7.350803	-13.141104
3332	1	-18.186184	-14.364552	-8.160717	-15.292845	-6.238326	-10.151995
3333	1	-15.652734	-13.133267	-2.429015	-13.813746	-7.141530	-13.139757
3341	1	-12.528082	-17.939813	-4.202386	-9.704246	-7.901189	-9.314513
3342	1	-18.042435	-11.648501	-5.045980	-9.856706	-11.116566	-10.630740
3362	1	-11.295086	-12.675065	-5.427170	-10.010840	-13.876252	-15.607195
3391	1	-10.698349	-12.606661	-2.187488	-14.313014	-13.859520	-4.199936
3392	1	-17.384102	-18.110533	-0.838793	-3.623018	-7.323684	-10.011060
3394	1	-16.351808	-11.434879	-6.046118	-11.495682	-12.386483	-14.246480
3414	1	-17.653181	-12.485103	-1.212996	-12.491280	-9.470207	-11.106852
3435	1	-12.967403	-13.755176	-9.466798	-11.539289	-13.364882	-7.697106
3449	1	-11.495083	-14.319305	-6.175504	-6.424501	-8.652997	-12.899730
3466	1	-9.893652	-14.503763	-9.012332	-9.750414	-10.989903	-9.030093
3487	1	-17.897595	-15.973975	-3.550429	-11.383352	-9.590912	-15.806344
3497	1	-14.172875	-16.511506	-8.392232	-12.075471	-11.437636	-8.667974
3499	1	-13.184098	-12.881578	0.753523	-11.084734	-6.282407	-7.761333
3513	1	-12.546912	-11.467750	-6.391121	-9.096723	-14.430859	-11.693605
3514	1	-10.065991	-16.724174	-6.056519	-7.496034	-13.013493	-14.878752
3533	1	-12.904660	-14.221240	-8.178139	-11.469433	-9.692779	-9.699607
3534	1	-15.198692	-13.804823	-7.833925	-5.206989	-8.639147	-7.443148
3536	1	-16.051229	-11.995826	-9.889652	-13.012726	-13.292950	-8.305884
3537	1	-13.670872	-18.865676	0.529251	-8.505194	-5.846146	-7.166526
3555	1	-11.443934	-18.010352	-5.569721	-9.135050	-7.296733	1.723544
3568	1	-10.382735	-15.685986	-4.183646	-10.280596	-7.632988	-9.278753
3574	1	-12.905589	-15.847585	-6.083763	-8.995851	-9.538482	-10.687573
3575	1	-16.534265	-14.437887	-7.750031	-7.575156	-10.063529	-6.624828
3584	1	-12.229413	-13.158859	2.708256	-14.500557	-11.903643	-11.587214
3586	1	-11.000337	-17.457510	-11.097711	-12.401595	-12.319578	-14.091461
3598	1	-10.679327	-14.748323	-10.051098	-10.983135	-8.854687	-9.799923
3602	1	-6.703750	-16.353957	-6.810345	-0.508258	-10.679063	-5.536447
3604	1	11.128222	-23.569939	-8.319858	6.254792	-4.256541	9.126294
3615	1	-13.529476	-14.188120	-5.266880	-10.351432	-10.460878	-6.501385
3619	1	-13.376304	-15.140926	-5.514392	-11.337484	-9.912873	-8.744851
3637	1	-15.157601	-16.670879	-0.320829	-6.740204	-11.842689	-8.563817
3666	1	-16.486621	-14.790281	-4.356367	-8.508443	-9.483671	-2.328908
3668	1	-15.718314	-18.189151	-6.242846	-11.166246	-7.250951	-8.216470
3691	1	-14.462348	-14.559146	-5.014600	-7.373095	-9.693771	-9.646621
3709	1	-10.815692	-14.905479	-4.155986	-11.292748	-12.224035	-12.621051
3712	1	-18.238420	-12.916671	-3.467780	-13.276927	-9.029317	-3.634873
3730	1	-15.367745	-15.641879	-6.988603	-8.853573	-11.269989	-8.168610
3750	1	-14.921078	-18.017730	-7.569948	-9.155565	-10.945604	-12.675381
3760	1	-17.232815	-13.012989	-7.448016	-11.092264	-9.381959	-9.253352
3768	1	-11.702206	-13.584116	-3.653130	-12.491554	-6.468301	-9.088184
3790	1	-13.139584	-16.219935	-2.649648	-10.533237	-1.243006	-12.498798
3795	1	-17.147034	-13.858769	-3.659470	-13.039988	-6.851128	-9.199973
3797	1	-8.900159	-15.496993	-6.519140	-8.933971	-13.501578	-8.680372
3800	1	-15.351062	-18.649814	-3.914469	-9.798086	-12.215845	-6.123969
3825	1	-13.417468	-16.375382	-5.758856	-7.878078	-12.287507	-15.206408
3841	1	-12.290991	-12.924389	-2.651664	-9.498769	-14.367294	-6.813872
3845	1	-16.850969	-15.214878	-4.187449	-9.028967	-10.431841	-10.473586
3865	1	-16.933178	-18.945507	-6.469120	-5.574709	-4.604966	-6.096724
3906	1	-7.510122	-10.020855	-3.917057	-11.507416	-14.087935	-8.054421
3943	1	-15.234167	-16.554197	-0.190167	-10.078717	-7.451573	-13.909732
3954	1	-17.477367	-9.835245	-10.131376	-8.162973	-15.766143	-9.117080
3959	1	-15.256257	-13.578059	-5.827040	-5.773055	-11.279213	-10.949107
3960	1	-13.764221	-13.077288	-7.568747	-8.677540	-2.255466	-9.243110
3973	1	-8.124619	-15.351306	-4.562159	-9.016938	-3.660001	-9.263102
3982	1	-11.741706	-13.338020	-5.420760	-10.975120	-8.471777	-11.665662
3984	1	-13.756080	-17.338291	-6.462931	-9.786179	-11.493968	-11.782121
3993	1	-10.476491	-12.410079	-7.579111	-11.004538	-12.288090	-12.401484
4012	1	-12.650816	-18.651010	-1.140039	-13.127465	-12.119443	-4.245107
4027	1	-8.919653	-17.730078	-8.531493	0.006445	-8.782789	-4.920617
4041	1	-8.545734	-12.701168	-6.033768	-2.583062	-5.380317	-9.840797
4045	1	-8.543968	-18.785849	-3.907916	-8.746666	-8.405702	-8.792532
4050	1	-15.628957	-16.505661	-4.623851	-9.172155	-9.531370	-10.200046
4059	1	-10.034949	-16.008188	-8.087384	-2.856669	-7.101906	-8.969515
4062	1	-14.676140	-14.049649	-3.197408	-10.739083	-9.231091	-10.831682
4075	1	-17.413558	-15.194220	2.442877	-13.107073	-8.343733	-7.743229
4078	1	-15.497539	-14.095057	-2.756089	-9.786859	-9.752675	-13.592074
4104	1	-15.491849	-17.460750	-6.356737	-9.323446	-7.022349	-9.666954
4106	1	-15.996226	-14.888263	-6.585888	-9.566176	-4.769663	-9.974388
4134	1	-10.902131	-17.429877	-4.980601	-10.931321	-11.937449	-16.476734
4135	1	-14.712733	-14.278065	-6.380289	-10.186749	-5.996601	-9.348547
4149	1	-13.407548	-16.827056	-4.504168	-11.645155	-8.147837	-8.489886
4179	1	-13.575428	-19.400689	-4.704977	-7.047114	-10.978163	-9.741515
4185	1	-10.249743	-14.998241	-5.987911	-12.134429	-10.263580	-12.059057
4189	1	-15.316596	-14.479718	-2.736785	-13.749363	-11.745221	-13.027155
4196	1	7.085658	-15.289164	-6.402841	6.427631	-13.898976	8.250704
4202	1	7.086148	-20.695593	-7.430626	5.552033	-6.644209	6.608430
4203	1	-17.532494	-13.604699	-3.890641	-7.892490	-12.898945	-8.939045
4217	1	-12.889177	-14.937133	-7.176483	-12.802180	-5.473942	-16.516216
4218	1	-9.420170	-17.296863	-3.527250	-8.259938	-10.007521	-16.072149
4246	1	7.569957	-12.422232	-4.875167	6.788764	-14.024728	9.425559
4255	1	-8.348952	-15.341472	-5.340793	-2.546709	-8.857619	4.636458
4261	1	-0.373045	-14.941149	-2.358926	-6.449615	-9.373428	-9.352119
4262	1	-14.783566	-18.061354	-4.504132	-5.148666	-7.713253	-5.681516
4270	1	-15.979148	-17.716415	-7.445504	-4.868868	-12.800710	-11.171397
4272	1	-11.946965	-16.115185	-6.901078	-9.587489	-10.625415	-9.611605
4273	1	-13.128165	-17.323147	-0.922048	-14.066958	-8.804013	-8.213142
4278	1	-9.769095	-15.447904	-2.339412	-8.113907	-13.557039	-9.193497
4280	1	-15.615459	-13.131783	-1.155558	-13.555632	-7.956427	-10.781898
4289	1	-15.175287	-18.299661	-8.871443	-11.348777	-10.462066	-12.723706
4307	1	-14.234952	-15.015331	-2.541445	-14.410407	-11.046370	-6.188693
4323	1	-10.416917	-15.890987	-2.368295	-6.249464	-7.410736	-9.538158
4335	1	-14.990595	-10.324366	-3.536166	-8.052555	-17.190973	-7.149805
4340	1	-12.361548	-16.433125	-7.586911	-12.978450	-9.637893	-11.489250
4350	1	-14.177944	-12.171573	-4.322780	-12.860804	-5.448978	-8.528124
4372	1	-13.581708	-17.472903	-6.509722	-6.567437	-8.287744	-7.329939
4385	1	-13.442051	-13.712292	-6.333890	-5.663409	-8.202473	-8.942466
4424	1	-12.431870	-18.671945	-3.978629	-11.259913	-11.047990	-8.145811
4430	1	-9.591764	-14.978780	-5.950061	-11.392271	-8.442851	-13.474694
4432	1	-14.264232	-14.249139	-4.103677	-12.249352	-11.057238	-9.719869
4448	1	-9.497931	-15.169964	-2.872599	-9.016148	-7.243168	-14.488451
4459	1	-17.641204	-15.241253	-3.911227	-6.002023	-12.061161	-8.849083
4485	1	-11.448579	-17.617955	-6.677104	-9.820747	-9.303081	-12.072638
4487	1	-10.186859	-17.847268	-5.796677	-8.280810	-13.188431	-10.172856
4504	1	-14.832823	-19.049734	-3.733519	-7.308373	-9.565184	-11.038470
4510	1	-15.237652	-22.715686	-3.664426	-7.572031	-5.315537	-11.508016
4513	1	-16.167935	-17.850894	-4.630053	-12.187685	-8.628649	-10.250407
4523	1	-14.114120	-16.238381	-6.323327	-11.041906	-2.692340	-13.898821
4531	1	-9.279107	-14.660387	-0.723288	-4.486155	-8.111635	-5.502409
4534	1	-10.474412	-13.838790	-8.246396	-8.679305	-10.451844	-13.728140
4535	1	-12.828534	-14.962977	-5.376111	-6.057499	-11.786184	-8.168278
4536	1	-12.127980	-15.380624	-3.948576	-9.803598	-9.030854	-15.086891
4544	1	-14.149713	-14.707109	-3.050411	-8.807878	-5.405932	-13.434084
4548	1	-16.177506	-16.660826	-9.634401	-9.028281	-10.580160	-10.846123
4575	1	-10.296849	-13.765759	-2.747668	-8.368324	-13.565695	-11.138691
4578	1	-13.511139	-14.138678	-3.746864	-7.281238	-7.008099	-12.366785
4583	1	-13.033783	-16.654581	-2.708368	-13.634555	-9.975150	-0.906319
4607	1	-14.797367	-16.087542	-3.425371	-9.863478	-11.690862	-12.816799
4622	1	-11.417850	-16.633700	-6.967816	-11.593092	-5.210041	-10.222082
4628	1	-16.459922	-13.820244	-3.121456	-6.679947	-9.960208	-10.852502
4637	1	-12.268704	-15.825187	-7.167101	-10.186924	-12.861267	-6.204393
4649	1	-14.537652	-16.685082	-3.629980	-11.758880	-10.183076	-11.492933
4650	1	-9.276733	-15.490665	-1.295576	-13.933496	-13.604291	-10.773632
4667	1	-13.652827	-17.267422	-2.096496	-1.551951	-11.025787	-7.589125
4673	1	-10.742731	-14.009535	-4.945949	-11.940647	-7.353898	-13.092702
4674	1	-12.836877	-14.811064	-7.456107	-9.431356	-9.270432	-4.257949
4688	1	-10.907403	-12.340072	-6.910916	-6.379604	-12.486360	-8.136721
4693	1	-19.632853	-15.849005	-3.931465	-5.298392	-11.890550	-11.732866
4712	1	-10.307089	-13.583773	-5.241617	-11.908247	-9.833631	-8.258340
4733	1	-14.429906	-8.334287	-10.372220	-6.515882	-10.832994	-10.252594
4746	1	-11.845412	-14.947445	-6.422769	-7.927034	-12.774769	-15.718425
4754	1	-14.650114	-10.845373	-5.113416	-8.725833	-10.695778	-9.142667
4762	1	-8.916432	-18.494078	-5.706143	-8.087165	-12.289920	-12.295996
4766	1	-10.748813	-14.937589	-0.871248	-9.473092	-10.670248	-11.701758
4788	1	-9.316416	-11.296068	-5.956271	-9.548667	-11.768943	-14.938584
4790	1	-15.393701	0.143200	8.868779	-14.538832	7.532962	-11.465338
4791	1	-13.350872	-20.911318	-5.424883	-11.032875	-11.494429	-16.812997
4797	1	-9.777986	-16.805700	-7.455830	-9.489766	-12.199359	-10.968452
4804	1	-12.683627	-11.298815	-5.706587	-10.878133	-8.754023	-15.410269
4809	1	-9.186579	-17.220695	-5.962812	-8.498981	-11.377421	-14.077237
4812	1	-13.580256	-13.757876	-4.101697	-12.270472	-2.550282	-9.931429
4815	1	-11.604957	-13.861274	-2.838856	-9.693611	-6.616053	-11.607547
4830	1	-12.711744	-14.863060	7.071817	-14.564952	-5.603070	-11.180570
4842	1	-14.599411	-9.820563	3.123024	-10.243644	-4.132918	-14.049976
4846	1	-13.516207	-11.110679	-7.418502	-11.726293	-8.730158	-12.921475
4863	1	-14.638900	-17.873309	-5.218656	-10.923072	-10.290989	-8.697888
4865	1	-11.818256	-14.727017	-6.645199	-16.212624	-7.219371	-9.339767
4868	1	-13.675236	-15.087328	-6.811030	-9.063405	-10.775539	-9.578344
4869	1	-11.445055	-14.323662	-4.557095	-8.952021	-11.914465	-15.816459
4871	1	-11.596943	-17.725974	-7.349432	-7.191931	-8.216037	-12.486769
4882	1	-12.512073	-15.744985	-4.907212	-8.930263	-10.608302	-13.805426
4892	1	-12.582616	-13.689954	-3.853278	-8.601702	-9.249346	-10.109137
4905	1	-14.659974	-15.219106	-3.908380	-13.550541	-13.445698	-7.973405
4910	1	-16.035301	-12.299206	-0.719433	-11.923145	-8.449824	-11.925334
4911	1	-14.367195	-15.646638	-5.408408	-11.445467	-3.709003	-8.756693
4916	1	-11.997283	-8.840580	-9.685227	-10.743754	-8.559459	-10.612501
4936	1	-17.582721	-16.943653	-4.173908	-6.091013	-12.838205	-11.493603
4939	1	-12.588857	-19.721235	-2.810782	-13.476756	-10.431619	-10.189248
4946	1	-12.805264	-14.223313	-8.024463	-11.647748	-12.101798	-12.588104
4952	1	-15.659128	-13.590915	-4.150326	-6.667167	-7.992588	-9.446173
4959	1	-14.398540	-14.996199	-7.127259	-13.716894	-7.881298	-7.729472
4960	1	-15.179465	-19.686932	-4.709852	-8.746689	-3.021799	-4.120490
4961	1	-10.770914	-18.877836	-4.892760	-15.034873	-10.130703	-5.359534
4976	1	-14.049860	-12.171753	-9.401841	-10.642584	-9.402575	-9.593920
4988	1	-11.195250	-13.690042	-3.956112	-11.742627	-10.144692	-10.125782
4991	1	-15.741525	-13.649267	-1.867963	-13.193487	-6.665663	-7.167876
5000	1	-14.109757	-17.862443	-4.580811	-12.937446	-7.223934	-8.834205
5002	1	-8.517714	-13.816047	-9.567751	-7.231432	-12.110998	-15.050317
5008	1	-12.848242	-16.029711	-7.104309	-10.339967	-10.054273	-10.548857
5044	1	-14.407074	-12.830895	-5.733912	-10.130437	-11.884164	-9.291471
5047	1	-14.876553	-18.134075	-5.707315	-8.315777	-6.363765	-11.659769
5048	1	-6.227738	-14.993889	-3.622723	4.940163	-7.762233	-9.479429
5053	1	-9.372223	-15.849382	-5.707105	-1.626193	-8.311897	-7.857797
5056	1	-14.518409	-14.178732	-5.013084	-13.101213	-7.886034	-10.361092
5093	1	-16.260857	-18.276101	-5.409998	-9.449681	-7.823062	-12.583958
5122	1	-11.760554	-14.968744	-4.381111	-13.446441	-10.936681	-9.871637
5124	1	-14.446177	-7.542614	-5.443783	-10.696438	-8.885429	-11.737600
5144	1	-10.702071	-17.904403	-1.476470	-11.165418	-7.826104	-11.485811
5159	1	-12.147481	2.712991	6.507322	-14.810527	6.236868	-7.315535
5176	1	-13.532547	-18.710537	-5.171660	-8.188405	-10.266919	-11.030928
5188	1	-15.604839	-13.387056	-2.776125	-4.230236	-8.336427	-5.953576
5201	1	-15.614420	-15.115985	-2.162404	-8.282342	-13.303594	-13.126981
5203	1	-7.788675	-19.823161	-3.428601	-11.724445	-6.866392	-15.373212
5206	1	-12.381508	-16.394663	-2.024382	-8.664752	-10.932022	-12.262052
5217	1	-15.543836	-17.076058	-6.736702	-9.803568	-5.987817	-9.113398
5222	1	-17.466285	-15.110540	-3.655319	-11.755546	-11.618435	-15.429904
5244	1	-12.659729	-16.202252	-6.089003	-11.734793	-13.127353	-11.300459
5245	1	-18.257973	-18.627445	-5.588626	-7.972358	-7.391167	-12.699565
5257	1	-4.464749	-18.339162	-1.851727	-8.075886	-2.933121	-10.246108
5259	1	-13.897976	-18.635839	-1.422290	-11.421463	-13.534643	-10.591231
5261	1	-12.930498	-17.393081	-5.499269	-16.177292	-9.205588	-6.602112
5265	1	-14.160596	-12.223716	-8.746198	-9.734077	-9.360541	-11.010604
5286	1	-11.936963	-16.399109	-3.165052	-12.960295	-9.380402	-6.155413
5287	1	-12.430364	-15.408482	-6.154757	-9.466564	-12.178931	-14.360905
5307	1	-8.438978	-16.891438	-1.842227	-2.824265	-7.484870	-9.679930
5308	1	-11.389887	-18.594236	-8.328276	-10.319578	-11.102625	-13.121882
5309	1	-14.542737	-16.949736	-5.012871	-12.261201	-10.926345	-5.599542
5327	1	5.948415	-17.464415	-3.262487	7.479194	-11.503143	6.603337
5337	1	-9.709911	-14.125793	-3.661639	-9.677691	-10.475023	-10.848235
5345	1	-9.596039	-4.143636	-3.544885	-11.078260	-10.125272	-11.033818
5354	1	-13.940986	-15.555187	-3.880181	-11.776094	-12.641595	-11.445230
5363	1	-12.873382	-16.259879	-9.420721	-14.147157	-7.737441	-10.363186
5372	1	-11.168736	-12.673579	-2.386588	-3.621674	-12.313809	-13.320285
5385	1	-13.384399	-11.146795	-6.781976	-5.744787	-10.754176	-11.902799
5398	1	-5.569898	-18.773235	-1.239947	-14.225645	-7.138541	-8.879992
5403	1	-12.322770	-15.994637	-7.817452	-5.638027	-8.476461	-10.299667
5412	1	-15.475232	-13.096285	-3.900303	-10.360130	-9.776512	-7.783440
5425	1	-16.167432	-14.751153	-6.302765	-11.610586	-10.081621	-6.943865
5433	1	-16.826475	-20.720488	-0.654482	-5.963736	-11.764411	-9.901174
5436	1	-13.254403	-21.302661	-3.761818	-6.539096	-7.331194	-14.181148
5441	1	-12.477954	-12.559540	-0.802371	-9.302499	-6.796606	-11.031038
5444	1	-15.761303	-17.412551	-0.852008	-10.071923	-9.331980	-11.353556
5449	1	-8.081245	-17.600985	-3.110692	-10.093637	-13.707357	-15.998685
5456	1	-16.702521	-11.960312	2.514398	-11.511236	-3.674083	-8.566724
5479	1	-6.807039	-20.053300	-3.643263	-15.583782	-8.167564	-7.122226
5492	1	-10.490047	-14.253859	-3.946570	-3.769613	-14.685068	-8.409068
5511	1	-18.737216	-19.679244	-6.021562	-10.063446	-11.361539	-11.646548
5515	1	-14.157382	-16.412327	-6.736755	-9.590892	-7.018309	-9.312001
5517	1	-13.168747	-9.215450	-5.642312	-16.610442	-7.518292	-14.416983
5550	1	-13.507697	-15.238665	-3.106718	-9.966141	-6.781524	-16.042146
5551	1	-15.648065	-12.573365	-1.967588	-11.902929	-13.271709	-8.132398
5553	1	-12.403078	-15.103855	1.222169	-10.299322	-13.019077	-7.220721
5554	1	-8.268158	-15.825771	-4.411528	-9.376907	-9.447307	-14.444928
5567	1	-11.834999	-12.287986	-7.255215	-9.682882	-16.238407	-8.917813
5575	1	-12.043573	-15.869766	-6.278881	-8.350195	-8.351569	-7.184494
5577	1	-13.744419	-17.878746	-4.297974	-11.313648	-3.633312	-10.321855
5579	1	-14.640606	-14.745321	-1.665450	-10.823505	-8.787483	-15.378057
5585	1	-9.287224	-16.089229	-3.836584	-17.300279	-8.364114	-11.557087
5594	1	-7.591175	2.494953	7.992391	-18.022233	6.727582	-10.177257
5618	1	-7.345541	-16.710550	-5.173341	-10.492161	-9.986730	-10.608167
5646	1	3.423540	-18.874191	-4.735963	8.582500	-5.046440	5.585707
5660	1	-12.621311	-18.180208	-7.944030	-6.870506	-6.962656	2.257567
5671	1	-12.152551	-17.914427	-4.772451	-13.009493	-13.584385	-16.240326
5678	1	-11.096978	4.463132	4.921925	-15.893494	9.233616	-6.947901
5680	1	-15.121332	-13.701562	-3.830702	-11.041211	-6.920396	-10.024137
5685	1	-11.332415	-17.230592	-2.786856	-8.324551	-9.821239	-10.566964
5701	1	-13.997614	-15.286332	-6.418096	-4.205386	-11.491732	-10.852071
5729	1	6.564851	-22.241935	-3.025919	7.814462	-7.267733	6.680829
5734	1	-14.353778	-17.224956	-7.231640	-9.036017	-9.751772	-2.377977
5752	1	-11.407242	-16.402933	-1.057706	-16.991241	-7.613964	-8.408997
5762	1	-15.460724	-15.557626	-5.042313	-7.445679	-11.144498	-14.701775
5768	1	-10.892053	-15.010788	-7.162935	-9.742340	-10.303448	-11.447485
5770	1	-9.417804	-11.927899	-6.814887	-10.790358	-9.615064	-15.755785
5772	1	-15.266422	-17.096493	-3.543878	-13.756167	-10.640151	-12.600762
5775	1	-12.790169	-15.238980	-7.796309	-9.462925	-13.083280	-6.206654
5784	1	-13.631618	-16.435287	-1.726393	-7.694412	-10.895033	-11.877705
5787	1	-14.084003	-14.348091	-2.448473	-8.493549	-9.138213	-10.221411
5789	1	-18.310218	-15.067175	-6.117832	-10.250331	-2.088135	-8.021258
5793	1	-15.241799	-10.772791	-5.685149	-13.199637	-9.485424	-10.201341
5794	1	-15.526251	-13.421961	3.064183	-11.793074	-5.266057	-10.773693
5798	1	-14.544004	-16.155854	-6.583897	-4.468225	-11.731915	-10.486881
5803	1	-14.169534	-14.640478	-6.328182	-10.583153	-12.038563	-12.147902
5804	1	-9.935657	-17.318015	-5.679782	-6.745880	-7.815663	-13.629169
5815	1	-14.750341	-19.558714	-7.603154	-7.983488	-10.049598	-7.066374
5820	1	-8.996978	-11.930546	-5.076442	-9.358184	-12.222978	-15.664827
5833	1	-15.895070	-14.824505	-4.291058	-8.504538	-13.958418	-13.600879
5835	1	-8.301594	-11.126409	0.969960	-10.557149	-6.845035	5.809220
5855	1	-14.771147	-14.225009	-6.145219	-9.362014	-7.368778	-10.698702
5856	1	-9.175315	-16.073069	-0.421762	-5.753158	-10.640023	-14.140977
5876	1	-14.573030	-16.436003	0.061970	-9.816966	-9.645845	-11.908831
5877	1	-15.531811	-18.717523	-4.513340	-12.648024	-13.915972	-8.264534
5881	1	-8.559870	-11.901573	-7.359534	-11.418888	-9.970700	-11.713778
5888	1	-14.311628	-14.922667	-1.425069	-6.306657	-10.738810	-11.091839
5897	1	-10.106203	-11.391260	-5.664595	-14.187646	-10.538788	-14.158196
5903	1	-12.545562	-14.943353	-9.311580	-10.444808	-9.982119	-14.782240
5910	1	-11.983480	-13.770758	0.413208	-10.094872	-6.849933	-9.571608
5920	1	-13.646809	-14.287835	-3.715467	-16.155691	-12.540253	-12.038391
5922	1	-14.679274	-14.130694	-5.817448	-10.970250	-13.365359	-15.261396
5925	1	-15.893708	-20.623367	-2.671911	-3.904708	-7.737826	-8.531897
5932	1	-7.813533	-10.911697	-7.820582	-7.689755	-9.757716	-10.304402
5947	1	-14.585489	-16.235232	-2.698273	-13.307951	-9.710356	-11.272002
5950	1	-15.277828	-10.651148	-4.650322	-10.644398	-7.704117	-8.542809
5982	1	-12.423503	-13.693925	-4.262106	-6.070157	-9.637391	-9.169616
5987	1	-6.462864	-19.182876	-5.316388	-7.843521	-8.835954	-14.371100
5989	1	-10.407781	-18.370013	-5.550634	-10.234028	-9.272300	-14.303108
5997	1	-8.934883	-17.976710	-1.695850	-10.997138	-7.593760	-14.085727
6004	1	-13.501404	-15.328374	-5.869924	-12.393423	-13.415950	-9.800730
6014	1	-17.229315	-18.878235	-4.411401	-13.804279	-10.325761	-7.435333
6031	1	-10.752454	-14.596943	-4.975161	-9.880725	-9.760815	-2.342855
6034	1	-14.359189	-19.138683	-4.518790	-8.362680	-12.090399	-15.297536
6035	1	7.517123	-25.723213	-3.321991	6.738899	-13.619842	7.318601
6040	1	-11.895700	-18.360759	-5.476510	-9.417070	-11.797415	-11.407286
6043	1	-16.481593	-16.773270	-4.607891	-12.927798	-3.822561	-9.412109
6056	1	-12.492373	-15.019524	0.620070	-13.708413	-9.971441	-8.791063
6059	1	-13.162979	-15.263091	-5.297080	-6.717544	-8.460598	-12.395159
6070	1	-13.533343	-14.272331	-2.194052	-12.575553	-14.681958	-11.360106
6071	1	-9.005390	-10.784454	-2.272991	-15.368894	-10.497272	-12.866392
6079	1	-10.101970	-11.202812	2.074447	-15.925639	-12.741214	-6.670207
6082	1	-9.079306	-21.365145	-5.861582	-14.302128	-11.646606	-12.778538
6097	1	-10.513983	-18.157367	-0.823255	-12.338421	-9.689712	-11.482111
6098	1	-17.980624	-17.462448	-4.325035	-7.966972	-6.066881	-11.190815
6099	1	-17.414922	-15.090751	-7.114967	-5.127145	-8.654874	-12.986291
6104	1	-14.120562	-12.228466	-0.195443	-9.386926	-11.214976	-10.552319
6123	1	8.543474	-22.774374	-3.177106	8.551444	-14.608054	7.563997
6131	1	-14.799277	-14.974016	-7.413616	-7.191030	-10.657277	-9.372063
6161	1	-13.207188	-17.194581	-3.413607	-7.198925	-13.510870	-15.503974
6180	1	-14.316477	-12.246703	-6.416699	-9.462798	-10.813960	-8.296646
6184	1	-13.045723	-14.184047	-1.442470	-9.473432	-9.462608	-13.652956
6202	1	-15.502056	-11.296501	1.743024	-8.890968	-13.589970	-10.064538
6206	1	-17.308711	-13.776538	-8.871506	-5.702050	-4.915989	-5.637761
6223	1	-17.815042	-16.652726	-3.661458	-11.877995	-11.103246	-9.183801
6225	1	-15.579117	-16.378354	-3.346290	-4.561566	-13.634985	-6.901352
6226	1	-16.849840	-21.826484	-7.009446	-5.323544	-8.335985	-6.690795
6231	1	-11.719709	-15.697989	-4.411344	-8.947572	-6.472441	-11.920013
6235	1	-9.313349	-18.987476	-5.237568	-7.644158	-10.305363	-9.556242
6267	1	-11.578467	-15.511183	-1.740208	-11.115065	-8.808517	-11.061023
6284	1	-9.917797	-18.509565	-4.333134	-8.299690	-6.217701	-13.849912
6317	1	-18.251605	-16.345362	-4.398011	-5.082058	-13.747359	-15.862777
6366	1	-14.911554	-17.426842	-3.384039	-13.424737	-6.189755	-11.486768
6372	1	-16.256771	-12.131933	-6.599721	-9.459280	-11.310718	-12.213201
6405	1	-8.375669	-5.554318	5.178033	-15.790399	3.713674	-9.212630
6420	1	-12.689812	-17.699026	-4.506940	-13.836824	-5.533952	-12.099564
6421	1	-2.929963	-14.631599	-4.902873	-7.432209	-12.746949	-10.012364
6443	1	-12.892973	-18.965648	-4.964475	-4.923245	-10.462193	-8.942947
6448	1	-7.866049	-9.058709	0.246621	-11.595005	-5.396596	-13.128495
6451	1	-7.710666	-18.955976	-4.130380	-15.269622	-11.075091	-10.978708
6454	1	-15.638448	-14.706807	-3.039940	-9.681119	-10.910849	-9.075311
6464	1	9.035971	-20.004910	-4.602105	8.793251	-8.343119	6.800331
6473	1	-16.219762	-13.536771	-3.773653	-12.059304	-1.630649	-8.717388
6492	1	-17.810980	-16.771099	-0.602144	-6.565431	-14.857052	-11.163182
6496	1	-10.717007	-16.257097	-4.566312	-8.163202	-12.960842	-15.737494
6505	1	-14.880569	-20.054098	-6.475152	-12.565407	-10.681119	-8.756071
6510	1	-12.991279	-14.815542	-4.712875	-11.753690	-8.153960	-6.392643
6511	1	-7.069998	-14.114137	-2.762560	-9.285629	-9.945675	-6.752238
6518	1	-12.096230	-15.072797	-5.988759	-4.948499	-14.412998	-10.286943
6522	1	-13.576346	-12.728372	-12.346370	-13.167768	-10.969787	-12.516986
6538	1	-15.787567	-16.678662	-3.952898	-8.863540	-8.821228	-10.760169
6539	1	-11.357418	-15.918437	-2.658852	-1.989049	-6.988625	-4.701457
6575	1	-15.395698	-17.041851	-5.694076	-5.045714	-8.443210	-7.378087
6590	1	-13.400233	-18.046979	-1.844767	-9.830168	-8.483842	-11.475126
6591	1	-15.128941	-16.547347	-5.771174	-12.993963	-5.689924	-8.243801
6597	1	-8.615503	-13.112365	-4.597061	-10.340027	-8.242327	-14.557898
6598	1	-5.728368	-14.107711	-7.106047	-11.856810	-9.546942	-11.361004
6603	1	-14.541598	-20.238067	-3.675386	-10.344521	-8.118720	-7.760349
6613	1	-14.804536	-14.095070	-1.867275	-4.070239	-6.620858	-9.889647
6614	1	-12.286299	-17.951278	-5.585828	-11.101605	-9.202926	-6.686717
6619	1	-13.441467	-11.366040	0.379497	-7.917936	-12.872691	-9.578295
6652	1	-11.801286	-14.997886	-1.239868	-3.902473	-15.137565	-14.368581
6668	1	-17.216768	-13.187294	-3.268113	-4.442475	-11.638195	-12.054314
6672	1	-8.043520	-18.427267	-3.652907	-9.037358	-13.655881	-10.837783
6681	1	-15.545450	-17.222546	-4.867931	-9.444638	-9.966273	-11.740292
6692	1	-13.716794	-13.859577	-3.040806	-7.171593	-13.533898	-6.706493
6693	1	-18.262866	-17.134491	-3.184762	-12.376770	-9.358608	-9.280208
6696	1	-17.882596	-11.995144	-5.022581	-9.822531	-12.349814	-7.126803
6704	1	-13.500311	-16.711072	-2.688634	-3.876039	-11.373774	-11.476140
6737	1	-11.907408	-13.173292	-6.684790	-12.097873	-13.840355	-14.109162
6745	1	-16.997925	-18.352258	-2.431758	-14.006598	-8.040602	-10.884755
6751	1	-14.501493	-15.144369	-1.820220	-10.633494	-13.767485	-8.915886
6758	1	-12.383189	-12.885904	-3.417766	-10.689888	-10.156029	-8.140430
6761	1	-15.298347	-14.519626	-4.149496	-11.111055	-9.017097	-8.901911
6766	1	-14.630634	-10.070628	-5.591732	-11.584406	-13.734044	-13.369766
6775	1	-14.493166	-13.172376	-6.822385	-6.778486	-12.363768	-7.422101
6779	1	-15.677651	-15.361254	-1.094272	-12.121216	-7.350363	-11.684617
6785	1	-15.551101	-13.849534	-2.263615	-11.654029	-9.522510	-11.877119
6788	1	-12.552017	-16.342874	-3.733181	-11.340968	-6.738385	-9.527621
6789	1	-16.329266	-10.632753	-6.722354	-9.949032	-6.319226	-11.646341
6792	1	-10.600840	-14.077132	-2.253605	-11.783648	-15.971749	-13.588945
6831	1	-12.046815	-15.079550	-4.501879	-6.433924	-13.606960	-14.410223
6840	1	-11.867130	-8.832749	-4.659123	-12.470902	-11.732558	-9.267378
6843	1	-11.726610	-15.387745	-2.667872	-6.723422	-8.116321	-15.498546
6846	1	-13.176458	-18.504197	-5.061717	-9.750863	-10.639057	-13.159590
6862	1	-8.559663	-14.555833	-4.142747	-8.924217	-13.060405	-12.207596
6867	1	-18.573384	-5.925027	2.866777	-10.437694	6.335661	-8.481287
6878	1	-18.266720	-11.878724	-3.877684	-9.331697	-7.019702	-10.463306
6888	1	-10.740628	-17.552415	-1.767955	-11.009496	-11.482943	-14.714595
6903	1	-12.641713	-12.077877	-5.817721	-7.425661	-7.911792	-9.522268
6911	1	-8.753431	-17.210360	-3.519964	-10.087883	-5.787618	-4.913352
6924	1	-15.847952	-16.096400	-3.341096	-5.478740	-9.983737	-12.066289
6972	1	-15.044036	-12.576448	-2.579111	-8.064557	-9.681849	-13.372263
