132	5	-10.100531	-7.114729	1.128361	-10.496874	3.245243	-9.093646	4.843602	-12.700041	1.127175	7.649422	3.245135	4.365713	4.844183	-20.217100	-3.881125	7.649514	-9.299267	4.365753	-10.101745	-14.633252	-3.881125	-10.496888	-9.299267	-9.093647	-9.606055	1.670253	6.487970	-15.771420	9.058600	-9.139569
151	5	-2.019749	-9.639567	3.153315	6.784658	3.339565	4.901347	-11.614716	-16.633477	-3.035798	-7.085612	-8.012320	-7.387432	-14.807018	-9.639564	3.153315	-7.753634	3.339565	-7.387432	5.964588	-21.283141	-3.035798	7.457860	-8.012320	8.541419	2.748470	-10.742390	3.153315	6.791719	3.339565	8.505655
182	5	9.174588	-20.196629	-1.212377	6.636836	-8.750606	6.811905	-13.812955	1.049959	8.145778	-18.703293	8.112751	-9.351114	-13.249113	-5.564640	2.658478	-12.362293	3.151030	-9.351114	-9.490149	-15.417927	-1.212377	-12.361815	-8.750606	-9.351114	5.641118	-10.508074	2.587626	6.636475	3.046772	6.809349
188	5	-9.956915	-13.993395	-2.282421	-7.461089	-8.362592	-2.048890	-10.747726	-6.951678	2.660665	-7.526906	3.011222	-2.048890	4.039324	-16.915871	-2.282421	7.064511	-8.362592	5.510174	3.188938	-8.604161	2.660665	6.769930	3.010473	5.422136	-8.520944	2.830268	7.054535	-13.715262	7.947624	-2.048890
228	5	-7.052847	-10.819254	1.098871	-12.257401	-7.517693	-13.858778	0.462760	-11.130064	1.098871	5.877928	-7.552389	3.046271	6.217193	-16.949852	1.098871	6.314973	-7.705615	3.047038	-9.175466	-5.037552	5.590051	-14.933058	4.285862	-13.858935	-6.802732	1.409381	7.670764	-17.804366	5.536135	-13.858621
243	5	-8.842117	4.208202	4.447336	-4.856826	5.044872	2.456902	-13.963915	-9.463531	-7.749718	-4.672820	-9.456422	-2.880563	-2.909626	-9.518541	-7.749718	0.213097	-9.456422	2.655819	3.268176	2.324021	4.447336	3.426571	5.044852	7.455443	-13.307758	4.209080	4.447336	-12.841608	5.044872	-2.885073
264	5	-8.400164	-14.199403	-5.914977	-12.990471	-9.707833	-7.759053	3.080993	-19.011861	-5.914977	-1.991774	-9.707833	4.494010	3.933531	-19.666928	-5.914977	3.424078	-9.707833	6.271690	0.959533	-14.261603	-5.914977	-6.002856	-9.707833	3.479005	-6.755349	2.018571	6.344268	-19.051306	7.546328	-7.590896
323	5	-7.160918	-5.339397	-0.216614	-0.243187	2.856863	-6.243990	6.160849	-17.155168	-2.819040	8.027143	-3.647812	7.657887	6.160805	-10.116881	-0.216614	7.388432	2.856863	7.657887	-7.119946	-12.378156	-2.819040	0.400128	-3.647812	-4.546686	-9.780709	2.025953	5.615402	-1.572376	8.901220	-7.383298
348	5	5.812594	-19.987875	-4.126469	6.961763	-6.083420	6.270616	-8.484548	4.449215	7.775259	-12.316138	6.883361	-9.513836	5.397034	-12.294597	2.380667	6.369796	3.458242	6.260704	-11.521846	-6.225203	2.390244	-9.401040	3.459820	-9.470700	-11.031162	-13.941121	-4.126469	-8.830816	-6.083420	-9.447173
391	5	6.820208	-11.748368	3.496517	4.196512	5.421443	8.889341	-10.076929	-13.683369	-2.809334	-7.610801	-5.757868	-7.969361	7.412690	-19.348596	-2.811040	5.753348	-5.757868	8.889386	-11.095445	-6.022814	3.801955	-9.567466	5.943291	-7.969361	-10.792220	0.998238	7.269288	-12.657485	7.503727	-7.969361
402	5	-8.511818	-7.507023	0.753979	-10.287445	3.377816	-9.291954	-8.511818	-13.816336	-5.712178	-10.286731	-7.151975	-9.291876	6.416647	-20.448693	-5.712178	6.021355	-7.151975	4.432650	-5.134867	1.473708	6.522639	-14.693973	7.840331	-9.451488	6.416646	-14.139381	0.753979	6.020645	3.377816	4.432649
411	5	5.796604	-18.353844	-4.369855	6.634635	-3.174341	7.020015	-11.564635	-15.049210	-4.369855	-7.878830	-3.174341	-7.685559	2.983933	1.378473	6.451292	4.132501	6.889433	6.593577	-14.116952	2.634572	6.464706	-9.934793	7.253208	-8.899123	-3.372424	2.610005	6.464674	0.487678	7.252233	2.617829
428	5	-13.298428	-9.073217	0.311850	-13.656889	-5.964876	-10.087976	-14.097420	-1.672760	5.250105	-18.673989	6.066449	-10.087977	3.573502	-15.073645	0.311847	5.226330	-5.964879	7.281870	-14.274402	4.249345	7.775199	-19.803730	6.580335	-10.087977	-14.240690	1.694727	6.087562	-19.751167	0.642504	-10.087977
503	5	-12.580296	3.665557	5.129584	-12.272082	6.738952	-9.301867	3.486552	-17.886232	-7.534154	8.105752	-9.397073	8.034718	-1.601211	-11.610296	-7.534154	6.800904	-9.397073	4.396286	-12.386018	-11.598690	-7.534154	-8.203832	-9.397073	-9.103114	-1.797937	3.659490	5.129584	2.250363	6.738935	3.814129
602	5	3.709781	-17.367995	-4.931369	3.109122	-6.766889	0.660829	-6.561272	2.718246	6.827873	-14.436060	7.924587	-9.166236	-6.585117	-14.164188	-4.931369	-9.161033	-6.766889	-9.166236	2.784219	-0.927605	0.984173	-2.546768	3.115201	-5.544589	4.806047	-19.014784	-4.931369	6.265907	-6.766889	2.301750
651	5	-15.079032	-13.368270	0.079035	-15.029450	-7.151149	-9.770528	-20.911124	-3.408163	6.511506	-15.686161	5.611900	-9.773544	3.761461	-17.908336	0.079035	1.621539	-7.151149	5.150871	-14.576659	2.267431	6.646172	-15.686161	7.959188	-9.769685	2.223914	0.602042	6.646145	0.323996	7.364010	4.668965
717	5	-9.085237	-17.665378	0.859061	-8.798825	-6.667835	-2.976161	-15.664674	-5.007962	6.476648	-11.265899	5.195739	-2.994475	7.811947	-19.234494	0.859061	8.621516	-6.669908	6.130153	3.205338	0.216214	7.635473	5.757115	6.963124	5.933736	-12.766088	1.409822	7.640350	-11.266481	7.021644	-2.994477
748	5	-3.962351	-8.337155	-4.717769	2.895762	-5.788620	4.667954	-14.179487	-8.337155	-4.717769	-4.626812	-5.788620	-3.302297	-12.323912	4.540033	7.489575	-7.467534	4.504890	-3.318763	4.495459	0.643895	7.393666	4.408287	4.052575	7.090872	-1.222571	4.539601	7.489574	1.156182	4.504889	4.686885
750	5	4.467737	-9.248645	0.167967	5.451153	4.338034	7.404934	-10.070832	-7.821066	0.168038	-10.129933	4.338034	-10.848562	-10.795492	-14.321492	-4.425844	-10.053060	-6.021083	-10.848564	-9.978782	1.690797	6.710026	-12.477964	7.518670	-10.848562	4.152337	-15.665608	-4.425844	5.527009	-6.021083	7.355470
886	5	-7.427346	-9.762867	-5.410398	-9.743007	-10.368712	0.263150	-7.468952	-9.762867	-5.410398	-9.833246	-10.368712	-5.795883	5.819248	-13.477529	-5.410525	5.063677	-10.368712	6.778364	-6.559995	2.314878	5.761962	-16.303972	5.142374	0.263150	-6.601600	2.314879	5.761962	-16.394211	5.142374	-5.795883
944	5	6.965682	-14.800451	-3.753075	4.818417	-7.259587	6.404082	3.627110	1.087134	6.621751	-11.252253	7.691567	-1.271082	-4.071640	4.021324	6.623940	-18.179879	7.692882	-7.188584	3.773483	-14.679551	-3.753075	-5.922923	-7.259587	-1.271081	-5.291026	-11.731958	-3.753075	-13.604586	-7.259587	-7.240179
989	5	-14.290696	2.938148	7.497943	-10.034765	8.525800	-11.169665	4.526255	-15.089056	-1.450958	7.129259	-8.239517	5.223613	2.986760	0.601000	7.241606	1.749700	7.784713	4.932776	-13.193116	-9.724946	-1.409677	-4.728626	-8.169056	-11.093274	4.472782	-13.166502	1.235649	7.127963	-3.469319	5.223244
995	5	-8.629997	-16.958407	-1.876048	-10.567786	-7.662025	-6.699150	-11.048167	-5.660515	3.760740	-11.171235	5.223035	-6.699150	-8.101309	0.729578	8.138093	-15.448853	6.874746	-6.699150	2.663737	-7.727912	3.173657	4.445066	5.148032	6.904280	3.953503	-20.012580	-1.876448	5.662390	-7.662182	7.108160
1086	5	-7.390175	-3.352999	4.819009	-15.064067	5.441227	-10.061010	-8.731855	3.374117	7.988436	-16.305868	6.305414	-10.701391	6.458870	-13.735684	0.353609	5.413247	-12.074172	5.414255	-8.479017	-12.541208	0.353609	-11.701020	-11.923338	-10.602947	6.118813	-4.584818	4.771432	2.151596	4.780221	5.406304
1185	5	-14.665527	-16.018075	-1.720282	-8.929337	-3.955805	-10.067055	2.049726	-18.693665	-1.720282	5.319873	-3.955805	7.176202	1.863944	-12.095073	0.523478	5.218882	2.694335	7.176128	-11.886260	1.321736	6.533291	-14.147019	6.374073	-10.067055	-14.759423	-9.505844	0.523478	-8.949458	2.694335	-10.067055
1209	5	4.394361	-13.188030	-1.465490	7.399789	-9.241170	6.204713	-1.080826	-12.954914	-1.465490	3.892168	-9.241170	-2.963866	-7.826063	-12.954496	-1.465490	-2.232251	-9.241170	-6.813923	4.813667	2.054972	6.913578	3.256228	6.540559	6.287747	-8.774260	2.290903	6.913720	-6.497666	6.557211	-11.521869
1259	5	-14.744160	-9.530467	0.342069	-6.998198	-6.612761	-11.987413	-17.955752	-2.700944	6.457784	-11.565122	6.821559	-11.989099	3.932226	-12.728961	0.342069	8.274191	-6.612761	6.686780	-15.294319	2.973723	8.170184	-12.621125	6.957708	-11.989101	-2.090944	-9.530467	0.342069	2.302264	-6.612761	5.450580
1266	5	-9.417210	2.671958	6.831459	-13.718594	6.582498	-9.519963	-9.991198	-11.747686	-3.202486	-7.086685	-8.414260	-9.519971	-11.922830	-2.309682	3.307743	-7.108140	5.675862	-9.519978	1.898180	-3.239602	3.244780	6.017667	4.645502	6.907451	5.445476	-17.076318	-3.202486	6.270144	-8.414441	7.580632
1292	5	-11.609678	-13.935707	0.256893	-9.742528	-6.082560	-8.129760	3.379843	-17.456034	0.256893	4.231246	-6.090266	5.717868	3.378964	-17.456029	0.256893	2.354685	-6.090266	0.934947	-6.553422	-0.202502	4.188576	-12.993791	4.390093	-8.129765	-9.686861	1.589243	5.235855	-15.691517	5.503310	-8.129765
1335	5	6.907758	-11.387244	1.206147	9.182721	5.250481	7.227048	-11.416537	-5.612332	1.206434	-8.298157	5.250623	-10.178460	6.907760	-16.172569	-2.164610	9.296603	-1.011599	7.227048	-12.051830	0.991621	5.687914	-9.758847	5.990209	-10.178464	-11.416535	-10.917290	-2.164610	-8.184251	-1.011599	-10.178459
1347	5	3.829187	-13.366548	-3.890641	5.957053	-6.772413	7.693798	-3.090895	-10.268947	-3.890641	-1.133515	-6.772388	4.103122	-10.065105	3.518963	6.644721	-9.868244	5.385164	-5.759705	-13.107709	-10.138013	-3.890641	-7.058767	-6.772384	-4.471545	-5.291915	3.490336	6.644623	-4.025383	5.385128	2.457279
1367	5	-16.021107	-12.418713	2.950289	-7.051150	-2.636566	-6.802471	-11.912246	-15.658790	-1.435788	-6.925242	-8.547767	-6.802471	-10.246651	-12.419238	2.950283	-0.595241	-2.636588	4.288789	-5.748766	-15.670565	-1.435788	-0.465122	-8.547821	4.769868	-11.432323	1.697927	7.018548	-13.268358	4.267102	-6.802471
1502	5	3.778036	-11.105994	-3.809388	4.083162	-9.719666	0.777666	-8.996651	-8.095610	-3.805321	0.209735	-9.645694	-4.636366	-12.088667	1.965450	7.601975	-6.006858	6.366391	-8.120220	4.413103	-12.098463	-3.809436	5.543322	-9.725040	6.991230	0.510930	-8.211909	-3.805935	1.636366	-9.652069	-4.037651
1515	5	-9.415688	-8.740407	-6.613992	-5.517263	-7.732918	-8.444093	-8.419748	4.252648	5.222074	-8.049119	6.892981	-8.444108	3.640120	-10.362034	-6.614002	7.613991	-7.732918	7.470615	5.841344	1.455069	5.215644	5.131526	6.865556	7.470661	-2.819759	1.870637	-0.898191	-5.517263	-1.234182	-8.443817
1531	5	-13.185240	-16.018132	-3.298451	-10.243364	-8.006254	-5.799008	-2.087313	-16.018135	-3.298451	1.139281	-8.006254	5.725335	3.459300	-19.178455	-3.298451	7.549656	-8.006861	8.532312	-8.418334	-16.018132	-3.298451	-5.101062	-8.006254	2.553077	-11.319828	0.892995	9.441575	-14.824648	5.640493	-5.821202
1535	5	-9.487226	-14.694675	-0.657948	-6.725232	-4.990486	-7.618700	5.435653	-17.654997	-0.657948	6.964479	-4.990486	6.967860	-9.888822	-3.973479	4.859531	-12.594937	3.788652	-7.618701	-6.596970	1.627415	7.592430	-12.446961	7.167906	-7.618700	-1.361041	1.447679	7.591375	-10.178727	7.090575	-7.585423
1890	5	-9.179132	-11.671268	-1.335728	-8.499311	-9.008245	-4.781872	-9.455673	2.509178	9.450124	-14.389780	8.825411	-5.667996	5.832192	-17.829664	-1.335728	7.154234	-9.008245	8.922173	-4.073821	-11.671269	-1.335728	-2.234712	-9.008245	4.802913	3.215023	-1.102635	8.401386	1.210891	3.992378	8.648639
1893	5	-10.859816	-2.290850	2.945318	-8.423191	3.756510	-7.696372	-12.498328	-6.632495	-3.015197	-8.335039	-5.880553	-7.699215	4.695221	-4.634224	2.944375	6.698064	3.755119	6.784134	4.423349	-8.414276	-3.015197	6.785902	-5.880553	6.758778	-0.319403	-6.805847	-3.015197	5.223578	-5.880553	5.087822
1898	5	4.320192	-21.830586	-3.473073	8.844870	-11.433350	7.442949	-4.920335	-16.292342	-3.473073	2.004759	-11.433350	-2.820042	-9.910152	-16.291325	-3.473073	-2.895036	-11.433350	-9.191038	-8.901249	3.302009	7.024685	-9.277881	6.432044	-9.226660	-1.683516	-16.379005	-3.473073	5.506952	-11.433350	3.018262
1923	5	4.922112	-18.951788	-2.561052	8.513555	-11.124905	7.021649	-3.112680	-13.072061	-2.558071	2.224877	-11.116563	-2.359009	-1.678725	-14.157306	-2.559673	8.069978	-11.121047	3.321939	-8.109385	-13.040138	-2.558003	-2.531033	-11.116374	-6.113390	-9.398527	2.621419	5.467101	-6.995521	5.346710	-9.426859
1976	5	-16.892956	-3.564636	6.003086	-14.559501	4.476653	-11.392512	-11.100807	-13.815172	0.758162	-8.681213	-9.610783	-11.392512	-12.124546	3.019484	6.579385	-14.560499	7.944919	-11.392512	3.131260	-16.650216	0.758160	3.017055	-9.615938	-0.502860	6.228043	-19.872748	0.758160	7.846941	-9.616689	6.018034
2095	5	-9.163769	-10.015660	3.081364	-10.138576	1.151458	-12.873098	-9.052628	-14.413742	-0.134307	-10.133916	-7.695482	-12.873098	5.009389	-18.949133	-0.134307	5.965473	-7.695482	5.301455	4.898172	-14.532044	3.081364	5.960540	1.151458	5.301128	-12.108972	0.949578	7.770305	-16.480243	6.967433	-12.873098
2109	5	-11.232251	-10.318204	2.065017	-9.324074	-3.180023	-5.860566	-7.453933	1.906858	7.062787	-13.938996	7.980828	-5.860524	-11.983885	-2.020817	5.715478	-13.234942	6.475469	-5.860578	2.738748	-11.941822	2.063015	6.390071	-3.188840	6.199945	0.419596	-2.810078	5.580431	1.859893	6.075234	3.364378
2129	5	-13.061851	-14.703511	-0.665966	-9.547741	-6.161863	-9.669293	-13.062095	-8.792474	0.344669	-9.581074	0.722933	-9.669293	4.188381	-16.636957	-0.665966	7.477420	-6.161863	5.498090	4.188133	-10.768723	0.344669	7.444056	0.722933	5.498060	-7.121881	2.159155	7.013083	-11.769636	6.720604	-9.669110
2148	5	6.574915	-14.964129	-5.435020	7.215635	-11.017459	8.378292	7.767897	2.190437	6.798169	1.509267	5.469420	8.214505	-9.581112	-13.884993	-5.435020	-7.135663	-11.017459	-5.103183	-8.320779	3.269577	6.858460	-12.727886	5.562011	-5.103184	2.802519	2.197905	6.798953	-4.375195	5.470615	1.680577
2186	5	-10.778560	-9.043254	0.459238	-10.853989	2.518476	-6.327358	5.425240	-14.794125	0.459238	5.198660	2.518476	6.206919	-10.536115	2.870175	6.670856	-13.920297	6.949042	-6.327358	-10.807661	-15.194352	-5.782906	-10.672042	-3.337468	-6.327358	5.428910	-20.945224	-5.782906	5.380724	-3.337468	6.206922
2247	5	-8.539176	-11.326925	-2.852858	-14.484528	-13.264615	-4.014981	-6.242584	-11.326925	-2.852858	-9.625950	-13.264615	2.036243	-5.000506	2.344722	8.363984	-14.048264	3.423512	2.036243	-7.502890	2.344722	8.363984	-18.906778	3.423513	-4.014981	3.436794	-13.649290	-2.876107	2.348632	-13.272357	6.991417
2296	5	-9.153613	-15.997669	-0.526455	-3.913485	-7.982022	-6.100472	-11.107118	1.574683	8.795006	-10.323974	6.843901	-6.100600	-4.911344	-15.997712	-0.526455	1.948467	-7.982022	-1.950334	5.329746	-19.118087	-0.526455	5.407465	-7.982022	9.096457	-1.567993	-16.002079	-0.526455	5.013430	-7.982022	3.022269
2346	5	-13.076709	-12.344029	-5.162657	-6.782869	-8.768802	-6.390389	-5.076133	-12.361648	-5.162657	-0.082311	-8.768802	4.938294	1.485106	-13.444231	-5.162657	5.078094	-8.768802	7.745591	-9.428067	1.184908	4.518958	-8.439476	6.620638	-6.405285	-4.619836	-12.368172	-5.162657	1.641557	-8.768802	5.228462
2400	5	-8.948721	1.954585	6.229470	-12.188390	7.315839	-9.705376	3.913497	-18.825334	-4.333360	9.312847	-6.993575	7.530690	-12.203306	-14.784151	-4.333360	-8.095091	-6.993575	-9.705376	4.714833	0.221078	6.196006	4.506909	6.695784	7.135471	3.850495	-0.088488	6.152789	4.661996	6.408127	7.284895
2421	5	4.425184	-18.214245	0.945757	6.263195	-8.162491	7.682051	-12.624320	-13.018690	0.945757	-10.138920	-8.162491	-7.772295	-13.813551	-5.619095	4.993450	-13.292407	4.548109	-7.772295	-11.553414	1.196121	8.754668	-16.407482	6.207166	-7.772295	-2.959229	-13.018692	0.945757	2.138933	-8.162491	2.080978
2433	5	-9.202882	0.834000	6.843015	-15.785427	5.695963	-10.049273	-10.491730	-7.211831	3.588025	-10.223015	2.263354	-10.049522	-10.237699	-9.890513	-2.114702	-9.596756	-4.880333	-10.049501	2.998626	-11.517291	3.588022	5.225369	2.263113	6.957846	3.286560	-15.277408	-2.114705	5.966644	-4.880338	6.962911
2459	5	-7.766244	-11.656275	-1.655715	-8.947514	-4.987991	-8.254813	-7.726545	-6.221803	1.862981	-8.947676	6.665551	-8.254832	4.089163	-12.334948	1.862980	6.785158	6.665289	5.990756	4.090141	-17.769429	-1.655715	6.785984	-4.987991	5.990759	-6.591013	3.170060	7.030991	-13.539366	7.652209	-8.422663
2532	5	-10.189716	-8.381800	1.083615	-1.050611	4.226671	-8.437869	-12.530981	2.876814	7.723336	-6.851399	6.723039	-11.511236	-9.972239	-16.048921	-4.540629	-0.807541	-4.963102	-8.054915	5.930466	-14.558763	1.083429	7.099680	4.226571	6.361215	5.989941	-22.225436	-4.540629	7.323383	-4.963102	6.361257
2545	5	6.363391	-17.909074	-3.027080	6.077054	-9.885707	8.154195	-11.578157	-11.842566	-3.027080	-12.624692	-9.885697	-10.412786	6.352549	-15.139331	3.257545	5.591581	0.198633	8.152598	-11.422329	-9.073024	3.257545	-13.108479	0.199125	-10.412331	-11.595650	1.007575	9.083830	-18.066069	7.014793	-10.412835
2547	5	-11.109319	-9.893653	2.762860	-4.397762	1.351503	0.307349	-10.728254	-14.636181	-3.432950	-4.265228	-7.088231	0.307349	2.973212	-15.958152	-3.432950	8.016586	-7.088231	8.236692	-14.365637	2.263722	9.812991	-9.059350	7.272616	0.307349	2.696614	-11.058737	2.762860	7.879957	1.351503	8.154082
2588	5	-12.342601	-14.324943	-5.182278	-10.170060	-8.004669	-8.280901	-1.169681	-14.446187	-5.182278	2.730797	-8.004669	5.466792	4.488581	-16.666258	-5.182281	7.554932	-8.004669	8.544504	-12.899404	3.029497	6.589253	-15.502153	6.495471	-8.281521	3.562068	1.337488	6.575039	2.139445	6.472311	8.289441
2648	5	2.618585	-15.114500	-1.280791	-3.310167	-8.830635	-5.136231	-5.826710	-13.850578	-1.280791	-6.921035	-8.830635	-9.517501	6.625918	-19.974428	-1.280791	5.615193	-8.830635	6.381878	4.679976	-19.766561	-1.280791	4.466287	-8.830635	0.389387	-7.525320	2.965961	8.946524	-13.458865	7.265483	-9.518765
2686	5	2.807024	-1.412554	5.114397	4.904085	5.280266	8.281675	3.513407	-19.347569	-2.271620	6.742693	-9.963002	8.299037	-8.688595	-15.844395	-2.271608	0.736577	-9.962333	-2.183835	-13.906925	2.915700	7.545153	-9.771602	7.537359	-7.118996	-14.242399	-15.844394	-2.271608	-5.161107	-9.962333	-5.236175
2691	5	-14.319244	-14.887147	-2.896244	-8.370619	-10.871586	-5.845320	1.821920	0.317870	6.815106	5.564909	5.906945	4.154192	-3.552488	-14.930226	-2.896244	2.424143	-10.871586	3.106391	3.476141	-17.101592	-2.896244	8.102530	-10.871586	6.217951	-14.372992	2.909546	7.247263	-10.547947	6.600646	-5.845320
2949	5	-9.183721	-14.764792	-4.149100	-6.743914	-5.800933	1.238485	5.020936	-19.921494	-4.149100	5.752451	-5.800933	5.757878	-4.309986	0.631488	7.093749	-10.163568	8.089157	1.238485	-9.330389	-14.764388	-4.149100	-6.831055	-5.800933	-4.412129	-4.647414	0.677547	7.106426	-10.250746	8.089200	-4.412129
3046	5	5.550524	-13.511971	-0.280729	6.952159	3.077446	8.406790	-10.087447	-7.414483	-0.280728	-11.293751	3.077449	-8.971117	-10.536281	-10.642417	-5.223637	-11.258813	-2.876392	-8.971117	5.542373	-16.739036	-5.223637	6.987096	-2.876392	8.406789	-11.068455	2.591955	6.068733	-16.190268	8.447840	-8.971117
3055	5	-9.827393	-7.780734	-6.184988	-7.881312	-8.854188	-7.941490	3.544665	-0.497244	4.785850	5.193647	4.509201	7.635593	6.660914	0.570119	5.674608	3.367957	5.528251	7.635606	-5.928160	4.615800	5.816845	-12.652864	5.723823	-7.906552	3.769994	-11.228995	-6.185021	7.881828	-8.854211	7.635598
3121	5	-8.268500	1.530528	5.706410	-12.281131	6.713302	-8.959239	-1.470913	-1.624157	4.288138	0.789871	4.708363	6.511996	3.532189	-14.745897	-3.028424	5.933407	-2.896450	7.937590	-1.347055	-11.712773	-2.983979	3.221154	-2.896434	6.593319	-8.551959	-9.403216	-2.799333	-8.334160	-2.896356	-9.033605
3182	5	-12.650602	-9.502998	-4.355776	-8.904795	-2.397516	-9.017299	-12.653897	-5.672676	-0.580127	-8.904795	3.871495	-9.017299	-11.287792	1.562361	4.065973	-12.273177	6.035032	-9.438754	4.059806	-12.498987	-4.355799	7.628765	-2.401021	7.438689	4.056708	-8.702034	-0.645395	7.628753	3.823059	7.438682
3316	5	-3.463345	-10.403422	-0.298699	-10.124531	2.913311	-8.457108	4.967253	-19.957912	-3.823753	6.577828	-7.239914	7.370031	-3.461473	-16.301614	-3.823752	-10.123170	-7.239914	-8.457108	4.965377	-14.061840	-0.300061	6.577750	2.910905	7.370029	-2.062641	1.354354	5.773923	-13.576734	8.013986	-8.457127
3424	5	1.410603	-3.675202	3.481648	-8.301713	4.309125	-5.310590	8.597675	-18.587969	-0.554657	4.204582	-3.541836	8.467445	2.853853	-15.037861	-0.554657	-4.046112	-3.541836	-3.593159	7.162243	-9.894432	3.470790	1.294193	4.307431	8.120580	1.674926	1.563673	7.256293	-10.929916	7.415943	-4.920812
3589	5	0.555337	-5.430559	-1.263577	0.713226	-10.458527	6.704613	2.532260	-8.506570	-2.219336	5.871412	-10.545216	8.421440	3.312404	1.737637	4.916475	4.295583	6.371397	8.586864	-9.852685	4.748664	5.441519	-13.472424	6.432070	-5.950184	-8.680880	-5.359148	-1.224353	-11.475786	-10.440456	-5.950117
3609	5	-9.675098	-12.092695	-1.844893	-5.043224	-5.365751	-9.449149	4.828758	-10.475726	1.632880	5.409755	2.244345	5.797606	-13.964894	-7.094632	1.632928	-6.289481	2.245872	-9.449153	9.118452	-15.968010	-1.844893	6.656009	-5.365752	5.797647	3.719492	-15.051830	-1.844893	6.452331	-5.365752	-0.712623
3635	5	-13.708800	-13.717422	-3.388122	-12.622426	-0.405185	-6.438563	-13.774297	-13.549200	-0.121847	-12.622496	1.139884	-6.438563	3.586141	-16.143955	-0.132058	6.403253	1.132886	6.630509	-9.595867	1.904780	5.107020	-14.397661	7.588324	-6.438562	3.657842	-16.421454	-3.392734	6.403353	-0.406472	6.647038
3713	5	-10.298712	-12.661926	-3.912657	-9.658907	-10.143958	-8.498416	5.912428	-18.370739	-3.912658	7.123975	-10.144014	7.129729	-11.882430	3.541816	6.094181	-13.763447	7.710845	-8.718424	3.017157	-0.769754	5.816048	2.726233	7.583934	6.995143	2.604933	0.795460	5.650124	2.492339	7.576867	6.914228
3956	5	-14.484960	-16.123465	-0.205673	-6.462305	-12.493792	-8.030422	-20.601150	-3.036996	6.429414	-12.460111	3.566568	-8.030445	-3.015271	-16.123465	-0.205673	4.753623	-12.493792	3.024428	4.024502	-22.200907	-0.205673	6.337931	-12.493792	6.746887	-14.601843	3.182901	8.474473	-12.668418	4.660897	-8.030445
3968	5	-17.243101	0.199514	4.549136	-7.803297	7.689669	-9.300555	-11.932755	-5.137700	-6.821943	-6.789682	-8.644374	-9.296981	2.935777	-11.117781	-6.873301	7.407251	-8.644401	4.865465	-3.181787	-5.137714	-6.821943	3.893778	-8.644374	3.346881	-7.808297	0.199514	4.549136	2.876757	7.689669	3.293964
3996	5	5.509438	-23.129320	-4.184896	6.558707	-4.985043	6.381474	5.052463	-21.005952	0.190382	6.558455	1.467325	6.348246	-7.864934	0.734962	6.416072	-14.702983	7.161193	-9.647843	-10.729514	-14.779606	0.190382	-8.774132	1.467325	-9.520671	-10.272833	-16.717296	-4.184896	-8.774047	-4.985043	-9.511547
4024	5	-12.683098	-14.875050	-4.484409	-9.382340	-8.717994	-7.334892	3.710879	-18.707702	-4.484912	5.231078	-8.718103	7.261605	-9.014196	1.574567	4.175241	-14.580984	5.728198	-7.315368	0.024305	-15.027737	-4.484463	4.056109	-8.718006	6.914075	-5.477959	-14.875129	-4.484409	-0.290741	-8.717994	5.377284
4054	5	-3.272793	-15.538304	-2.207974	-5.135327	-8.077816	2.245567	-5.968692	2.306983	9.167768	-9.607740	7.507920	2.245567	5.138592	-18.868831	-2.207974	7.666531	-8.077816	7.225702	-10.336036	-15.538304	-2.207974	-7.880979	-8.077816	-2.954898	-12.085109	2.306983	9.167768	-12.352941	7.507920	-2.954898
4116	5	-12.148700	-4.569887	1.770437	-7.892619	4.805649	-12.432666	5.702879	-9.442269	1.720133	7.020636	3.799581	5.733829	5.713114	-15.254392	-4.416028	7.066316	-7.877697	5.733829	-12.687838	-10.767314	-4.416028	-7.842008	-7.857056	-12.432666	-13.274019	3.322023	6.504570	-13.329903	8.934437	-12.432666
4144	5	-10.810002	-16.172674	-3.306579	-8.308565	-6.353526	-10.048679	1.100111	-16.821332	-3.306579	1.798940	-6.353526	-4.404304	7.720343	-20.957273	-3.306579	6.969222	-6.353526	7.051583	-14.550513	0.593706	6.847602	-11.407054	7.169730	-10.135792	4.762465	-19.050554	-3.306579	1.898832	-6.353526	1.214970
4158	5	-9.641456	-18.791768	-1.539402	-10.181671	-4.284882	-8.594653	-12.986945	-0.802041	4.875510	-10.860095	4.922553	-8.594653	3.269518	-10.579937	3.379053	4.727451	2.385203	9.119126	-11.497972	-6.495470	3.379053	-10.859115	2.385805	-8.594653	5.187332	-25.317564	-1.539402	5.412715	-4.284882	9.119732
4204	5	-12.013851	-9.252553	-0.513840	-2.988336	-1.119569	-13.789572	-14.761502	-1.760325	4.146841	-3.225561	6.373121	-13.802529	4.836109	-14.044638	-0.513841	6.865703	-1.119975	3.886742	-11.760312	2.600673	6.762590	-8.488833	9.132883	-13.823095	4.205698	-6.114078	3.549141	6.812860	3.354884	3.867291
4419	5	-7.886979	1.444065	8.664068	-12.672696	6.107521	-8.992467	2.651120	-8.069153	2.935692	6.554916	2.184614	7.153478	-10.502562	-16.284961	-1.507238	-8.736238	-9.017717	-8.992467	3.365305	-19.705680	-1.507238	7.440693	-9.017717	7.153480	-1.763224	-16.298191	-1.507238	2.275340	-9.017717	4.531225
4426	5	-12.496020	-11.593461	-1.936684	-4.706294	-8.946660	-8.732480	-11.816694	-1.027081	2.114160	-4.770084	-6.933392	-8.814830	-1.329631	-11.597794	-1.936742	6.504867	-8.946660	2.068612	5.168111	-16.773000	-1.955618	8.787512	-8.946661	7.646819	-12.101687	1.356208	5.946039	-10.531912	4.466240	-9.342067
4442	5	-11.780508	-15.938251	-4.090099	-9.596349	-7.441095	-11.150658	-11.880533	-7.417729	2.489529	-11.276205	4.460935	-11.151142	3.559521	-21.015372	-4.090099	5.993858	-7.441095	7.041735	3.459372	-12.450936	2.489156	4.314802	4.459690	7.014591	-9.710135	2.229068	6.364980	-14.936691	7.091527	-11.127720
4521	5	-10.447941	-12.383763	0.896123	-10.419307	-8.701893	-9.999134	-11.974991	2.992486	6.612494	-15.839872	6.388826	-10.356309	4.621968	-15.468309	0.896081	7.085203	-8.756205	6.313780	-15.245036	-3.107192	6.296318	-15.479983	4.484652	-10.357121	2.684965	1.240082	6.514186	1.762608	6.251818	5.688059
4568	5	4.837215	-12.782572	-3.807977	6.754610	-5.564574	6.268030	4.603271	-10.646097	1.842624	6.730426	3.542559	6.268007	-13.724675	-10.263020	-3.807946	-6.504172	-5.564558	-7.446946	-13.867953	-8.195680	1.843169	-6.506548	3.542768	-7.446946	-10.804686	2.907005	6.941995	-14.372340	5.899052	-7.446946
4620	5	-12.333031	-9.679604	-1.470345	-5.693461	2.329292	-10.476177	6.832774	-15.961503	-1.470387	8.245169	2.329292	7.206289	-12.311465	-12.406418	-4.973552	-5.668010	-3.447528	-10.476176	-10.939337	2.494224	6.416233	-11.767820	8.343274	-10.476182	6.854104	-18.688313	-4.973553	8.270619	-3.447528	7.206289
4680	5	-7.344448	-13.088304	-3.137904	1.502003	-9.597341	-5.723864	-13.340648	-13.088304	-3.137904	-4.467693	-9.597341	-9.039149	4.232531	-19.502058	-3.137904	5.998795	-9.597341	6.513377	-1.472786	-13.088304	-3.137904	4.076807	-9.597341	5.418532	-13.943001	0.328723	7.285714	-9.315117	6.507396	-10.978632
4769	5	3.430250	-10.042926	0.747336	5.938262	2.540364	7.022110	-13.170994	-8.636703	-5.332898	-6.380206	-6.067185	-8.424601	-13.584179	1.909775	7.106208	-12.284144	6.907944	-8.424601	-13.170791	-3.829266	0.949335	-6.931534	2.726068	-8.424601	3.430462	-14.811648	-5.332899	6.044805	-6.067219	7.022110
4782	5	-13.632330	-10.082254	-4.956512	-3.942492	-13.844868	-7.437763	4.305619	-13.646767	-4.992928	6.854894	-13.844872	7.522499	-7.344671	-10.082254	-4.956512	2.165026	-13.844868	-1.731041	-12.909328	1.363059	6.490225	-9.621566	4.672787	-8.810908	3.543329	-1.211899	4.955107	5.286784	4.302166	7.358817
4795	5	-5.318404	4.364917	6.239506	-16.009335	6.962313	-12.237881	-7.195172	-7.538595	3.261253	-10.486560	4.041480	-12.236357	6.317176	-18.169544	-1.498412	4.179401	-3.473610	6.138052	-6.436077	-14.066636	-1.498412	-10.261270	-3.473610	-12.235795	5.556747	-11.051042	3.261253	3.954062	4.041480	6.135795
4884	5	6.260621	-19.800503	-2.331314	6.586016	-9.263818	7.482824	5.480773	-9.865371	4.269563	5.390465	0.286170	7.482809	-9.401288	-5.024731	4.281850	-10.480693	1.092300	-9.371868	-8.595685	-15.117478	-2.331314	-9.325286	-9.262778	-9.371868	-10.364458	1.655667	7.118179	-13.585668	4.915510	-9.371868
5005	5	-11.180244	-3.673354	-3.614638	-9.964280	-4.768573	-9.071825	-10.239165	2.005015	5.021469	-11.758142	8.051315	-9.071824	2.296956	-15.896955	-6.799692	5.895488	-4.768593	7.617763	1.490559	-1.253781	4.962318	3.567869	4.641492	6.509625	-2.709013	-3.673356	-3.614644	2.018014	-4.768573	4.195181
5156	5	4.248546	-9.334968	4.536901	5.479562	3.232105	7.233339	6.989808	-19.401530	-1.041014	6.644134	-7.762146	7.337162	-9.914671	-3.821301	4.537023	-8.591915	3.232158	-7.773447	-7.241586	-13.898497	-1.041014	-7.557177	-7.762146	-7.773282	-8.558185	1.850446	9.486519	-12.096417	8.897750	-7.773424
5164	5	-10.474271	-10.361565	-5.115244	-7.827274	-9.799106	-10.240732	5.605084	-16.512992	-5.322105	7.263287	-9.799106	6.758510	-0.723605	-10.361566	-5.115245	5.788799	-9.799106	6.085199	-10.268405	0.932274	5.074313	-14.253068	5.675393	-10.240636	3.348235	-14.568387	-5.313041	0.730707	-9.799106	0.857183
5177	5	-10.157002	-14.313204	-3.612333	-6.554106	-10.084823	0.561959	6.107677	-20.803807	-3.615109	6.822222	-10.086175	7.647967	-10.444338	-14.313204	-3.612333	-8.397385	-10.084823	-4.984358	-11.218717	2.274685	6.366115	-9.186227	6.474723	-4.984439	-11.036674	2.274685	6.366115	-7.343184	6.474723	0.560914
5178	5	-5.690635	1.922334	6.812718	-16.492268	7.869351	-10.407245	5.053381	-9.815078	-4.383369	1.603026	-4.519856	-1.396438	-6.589484	-7.239925	-4.383022	-10.574875	-4.515399	-10.407431	-10.251472	-1.097956	5.898753	-15.088032	4.694261	-10.407505	5.784060	-9.815087	-4.383369	5.186537	-4.519856	4.031952
5240	5	-15.726998	-4.581435	5.218207	-14.735021	4.071065	-0.507837	-13.101215	-4.581435	5.218207	-12.445420	4.071065	4.707366	-7.532908	-13.936949	0.427304	-6.951753	-4.349666	4.743830	-10.163120	-13.936949	0.427304	-9.244202	-4.349666	-0.506264	3.168299	-19.550831	0.427304	4.831829	-4.349666	9.537902
5251	5	2.239969	-11.724879	-2.880461	7.225436	-4.807059	5.766932	-8.326067	2.570875	6.038227	-9.608171	7.818312	-11.635015	-8.585016	-11.212102	-2.863733	1.202577	-4.807059	-5.372026	3.473132	-0.989698	5.237274	2.026826	5.342160	6.264384	-5.298511	-11.212102	-2.863733	1.331698	-4.807059	0.181457
5263	5	-14.237773	-15.728428	-1.386076	-12.273639	-6.256844	-11.883461	-14.242064	-10.975103	1.286514	-12.273656	2.091429	-11.883461	-14.543350	2.229257	9.332717	-18.421296	5.160606	-11.883467	4.066820	-18.490118	-1.386076	6.242400	-6.256993	7.191679	4.062809	-13.780848	1.242485	6.242376	2.076463	7.191679
5382	5	-12.476644	-7.370191	2.427094	-13.414346	4.817789	-8.909901	-13.009364	-13.770603	-4.145498	-13.415846	-7.418305	-8.912751	2.222778	-9.902896	2.224741	3.523228	4.817702	6.751214	-10.931047	3.121170	7.789253	-16.022916	7.436188	-8.892311	2.164136	-16.007525	-4.148033	3.496183	-7.418407	6.731301
5420	5	-9.658319	1.604056	6.441320	-10.113647	6.883244	-7.186696	-11.706888	-11.698580	-2.003764	-5.325551	-1.003823	-7.186696	-1.128677	-11.699366	-2.003764	1.083765	-1.003823	0.752376	5.825921	-10.409641	2.715703	4.464247	5.032458	6.806059	6.113244	-18.106931	-2.003764	6.367621	-1.003823	6.806090
5438	5	-15.958118	-13.311758	0.145674	-4.577695	0.636828	-11.416773	-15.958099	-15.591308	-4.896234	-4.577694	-7.614199	-11.416773	3.069941	-15.063808	0.145674	7.201688	0.636828	3.454257	-16.626682	0.541935	5.385287	-9.082726	4.828383	-11.512194	3.069981	-17.343382	-4.896234	7.201705	-7.614199	3.454272
5467	5	-1.541189	-12.386613	-0.450080	4.107938	-8.736608	4.120207	5.205232	-17.386602	-0.545108	6.706515	-8.751431	9.643757	-13.879674	-12.376352	-0.449406	-7.252897	-8.736499	-6.000306	-13.572995	1.912072	9.000675	-11.372334	6.078960	-8.490235	-5.843442	-12.376352	-0.449406	-2.922876	-8.736499	3.418182
5571	5	6.724328	-20.231305	-4.911048	8.691553	-4.447357	7.077501	6.663047	-13.825611	0.610087	8.691510	2.334571	7.075309	-8.160107	-8.725607	0.610087	-3.430235	2.334571	-8.163149	-8.098799	-15.131386	-4.911048	-3.430190	-4.447357	-8.162380	-9.439510	2.725436	5.476075	-10.030958	8.647460	-8.486368
5583	5	-7.134467	-2.908924	3.411424	-10.545704	4.376232	-8.545355	-11.190577	2.923928	8.702012	-14.906218	7.704405	-8.545355	0.584485	-4.220949	3.409442	2.651426	3.260052	4.073585	-11.759920	-11.321457	-1.349376	-10.525731	-3.245602	-8.545355	3.785268	-17.309895	-1.349433	6.150298	-3.300623	6.126144
5644	5	-9.272308	-9.978557	-1.311553	-11.204093	-8.217663	-10.745851	3.377773	-12.974731	-1.311553	7.828283	-8.217663	7.537007	-9.102073	4.176532	6.011920	-14.722352	7.963653	-10.745851	3.331673	0.793866	5.512332	4.421090	7.680161	7.536041	-6.908536	-9.978557	-1.311553	0.102560	-8.217663	2.044627
5656	5	-19.918661	-7.900994	1.614164	-3.911105	4.539392	-7.759284	-12.215119	-7.900994	1.614164	5.269076	4.539392	0.468442	-18.579818	-13.599094	-3.776735	-3.910556	-6.607500	-7.759155	-15.734444	3.556818	8.079570	-10.204113	7.419666	-7.757966	-10.821365	-13.599094	-3.776735	5.333591	-6.607500	0.496913
5681	5	6.244932	-13.018792	-1.782079	7.305017	-4.685433	6.218969	-11.089288	-1.540016	7.276189	-8.536665	4.474034	-6.279174	-10.193444	3.206392	7.853411	-8.540368	8.851816	-6.279174	-11.713284	-8.576934	-1.782065	-4.011211	-4.685433	-6.279170	-6.348544	-8.583261	-1.782065	1.264765	-4.685433	-5.449066
5747	5	4.061706	-19.417062	1.326904	6.022185	-12.723462	7.348531	-3.813052	-13.215609	1.326904	2.424567	-12.723462	0.780021	-9.556641	-13.215608	1.326904	-4.511363	-12.723462	-11.543517	-4.063455	-13.215608	1.326904	1.067145	-12.723462	-6.042089	-10.212405	1.786101	7.957977	-7.796484	4.109118	-11.545086
5766	5	-13.819143	-12.453161	-2.506129	-8.527547	-4.516155	-3.184090	-11.145334	2.191853	7.997619	-14.466373	8.569047	-3.208796	3.037078	-6.493835	3.293141	3.589064	3.652731	7.325521	2.581538	-14.267754	-2.506134	5.264193	-4.516155	7.231002	-1.620643	-12.453161	-2.506129	3.028719	-4.516155	4.243509
5813	5	-14.602051	-3.549520	4.525987	-9.626952	4.210451	-11.535189	2.080945	-9.902506	4.525034	5.250148	4.209161	5.565623	-13.774432	-12.681007	-1.848503	-7.792059	-1.586995	-11.535036	2.910379	-19.114054	-1.848503	7.289842	-1.586995	5.569566	-13.073115	2.858995	7.631941	-13.424798	6.861318	-11.535192
5821	5	-14.712280	-14.378642	-1.606590	-9.377374	-7.010463	-6.998856	-13.345444	1.297053	7.786476	-15.512715	9.023451	-6.998856	2.865021	-13.025779	1.171290	5.847539	2.339498	6.114448	-14.370673	-9.371839	1.227643	-9.414891	2.525978	-6.998856	2.846218	-17.890066	-1.606595	5.874827	-7.010641	6.114074
5873	5	-9.895344	1.719501	8.829203	-13.921515	7.792520	-10.755950	5.604657	-14.761877	-3.012072	7.199983	-7.218475	6.969886	-8.988274	-9.582453	-3.012072	-9.574432	-7.218475	-10.752359	2.369602	0.603240	8.230490	2.851939	6.838635	6.405595	-0.309345	-9.583432	-3.012072	5.322438	-7.218475	2.005076
5880	5	-10.705470	-13.683680	0.272736	-9.096655	-7.743218	-5.750085	-13.754214	-4.365820	4.927425	-13.131509	4.242485	-5.808891	7.478563	-19.938174	0.272736	6.295392	-7.743218	6.266704	-10.299084	1.613959	7.463590	-13.135122	6.404368	-5.801298	4.417851	-10.626981	4.927424	2.257629	4.235106	5.687666
5957	5	-8.524552	-5.522988	-2.066121	-11.469018	2.168746	-8.145604	3.801152	-12.914947	-5.979393	6.492297	-3.732893	6.806661	3.801152	-11.998451	-2.066121	6.478162	2.168746	6.806659	-8.524553	-6.447145	-5.979393	-11.454882	-3.732893	-8.145604	-6.844379	2.236144	4.787940	-12.501757	6.897166	-8.055120
5979	5	-13.976184	-3.274885	2.734413	-8.422651	4.711833	-10.944684	-12.394672	-13.686332	-3.889786	-8.010410	-3.443048	-10.944663	-12.905093	2.131683	9.058638	-14.654564	6.188437	-10.944700	5.519775	-18.372185	-3.889786	7.630713	-3.443048	6.250058	3.862498	-6.763072	2.734409	6.997889	4.711820	6.249968
5988	5	4.817016	-16.892501	-7.177561	6.305386	-10.245985	5.594742	-12.936538	-12.958032	-7.177561	-5.902468	-10.242696	-4.505293	-4.792948	-12.989244	-7.177561	4.081938	-10.242771	-1.019748	3.426884	1.923019	5.349863	-1.883683	1.984845	0.633194	-11.688281	4.760782	5.444456	-8.016676	2.177193	-4.505293
5994	5	-11.099645	-17.003596	0.502590	-5.258943	-2.303551	-3.900394	-10.606907	1.719554	8.706376	-12.103338	6.367039	-3.900403	-0.525767	-20.867180	0.502590	3.714669	-2.303551	4.621545	3.935222	-22.200715	0.502590	9.550249	-2.303551	9.636607	-2.283474	-17.225660	0.502590	1.928238	-2.303551	0.164535
6135	5	5.128527	-14.394751	2.416854	7.827018	-9.874739	7.516150	-7.264886	-9.616499	2.416854	0.020105	-9.874738	1.462419	-10.200922	-9.616499	2.416854	-3.579966	-9.874738	0.397341	-10.596837	2.270672	5.713064	-8.882741	0.087929	0.372990	-10.646225	2.283423	6.258788	-9.353078	5.878000	0.372623
6174	5	-11.433816	-6.830562	2.767453	-2.922735	3.759001	-9.817711	-10.747385	1.461399	6.318516	-8.427229	6.925780	-9.822802	-11.425946	-15.267860	-3.043557	-2.756302	-2.209434	-9.813749	1.700661	-7.051675	2.766949	6.138260	3.758999	5.441044	1.709095	-15.491416	-3.043557	6.307774	-2.209434	5.442412
6176	5	-10.388658	-10.067943	-1.901776	-9.646631	-6.464773	-12.395248	-9.523190	3.302113	7.055583	-14.672134	6.803553	-12.395284	-14.354685	-2.756583	5.158879	-12.111587	4.834610	-12.395283	3.670157	-7.597025	3.016051	5.960651	3.251786	3.894152	3.735707	-14.470035	-1.947511	6.283125	-6.464780	3.902888
6542	5	-14.344498	-14.460116	-7.143932	-2.161110	-7.716675	-3.447444	-4.284593	-14.460118	-7.143932	1.868821	-7.716675	5.483989	2.074646	-15.301603	-7.143932	7.140010	-7.716675	7.316599	-14.419626	1.750465	5.357076	-10.100349	7.230619	-3.795248	-8.365140	1.750465	5.357076	-2.223104	7.230619	2.017341
6557	5	-7.095405	-15.655286	-0.178269	-5.203700	-6.551275	-11.436148	-12.007766	1.957220	8.917366	-9.678098	7.554697	-11.436648	6.192023	-10.999325	3.938179	7.004462	4.639344	5.643949	6.320423	-11.312536	3.850204	7.059331	-1.019602	5.643950	8.308524	-21.733283	-0.178269	7.583013	-6.551735	5.643951
6643	5	-13.376014	-10.688336	-5.137049	-15.361025	-5.046669	-9.641611	-11.850120	2.855557	6.084985	-21.691613	7.757474	-9.641611	-13.375885	-5.438887	0.412225	-15.361026	3.521478	-9.641611	3.627489	-11.944224	0.412172	2.587581	3.520870	6.646292	3.627489	-17.193660	-5.137049	2.587582	-5.046669	6.646292
6644	5	-0.337735	1.690053	7.708442	0.367766	8.892630	9.078585	6.148874	-15.912090	-1.951818	7.375346	-2.880472	9.891813	-0.335595	-15.366142	-1.951818	2.179396	-2.880472	9.600860	-10.124984	-15.365980	-1.951818	-4.598179	-2.880472	-5.031201	-10.618607	1.690338	7.708538	-7.036018	8.892651	-5.829159
6797	5	-11.701877	3.182773	4.597742	-11.003153	6.927134	-7.353216	-12.098393	-13.371906	-6.742962	-5.836242	-4.826940	-7.354099	7.157355	-17.804905	-6.743796	7.019198	-4.831745	6.862289	-5.679066	-13.386776	-6.742971	0.477867	-4.826991	-3.344292	0.694205	-14.254086	-6.743362	3.629700	-4.829243	5.585474
6814	5	-12.489106	-16.458811	-1.587798	-10.097590	-8.985019	-8.149029	-12.769225	-9.151259	2.849304	-10.906700	3.715502	-8.149029	-11.601582	2.284063	6.654347	-14.519450	6.748516	-8.149029	3.760088	-11.302779	2.849103	6.276269	3.701767	7.605238	3.837499	-18.464445	-1.587798	7.086171	-8.985103	7.607550
6816	5	-16.633606	-10.429644	-3.274317	-11.322363	-11.850159	-9.910728	-15.536379	3.139885	7.519468	-15.966454	5.347780	-9.910536	-15.403154	1.943293	7.392644	-15.958873	-0.170608	-9.910500	2.990220	-13.717402	-3.274317	6.494575	-11.850159	6.946692	-16.790310	-3.030915	2.852874	-11.433782	3.852486	-9.910747
6822	5	4.023820	-20.519463	-4.254308	6.746753	-7.714041	7.748153	-6.138984	-15.364701	-4.254308	0.492811	-7.714041	-4.940038	-2.968451	-15.364702	-4.254308	2.830978	-7.714041	1.449133	-11.657302	-15.364701	-4.254308	-3.762454	-7.714041	-8.839880	-10.190628	1.802152	6.069260	-7.947346	6.862395	-8.928818
6922	5	3.853202	-16.658312	-0.700225	7.655996	-11.374201	8.895622	-2.405509	-14.369074	-0.700225	3.188577	-11.374201	4.733528	-10.793358	-14.289320	-0.700225	-9.021460	-11.374201	-3.612353	-8.764989	1.726230	7.444624	-12.529533	6.204701	-3.612353	-0.422629	1.334844	7.411673	2.446270	6.204619	4.732840
6928	5	-10.224095	-2.614601	6.075616	-8.285670	5.022571	-6.705174	3.029440	-16.790981	-1.222804	5.866485	-10.074811	8.160428	-9.969121	-15.356348	-1.220787	-4.041886	-10.074811	-4.450710	-3.675854	-15.356578	-1.220788	2.797119	-10.074811	2.072185	-8.266213	1.945203	8.527087	-9.904910	6.960734	-6.945922
6955	5	1.112487	-12.664502	-3.499952	-3.630852	-12.452396	-9.624075	3.737846	-13.859431	-3.499952	2.914216	-12.452396	-0.720332	3.406373	1.654711	6.324919	0.847789	4.713350	-0.778279	-6.263530	-12.242498	-3.499952	-9.097902	-12.452396	-13.253302	6.422295	-15.925326	-3.499952	7.913658	-12.452396	4.665194
