30	5	2.960474	-13.921846	-4.137110	5.995340	0.311050	4.574072	-16.050055	-7.646993	-4.137064	-10.891055	0.311128	-13.170631	-16.050055	-11.874715	-7.753667	-10.891055	-5.434227	-13.170631	-9.908602	4.897386	1.340869	-10.875682	7.060902	-13.170631	2.960474	-18.148250	-7.753667	5.995340	-5.434227	4.574072
82	5	-8.711075	-11.866317	-6.205818	0.837102	-3.636001	-4.093636	-13.586615	-11.864008	-6.205818	-5.413281	-3.636001	-4.575673	-7.812467	2.121884	1.903849	0.837090	5.106390	-4.093647	5.159487	-16.080306	-6.205818	8.443248	-3.636001	7.104607	-12.687986	2.126198	1.903850	-5.413292	5.106719	-4.575673
106	5	1.165047	7.941037	3.229808	-6.143335	7.814173	-9.240378	-10.401136	-7.211344	-8.570062	-11.209740	-6.844732	-12.873870	4.652832	-9.405830	-8.888254	7.131383	-6.962973	4.591562	-4.801610	8.382922	3.231940	-11.891686	7.822901	-12.562239	10.338433	3.826179	3.103810	6.517833	7.256632	4.918048
274	5	-12.845360	-9.628729	-4.409773	-8.997345	-5.981748	-11.689337	-9.708798	6.664501	3.003751	-9.162237	6.380221	-11.689337	4.735591	3.862771	3.003719	1.897406	6.279978	-1.938310	9.428784	3.862642	3.003719	7.186060	6.279968	4.420473	6.292344	-12.430000	-4.417766	7.266953	-5.985143	4.420453
297	5	-11.868170	-8.692255	-7.978104	-11.193366	-4.817631	-12.056130	-9.385760	3.450405	3.031871	-14.487389	5.983667	-12.055510	6.769823	-10.281564	-7.978104	6.743950	-4.817631	6.365467	6.768942	-10.281564	-7.978104	3.064164	-4.817631	0.711109	9.396503	1.634484	2.859620	3.646185	5.595476	6.362832
355	5	-9.729983	-5.425537	-6.538179	-16.186887	-11.808971	-10.983293	-5.623092	7.336802	3.298941	-16.203763	6.699585	-10.698121	5.494016	2.370922	3.044088	-10.726845	6.666292	-0.739299	9.736196	0.932306	2.683147	1.180583	6.590770	5.873029	4.869322	-9.978409	-7.790960	1.180023	-11.810521	5.646614
483	5	3.631094	-15.624948	-7.010490	6.397518	-11.641628	8.524558	-1.405635	-10.729874	-7.010490	0.810958	-11.641628	3.849966	-3.274826	-10.729806	-7.010490	0.551713	-11.641628	0.072606	-9.057053	-10.729806	-7.010490	-6.809418	-11.641628	-5.212625	-7.716700	5.956730	4.843762	-8.411712	6.387184	-5.240069
512	5	-9.197050	-4.402153	0.183114	-12.586957	1.394716	-9.845615	6.180945	-11.623684	-4.451991	5.563042	1.357903	7.570224	-3.990835	1.982853	2.466892	-12.656215	5.544183	-9.836020	6.180945	-15.119959	-8.625815	5.563047	-3.679131	7.570224	-9.198001	-10.692517	-7.715816	-12.583826	-3.679131	-9.845615
573	5	-12.690720	-7.219938	-10.901659	-7.740942	-3.377377	-10.687175	8.361788	2.165753	1.706564	8.273530	3.977945	6.805054	-8.475939	6.937854	1.709802	-7.698506	4.258318	-10.636804	4.329869	-12.221449	-10.904609	8.110460	-3.839238	6.432278	-1.417947	-7.294644	-10.901863	5.048018	-3.398057	2.850644
601	5	3.195550	-13.215233	-11.911609	6.690824	0.926927	5.912152	-12.772247	-7.273297	-12.339720	-9.246559	-3.227658	-11.051614	-12.715717	-7.062470	-11.911608	-9.246567	0.926928	-11.051615	-7.241158	4.956368	-0.631582	-9.318070	7.685395	-11.056740	-8.892945	-1.002588	-6.412852	-9.247871	4.473790	-11.051509
709	5	-1.864084	-8.884535	-7.425783	5.612990	-11.024145	6.473642	3.213589	-10.496169	-7.426120	6.322034	-11.024152	6.945234	-8.071405	-8.778224	-7.425723	-5.675352	-11.024143	-6.574660	-6.524527	-8.781142	-7.425725	0.860633	-11.024143	-2.570571	-3.076083	1.996116	-0.535288	-5.666061	2.790422	-3.045125
915	5	6.240970	-13.143344	-4.637204	6.770310	-1.796136	5.553499	9.905881	1.908245	3.738516	6.740877	4.914845	5.553732	6.203699	-2.425233	2.823583	6.769636	3.358374	5.553480	-7.244704	-9.244571	-4.633136	-9.477366	-1.734173	-8.058026	-3.568200	8.049350	3.742533	-9.510647	4.932605	-8.057488
929	5	-7.546236	0.934564	-4.074966	-10.324214	-4.585414	-11.598988	-7.002971	6.755062	2.254552	-10.324499	4.980542	-11.598864	10.156464	1.655803	2.246638	5.309950	4.468398	6.229755	4.557787	-8.127271	-8.344105	5.302953	-10.307124	6.145509	3.246785	3.647532	2.253156	-3.965364	4.847147	1.071574
1000	5	5.609051	1.690033	3.025032	7.955881	7.114653	8.108504	-9.263408	4.902687	3.025065	-4.572633	7.363909	-10.836263	-14.825481	-7.156001	-4.083967	-4.533138	-7.778073	-10.835861	0.145588	-7.834937	-4.083967	3.112894	-7.845438	8.104059	-2.872990	-7.263898	-4.083967	2.850647	-7.790794	6.272734
1010	5	-6.594179	-12.042061	-6.359347	-5.357373	-8.369560	3.055836	3.801587	-15.194787	-6.359347	8.165845	-8.369598	9.072443	-2.694450	-12.042085	-6.359347	1.996443	-8.369560	7.760477	-10.571161	-12.042061	-6.359347	-8.742367	-8.369560	-3.014201	-4.575098	6.074395	2.715207	-10.043818	6.129393	-3.011056
1055	5	-6.264004	3.939479	-0.559468	-10.257076	-1.462786	-8.048720	-9.642199	8.084753	4.187396	-13.264217	5.684086	-8.087125	-9.867973	-1.712439	-2.364230	-10.016794	-3.888033	-8.040902	6.961030	-6.424164	-6.898689	7.330928	-9.488837	4.437100	7.222787	3.397351	4.187341	3.884903	5.681402	4.306253
1061	5	4.926459	-16.138956	-5.993996	6.006310	1.059715	7.960082	-11.082580	-11.728113	-7.524987	-8.854409	-3.206661	-9.812666	-10.322819	4.295223	1.903994	-10.190296	6.603885	-9.812663	-11.082580	-11.465630	-5.993995	-8.854443	1.059715	-9.812666	4.926459	-16.401438	-7.524987	6.006345	-3.206661	7.960082
1088	5	-8.712080	-11.618102	-8.321522	-5.890729	-7.685833	-10.685255	-6.214682	-11.618102	-8.321522	0.351198	-7.685833	-7.283307	0.131530	3.570837	1.668871	0.231084	4.847648	-3.223563	-2.389363	3.590724	1.671310	-6.306259	4.849623	-9.914376	3.303670	-15.764459	-8.327673	6.160390	-7.685895	6.032656
1096	5	-9.551467	-8.180595	-10.306611	-12.049414	-5.568969	-2.901729	4.321498	-11.134478	-10.306611	4.471873	-5.568969	8.033447	9.443042	3.061609	2.035034	4.459219	5.859507	8.299351	-5.305301	-8.180598	-10.306611	-8.006400	-5.568969	2.809350	-4.490658	6.019456	2.035034	-11.849428	5.859513	-2.566120
1133	5	2.083345	-11.872004	-5.918728	6.572024	0.851514	5.348437	-14.777463	-6.823914	-5.918717	-11.154956	0.851514	-8.480059	-10.365483	1.919022	1.404942	-11.193371	5.637305	-8.480059	-15.180041	-13.354230	-9.959438	-11.154955	-5.573660	-8.480059	2.059483	-18.358514	-9.959438	6.571323	-5.573660	5.281826
1138	5	-5.565995	7.287669	2.060634	-11.170831	1.706289	-12.183749	-12.101069	-4.695886	-9.658007	-11.151870	-6.429963	-12.183750	3.486529	-8.977499	-9.658007	6.689810	-9.132850	6.326225	10.020704	2.910253	2.051190	7.072412	1.678508	6.327588	-5.565433	2.625532	-4.392521	-11.151014	-4.466282	-12.183749
1152	5	3.989927	-9.603602	-5.975208	6.718326	-10.892467	6.497684	-8.448204	-6.212575	-5.971479	-8.630049	-10.892404	-4.828325	-4.617031	6.769270	2.269438	-9.011517	2.526748	-4.828101	0.632534	-6.256415	-5.971700	3.424261	-10.892408	6.481225	7.948873	3.312598	2.256660	6.339938	2.517276	6.497685
1154	5	-10.257722	-9.634011	-6.325237	-8.567437	1.640733	-6.635233	-6.046839	2.023013	-0.177775	-8.475802	3.450183	-6.624883	-10.257734	-10.370130	-10.710361	-8.567437	-4.836647	-6.635233	5.028622	-12.673085	-10.710361	6.338367	-4.836647	7.710506	5.028623	-11.936966	-6.325237	6.338367	1.640733	7.710506
1247	5	-11.337075	-8.062317	-10.950289	-9.664395	-8.889348	-7.611216	7.050973	1.173885	1.563539	5.758787	5.836627	8.629939	5.365442	-13.020245	-10.950988	5.813828	-8.889348	8.628355	-9.289654	6.191160	1.563541	-9.719448	5.836637	-7.611218	-4.158137	-8.062317	-10.950289	-0.216268	-8.889348	2.717811
1464	5	-10.153201	-3.823196	-4.627613	-9.408919	-8.648121	-5.791833	5.887176	-9.625415	-4.628490	7.578412	-8.648142	5.867343	-7.820783	5.844819	3.155119	-9.740844	4.558066	-5.791833	-6.832214	2.753755	0.237866	-9.408920	-2.163474	-5.791833	9.490863	0.695826	3.107496	7.301506	4.330872	5.867542
1496	5	-12.693929	-9.529131	-9.256232	-8.449467	-10.127139	-7.841007	5.440638	-13.799166	-9.256232	7.885932	-10.172407	5.666906	-11.705728	4.630913	2.379471	-8.513674	-1.757948	-7.841007	-11.710223	6.709007	2.392850	-8.514815	4.544031	-7.841007	6.429473	2.414744	2.388200	7.829490	4.179999	5.667880
1525	5	-9.550198	-6.258356	-10.197001	-12.300662	-3.857349	-12.047240	4.219134	1.408434	1.307831	-6.673431	2.777552	-6.075788	-4.541905	4.129448	1.311832	-12.346956	2.799641	-12.047240	9.560277	1.408092	1.307826	4.547444	2.777520	4.389169	4.599274	-8.928957	-10.205916	4.593495	-3.857349	4.389250
1528	5	-1.894719	-8.489163	-9.277832	2.835367	-6.386827	7.019219	-12.770572	-8.488902	-9.277831	-9.793381	-6.386786	-5.898885	3.194372	-14.669169	-9.278828	5.764232	-6.624522	7.115156	-6.393259	6.829201	2.436912	-9.816869	7.360991	-5.903771	0.501695	-1.677612	-1.088417	4.568262	3.699493	7.102769
1649	5	-8.197886	5.156860	1.548024	-11.870149	6.994359	-5.691263	-13.374148	-5.738799	-4.842611	-11.869628	-1.271141	-5.691263	3.104901	-7.295095	-4.842973	6.301853	-1.272479	6.919112	-5.579389	-5.738816	-4.842611	0.252285	-1.271141	5.412344	3.783096	-1.561695	1.208359	3.054720	4.550571	0.590675
1697	5	3.934656	-13.367066	-7.903134	6.800840	-5.251871	6.389195	-11.622603	-10.928901	-7.903134	-10.283259	-5.251871	-4.025545	4.643550	3.415643	2.746254	6.709409	7.726764	6.389215	-10.932575	5.858167	2.746429	-10.376229	7.726777	-4.025545	-0.606446	-11.173360	-7.903134	4.368884	-5.251871	5.802437
1714	5	-3.972486	4.676556	1.352007	-12.512255	2.348013	-9.116414	-5.362213	-10.425835	-8.292111	-12.757794	-7.493212	-9.145073	5.966734	-14.116363	-8.666782	4.306840	-8.493490	7.176493	6.795578	0.838389	1.334408	4.340941	2.289228	7.180247	1.942661	3.078613	1.351394	-8.997109	2.340754	-3.848666
1737	5	-2.763671	5.812549	2.681829	-8.523213	6.816042	-4.671523	6.271708	-10.526175	-5.234679	7.972958	1.239660	6.991828	-7.463360	-6.018457	-4.947735	-8.521985	1.246485	-4.671523	-8.094136	-10.033253	-7.615442	-8.521985	-3.214719	-4.671523	6.235634	-14.530745	-7.616642	7.972958	-3.214719	6.991828
1746	5	2.405379	-12.321768	-10.942268	5.415024	-7.257241	6.679434	-14.736134	-9.306772	-10.825367	-10.937982	-7.257241	-11.132170	-8.239631	7.471021	1.781292	-10.958783	8.420011	-11.132170	7.990117	2.200658	1.401158	6.173968	8.186095	7.082388	6.710850	2.201947	1.401463	1.416416	8.186374	0.534938
1763	5	-8.194759	-9.240954	-7.350425	-6.932614	-11.061492	-11.198440	2.788629	-14.148262	-7.448135	6.474249	-11.062306	5.511041	0.973468	1.340353	3.061584	-2.701010	1.092073	-8.121206	2.739340	-14.146579	-7.448130	2.773087	-11.062306	-0.966150	-3.772279	5.726465	4.685739	-9.626329	4.624719	-10.772782
1801	5	-4.268713	-10.865718	-10.209571	0.719650	-10.572615	-5.266003	-6.432794	0.470809	2.213799	-5.373265	3.625521	-9.233331	-8.069727	-10.865718	-10.209571	-5.163550	-10.572615	-8.561696	6.060929	-16.174462	-10.209572	6.543466	-10.572615	5.360097	-2.554233	0.470787	2.213798	0.440738	3.625457	-4.711233
1856	5	-8.282872	6.714819	1.102647	-14.511371	6.093809	-9.645547	-14.576290	-5.868345	-8.920452	-14.511356	-3.261825	-9.645547	-8.277802	6.398048	0.704544	-14.511360	0.372289	-9.645547	4.008970	-4.708270	-3.964972	3.909766	3.645767	6.882853	3.734552	-10.404426	-10.239056	3.872320	-6.668463	6.882644
1884	5	-8.665924	-7.797437	-9.179609	-9.435664	-7.079500	-13.108814	-2.132950	-7.798149	-9.179629	6.635452	-7.079510	-0.889946	9.471099	-10.858927	-9.215771	7.095556	-7.089137	4.647406	2.000914	-9.362583	-9.206710	-2.943904	-7.088157	-8.594863	-8.061812	2.162617	0.423499	-9.370466	4.863381	-13.108814
1901	5	5.610401	-10.040343	-8.408914	5.110966	-7.070582	5.263797	-10.180878	3.499299	1.882172	-8.908138	8.303643	-7.467103	-12.671069	-5.009545	-7.869355	-8.458779	-7.069446	-7.466989	-7.307232	-5.009547	-7.869356	-3.081829	-7.069446	2.010945	-0.932487	-5.021095	-7.873001	3.114115	-7.069473	2.260596
2031	5	-1.319823	-12.130164	-8.959004	2.120774	-2.329436	-6.444621	-2.355355	-12.130162	-8.959004	1.405363	-2.329436	-6.469477	5.955016	-18.748061	-8.959004	8.101177	-2.329436	4.286279	-7.065340	-12.130162	-8.959004	-1.126080	-2.329436	-8.531962	-1.933888	6.494727	3.931972	-6.478493	5.302744	-11.627759
2065	5	-6.152020	7.303461	3.667700	-11.681296	7.558080	-6.510020	-12.194798	-7.473328	-7.664055	-11.337545	-4.219234	-6.510130	6.599583	1.468495	3.575557	4.281887	7.440152	-0.201387	-5.833511	2.690928	-1.863515	-11.337544	0.880564	-6.509917	10.331343	1.468299	3.575484	5.319092	7.440060	4.778855
2101	5	-9.927256	-10.300256	-3.356780	-9.339299	-10.140957	-8.971051	4.929815	-13.163326	-3.356780	7.003614	-10.140957	6.040271	-8.841407	6.294101	4.703011	-10.891410	6.284605	-8.988811	2.621725	-11.647346	-3.356780	4.319250	-10.140957	0.121173	3.925027	3.523438	4.702610	3.456905	6.284169	0.083270
2154	5	-9.426440	6.369346	0.526296	-12.770745	4.596707	-9.906574	3.947622	-9.616082	-10.307184	5.619770	-10.683210	7.665187	-10.123457	0.479894	-4.864920	-12.633412	-4.148295	-9.906573	-14.865156	-5.502839	-10.307152	-12.664329	-10.683210	-9.906573	9.365156	2.229091	0.526288	5.645393	4.596550	7.665566
2172	5	3.701757	-15.143081	-5.698527	4.806340	-8.856003	7.859562	-14.369544	-8.314175	-5.698527	-10.515925	-8.856003	-3.748823	-11.022315	3.865365	3.162301	-10.680684	5.153186	-3.748823	-4.891353	3.865365	3.162301	-6.702195	5.153186	2.490799	-8.187588	-8.314175	-5.698527	-6.540929	-8.856003	2.490798
2207	5	4.915277	-8.224480	-4.226901	7.516173	-10.218374	5.414609	-12.478783	-5.996782	-4.226897	-8.519046	-10.218374	-2.040216	-0.602258	-8.208635	-4.226901	5.427215	-10.218374	4.910481	9.193164	2.352674	2.940102	2.411470	2.683113	5.413171	-8.178977	4.583002	2.940629	-13.633327	2.684714	-2.039890
2246	5	-12.819782	-9.149132	-10.105888	-4.981310	-12.221604	-13.601567	2.071063	-9.686430	-10.105888	6.415729	-12.221606	4.215985	-6.429708	4.423251	1.912635	-4.993742	4.287685	-13.596155	4.321918	3.526318	1.912635	3.103737	4.287685	-1.874532	9.601373	3.526071	1.912635	8.725656	4.287685	4.444399
2288	5	-9.869746	-7.286322	-4.556690	-13.707337	-7.616552	-4.501192	4.230566	-10.572339	-4.569258	-1.029812	-7.616553	3.536475	-2.085062	-7.526365	-4.558821	2.266158	-7.616552	2.112349	4.232156	-10.573195	-4.569259	4.851503	-7.616553	5.857024	-3.652283	4.811209	3.268953	-13.366758	5.099611	-2.871619
2298	5	-9.194833	-7.931194	-6.840109	-11.706100	-10.463648	-10.684048	4.539866	-12.829650	-6.840109	5.301582	-10.463672	5.387443	1.809422	5.251053	3.106333	-10.255299	5.054413	-4.920393	-4.239825	5.456697	3.106333	-12.212758	5.054414	-10.353210	3.993730	0.548765	2.462687	4.886302	4.559640	0.456406
2321	5	-11.000764	-8.474646	-8.411858	-7.297412	-9.502867	-9.865552	4.002527	-9.037965	-8.411862	8.336162	-9.539170	8.437630	8.984300	1.229476	3.089481	8.206321	3.741616	8.437756	-2.363759	-8.474646	-8.411858	3.921318	-9.502867	2.735773	-5.872345	1.957071	3.122718	-7.493841	4.042069	-9.865552
2381	5	5.458004	-15.586912	-3.458691	5.640895	-5.139739	7.457286	-11.498500	-10.497894	-3.458691	-10.623902	-5.139739	-4.623315	-1.600752	-11.666322	-3.458691	1.349917	-5.139739	6.723273	-11.899328	3.094317	2.797787	-11.170204	3.832006	-4.623315	-2.164916	2.201818	2.797569	0.942102	3.831751	6.714576
2440	5	3.462907	-14.093764	-9.543489	6.480902	-4.332779	-0.296182	-8.003459	-10.267226	-9.543489	-1.570651	-4.332779	-8.373924	3.507215	-14.208049	-9.543489	6.804256	-4.332779	6.121845	-2.611023	-1.337379	-6.071197	-1.515805	4.884069	-5.750160	-5.326626	-10.267226	-9.543489	2.246391	-4.332779	-5.714529
2598	5	-12.507409	-11.376583	-8.716604	-11.256940	-13.071067	-8.184872	3.643680	-13.497522	-8.716607	4.601045	-13.071067	0.467956	4.352877	-13.944345	-8.716608	4.715993	-13.071067	5.752908	-2.785553	-11.377853	-8.716604	0.253506	-13.071067	0.302850	-2.059067	-11.380058	-8.716604	0.302782	-13.071067	5.745015
2679	5	-11.118020	-4.991262	-9.994906	-11.872472	-9.191114	-6.619076	-7.477228	9.527009	1.695063	-11.872517	4.654708	-6.619076	5.767264	-8.617209	-10.012649	4.694244	-9.191195	7.808426	4.811096	6.412611	1.695062	-3.883566	4.654708	1.315594	9.417795	5.692396	1.695062	4.694216	4.654707	7.808426
2774	5	-7.912292	-7.667000	-9.026462	-7.730661	-9.844565	-4.604492	4.395698	-13.696060	-9.028027	5.560075	-9.845283	6.303901	-4.860759	-7.667000	-9.026462	3.148970	-9.844565	-0.871523	-1.314775	5.523557	1.659486	-6.859240	3.921592	-2.603428	-2.194233	-7.667002	-9.026462	3.411774	-9.844565	6.217014
2777	5	-7.498058	1.054358	1.662624	-12.761594	2.194498	-10.664901	-9.674006	-6.936995	-7.175165	-12.761431	-10.696535	-11.398469	-1.446654	-6.937276	-7.175186	1.629765	-10.696535	3.379362	3.828753	-10.257006	-7.211793	4.954514	-10.696543	4.515861	2.895566	-0.590551	1.648683	4.902361	2.179719	-0.678994
2784	5	7.305879	-12.735477	-9.500355	7.174294	0.313992	8.204309	-6.505298	-7.169088	-9.500355	-10.072901	0.313992	-6.771794	7.305880	-16.504458	-9.507784	7.174294	-6.075302	8.204309	-4.042850	1.458932	1.154932	-10.073064	6.447218	-6.561923	-6.505299	-10.938136	-9.507784	-10.072901	-6.075302	-6.771794
2787	5	-9.428885	-8.234137	-10.374970	2.863400	-7.424650	4.591099	-14.265674	-8.234137	-10.374970	-7.789438	-7.424650	1.088151	-20.248698	-8.234137	-10.374970	-7.836511	-7.424650	-4.004525	-14.231607	4.004448	2.321569	-7.835741	5.559686	-4.004484	-8.240284	4.004448	2.321569	-7.715715	5.559686	1.099253
2804	5	-2.811607	1.678829	-0.363619	-8.186164	-3.277740	-14.043973	-2.941616	5.755017	3.207537	-10.078210	7.754005	-14.062198	9.292999	0.356482	2.899297	6.755817	7.704765	4.362226	4.959400	-1.197664	-2.618114	7.836136	-4.477329	4.362226	4.492950	-5.679155	-3.825618	7.836146	-10.151151	4.362226
2890	5	-5.605032	-10.702501	-7.095064	4.626883	-9.157227	1.799204	3.148047	-15.018797	-7.095081	8.920465	-9.157227	6.196355	-12.149625	-10.702501	-7.095064	-8.877149	-9.157227	-10.804465	-0.210134	5.231838	1.821123	0.515653	2.740461	-4.630791	-5.561709	5.234987	1.821125	-7.716700	2.740461	-10.804465
2917	5	0.708467	-14.419674	-6.274566	2.041968	-8.009610	-1.108729	-6.647806	-14.291478	-6.274566	-5.594222	-8.009610	-6.675828	-3.861713	-1.913885	-2.172205	-5.074485	0.930555	-5.767925	-3.392842	4.076451	4.498829	-5.934961	6.071133	-5.502816	6.723900	-20.497852	-6.274566	6.483669	-8.009610	5.017547
2923	5	3.432556	-8.422502	-8.877856	6.356387	-10.195423	7.518474	8.273727	1.369590	1.606644	6.308469	1.843392	7.518821	-13.491731	-2.829163	-8.701560	-9.954438	-10.184154	-9.583993	-8.831173	7.500843	1.618584	-10.032077	1.851486	-9.583990	-1.360693	-2.829651	-8.701784	1.338155	-10.184173	4.611929
3003	5	4.048216	-13.422813	-7.419894	8.351216	-7.934628	9.356213	5.130323	2.284535	4.392656	3.434979	7.242138	9.310905	-9.508981	-1.682681	-6.976782	-10.433446	-7.396033	-7.338405	-0.665634	-2.196127	-7.299643	1.690274	-7.641970	7.044254	-10.502801	8.673824	4.397398	-15.340348	7.458239	-7.338408
3029	5	4.540243	-14.887459	-10.537372	5.779337	-4.581192	8.197250	-11.928663	-5.731678	-4.078902	-8.893038	1.807778	-8.968203	-6.302931	3.380074	0.992932	-9.012159	7.150388	-8.953035	4.540243	-11.831877	-4.078987	5.779337	1.807735	8.197250	-11.962952	-8.787334	-10.537372	-8.893038	-4.581192	-8.968204
3185	5	-7.356406	-10.130791	-7.165992	-10.195760	-5.624772	-9.417084	-3.822330	8.779608	3.025562	-10.384067	4.089414	-9.404245	7.041579	3.370614	2.838381	7.649040	3.798442	7.098528	3.036727	-14.067961	-7.205440	7.616307	-5.624772	7.098248	0.617043	8.772403	3.025539	-5.215171	4.089374	3.510104
3268	5	-10.846907	-2.994448	-7.848926	-8.515835	0.154920	-11.454471	6.164632	-13.169235	-8.313977	9.162949	-5.123778	4.839809	-8.396788	4.891998	2.614652	-8.486128	5.055870	-11.451537	-8.013084	3.054876	-3.486667	-8.464344	0.166245	-11.449355	-11.850436	-6.823105	-8.313977	-8.516625	-5.122891	-11.454548
3343	5	-8.733644	2.676577	1.027646	-9.827750	7.194184	-10.828384	-15.028293	-4.049789	-4.799472	-9.707185	6.515037	-10.867180	3.609591	-8.584712	-4.799474	5.284138	6.515037	6.314809	-15.031742	-8.737685	-6.656957	-9.705549	0.055776	-10.867025	3.609590	-13.272584	-6.656957	5.285781	0.055776	6.314826
3348	5	-11.610458	-7.510500	-9.050156	-11.860835	-4.203590	-10.061199	-13.451038	5.841064	1.879214	-12.243275	3.405439	-10.065454	5.582763	-11.190311	-9.144171	6.986783	-5.266978	5.398834	3.738395	3.488782	1.876953	6.341589	3.353351	5.390188	1.119600	-8.253747	-9.100059	3.889785	-4.591194	4.432542
3434	5	-8.133410	3.751874	1.961010	-11.273436	0.239831	-11.972471	3.991847	-12.451168	-6.779298	6.771548	-9.473390	4.958924	8.188238	1.271443	2.504302	6.778208	5.339954	4.958989	-8.615343	7.971010	2.828400	-11.296463	5.687898	-11.972471	-12.547056	-6.389703	-6.422436	-11.268851	-8.786614	-11.972471
3550	5	-7.831518	1.634417	-2.091813	-10.254571	2.290287	-10.091156	-14.203178	-10.058751	-12.846163	-10.254571	-5.528640	-10.241211	-14.203178	-6.836347	-12.809348	-10.254571	0.265708	-10.241211	3.144060	-7.732293	-12.809427	5.740279	0.265081	5.504721	3.144060	-10.954227	-12.846163	5.740279	-5.528646	5.504721
3754	5	-7.491998	6.756462	4.209198	-7.528933	5.683791	-10.884643	-9.437810	-9.419461	-7.013798	-6.722438	-1.687218	-10.884625	-9.722288	-3.613242	1.771500	-6.759172	3.351931	-10.884627	6.013916	-10.228587	-3.775394	7.816573	2.364706	5.902751	6.095709	-15.371497	-7.021701	7.817610	-1.687233	5.902969
3789	5	-12.144690	-11.251408	-8.102957	-5.816025	-11.075110	-12.686226	5.399063	-14.543721	-8.102957	3.973459	-11.075438	4.376022	-6.325154	6.401266	3.006419	-5.825053	5.490911	-11.830653	11.006133	2.343940	3.006086	3.970475	5.487098	4.398242	6.858583	2.672601	3.006277	2.457752	5.488547	-0.515979
3791	5	-8.181893	7.548454	2.401238	-10.478629	3.506408	-7.696036	9.729122	2.474538	2.395262	6.735945	3.203642	4.488236	4.763977	-12.120735	-1.835178	7.072113	-11.502245	4.465809	-8.157374	2.413204	1.206501	-10.290793	-4.694095	-7.689132	-13.228530	-7.148397	-1.835178	-10.140712	-11.080742	-8.127008
3817	5	-8.484931	-14.668334	-9.812680	2.910976	-9.650926	-0.028587	-10.142010	2.793791	3.061676	-9.281783	6.993009	-10.400142	2.608215	-17.938944	-9.812680	7.485096	-9.650926	4.374666	-14.447180	-14.668334	-9.812680	-8.174171	-9.650926	-10.308295	-4.295182	2.793791	3.061676	1.596554	6.993009	-0.190605
3840	5	-14.261409	-4.729512	-3.811544	-8.285442	-10.057675	-3.994802	-8.655718	3.130452	-0.016653	-8.619432	-4.342017	-3.994869	-10.224388	-4.729512	-3.811544	-4.290960	-10.057675	1.305350	-3.749820	3.130388	-0.016659	-4.679460	-4.342019	1.287614	-6.114303	-4.729512	-3.811544	1.480123	-10.057675	2.257915
3909	5	-10.763355	-9.800967	-7.935552	-6.025484	-6.157877	-10.304084	-7.446593	6.666019	3.585863	-6.000186	5.318729	-10.303968	4.889523	-15.888083	-7.936927	9.524815	-6.246488	6.488528	8.035506	-0.414988	3.562373	9.565296	4.500921	6.523992	5.699683	-0.202307	3.566457	3.914433	4.591026	0.386963
3952	5	7.912323	2.858569	4.789338	6.079254	7.799723	8.302955	-5.001366	5.945542	4.789339	-11.367323	7.799753	-6.032883	-8.982761	-10.562935	-2.391405	-9.869593	-5.410558	-7.913241	0.463440	-11.878427	-2.391408	2.985962	-5.410558	7.828970	3.941293	-13.853476	-2.391408	7.506846	-5.410558	8.265865
4002	5	-13.321049	-10.949784	-6.876168	-11.269330	-6.015604	-8.070589	-1.686929	-11.415377	-6.876168	0.136286	-6.015604	7.141434	3.938799	-14.644939	-6.876168	6.130626	-6.015604	7.730896	-8.513172	3.327894	2.960245	-11.296764	4.584966	-8.070546	-2.201076	2.984129	2.955119	-5.861474	4.577557	4.085555
4093	5	-11.911406	-11.124689	-7.104554	0.371425	-7.434179	-8.562213	1.364607	-11.317745	-7.104554	5.451810	-7.434179	5.031495	-6.666448	1.282556	0.627559	0.371112	3.946362	-8.437053	-16.816320	-11.124689	-7.104554	-5.504780	-7.434179	-12.196697	-11.573136	1.282556	0.627559	-5.505104	3.946362	-12.192271
4163	5	-9.755872	6.991465	1.661969	-3.665094	6.240599	-5.151540	5.527563	0.631636	1.661553	7.109976	6.203132	6.956894	1.232403	-6.239832	-9.359282	6.354050	-4.016333	4.096422	-9.360756	-6.151576	-9.358470	1.514779	-4.016331	-0.547623	-16.097775	-6.151576	-9.358470	-3.660901	-4.016331	-5.151008
4175	5	-11.749388	-12.942635	-7.847754	-8.048899	-10.116899	-6.666234	4.644596	-15.453209	-7.847754	5.367419	-10.148713	7.118929	-8.161026	-12.942635	-7.847754	-1.448401	-10.116899	5.633693	-2.104040	3.252115	2.735080	-1.859491	6.529111	5.502236	-5.685712	3.252116	2.735080	-8.404021	6.529111	-6.666247
4228	5	-0.477631	-6.264971	-7.329073	7.236995	-9.152074	6.301677	-12.547140	-6.168396	-7.143160	-8.415695	-9.152073	-6.179009	-2.862585	7.407548	4.484209	0.845553	4.652232	4.282997	-14.030326	7.411192	4.484209	-10.255846	4.652232	-6.180191	4.783744	-10.723990	-8.199261	7.420131	-9.152077	7.469889
4295	5	-12.192096	-8.204374	-8.412216	-6.826613	-11.127561	-10.006067	2.830049	3.218492	3.275189	2.956208	4.957880	-2.632886	-10.297415	5.041516	3.275457	-8.504608	4.960295	-10.006067	4.942618	-11.178022	-8.412259	7.015022	-11.132741	3.834434	6.843747	1.936725	3.272731	5.344885	4.944657	3.834434
4352	5	6.015461	-0.694867	2.541009	5.504846	4.179128	8.727271	-11.161939	-10.815812	-4.735166	-6.406483	-9.091854	-8.177785	4.132134	-13.611303	-4.735170	5.913374	-9.104904	8.690123	4.087083	-0.214950	2.694384	-1.795448	4.673990	-2.771399	-5.562001	2.878549	2.909459	-7.862223	6.060481	-8.174730
4384	5	5.081687	-12.721973	-8.889842	6.654082	-9.411002	7.309126	-9.577843	-0.575383	-4.065318	-7.807248	-7.497837	-4.663387	9.804543	0.892832	3.846331	2.775271	5.285285	7.309601	-5.063345	7.753303	4.002994	-6.451084	5.871325	0.726973	-5.073592	7.753307	4.002994	-11.907485	5.871325	-4.663142
4388	5	-9.736104	-4.808340	-10.576794	-7.256456	-7.747924	-12.223339	2.981889	-8.632472	-10.576924	6.776559	-9.390808	4.949795	4.171860	1.536692	1.466052	6.932297	3.974776	4.969511	-8.593844	7.703624	1.521786	-7.165126	4.473405	-12.223324	-4.350407	1.655090	-4.138129	-5.597575	-3.508977	-12.221151
4424	5	-5.432526	5.000140	3.917532	-15.045527	6.088459	-10.528327	-9.035522	-5.801508	-1.233854	-11.602942	2.163469	-10.530827	-9.035521	-10.124772	-5.719951	-11.602897	-2.808797	-10.530827	7.728415	-11.122813	-1.233854	6.577247	2.163469	7.126086	7.728416	-15.445826	-5.719951	6.577292	-2.808797	7.126086
4472	5	-5.312948	-9.008896	-10.059883	-6.836099	-4.799701	-11.705892	-5.312818	-6.900870	-4.711209	-6.836091	0.641357	-11.705892	-6.141382	1.230708	2.399089	-6.895031	4.277876	-11.705894	9.613829	-12.677603	-4.711210	3.446701	0.641356	3.663844	9.613829	-14.784176	-10.059883	3.446701	-4.799701	3.663844
4500	5	-13.163350	-7.516924	-10.001316	-8.235291	-6.250987	-10.329801	4.177426	-8.798894	-10.044066	6.475808	-6.774566	7.275637	-1.294131	-7.516927	-10.001316	6.367047	-6.250989	5.525436	10.282305	2.418188	-1.519810	6.473943	3.075108	7.275636	-7.211465	3.748378	-1.230553	-8.239446	3.231586	-10.329816
4509	5	4.275418	-5.012899	-5.774109	4.040875	-10.236328	7.136143	10.239403	2.725277	3.390899	4.053308	6.431407	7.136149	-12.432623	-2.714559	-3.593051	-7.309234	-10.006550	-3.987533	-6.194426	-2.719952	-3.606666	-2.824959	-10.010776	3.556958	-6.468490	6.677814	3.390901	-7.412099	6.431408	-3.988799
4546	5	5.636150	-13.584035	-9.790025	4.443218	-5.140464	1.278090	-7.864907	-3.897901	-8.029954	-7.539273	-5.138175	-7.279248	1.131293	2.003650	0.374072	-6.341335	1.969836	-6.603761	1.198833	-11.165651	-9.771070	2.693326	-5.140452	-4.303501	6.827923	-13.584037	-9.790025	4.598732	-5.140464	4.726238
4573	5	-12.174206	-11.865682	-6.640596	-5.255686	-8.738518	-7.183895	-2.841259	-11.865682	-6.640596	4.388818	-8.738518	4.536365	3.058644	-16.237859	-6.640596	7.906135	-8.738518	8.317031	-8.020267	6.733090	3.994684	-11.661709	5.848421	-7.184194	7.413473	2.302400	3.992123	3.617865	5.836580	8.321235
4700	5	4.826760	-10.703988	-9.817618	7.086710	-11.935020	6.776720	-8.437025	-7.636099	-9.814928	-4.301207	-11.934832	-9.250254	-4.000135	2.871016	1.953623	1.332177	6.605193	-2.294026	-6.120595	2.891991	1.954085	-4.330402	6.605283	-9.257524	-6.356917	-7.640167	-9.814944	1.369199	-11.934833	-2.267645
4709	5	-7.670048	2.495984	1.303367	-6.249615	3.334742	-10.072636	4.651342	-16.294836	-8.574760	7.139443	-5.606595	7.158276	4.651342	-14.931327	-6.675572	7.139443	0.667244	7.158276	-14.225308	-9.063818	-6.641755	-5.978936	0.685823	-11.045165	-14.225308	-10.495076	-8.574760	-5.978936	-5.601063	-11.045165
4802	5	4.135121	-10.484646	-8.301441	8.132073	-8.363992	9.188477	-14.584525	-5.563619	-8.289383	-6.541826	-8.363991	-6.395623	9.923695	1.740293	3.086144	8.239926	2.992332	9.200878	-8.900087	6.747349	3.332319	-6.568580	3.417584	-6.395623	-2.632945	-5.619922	-8.290285	4.126339	-8.363991	3.710864
4861	5	-13.784086	-6.399655	-11.400517	-7.688460	-13.345749	-7.582473	-9.168220	7.364153	1.274512	-7.573689	5.522851	-7.582472	5.145849	-10.555780	-11.401256	6.241086	-13.458844	7.788769	9.766222	3.196881	1.274511	6.292492	5.521124	7.788863	-1.931538	-6.399664	-11.400517	3.205258	-13.345751	3.266070
4914	5	4.319511	-9.987807	-1.061979	7.679456	-3.099081	6.042785	-10.793360	-6.751103	-1.061973	-10.071406	-3.099078	-9.219044	-5.437506	5.465422	2.587348	-10.337035	5.211834	-7.785255	-0.675671	-6.771157	-1.061973	2.991920	-3.099078	5.298234	-5.430536	3.194978	1.138898	-10.108560	1.910271	-7.780910
4945	5	-12.377364	-6.844063	-8.150426	-10.040026	-10.538578	-9.328277	6.256746	-9.532825	-8.875872	5.314531	-10.538578	5.499034	-1.495958	-6.844084	-8.150435	5.230335	-10.538578	1.430174	-6.951775	5.792852	2.429850	-9.713628	4.362776	-9.328258	11.703361	2.845001	2.275606	5.314355	4.016515	5.499034
4972	5	-11.810972	-6.490306	-1.123168	-5.562761	2.809878	-11.396801	6.530291	-13.104520	-1.123169	5.800989	2.809874	7.616510	-8.834467	0.062119	-0.480129	-5.400283	6.089987	-11.395886	-11.810984	-7.914815	-2.539124	-5.562745	1.294893	-11.396801	6.530291	-14.529027	-2.539124	5.801005	1.294893	7.616510
5091	5	-4.852418	8.902872	2.400685	-6.948392	8.101687	-14.464087	5.060880	7.392137	2.400634	-2.739164	8.101678	-5.962907	-10.930827	-10.298577	-8.367934	-6.947867	-10.250727	-14.552441	11.601856	7.391967	2.400634	6.195195	8.101678	3.856240	5.523345	-11.825381	-8.367963	6.194044	-10.250727	3.855450
5211	5	4.382521	-12.459289	-13.317993	6.295980	-10.060508	9.575288	-1.235686	-9.677467	-13.317993	3.085635	-10.049666	7.366656	-7.448067	-9.473976	-13.317993	-5.454844	-10.046074	1.273927	-11.836557	-9.471123	-13.317993	-12.040613	-10.046016	-4.638508	-7.171200	3.255375	-0.526123	-11.928311	4.107489	-4.444958
5263	5	10.397828	1.897668	2.722385	3.571962	7.261171	7.000442	-2.256355	-10.172466	-7.277691	1.267843	-9.920904	2.883475	-6.577657	6.611959	2.770190	-6.389672	7.317064	-7.694990	4.292987	-14.525092	-7.277691	6.128795	-9.920904	6.999331	-4.658395	-10.101113	-7.277691	0.342061	-9.920904	-2.259483
5265	5	-11.111751	-9.170235	-8.722898	-7.428333	-11.397388	-8.948400	-5.598782	4.836358	3.095520	-7.826781	6.089438	-8.556098	4.044671	-11.510344	-8.722898	6.079539	-11.397388	6.696132	-1.032677	-9.170861	-8.722898	1.875821	-11.397388	3.673142	9.547747	2.055350	3.087042	5.779225	6.026109	7.034187
5309	5	4.255917	-12.772741	-8.587670	5.482710	-4.568636	7.439082	-7.494289	-6.845890	-8.587657	-7.627468	-4.568636	1.329081	-3.076937	4.895635	3.162539	-5.692074	4.053010	1.332528	-9.763758	-6.845890	-8.587657	-11.972814	-4.568636	-0.936173	-5.355849	4.895635	3.162539	-11.236842	4.053010	-0.936144
5383	5	7.865077	-9.534445	-10.032173	6.833537	-8.121958	8.908640	-7.264989	2.446730	-3.500509	-8.649649	-1.580038	-8.992519	11.735007	3.305388	2.652045	6.530369	4.930029	8.904874	-11.136722	-6.547249	-9.887726	-8.644859	-8.121958	-8.992001	-7.267466	6.226750	2.653460	-8.948857	4.933292	-9.022009
5385	5	-10.827307	-9.819001	-6.341262	-4.355261	-4.097393	2.353077	3.701122	-11.744645	-6.341293	8.802253	-4.097401	5.826410	7.950760	2.424894	3.916978	8.195779	6.783341	5.827662	-2.107396	-9.903949	-6.341267	8.337226	-4.097394	4.821727	-6.573973	6.187105	3.917032	-4.817257	6.864475	2.354387
5482	5	-6.957500	-7.177014	-9.840833	1.289187	-10.569443	-1.691893	-12.963905	-7.177014	-9.840833	-4.080992	-10.569443	-11.563469	3.222850	-10.572413	-9.840833	6.213914	-10.569456	3.862970	-7.054387	2.303954	1.394936	-4.412958	3.221313	-11.654598	-0.965915	2.303812	1.394928	0.889303	3.221282	-1.876273
5556	5	-9.842371	-9.019892	-5.896881	-6.036654	-10.915897	-12.526803	4.724164	-13.755476	-5.896891	6.345271	-10.916410	5.192363	-1.016732	-9.022419	-5.896881	1.569646	-10.915899	4.706422	9.034464	2.784006	4.358579	2.873940	3.757562	5.192221	-5.530611	7.521168	4.359353	-9.512694	3.770107	-12.526801
5604	5	3.316400	-13.410982	-2.596905	6.287385	-9.120981	5.237950	-6.441483	1.995827	1.444607	-11.951853	-2.771315	-12.970448	-11.063280	-10.131121	-2.596905	-11.952658	-9.120981	-12.970488	-6.596696	8.637291	3.310986	-12.063229	4.008657	-12.971660	7.955543	2.607650	3.310804	6.414826	4.008455	5.241029
5655	5	-12.013052	-8.589865	-6.628800	-11.472430	-6.554180	-12.031997	-7.921785	6.345724	4.547349	-12.139898	7.430581	-12.031997	5.054327	-13.783243	-6.628800	7.046219	-6.554180	5.634227	8.947336	-1.603351	4.544056	6.440770	7.064847	5.634227	9.145593	1.048155	4.547349	6.438667	7.430539	5.634227
5701	5	-6.951094	-8.185139	-4.514707	-10.940177	-9.884475	-12.180893	-4.286872	2.019747	-1.033075	-10.940100	-5.102074	-12.180893	7.524759	-14.160164	-4.514821	4.884540	-9.885981	6.499878	-4.101712	6.363183	1.692501	-10.940148	4.187034	-12.180893	2.014079	5.323308	1.691441	-1.204067	4.185653	-3.409775
5723	5	-7.720804	3.022305	3.481937	-1.512996	7.262039	-10.307323	2.306808	-1.999127	-5.309869	6.500572	-3.469183	0.135930	3.251744	-4.057405	-6.580488	8.753393	-4.418442	5.354823	5.815964	0.065613	3.453628	5.275570	5.949017	0.136087	7.283112	0.065607	3.453628	6.925697	5.949006	5.354839
5753	5	-11.858717	3.959109	3.308039	-9.357238	5.060524	-5.276250	-9.861131	-8.443672	-5.791147	-2.586980	-9.446360	2.478717	-6.933805	-8.447047	-5.791148	2.423212	-9.446360	6.515831	-17.460138	-8.443162	-5.791147	-6.765746	-9.446360	-5.226439	4.527417	2.022194	3.242499	3.300225	5.031984	7.878807
5756	5	-7.091531	2.172635	1.595606	-10.302247	7.771263	-12.404759	-13.243234	-6.303832	-9.779976	-10.296473	-3.797962	-12.404328	1.867252	1.011365	1.260682	1.945915	6.424703	-6.265694	3.144484	-7.836424	-9.802598	7.299435	-5.627925	3.871242	3.697612	-1.603510	-3.584107	7.476042	3.728128	4.186645
5763	5	5.469462	-14.405446	-4.977554	6.428726	-12.974052	7.091945	-7.916407	-8.778262	-4.977554	-7.764154	-12.974052	-4.790312	-3.627974	4.000898	1.499338	-7.764162	-1.433345	-4.790310	0.141837	-8.807284	-4.977554	3.189698	-12.974052	4.218594	-3.633487	7.059324	1.630297	-7.764168	5.142218	-4.790310
5765	5	-9.989535	-10.170606	-2.074410	-10.357582	-8.404632	-12.783133	3.696737	-14.565424	-2.074410	2.041436	-8.408912	-2.391601	-5.347542	6.770016	2.914041	-10.433017	-0.137746	-12.787391	8.345998	2.461177	2.920774	2.019464	5.525565	-2.364494	-5.349193	6.872373	2.921885	-10.433799	5.816747	-12.787434
5859	5	-4.391129	-4.186750	-10.644037	-10.051390	-9.999641	-9.382806	4.274169	-12.821933	-10.661060	5.962633	-10.032786	6.698755	1.332096	-5.635441	-10.657847	-3.889064	-10.029545	-3.604896	0.594591	-6.258136	-10.660144	-3.894919	-10.031900	-3.567602	1.891713	-4.853832	-10.646409	-3.889993	-10.016430	-3.820892
5869	5	-0.917123	-3.696360	-6.056059	0.953062	-8.021106	4.759643	3.785433	-10.267468	-6.056682	4.444198	-8.021136	7.240098	10.156278	2.708637	3.494603	2.678626	7.343073	7.076206	-11.833610	-3.696237	-6.056059	-10.647742	-8.021106	-7.236925	-5.463244	5.698342	3.494605	-12.417588	7.343689	-7.270876
5922	5	2.955986	-12.510708	-6.232222	4.185869	-10.557025	-0.803631	-6.092382	-9.964805	-6.232222	-5.703540	-10.557025	-12.640879	5.598787	-13.232809	-6.232222	8.750378	-10.557025	5.297985	-4.739642	5.922075	4.476585	-7.265211	5.767183	-12.640878	4.274369	2.557389	4.476298	2.622339	5.750469	-0.799103
5928	5	-3.668227	-9.848481	-11.618725	1.743103	-7.575959	-5.872530	-6.790178	1.762889	0.548122	-5.428516	5.898450	-11.692819	-0.456395	1.751224	0.542766	3.593798	5.891930	-5.787008	-10.003394	-9.848481	-11.618725	-5.514311	-7.575959	-11.692826	6.269944	-16.450048	-11.618725	8.617400	-7.575959	5.349027
5976	5	0.467727	-9.548491	-7.631825	3.146811	-10.246106	9.052010	-0.081988	4.808552	2.468336	-4.518842	6.279878	4.599839	-5.720900	4.808716	2.468336	-10.043274	6.279885	-4.960201	-11.290771	-9.547390	-7.631824	-9.481100	-10.246041	-5.480538	3.832159	-14.708912	-7.632350	6.115091	-10.330356	9.101411
6034	5	-4.139099	6.474614	2.719605	-9.603703	5.764323	-8.850054	-8.435379	-6.652423	-8.085465	-6.354807	-5.677341	-8.850034	10.810200	0.900790	2.696020	3.462719	5.421734	6.268052	5.868252	-11.875003	-5.415027	6.648225	-0.908155	6.268054	5.301783	0.908570	2.696731	-3.225880	5.431025	-2.160646
6117	5	-8.643598	-8.829077	-6.287655	-5.700761	-6.549829	-6.881875	3.756248	-10.532980	-6.287655	8.250772	-6.549829	5.451084	-1.074366	-8.941966	-6.287655	5.191721	-6.549829	3.341906	-4.573395	7.572478	4.978899	-9.180656	4.750612	-6.211169	8.002978	2.750925	4.978898	5.345519	4.750599	5.648075
6139	5	6.078434	-16.062942	-4.051542	9.474415	-9.545605	7.116244	-12.226442	-10.078302	-4.051542	-2.537022	-9.545605	-12.308212	-6.537223	5.023305	3.257463	-3.476941	6.265701	-12.613965	-6.307794	-10.078302	-4.051542	2.043923	-9.545605	-6.065682	-0.382793	5.023164	3.257463	1.118019	6.265701	-4.723569
6214	5	5.213100	-11.211462	-6.664713	7.289804	-6.022412	7.020812	-6.850093	2.131018	0.625455	-4.364484	6.230056	-7.381302	-11.331683	-5.123225	-6.664696	-4.377131	-6.022389	-7.720042	-5.069283	-5.123225	-6.664696	3.202311	-6.022389	-1.906860	-1.054430	-5.123226	-6.664696	6.576448	-6.022389	5.121831
6255	5	-11.382097	-2.959381	-6.486693	-11.229842	1.502914	-10.436200	-5.885550	4.702541	1.772007	-17.118583	3.430743	-10.436214	7.030866	3.486878	1.741945	0.107500	3.399463	5.462159	-11.726807	-6.389169	-9.818309	-11.229831	-4.768946	-10.436200	2.265134	-6.602327	-9.819696	5.971757	-4.773894	4.423127
6258	5	4.482863	-16.624890	-9.992308	8.422430	-7.791182	8.236591	-11.133506	-10.085674	-9.992308	-8.689272	-7.613015	-6.634721	-1.598821	-10.088679	-9.992308	7.112492	-7.613367	5.292849	-4.922921	4.818209	1.874310	-8.676838	3.761915	-6.432455	-5.449265	-10.085674	-9.992308	-2.094689	-7.613015	3.154076
6380	5	6.216433	1.454407	4.101018	-2.463837	4.486697	4.391891	8.517368	0.012552	3.836640	3.058577	3.703115	4.396334	-5.159352	2.301138	-0.205941	-13.513490	-1.339252	-8.260239	-5.721191	6.342860	4.194315	-14.613121	5.227280	-8.551895	2.674016	-4.535576	-0.723066	5.291478	-5.802031	4.335134
6390	5	4.328119	-14.361558	-1.515059	8.607093	-9.136698	7.278488	-7.656655	7.920257	3.279935	-10.296535	6.049451	-2.468874	-9.725090	-9.115462	-1.514961	-9.022259	-9.136616	-2.468873	6.528592	1.810275	3.184910	7.403659	5.661314	7.278491	-1.080535	-10.446427	-1.515044	2.188773	-9.136685	4.376251
6433	5	4.032144	-8.216273	-10.273821	6.471807	-8.449162	8.819271	9.889971	3.298878	2.262128	6.472447	7.482334	9.087070	-13.162319	-7.270856	-10.273821	-11.500752	-8.446448	-3.362090	-1.802054	-7.271210	-10.273821	2.812051	-8.446450	5.689038	-7.647527	4.258503	2.262129	-11.466491	7.486393	-3.291572
6456	5	-2.596256	-9.800582	-5.042428	0.365089	-7.969335	3.240116	4.568193	-11.873858	-5.042428	5.651310	-7.969363	5.766717	-12.662745	-9.764680	-5.042428	-11.558913	-7.969333	-7.470691	10.634443	1.526894	1.581103	1.656648	5.120787	5.973156	-6.418559	6.647206	1.581254	-15.463265	5.576041	-7.402498
6484	5	-2.315590	1.178872	-0.391860	-10.758035	-1.747511	-6.311784	4.418990	-11.350359	-4.105991	6.064714	-7.969844	5.966341	-2.368986	5.198951	1.675810	-10.767546	8.425467	-6.348175	-8.668281	-4.789494	-4.105981	-10.840497	-6.469135	-8.065158	-0.448504	-6.773574	-4.105990	2.441639	-7.429053	3.401887
6559	5	-5.805765	-4.951831	-7.511806	-5.510033	1.602904	-11.480176	-5.805765	-8.688513	-9.260227	-5.510032	-4.908054	-11.480176	7.921160	-10.762506	-7.552611	3.143451	1.590793	4.130874	-3.645771	2.283682	2.868077	-5.620347	5.142313	-11.464829	7.921160	-14.491547	-9.260227	3.143451	-4.908123	4.130874
6607	5	3.877116	-10.196602	-7.852987	6.105087	-12.069048	8.455530	-1.223892	-6.395371	-7.852486	3.822735	-12.069037	6.157439	-8.724818	-6.206574	-7.852141	-9.711151	-12.069031	-1.578952	-5.737187	6.627603	4.506753	-11.659948	4.678969	-1.270556	6.621241	2.510221	4.505273	4.193017	4.634789	8.633027
6609	5	-11.813559	-6.713753	-8.783884	-9.248978	-10.038022	-11.604030	-5.413648	3.977297	2.078410	-9.707288	6.941915	-11.604030	12.319151	2.286236	2.053563	3.653547	6.939968	7.336052	5.918833	-8.172165	-8.793291	4.079270	-10.038023	7.336053	7.420103	2.358319	2.056155	1.487605	6.940322	1.144767
6655	5	-16.887823	-6.326931	-2.270661	-3.493137	-9.236196	-8.113771	-10.629498	1.625804	1.214330	-3.493540	-4.014523	-8.113771	4.097294	0.288047	1.194078	7.714744	-4.026411	6.695298	-10.995933	5.005883	4.218320	-4.503467	4.826579	-8.113974	4.156350	3.880373	4.218320	6.813937	4.826579	6.695298
6790	5	4.154812	1.430938	1.886714	-6.035235	2.604953	-3.858078	-6.604345	-9.520772	-3.105134	-8.529198	-7.776460	-10.822047	-1.835416	6.884241	1.989366	-10.500804	2.723362	-10.924207	5.230164	-14.920901	-3.105134	8.038827	-7.776460	5.138472	10.019981	1.430937	1.886714	4.194386	2.604953	5.113760
6887	5	-11.740881	-7.862529	-5.675713	-7.978590	-11.537083	-11.345123	3.532926	-13.180317	-5.675732	8.793133	-11.537524	4.749060	-7.004164	6.935060	4.028549	-9.412036	5.339606	-11.257584	3.172673	2.541381	4.024862	-0.359559	5.287648	-0.917276	7.906555	1.133773	3.961254	7.598554	4.940861	5.088039
6908	5	11.071044	1.816650	3.790501	6.479984	6.474436	7.717499	-5.375767	6.217722	4.248265	-2.216480	6.518087	-5.605517	-5.068545	-11.337894	-3.568813	0.629440	-8.788861	-0.204032	6.185482	-14.312404	-3.574146	6.806724	-8.791521	7.717496	9.564276	-3.753866	0.935451	6.799777	5.640803	7.717499
6922	5	-12.236539	-9.808626	-9.846253	-14.424393	-11.164594	-4.956271	9.831426	2.204690	2.709254	3.657721	7.441944	7.324564	4.899273	-12.344329	-9.846253	4.020222	-11.164594	7.322936	-7.088865	4.740396	2.709254	-14.787072	7.450795	-4.956271	3.929602	2.204874	2.709254	-3.695650	7.441949	2.366263
6965	5	2.856979	-13.561856	-1.096038	7.415185	-10.884956	7.073520	-3.389701	4.442928	4.088055	-10.784549	5.621073	1.288960	-7.025287	-7.712817	-1.096037	-8.672665	-10.884935	1.228093	-8.113526	-7.712816	-1.096037	-9.078121	-10.884935	-4.688168	-4.862189	4.468476	4.088055	-11.270369	5.621074	-4.666216
