4	1	-13.368398	-13.115342	-6.832653	-6.199152	-4.982975	-7.916012
13	1	-11.957491	-11.821059	-12.012344	-10.475216	-13.024767	-8.265707
15	1	-14.785473	-6.526380	-12.454091	-12.677183	-7.649445	-10.928998
17	1	-12.008955	-9.752436	-9.847260	-8.225105	-11.579366	-11.518172
21	1	-11.494817	-9.777637	-10.250628	-11.390966	-14.846795	-14.263703
27	1	-16.793631	-12.825333	-10.253891	-2.629424	-12.658255	-10.578500
39	1	-10.139030	-11.079832	-12.386131	-8.853200	-12.145177	-14.823847
46	1	-15.008071	-5.425722	-9.849880	-10.456211	-8.269118	-11.997228
72	1	-10.609729	2.488662	-4.073623	-11.812882	-3.182521	-11.690200
74	1	-15.658902	-10.044313	-5.725552	-7.916427	-9.231909	-9.991622
94	1	-10.811970	-8.909872	-12.036971	0.325967	-9.227577	-7.546632
119	1	-13.745387	-10.652914	-9.105609	-10.053016	-11.665778	-10.461769
130	1	-5.600103	-8.200059	-8.437728	-8.627144	-9.887672	-13.476543
134	1	-10.970315	-7.569812	-12.207146	-14.789171	-13.111188	-6.142519
136	1	-14.938011	-5.577450	-6.807722	-10.398000	-7.351732	-9.421372
144	1	-15.891908	-10.396759	-9.283581	-10.096465	-11.352905	-4.384443
154	1	-16.058641	-11.547115	-10.036290	-10.245034	-7.890504	-10.413698
159	1	-11.881276	-5.800990	-9.274886	-5.224546	-10.140584	-8.343093
167	1	-5.298148	-7.058007	-8.424041	-4.341633	-12.476396	-11.383874
171	1	8.050236	-13.098316	-7.341960	8.404567	-3.715080	6.474557
186	1	-15.153423	-9.508540	-11.130457	-7.148405	-11.240850	-8.802686
188	1	-12.554040	-8.429163	-9.625110	-9.571223	-9.713463	-12.265596
193	1	-12.725950	-9.315235	-10.650426	-7.670784	-14.477529	-16.711747
196	1	-10.665645	-7.610762	-8.107820	-12.693653	-10.647610	-8.628376
214	1	-5.773505	-9.517292	-8.835292	1.865486	-12.915113	-0.457861
217	1	-14.919942	-10.540778	-5.832948	-11.400933	-9.987549	-13.536414
228	1	-15.128795	-13.581705	-7.432418	-7.169332	-9.213209	-6.456554
243	1	-13.249084	-6.016683	-6.809856	-5.016432	-12.426905	-10.158966
256	1	-8.126198	-12.358834	-7.202731	-14.058244	-9.855667	-15.182839
260	1	-11.299336	-11.399552	-9.715483	-10.701123	-10.565553	-8.022119
262	1	-15.894751	-11.278669	-8.605992	-6.853682	-5.419358	-11.914723
278	1	-14.195496	-6.753396	-10.456885	-13.205659	-10.485171	-14.112701
285	1	-13.692193	-7.410346	-11.039191	-9.183832	-13.883597	-11.101178
298	1	-14.924877	-10.570563	-8.742377	-10.896461	-7.653963	-8.789589
310	1	-15.739882	-7.065113	-10.186483	-6.618203	-8.034815	-5.707975
315	1	-9.941531	-1.170219	-9.701216	-15.597254	-2.200619	-12.150581
320	1	-11.299288	-8.761382	-13.059223	-7.644427	-12.974077	-9.559302
334	1	-15.663567	-9.009220	-3.217887	-10.368237	-13.731064	-10.887558
356	1	-14.139552	-8.434388	-9.623924	-10.693599	-11.421840	-10.938044
386	1	-15.205501	-12.329753	-9.531515	-9.365544	-9.560827	-9.654398
395	1	-11.673824	-8.961640	-11.190220	-12.509766	-12.065985	-12.581863
405	1	-16.229578	-12.919820	-9.534164	-14.008589	-9.879954	-12.943303
412	1	-14.262830	-13.021629	-10.386723	-9.166006	-12.743964	-10.278776
426	1	-10.458844	-11.473935	-13.962883	-11.489842	-7.208513	-16.471546
428	1	-15.751136	-7.233376	-10.222297	-10.786480	-6.193712	-12.233393
434	1	-13.336319	-12.137161	-10.248193	-13.737371	-11.602567	-14.338851
438	1	-13.801842	-10.478925	-7.876021	-7.462123	-10.500702	-10.590971
439	1	-11.396780	-10.132864	-7.279491	-10.003333	-12.017930	-12.005803
445	1	-14.698871	-3.520553	-10.912160	-9.020453	-10.239963	-9.741389
456	1	-15.722930	-11.211912	-10.661369	-12.498427	-8.526071	-11.572635
466	1	-11.927903	-11.954988	-12.652326	-10.389880	-11.678780	-15.472186
469	1	-13.738475	-10.690312	-8.418860	-11.913181	-7.882749	-12.269709
473	1	-13.721670	-9.480293	-5.156998	-8.851993	-10.527361	-10.418918
496	1	-12.627729	-8.840038	-10.750698	-11.142197	-1.492833	-2.969691
498	1	-2.026360	5.975911	0.744137	-9.238338	6.011164	-10.485241
503	1	-15.672342	-5.348553	-9.127721	-13.839778	-10.123549	-8.248601
505	1	-15.906121	-14.970748	-8.874887	-7.316239	-7.781423	-8.437818
506	1	-9.995114	-11.131152	-9.756172	-11.383617	-11.493736	-15.786544
515	1	-13.402741	-11.648748	-6.442469	-12.320666	-11.644866	-6.864761
522	1	6.875412	-13.639753	-8.855992	5.868226	-10.628973	8.388426
523	1	-17.302536	-6.386639	-10.479463	-12.055189	-9.454241	-15.114073
539	1	-15.041140	-9.668365	-9.032264	-12.660309	-7.639492	-10.365592
540	1	-14.860782	-12.953369	-10.900861	-7.380460	-9.314305	-11.278734
544	1	-11.159565	-10.114290	-8.215914	-5.887099	-11.384760	-13.417991
555	1	-14.585535	-9.755188	-9.159328	-12.859906	-14.263343	-9.852786
557	1	-17.371090	-13.699878	-9.262174	-7.229561	-7.477958	-10.965820
566	1	-14.047559	-11.453096	-11.503731	-11.783681	-11.392172	-7.561687
567	1	-15.219950	-13.534558	-12.759114	-10.979137	-10.794902	-13.281458
583	1	-9.031367	-7.352825	-4.238872	-3.681522	-10.891950	-11.288562
591	1	-10.853937	-6.490522	-9.670350	-6.406284	-8.122229	-16.043717
613	1	-9.608877	-10.663456	-10.265839	-11.580637	-11.035436	-15.226626
632	1	-11.354855	-11.899273	-9.989410	-2.549512	-11.162795	-11.116786
638	1	-18.201273	-4.651177	-10.871309	-10.366864	-7.427918	-10.512793
647	1	-16.372093	-10.212392	-11.076076	-12.146954	-7.623394	-14.931770
649	1	8.369072	-15.482299	-5.761478	9.544079	-6.855316	6.676275
688	1	-19.296614	-7.120080	-8.418638	-11.579660	-7.300652	-13.941823
699	1	-14.579555	-13.096723	-14.394019	-9.345062	-10.518989	-15.590278
701	1	-13.246198	-8.884569	-6.093202	-10.395313	-12.762802	-6.507255
717	1	-9.430766	-10.736055	-11.215174	-7.392082	-12.646375	-15.620211
733	1	-13.288810	-11.925248	-8.986345	-9.348650	-11.684070	-15.476834
735	1	-16.497984	-9.719488	-11.289794	-10.002464	-9.427887	-12.984086
747	1	-17.548454	-5.959115	-15.683542	-12.731329	-11.815830	-12.575069
750	1	-15.350428	-8.801034	-8.061483	-8.190949	-6.607419	-10.360656
775	1	-12.982700	-9.908464	-9.383616	-8.130653	-13.459912	-10.145816
776	1	-12.095726	-9.023709	-10.060369	-8.427213	-12.522116	-10.882732
777	1	-13.847613	-0.946316	-6.543701	-11.002326	-7.526111	-11.453457
780	1	-16.965309	-8.453165	-9.043868	-10.973540	-9.047073	-5.837013
782	1	-19.017039	-12.195359	-3.946946	-12.446123	-6.012317	-12.101400
802	1	-15.770935	-9.593320	-11.687574	-11.952321	-10.648447	-10.203452
807	1	-13.079630	-2.236487	-7.605696	-12.677062	-8.057557	-11.902033
812	1	-15.985721	-11.814461	-1.595156	-12.874520	-12.784269	-8.349191
834	1	-13.142137	-8.105705	-4.019447	-5.137227	-11.398048	-13.940513
851	1	-14.952089	-7.877026	-8.195514	-8.628461	-10.805392	-10.859684
859	1	-13.258805	-13.809370	-8.779883	-13.517776	-8.485574	-10.114235
869	1	-15.724308	-12.035129	-7.409218	-11.549676	-12.021577	-11.099147
891	1	-13.073840	-11.731565	-10.113280	-13.906269	-7.548361	-11.774859
892	1	-14.912372	-9.256251	-9.962755	-13.904676	-9.627449	-10.389573
916	1	-12.886725	-10.158918	-10.039510	-14.327658	-8.344440	-10.751349
920	1	-14.653423	-8.838942	-9.368315	-7.168502	-8.852889	-11.300311
937	1	-9.796620	-11.165916	-11.908911	-9.903421	-4.863354	-14.082398
956	1	-16.595445	-11.006235	-6.032488	-6.666837	-4.233483	-12.769662
962	1	-9.685662	-8.022083	-8.944046	-12.052590	-11.000080	-7.911567
963	1	-13.628920	-13.883001	-10.194874	-10.868384	-12.973041	-11.816895
969	1	-8.965403	-0.482843	-4.077754	-10.663083	-7.614524	-12.611772
976	1	-19.635037	-10.386849	-10.352111	-11.017550	-9.586041	-9.443110
980	1	-15.200142	-14.560899	-9.474354	-7.090260	-9.922946	-12.286563
986	1	-14.153173	-9.475229	-8.554490	-12.339051	-12.021852	-11.526146
995	1	-11.871395	-4.503896	-7.627799	-4.737621	-8.594587	-10.764116
997	1	-16.726243	-9.255957	-9.419566	-9.526724	-10.427311	-15.777295
1006	1	-7.943232	-14.283426	-9.670249	-10.399096	-8.840468	-11.043185
1008	1	-12.412391	-12.893187	-12.118810	-11.847067	-8.079625	-7.871172
1017	1	-9.936728	-9.065112	-9.348707	-15.783452	-9.617593	-9.731434
1020	1	-15.695724	-8.947402	-11.747331	-11.994560	-7.373205	-13.079981
1039	1	-10.579186	-11.119527	-10.474273	-7.752559	-9.806518	-9.953750
1046	1	-14.402092	-6.754303	-9.338959	-6.809689	-9.944808	-10.858239
1070	1	-11.642297	-5.627662	-8.968827	-15.362683	-6.636923	-6.344006
1073	1	-8.878315	-2.429950	-9.733601	-11.550362	-6.391765	-15.025402
1078	1	-11.858602	-10.639920	-8.688871	-6.509878	-9.395244	-7.234915
1081	1	-17.147227	-14.843279	-15.971035	-9.088583	-9.546057	-14.243731
1082	1	-14.423245	-9.508917	-10.349488	-10.296651	-8.403687	-7.706024
1083	1	-11.202245	-15.818494	-7.457924	-12.489619	-9.111360	-10.207094
1092	1	-9.410951	-9.872600	-10.703473	-11.606393	-11.190979	-7.705332
1094	1	-14.771177	-12.109340	-8.141357	-5.401798	-9.651646	-11.313158
1110	1	-16.701824	-10.151584	-8.173421	-12.722799	-12.060893	-6.421277
1115	1	-16.882129	-10.463035	-7.984345	-9.586788	-13.446851	-10.292179
1120	1	-16.117022	-11.317088	-6.422033	-9.936992	-9.760628	-6.647729
1124	1	-11.950124	-9.730869	-9.565512	-14.373192	-11.357555	-9.641318
1127	1	-9.489276	-7.674238	-7.857388	-10.634426	-12.781336	-11.517167
1129	1	-9.445737	-8.958296	-13.447449	-13.243839	-14.017096	-14.051625
1130	1	-12.026255	-8.786293	-6.771913	-10.231401	-9.587246	-14.338114
1134	1	-12.049967	-12.449654	-11.729921	-12.829135	-6.256946	-8.472933
1136	1	-9.794559	-8.900865	-13.099063	1.187784	-6.908888	-2.943682
1140	1	-13.267915	-9.248309	-11.624921	-6.291724	-11.028158	-10.785305
1144	1	-7.458449	-12.097902	-8.024372	-10.121548	-11.395441	-12.798167
1147	1	-14.099043	-6.569114	-8.928161	-6.250521	-10.582532	-11.706319
1163	1	-17.862829	-6.697214	-12.197768	-12.248869	-9.765074	-10.991758
1167	1	-9.039409	-9.874384	-9.833119	-13.279152	-14.646665	-12.760849
1189	1	-16.914598	-8.127708	-11.226755	-11.925222	-11.429588	-10.244769
1208	1	4.563769	-14.870085	-4.522979	4.164079	-8.464237	6.882493
1212	1	-15.079754	-6.284894	-9.243891	-10.078347	-8.065174	-8.033974
1217	1	-11.176444	-12.751936	-6.096154	-11.283008	-11.159337	-10.188105
1228	1	-16.564117	-12.432905	-7.919615	-12.165160	-9.960956	-8.331546
1230	1	-20.761824	-9.850320	-6.357343	-4.769811	-10.698010	-9.321409
1234	1	-16.105522	-10.802716	-10.462672	-9.329272	-6.567997	-9.861304
1235	1	-13.757843	-11.373929	-8.446214	-11.222074	-9.153729	-11.796530
1238	1	-15.537054	-12.303342	-6.441346	-11.655469	-12.490294	-6.710328
1242	1	-15.076126	-8.247025	-8.123441	-9.850452	-15.758800	-11.840977
1245	1	-13.190684	-15.009309	-8.463852	-11.100935	-11.166418	-8.666366
1276	1	-16.134580	-10.576609	-9.346282	-9.260152	-6.088440	-6.455072
1307	1	-16.344830	-13.967976	-10.129600	-7.885144	-7.086675	-12.869074
1310	1	-15.593289	-8.058834	-11.477806	-8.399440	-10.591826	-11.390224
1320	1	-14.329375	-9.311778	-11.687660	-12.119221	-11.921543	-11.856956
1321	1	-14.752662	-7.312689	-7.371904	-15.995265	-8.503949	-10.380395
1331	1	-13.693878	-8.852642	-9.034572	-10.217856	-8.459065	-13.203374
1338	1	-17.479903	-11.303839	-8.184186	-11.199402	-11.786161	-10.643494
1347	1	-8.412873	-11.807701	-9.532449	-9.236894	-8.421093	-9.486609
1349	1	-10.905494	-10.727840	-14.931344	-12.948942	-10.281617	-10.305265
1355	1	-10.045680	-9.292496	-10.588426	-9.478940	-12.818701	-9.080058
1366	1	-16.067499	-10.384761	-8.040923	-11.622454	-12.990495	-8.404894
1370	1	-12.167161	-14.103020	-10.700642	-13.702779	-11.922794	-5.528844
1390	1	-12.150781	-14.309675	-16.358574	-11.921151	-10.582554	-9.649171
1395	1	-13.797205	-5.672605	-6.492240	-8.657826	-7.334092	-11.211212
1406	1	-14.605455	-9.009723	-10.411321	-7.368967	-9.496047	-10.432856
1408	1	-18.518639	-14.299131	-10.040603	-11.769388	-12.445282	-6.602972
1416	1	-15.741970	-8.161779	-9.779440	-8.973937	-12.584335	-8.334582
1421	1	-11.332422	-10.944616	-11.995715	-8.874155	-7.126466	-14.192176
1431	1	-11.159840	-10.793990	-6.928068	-6.826360	-6.454944	-13.039572
1466	1	-14.531356	-12.777605	-10.472671	-11.303816	-8.089608	-12.075171
1473	1	-11.199212	-7.030176	-7.144295	-13.096249	-10.407817	-10.461394
1483	1	8.192197	-19.483112	-2.449738	7.894055	-8.560555	9.443183
1505	1	-19.897710	-5.814369	-9.163453	-10.601401	-12.484503	-13.891798
1516	1	-8.322775	-8.087705	-12.716851	-9.738079	-10.458284	-9.449226
1520	1	-14.680276	-11.260644	-9.554877	-9.118166	-8.251847	-10.438627
1521	1	-11.844267	-3.760043	-9.510418	-11.344479	-8.925750	-10.890447
1522	1	-12.188659	-10.731715	-4.917383	-6.410486	-6.282815	-12.722456
1536	1	-17.506263	-9.408159	-10.728728	-10.566800	-9.325232	-11.308230
1539	1	5.615107	-11.983869	-9.794625	7.897724	-11.849337	3.389112
1540	1	-15.492578	-6.551250	-6.744384	-7.031604	-10.604343	-3.646968
1560	1	-11.774885	-12.174662	-10.343443	-7.818824	-9.294980	-14.719560
1564	1	-8.840801	-7.929945	-9.736549	0.265941	-6.814062	-3.416351
1565	1	-16.117752	-11.866386	-10.940475	-11.345846	-11.178596	-6.480105
1595	1	-15.886734	-11.611622	-4.964817	-13.521598	-4.061558	-7.662380
1604	1	-14.296805	-10.079908	-5.256956	-8.209984	-7.835371	-9.078247
1610	1	-7.524479	-9.407654	-8.369662	-10.627207	-10.168046	-12.394998
1624	1	-16.975681	-8.460506	-8.789738	-9.414973	-11.986037	-9.498916
1625	1	-11.721206	-10.113529	-5.864046	-9.381758	-10.866239	-10.082087
1635	1	-11.278786	-8.140631	-10.682291	-11.120365	-11.023667	-8.263845
1640	1	7.924602	2.943323	1.542754	7.181118	4.050133	6.831016
1683	1	-15.091348	-9.832154	-10.159114	-11.307887	-7.182490	-10.293698
1689	1	-11.195634	-10.852449	-7.601744	-10.136452	-6.809148	-8.224400
1694	1	-14.143706	-8.243451	-16.322983	-10.493141	-11.234656	-4.370124
1708	1	-13.118833	-12.713973	-9.801354	-7.411351	-7.531022	-7.173879
1720	1	-2.885797	-10.121595	-11.755395	-4.548604	-11.219837	-10.904376
1727	1	-15.455090	-6.725933	-10.177620	-11.607405	-10.039186	-10.544256
1732	1	10.684623	-13.934058	-9.592986	8.304948	-9.082442	6.551453
1747	1	-6.821555	-10.415017	-3.550745	-13.957192	-9.051594	-9.307764
1753	1	-12.507567	-8.633813	-10.839445	-10.705390	-10.143275	-12.902732
1771	1	-15.471597	-10.789406	-11.149075	-11.211429	-9.922982	-12.599813
1775	1	-11.748413	-9.208746	-11.077846	-13.570994	-7.717302	-13.318868
1781	1	-13.009855	-9.694111	-11.428565	-8.657698	-10.230475	-9.517133
1788	1	-9.345334	-7.179976	-8.451756	-12.018410	-12.199584	-2.417256
1789	1	-16.208536	-10.580396	-7.997575	-10.686249	-11.400420	-10.359732
1792	1	-12.553508	-10.091030	-7.766669	-13.639066	-10.404145	-6.755617
1808	1	-9.505286	-5.119416	-6.003826	-14.621063	-9.121644	-15.714125
1811	1	-15.173251	-11.523184	-8.525517	-14.490044	-10.211962	-8.854838
1831	1	-12.940120	-5.888078	-9.143922	-14.356384	-4.442253	-8.281888
1835	1	-10.492488	-11.919929	-10.556488	-10.080992	-10.108087	-10.809046
1840	1	-15.980038	-10.061319	-7.632751	-14.867364	-9.197573	-8.594970
1845	1	-9.681993	-11.190769	-6.200871	-8.055402	-11.271019	-10.271787
1847	1	-18.799104	-12.206464	-9.603060	-7.444832	-13.039620	-11.554354
1860	1	-12.828322	-10.276573	-9.060790	-14.110990	-12.278243	-11.441644
1862	1	-10.917241	-10.303004	-9.427703	-14.959909	-9.029642	-9.282182
1868	1	-12.613406	-9.956014	-11.065322	-10.046131	-11.530570	-16.460216
1871	1	-14.603058	-8.841459	-8.905626	-12.437536	-7.664716	-6.542356
1878	1	-12.120270	-5.462802	-9.278560	-5.499671	-3.893575	-4.840250
1892	1	-15.004275	-6.519053	-7.521344	-10.407814	-11.400397	-8.888218
1915	1	-15.432234	-9.723009	-8.372085	-10.545267	-11.309731	-9.095882
1939	1	-7.640518	-14.331123	-7.253714	-0.549881	-9.488493	-9.373762
1940	1	-13.134298	-12.001086	-2.797293	-9.036004	-6.995139	-12.025832
1944	1	-7.144059	-10.939390	-11.357833	-15.229315	-7.776378	-10.108845
1945	1	-15.179346	-12.474557	-10.813731	-9.552579	-9.320947	-9.335962
1956	1	-14.575197	-9.774972	-13.701874	-12.656349	-11.367154	-8.090833
1962	1	-14.530409	-7.147533	-6.563294	-8.347730	-6.632583	-8.934516
1979	1	-16.866832	-6.877470	-7.703442	-13.096003	-9.641216	-9.292363
1980	1	-13.285254	-9.253962	-6.378856	-12.133448	-11.311154	-10.823700
1987	1	-16.641615	-10.645325	-8.480091	-7.927750	-7.240083	-9.867395
1992	1	-15.527507	-8.171650	-5.548871	-8.493987	-8.639732	-9.659861
1994	1	-19.663840	-14.104395	-10.446146	-6.547852	-13.122367	-9.746504
2003	1	-12.014861	-8.063283	-12.236062	-9.837441	-12.647800	-9.901585
2012	1	-15.474751	-10.468185	-12.002279	-11.539379	-12.185452	-15.024751
2026	1	-12.250816	-6.106869	-8.933965	-12.225514	-8.083626	-17.919402
2030	1	-10.200062	-8.499944	-10.440598	-10.613411	-11.484831	-8.820448
2032	1	-13.478642	-12.063552	-12.035178	-7.244420	-6.266906	-8.147660
2036	1	-15.563114	-7.865266	-9.488314	-8.504601	-10.916446	-10.467508
2045	1	-19.205072	-11.889664	-11.128247	-8.345409	-10.283855	-9.862602
2047	1	-13.812246	-12.248874	-10.965155	-9.844463	-11.100147	-9.872399
2055	1	-14.613132	-10.739703	-10.823177	-12.428332	-12.120075	-3.570005
2056	1	7.237819	-17.476641	-6.754378	7.360965	-10.400186	6.875821
2058	1	-12.720014	-8.037810	-14.281312	-12.627377	-6.552257	-14.409390
2061	1	-13.359839	-12.962816	-9.768968	-16.415309	-9.760696	-6.921425
2062	1	-13.978793	-12.614149	-8.709232	-9.839441	-10.957581	-10.383598
2080	1	-13.571912	-11.250836	-13.065217	-5.530215	-11.851131	-14.061141
2089	1	-10.523868	-10.676679	-4.511076	2.384952	-14.137120	-7.122550
2093	1	-17.316793	-11.322819	-8.962137	-11.810969	-10.041721	-7.670613
2097	1	-14.697170	-10.589813	-13.712473	-11.739432	-10.080794	-10.796441
2109	1	-13.600022	-10.309696	-7.219609	-13.855963	-12.000605	-9.392061
2110	1	-13.896294	-12.184408	-10.653422	-7.788921	-6.874433	-6.038947
2113	1	-15.440516	-8.023287	-12.199712	-10.316317	-11.620675	-10.426770
2115	1	-15.944738	-12.119416	-10.926947	-12.428156	-9.306728	-8.587131
2122	1	-13.931443	-9.853126	-9.792440	-14.299977	-5.988714	-9.987284
2124	1	-14.797269	-10.116549	-9.413352	-12.468164	-9.658902	-12.254761
2133	1	-12.091813	-6.499501	-12.839717	-15.263114	-11.598049	-8.848796
2141	1	-14.505820	-8.013700	-9.105011	-5.664111	-14.960245	-14.044919
2143	1	-12.685988	-11.835758	-10.557263	-11.414748	-6.349337	-11.110415
2145	1	-14.917735	-8.473985	-12.340066	-9.498080	-10.951129	-9.521692
2152	1	-14.096935	-11.987342	-7.226957	-7.674767	-12.151470	-8.165720
2155	1	-15.483968	-9.517348	-11.991100	-8.911829	-8.752056	-6.162469
2162	1	-16.797173	-11.640390	-9.442535	-12.654615	-7.124785	-10.602931
2174	1	-15.246029	-9.816332	-8.864579	-9.284652	-11.308935	-13.895096
2181	1	-16.057529	-10.749441	-5.442796	-10.264853	-8.604581	-9.861762
2185	1	5.523133	-13.943033	-10.902528	9.275564	-4.900470	5.449367
2200	1	-9.743327	-7.391273	-10.935946	-8.396941	-12.732151	-11.478288
2209	1	-16.243449	-9.162217	-14.204930	-8.376410	-5.278355	-11.047220
2219	1	-17.660386	-10.265187	-10.509584	-13.474910	-9.218410	-11.157332
2222	1	-12.213316	-9.435351	-9.745196	-15.395992	-8.199953	-10.127303
2223	1	-16.903981	-10.425613	-12.569147	-10.421298	-8.596655	-9.547982
2225	1	-10.352638	-8.947792	-8.151210	-14.579087	-11.677458	-9.666306
2228	1	-17.950292	-12.922648	-9.160838	-9.904001	-7.395615	-7.588676
2231	1	-12.543639	-9.855451	-6.409639	-8.720459	-13.248463	-3.797787
2238	1	-12.933410	-11.405827	-10.673298	-10.667372	-10.265441	-10.825705
2252	1	-16.827383	-8.774180	-11.737629	-14.819402	-14.780418	-8.172317
2254	1	-15.845722	-11.405106	-9.517763	-4.351636	-8.291804	-7.102360
2258	1	-15.806025	-11.410884	-5.595016	-8.183302	-13.245874	-9.472469
2267	1	-18.917538	-8.313017	-4.786234	-11.832118	-5.185600	-11.268484
2279	1	3.919181	-19.126636	-6.774676	8.591104	-7.735819	6.028467
2280	1	-16.189575	-9.952871	-7.826143	-7.683451	-8.153702	-7.716309
2281	1	-13.638419	-12.566744	-8.259554	-9.383774	-10.660833	-9.133306
2282	1	-13.680718	-11.165238	-6.868282	-12.141772	-9.190147	-12.741529
2285	1	-15.594292	-10.867456	-12.304546	-8.132534	-9.939480	-9.947165
2290	1	-13.552170	-4.355849	-6.430957	-10.609934	-8.130437	-7.974141
2301	1	6.062085	-19.669610	-9.196663	4.870063	-14.388641	9.304459
2302	1	-14.805860	-12.635563	-9.894111	-8.754498	-10.131760	-10.539901
2306	1	-18.820325	-8.333031	-6.103366	-11.125331	-8.470705	-8.379174
2310	1	-16.403667	-10.946851	-8.057468	-13.336301	-8.134487	-9.705469
2327	1	-15.231760	-9.082713	-6.761427	-11.619424	-10.505511	-12.411026
2330	1	-13.970323	-7.523368	-7.109077	-7.195059	-13.112077	-9.951654
2334	1	-15.136722	-11.529618	-8.547369	-5.499813	-8.989699	-10.882066
2350	1	-15.965257	-13.887590	-11.416885	-8.125011	-9.524781	-6.566801
2364	1	-12.469788	-10.923777	-10.213439	-7.661982	-9.032879	-11.493075
2365	1	-13.146886	-10.492542	-8.681458	-8.788164	-10.139135	-11.040217
2369	1	-15.481122	-9.594844	-11.084830	-10.676189	-8.461352	-8.227774
2378	1	-13.711320	-10.290615	-9.749140	-8.582119	-16.079871	-9.819543
2390	1	-13.899324	-7.578387	-7.738460	-11.969318	-9.712181	-10.113473
2391	1	-13.000050	-12.951363	-10.111613	-7.987895	-14.763040	-8.278056
2392	1	-16.130755	-8.841855	-6.705891	-12.299622	-9.972375	-11.208884
2399	1	-15.420253	-12.648733	-11.152235	-8.610830	-14.200189	-11.754158
2410	1	-7.787397	1.762129	-3.622032	-9.187297	-4.205274	-10.476231
2411	1	-16.537883	-8.335591	-5.086666	-9.478257	-8.789562	-6.238940
2425	1	-12.529322	-10.474732	-8.576367	-7.468669	-13.728312	-10.346430
2438	1	-14.573371	-13.243590	-4.052741	-15.217271	-9.750719	-7.935170
2443	1	-13.109707	-12.857207	-10.294100	-7.844353	-3.990262	-10.487262
2445	1	-14.091226	-7.097753	-7.579044	-8.599680	-8.202324	-10.475015
2448	1	-10.806225	-9.104705	-9.581123	-7.559322	-9.724080	-7.585647
2452	1	-11.507705	-11.910504	-6.782087	0.920830	-11.167835	-7.791260
2465	1	-11.783087	-6.274235	-5.427537	-10.182049	-10.008009	-8.319463
2483	1	-13.438432	-3.994335	-9.816594	-14.526673	-8.436682	-7.369346
2513	1	-18.502874	-7.003934	-11.237904	-12.675127	-10.157782	-16.115749
2522	1	-14.643217	-1.690229	-9.486303	-8.717156	-11.566666	-10.182772
2528	1	-12.587447	-10.537387	-11.173544	-10.586202	-9.872935	-10.343262
2529	1	-13.428519	-10.979972	-9.514675	-11.896783	-13.315310	-6.199542
2536	1	-14.263936	-11.070835	-14.528071	-12.771716	-8.895463	-7.891483
2542	1	-14.717089	-10.676701	-7.416087	-9.924587	-10.188950	-11.847117
2551	1	10.844195	-17.593582	-8.518665	6.832009	-7.667206	6.561232
2553	1	-14.677826	-13.314092	-9.567116	-11.120919	-13.039668	-10.677669
2555	1	-15.901804	-15.256805	-9.631780	-10.809760	-10.247054	-8.625446
2590	1	-18.426427	-5.794425	-8.624533	-5.614736	-12.190130	-11.027630
2604	1	-16.348950	-15.092843	-4.391590	-10.513979	-13.529546	-6.770283
2607	1	-16.571496	-9.795778	-10.742389	-8.825583	-11.958716	-7.092199
2608	1	-9.804112	-13.588092	-9.316199	3.182618	-11.639887	-1.730095
2613	1	-17.424964	-10.750250	-9.069726	-8.521405	-13.233201	-7.414446
2643	1	-16.557972	-13.158411	-10.691952	-11.649367	-6.825526	-12.405909
2645	1	-14.706553	-10.437670	-7.845427	-9.815995	-9.379304	-6.656407
2650	1	-13.855796	-7.019025	-10.016632	-10.504997	-10.832959	-11.255147
2671	1	-9.574389	-9.397443	-6.832832	-8.493692	-15.169696	-14.014015
2672	1	-12.921711	-11.166033	-8.444541	-8.934384	-10.393923	-11.561911
2681	1	-17.720966	-10.458706	-10.738312	-9.478523	-12.163648	-12.688043
2685	1	-13.570403	-14.560896	-14.591318	-8.163749	-9.923802	-13.942353
2692	1	-13.430388	-9.559092	-9.627952	-10.329861	-9.391625	-11.253926
2706	1	-15.934776	-11.633373	-10.633495	-11.812308	-9.566673	-10.048453
2715	1	-14.262127	-11.383133	-10.004503	-14.062290	-7.163341	-14.014045
2736	1	6.710504	-13.672951	-11.604882	7.713545	-12.401099	8.682181
2740	1	-11.834052	-10.115410	-9.261567	-12.454710	-13.271724	-7.901535
2763	1	-17.284412	-6.969525	-4.171275	-4.916074	-12.439688	-9.217500
2781	1	-15.856586	-10.208885	-9.646602	-10.514310	-10.411313	-12.484109
2795	1	-11.158599	-11.991220	-6.900160	-11.005504	-10.646604	-10.171811
2818	1	-13.183302	-11.306975	-12.966488	-6.914869	-10.786152	-10.421503
2823	1	8.424885	-12.515168	-10.427172	8.790854	-12.997388	6.692506
2824	1	-17.026256	-9.427342	-6.475607	-9.229845	-13.698177	-0.878628
2835	1	7.887065	-15.262411	-10.301563	6.205833	-12.037859	6.523591
2836	1	-13.742094	-11.365424	-12.966892	-11.788064	-8.506984	-15.025633
2837	1	-10.797434	-9.185567	-10.731055	-15.521867	-9.676376	-11.603280
2839	1	-12.435180	-10.723383	-9.857736	-8.441097	-5.345578	-6.868432
2858	1	-12.526174	-9.894417	-10.920025	-12.174394	-9.661372	-10.197818
2862	1	-15.806033	-11.757810	-9.861584	-13.759574	-10.141865	-16.898329
2870	1	-13.729305	-9.483473	-10.988498	-9.694896	-5.559603	-8.762108
2874	1	-12.045013	-7.902486	-4.107490	-11.178390	-11.896168	-10.107956
2883	1	-15.195237	-13.248098	-10.251136	-9.623789	-10.867713	-10.394676
2900	1	-16.043877	-9.927177	-11.761825	-12.218203	-3.907394	-11.891175
2928	1	-12.851741	-9.540917	-9.523616	-11.288726	-9.061123	-10.093039
2935	1	-19.408206	-11.187600	-10.048718	-10.578910	-11.478337	-9.269984
2936	1	-9.521312	-9.264712	-13.690646	-13.413144	-4.184090	-8.135385
2940	1	8.424572	-17.733093	-10.760789	9.855309	-7.335491	5.689832
2952	1	-7.979207	-7.551396	-7.621939	-12.418262	-13.209844	-10.730658
2956	1	-8.883365	-7.413071	-10.136081	-15.374988	-8.449330	-10.682193
2957	1	-15.009001	-7.429615	-8.069787	-10.306488	-13.776394	-11.841397
2959	1	-12.695972	-9.796681	-8.379066	-7.814634	-11.723374	-7.791150
2969	1	9.299383	-15.222494	-7.847233	6.196256	-12.129147	8.257865
2971	1	-15.031518	-11.414452	-7.004321	-9.582833	-12.445187	-8.740979
2975	1	-13.118391	-5.367386	-6.209888	-6.484503	-9.007816	-6.085564
2977	1	-13.898220	-10.142865	-8.975485	-7.309365	-13.467429	-7.734711
2981	1	-17.960453	-11.358679	-9.533590	-5.209385	-14.138054	-10.773384
2982	1	-15.107992	-8.295266	-11.997485	-11.330281	-9.377148	-8.163011
2983	1	-16.714600	-8.986593	-7.629725	-6.059252	-11.044675	-11.381446
3006	1	-14.891089	-4.735778	-4.212232	-7.396473	-10.187888	-7.449592
3010	1	-16.647391	-6.239132	-1.641125	-11.810897	-11.253093	-11.384121
3012	1	-15.314039	-12.558412	-6.475010	-14.816954	-5.318459	-9.894683
3018	1	-16.085292	-10.075077	-10.249937	-8.085198	-9.265881	-11.404538
3034	1	-5.743527	4.659272	-1.290829	-17.164627	-0.899826	-13.353970
3042	1	-11.471777	-10.694796	-7.590934	-11.836702	-10.512187	-8.069445
3047	1	-12.484029	-5.607808	-10.277556	-10.500008	-9.583639	-14.703441
3056	1	-13.430550	-9.748533	-5.727163	-10.744192	-13.838506	-10.755080
3062	1	-12.028721	-5.931074	-9.328023	-10.355046	-11.155369	-12.537174
3063	1	-14.996273	-8.528311	-9.862008	-6.202532	-8.717441	-15.208540
3067	1	-14.208398	-12.394854	-7.339910	-9.206757	-10.398541	-7.251386
3080	1	-16.533473	-11.889823	-5.308545	-11.774885	-11.374785	-10.200641
3094	1	-13.184158	-10.191510	-9.493540	-11.365834	-8.973229	-4.501401
3095	1	5.788725	-10.701554	-7.337676	8.950345	1.591125	6.961009
3108	1	-11.681861	-10.497768	-10.595760	-8.171382	-10.941308	-9.307501
3109	1	-12.395468	-9.960274	-11.242726	-14.441140	-10.114870	-17.545847
3153	1	-11.972908	-10.565339	-12.905678	-7.680677	-7.204331	-8.014621
3161	1	-13.137681	-13.366180	-9.916916	-11.066388	-12.843458	-6.605795
3174	1	4.882577	-12.780549	-10.002786	7.511569	-9.997001	8.033326
3186	1	-20.017303	-10.343465	-6.062943	-9.531231	-7.666022	-8.812492
3193	1	-16.146624	-8.991509	-4.652944	-10.508646	-13.736762	-7.321983
3196	1	-16.346276	-7.482489	-9.691354	-7.766195	-9.639029	-8.283145
3198	1	-13.242769	-12.166827	-10.057134	-9.974472	-10.550240	-9.623513
3213	1	-15.172497	-11.428686	-12.005208	-11.885015	-8.374842	-9.603672
3217	1	-15.592154	-12.850413	-11.390503	-13.083554	-9.731491	-10.895234
3220	1	-3.296169	-10.281275	-8.435460	1.910501	-6.673828	5.172103
3221	1	-15.408324	-7.990481	-7.895791	-10.248483	-8.613372	-14.087139
3224	1	-15.594911	-9.652662	-4.883477	-10.018398	-9.455284	-9.709404
3228	1	-11.916015	-17.311743	-8.083688	-7.584656	-7.942691	-13.950629
3230	1	-10.314817	-10.472975	-8.703971	-16.745600	-11.964074	-11.312000
3233	1	-0.716150	-10.342573	-7.022937	-13.746685	-9.284538	-12.233609
3240	1	-14.984880	-9.476973	-7.556391	-10.544294	-12.074396	-9.018831
3243	1	-17.266741	-15.876697	-7.911498	-13.690829	-8.569062	-11.855264
3255	1	-12.224888	-6.205879	-10.437910	-4.943806	-8.034683	-12.994672
3267	1	-17.206295	-9.024884	-9.287350	-3.928007	-10.079363	-14.711277
3281	1	-4.767367	-9.362517	-10.516544	-10.807973	-12.458967	-14.871903
3299	1	-15.303795	-12.230954	-7.326291	-11.235760	-9.026945	-12.374788
3306	1	-15.632830	-7.568608	-11.742302	-7.377682	-12.891725	-14.037381
3307	1	-12.810945	-10.054929	-11.208635	-7.701003	-9.927456	-13.409308
3312	1	-11.645680	-10.598075	-10.358184	-10.634038	-7.831293	-9.274148
3319	1	-14.706025	-17.182421	-10.485613	-8.419803	-6.627699	-6.419317
3332	1	-13.598298	-10.834271	-7.845196	-7.395186	-6.246303	-10.053133
3345	1	-11.889723	-8.924403	-5.747531	-10.929926	-7.285166	-13.360050
3346	1	-16.411042	-10.566945	-11.353010	-6.168692	-10.444094	-7.409573
3363	1	-12.282091	-11.345476	-7.486635	-10.145240	-10.263899	-13.999014
3366	1	-8.463301	-10.581045	-10.157222	-10.371577	-10.595249	-16.017063
3373	1	-17.755901	-11.242155	-8.659908	-9.302856	-10.836865	-12.477669
3376	1	-9.939507	-9.119981	-5.483175	-3.949697	-11.504895	-13.210544
3381	1	-15.714613	-11.747359	-9.499166	-7.277950	-10.612955	-5.856697
3384	1	-17.523599	-6.145533	-7.189865	-9.271010	-8.760686	-13.584886
3385	1	-16.636128	-8.946494	-11.458261	-11.101879	-5.226570	-11.386198
3387	1	-16.655565	-9.855317	-9.437117	-9.592962	-9.613483	-12.762636
3394	1	-10.160890	-9.957257	-10.079844	-6.221355	-13.638738	-15.667690
3395	1	-10.909404	-5.982300	-12.415778	-10.195512	-8.036451	-11.262652
3406	1	-7.311678	-6.148943	-9.000405	-13.692627	-8.620586	-16.986400
3413	1	-15.046166	-9.804708	-9.912401	-6.715700	-5.813330	-10.904537
3423	1	-16.349218	-12.352751	-11.009689	-6.570740	-9.691639	-14.216161
3429	1	-16.994877	-8.860033	-9.445084	-10.487864	-11.756375	-13.676376
3441	1	-9.469934	-7.642706	-10.553864	-11.604580	-12.132527	-8.864730
3442	1	-11.182225	-2.064475	-10.323250	-12.457744	-8.213228	-10.528452
3449	1	-11.649044	-12.205205	-10.035711	-11.292998	-11.997173	-5.902845
3485	1	-14.170820	-6.186563	-4.898040	-7.356455	-11.145225	-9.115248
3498	1	-12.960514	-8.219844	-6.136646	-9.271331	-15.932066	-7.816192
3505	1	-12.873020	-13.121649	-11.168811	-8.888558	-11.294690	-16.497502
3508	1	-7.752777	-11.272430	-10.586403	-16.886798	-10.780172	-10.242375
3515	1	-15.953086	-7.859414	-10.693552	-7.548126	-8.545629	-12.548336
3519	1	10.327501	-13.350588	-11.224557	6.745458	-14.684416	7.948408
3523	1	-12.211491	-9.817503	-9.285108	-5.495796	-9.828136	-10.505147
3543	1	-19.111250	-12.338539	-10.354278	-8.063895	-9.916314	-9.669383
3546	1	-15.905667	-9.867766	-10.413034	-10.724139	-10.989936	-7.720399
3555	1	-8.599125	-12.649070	-7.168130	-6.481064	-10.258504	-10.966907
3575	1	-14.558846	-11.484981	-6.431117	-8.950267	-10.568321	-8.120336
3594	1	-16.476162	-7.889123	-10.883412	-9.694268	-7.222424	-14.731110
3600	1	-13.895454	-10.396477	-15.140194	-13.430134	-3.126181	-9.272424
3605	1	-9.901315	-6.462000	-11.465822	-6.441345	-12.059527	-10.481962
3608	1	-10.783655	-12.510701	-11.943944	-4.522132	-13.314161	-13.077328
3617	1	-14.091891	-10.051379	-3.846438	-8.799743	-8.660620	-11.404630
3629	1	-11.730624	-0.106596	-5.869967	-11.381996	-6.959774	-14.334263
3632	1	4.780768	-13.491313	-10.941848	6.494184	-9.622310	7.331940
3652	1	-14.796875	-9.649820	-12.576034	-10.062506	-10.216168	-7.702053
3686	1	-15.938920	-10.679698	-11.615688	-12.209772	-8.163896	-12.063248
3703	1	-13.815335	-7.851445	-11.823312	-6.848736	-6.412742	-10.667485
3728	1	-14.594150	-10.128004	-7.890558	-8.256395	-4.726532	-12.131200
3737	1	-13.711821	-11.419080	-5.727044	-7.947491	-9.591750	-11.398991
3759	1	-10.646946	-7.410867	-5.055314	-9.374973	-11.938380	-6.824329
3779	1	-14.971615	-10.283875	-7.925430	-9.244529	-5.283608	-13.526195
3798	1	-8.572823	-12.530949	-11.255951	-0.345544	-6.299602	-6.425423
3801	1	11.366540	5.431856	-0.251873	6.300339	5.648199	8.919046
3806	1	-16.314572	-9.296457	-10.049404	-7.470902	-10.271112	-13.860326
3818	1	-18.134382	-10.644963	-13.496552	-9.449304	-8.587836	-9.718309
3848	1	-12.673170	-12.196821	-9.416359	-6.724757	-7.735302	-16.523516
3851	1	-17.051490	-10.338112	-10.563884	-8.233844	-15.814389	-8.048110
3874	1	-14.175882	-12.760969	-9.254543	-14.989464	-14.320500	-12.492600
3879	1	-8.689947	-9.125403	-10.354636	-8.109343	-9.659595	-14.576394
3899	1	-12.166736	-7.725030	-12.318898	-12.125919	-8.840717	-8.729100
3903	1	-7.400622	-11.078769	-6.165976	-9.382135	-6.401902	-12.878785
3905	1	-13.077277	-7.651448	-13.308279	-13.660652	-9.535273	-16.281136
3906	1	-17.056284	-12.988726	-7.676858	-7.527050	-10.350319	-10.648401
3907	1	-14.260010	-7.459600	-9.051726	-5.330707	-12.914626	-7.168270
3917	1	-13.628738	-9.566147	-10.845921	-10.635101	-9.009869	-10.750065
3918	1	-11.590349	-7.259743	-12.036950	-8.742944	-9.595076	-14.151556
3929	1	-17.699778	-10.961499	-8.387162	-7.071377	-5.272987	-9.396885
3938	1	-13.304545	-11.917529	-9.665286	-7.065479	-13.836363	-8.057669
3958	1	-11.961112	-13.231594	-14.333144	-10.197101	-12.350816	-8.541509
3961	1	6.671917	-13.909443	-11.750010	7.026692	-10.290487	7.806668
3963	1	-14.899721	-13.858805	-11.220378	-2.749528	-8.897050	-9.807407
3979	1	-13.302576	-10.331777	-11.242565	-12.035363	-12.043135	-16.777820
3982	1	-14.124046	-12.601734	-8.811109	-11.156676	-7.734933	-12.206649
3983	1	8.124711	-14.921864	-8.235592	9.245245	-4.679292	6.072684
4008	1	-14.758041	-5.502455	-9.091181	-10.647858	-7.443514	-9.001373
4011	1	-11.813229	-10.818391	-11.747020	-9.272844	-9.446567	-10.680010
4012	1	-8.976778	-10.033225	-11.341202	5.174726	-10.464327	-9.494659
4019	1	-12.321780	-10.936023	-5.869379	-9.927254	-10.262191	-10.876863
4025	1	-10.824244	-10.654317	-9.693596	-11.631083	-6.639219	-16.232282
4044	1	4.389308	-10.369675	-12.488962	8.091001	-10.329972	8.035897
4058	1	-12.359846	-8.634946	-10.834706	-14.235631	-8.649587	-10.121580
4064	1	-13.269399	-9.433623	-10.489204	-11.299356	-6.746977	-12.557298
4080	1	-10.606033	-12.352744	-9.151356	-7.207571	-12.224355	-9.827144
4083	1	-18.609775	-12.551688	-3.985372	-5.753620	-6.485331	-9.702007
4089	1	-12.965173	-14.757441	-12.552808	-12.106588	-12.280467	-4.252262
4111	1	-14.250310	-6.502087	-9.834329	-11.645107	-6.966405	-13.710097
4113	1	-13.831360	-6.784932	-8.116748	-9.581517	-11.085675	-8.542773
4118	1	-11.496925	-8.040163	-11.622076	-7.632507	-5.858886	-11.367647
4126	1	-12.748515	-5.817829	-15.731918	-8.772130	-10.159515	-10.501500
4136	1	-11.208136	-11.142629	-8.991031	-12.989893	-11.992221	-6.389579
4142	1	-13.877981	-8.611728	-11.875145	-7.858004	-12.725342	-8.570848
4147	1	-13.998696	-13.891202	-10.400476	-5.716217	-8.050532	-13.257024
4166	1	-16.144546	-9.987239	-10.685549	-8.191392	-15.586036	-10.576562
4170	1	-14.114899	-14.910492	-8.559087	-10.602798	-5.946940	-12.499297
4183	1	-15.910297	-9.006686	-8.040668	-4.046817	-10.348231	-7.381199
4187	1	-14.935506	-8.682592	-6.970958	-11.849951	-12.266864	-12.877972
4197	1	-10.119761	-6.783681	-10.215291	-11.246121	-9.287868	-7.063065
4218	1	-14.069593	-7.835567	-8.548700	-12.315746	-9.372763	-10.713338
4232	1	-16.418142	-6.110932	-11.832204	-6.792703	-12.821030	-10.443929
4237	1	-14.193381	-10.060386	-9.846158	-6.544846	-11.451492	-8.443191
4249	1	-14.676593	-10.254257	-8.390242	-8.213088	-8.605118	-14.080998
4255	1	9.129066	-18.724229	-6.400850	8.735411	-14.031123	4.860761
4263	1	-15.640374	-11.286657	-8.995390	-11.774915	-7.167452	-6.120856
4270	1	-14.502854	-9.165524	-8.824679	-11.398028	-10.150875	-10.469343
4272	1	-13.683700	-8.614985	-9.935998	-5.643517	-9.340058	-8.071290
4282	1	-14.085176	-7.038115	-11.643984	-6.523008	-11.543674	-9.831204
4285	1	-15.067382	-11.399960	-12.110205	-8.248314	-10.765325	-8.518196
4302	1	-15.197385	-9.966399	-8.890693	-4.163842	-13.087124	-11.319924
4327	1	-14.575783	-11.766861	-8.608791	-10.941427	-13.729212	-9.940379
4330	1	-10.817260	-6.877751	-13.085634	-9.579340	-7.413837	-14.067660
4336	1	-16.519573	-9.072982	-12.024518	-8.554904	-8.682970	-13.218439
4346	1	-10.237523	-2.878063	-10.756394	-0.914187	-12.949834	-7.567984
4350	1	-16.298300	-11.532315	-5.803801	-8.713167	-13.619519	-10.353954
4357	1	-14.687042	-9.878330	-7.343636	-11.822331	-4.698946	-6.607183
4368	1	-14.935315	-10.075383	-14.290731	-9.919849	-11.527944	-12.518357
4369	1	-15.389850	-8.381571	-7.392117	-9.808260	-10.374228	-11.940061
4382	1	-14.771121	-8.940086	-14.185073	-10.454533	-11.395460	-9.104214
4385	1	-11.401626	-13.035964	-11.688189	-10.165063	-6.725073	-10.804875
4389	1	-16.844658	-8.735210	-10.253561	-6.709325	-10.567720	-8.421759
4418	1	-15.866870	-11.828445	-9.401095	-11.687510	-10.048861	-12.942665
4421	1	-10.886304	-11.988671	-8.221295	-0.165561	-7.924388	-5.898521
4425	1	-15.188820	-12.557056	-8.670919	-16.453447	-10.894817	-6.517823
4435	1	-13.099188	-7.748695	-7.869719	-5.854131	-8.739677	-11.726078
4448	1	-2.140402	-10.286216	-10.539740	-8.951616	-9.940930	-14.090580
4452	1	-12.287227	-11.403436	-11.910879	-15.837417	-4.929008	-9.330439
4470	1	-14.531572	-16.108659	-11.574173	-11.711273	-9.102722	-8.830625
4473	1	-14.705746	-12.319426	-4.016147	-11.143768	-9.878701	-6.491027
4480	1	-16.881261	-12.012663	-9.138612	-11.403822	-13.127959	-10.905833
4481	1	-11.418714	-11.607907	-11.033484	-11.374486	-10.922574	-3.584509
4487	1	-7.705533	6.768166	1.403507	-9.923400	3.993908	-9.706938
4505	1	-16.519979	-9.033339	-12.387562	-9.203131	-9.002052	-11.784039
4510	1	-11.968516	-11.362992	-6.643266	-12.652810	-15.118709	-9.733009
4534	1	-14.520424	-10.628103	-10.006135	-6.499936	-9.931291	-12.595870
4550	1	-16.421218	-6.831236	-10.522331	-10.572660	-12.421892	-9.881820
4559	1	-16.566684	-6.594924	-10.351253	-10.634873	-10.879973	-6.100899
4563	1	-12.524813	-12.490337	-7.659226	-0.629349	-11.281426	-6.641746
4600	1	-8.919407	-8.453843	-10.485055	-16.967004	-9.056589	-11.824608
4614	1	-14.897639	-10.027300	-6.590860	-10.659860	-13.436856	-8.186285
4615	1	-17.223262	-8.681032	-8.263535	-6.980073	-4.984404	-9.484642
4618	1	-11.781809	-6.448504	-2.198205	-9.760272	-11.508495	-6.759312
4622	1	-14.253879	-10.767907	-8.634416	-9.083161	-10.179687	-11.048506
4623	1	-15.972840	-6.714203	-10.499483	-12.158755	-7.607333	-8.224801
4629	1	-12.615595	-10.995590	-5.841315	-8.524998	-12.005531	-13.586493
4645	1	-12.425486	-6.326337	-11.673054	-14.946158	-14.181928	-11.587475
4656	1	-13.106694	-9.619778	-13.854071	-6.836943	-12.087690	-10.167470
4662	1	-12.487938	-8.075803	-8.836616	-6.418543	-9.056033	-13.621103
4664	1	-14.414117	-12.015853	-10.592311	-10.712585	-11.765485	-9.655545
4681	1	-11.392584	-14.050035	-10.290390	-9.787819	-11.104899	-10.142359
4690	1	6.116867	-18.074908	-7.801930	7.380451	-14.458121	9.218780
4702	1	-13.049492	-11.328950	-11.446014	-8.895898	-12.428855	-1.950018
4706	1	-7.543740	-10.198697	-13.152894	-7.334337	-9.845775	-12.655842
4723	1	-12.138202	-13.530281	-8.511168	-10.548202	-10.925512	-11.231709
4727	1	-14.007856	-6.714221	-15.637174	-12.813291	-10.229311	-9.805226
4740	1	-13.606065	-9.826616	-7.510048	-12.901983	-6.159075	-12.241905
4744	1	-15.279421	-11.074957	-8.767792	-10.997546	-13.603794	-14.283809
4755	1	-12.804172	-8.762691	-8.022437	-13.315502	-11.866995	-15.574029
4800	1	-7.940302	-7.357896	-11.036290	-8.398373	-13.167615	-7.981818
4808	1	-17.476958	-12.620979	-9.820796	-12.131292	-7.368765	-11.492100
4817	1	-10.440613	-6.617247	-6.329427	-12.210159	-11.789145	-13.055471
4833	1	-14.267360	-12.033900	-9.913644	-11.884163	-9.167052	-10.528560
4849	1	-11.420126	-8.733143	-11.678870	-8.372759	-10.840332	-9.563648
4866	1	-8.739078	-12.336285	-11.587730	-11.200933	-11.918869	-14.925917
4867	1	-12.409473	-9.536974	-8.461633	-10.303588	-11.976440	-13.878702
4874	1	-9.180239	-12.514259	-3.824154	-11.273472	-11.909034	-10.497630
4888	1	-14.517721	-13.004949	-9.132606	-11.531982	-10.054468	-10.035899
4890	1	-8.091388	-9.401592	-11.614404	-13.492064	-10.223500	-12.571697
4895	1	-14.838496	-7.272613	-13.942247	-5.012862	-11.432881	-12.664696
4931	1	-16.897934	-10.099252	-9.179908	-8.402606	-10.324840	-9.207323
4940	1	-10.967246	-10.635601	-6.038136	-8.187470	-10.041455	-14.466066
4959	1	-13.269195	-9.372556	-11.669991	-7.573611	-11.019532	-11.477305
4962	1	-17.662526	-8.783297	-11.137243	-12.552729	-9.824582	-9.336523
4975	1	-12.565254	-3.436283	-10.171249	-12.897377	-10.817178	-7.809285
4985	1	-10.554556	-9.276053	-4.132327	-10.677216	-12.555698	-15.415106
4986	1	-7.621565	-9.241832	-11.016958	-16.637042	-11.718311	-15.337417
4991	1	-11.768962	-10.461590	-6.479704	-1.544071	-9.521618	-5.845414
4999	1	-9.087204	-15.264157	-12.148777	-9.276252	-9.442234	-9.235999
5003	1	-11.804078	-10.748384	-10.934799	-11.255405	-9.016493	-11.020762
5005	1	-14.092381	-3.295357	-9.574037	-9.561049	-9.838860	-13.294950
5017	1	-14.615974	-10.160383	-9.536418	-9.879690	-12.170533	-13.717810
5025	1	-12.239793	-10.748718	-7.622983	-10.751195	-13.395349	-7.560299
5035	1	-15.361496	-6.029755	-11.564890	-6.696109	-9.171168	-7.392562
5040	1	-16.722525	-8.052661	-11.653558	-11.245122	-4.940333	-11.555874
5047	1	-7.829438	-9.713535	-10.590779	-2.477480	-11.599343	-0.853661
5057	1	-18.243288	-7.336399	-7.968101	-7.907121	-11.083135	-8.991646
5058	1	-15.622111	-9.521057	-3.746146	-10.527500	-9.553356	-10.778231
5072	1	-13.698572	-8.542206	-9.855540	-6.053537	-9.115045	-5.858040
5074	1	-15.802942	-10.831800	-10.185285	-10.329483	-10.215688	-7.542587
5087	1	-13.006581	-8.019753	-11.036149	-10.624390	-10.678967	-7.529017
5104	1	-16.468111	-8.293230	-13.562351	-10.736216	-10.997503	-9.078871
5107	1	-12.256818	-4.594702	-11.512850	-4.881203	-7.243965	-10.594952
5110	1	-10.601025	-9.402923	-10.427603	-10.784912	-13.192439	-11.261390
5120	1	-17.857371	-7.104256	-7.834081	-13.737985	-11.592109	-12.737834
5124	1	-14.589635	-4.643401	-9.183079	-8.846210	-9.650713	-10.980934
5135	1	-18.726630	-11.149280	-11.417616	-11.890886	-8.748697	-7.386959
5149	1	-16.313380	-12.023958	-10.978102	-10.343098	-14.218163	-10.433925
5151	1	-13.102880	-0.854729	-6.173475	-9.814678	-8.345345	-12.763271
5157	1	-11.168842	-9.013420	-7.819805	-5.395550	-9.291734	-8.370228
5164	1	-10.850636	-7.913057	-9.706284	-10.002787	-7.524049	-7.914842
5179	1	-10.466908	-2.245766	-9.431850	-4.209207	-10.761830	-10.317266
5183	1	-7.907662	-7.503680	-13.150226	-5.526711	-9.548937	-10.261746
5187	1	-11.711239	-9.907256	-8.906554	-8.446298	-8.766494	-16.587460
5192	1	-16.654963	-10.229474	-11.042750	-5.370637	-9.212591	-10.405639
5193	1	-14.404235	-12.099788	-5.557708	-8.618162	-11.347411	-13.629806
5216	1	-17.471484	-10.277839	-7.005771	-13.687078	-13.083308	-8.941595
5232	1	-11.890472	-10.367318	-9.854591	-10.954937	-10.138255	-11.733545
5240	1	-12.271891	-9.007485	-8.439886	-9.288774	-4.983665	-6.833403
5242	1	7.144398	-12.845794	-7.074008	7.234546	-10.633951	6.553892
5249	1	-12.645239	-15.668120	-10.620201	-13.098221	-10.538351	-9.304650
5283	1	-11.395573	-8.336301	-2.032840	-11.272738	-11.959536	-8.588956
5286	1	-8.267612	-11.246085	-8.598550	-14.100047	-13.324937	-9.965729
5287	1	-10.802508	-12.680908	-6.677692	-12.464352	-5.885065	-13.598344
5290	1	-13.314355	-4.657051	-10.334687	-16.494923	-3.493069	-8.917063
5310	1	-10.559969	-9.750422	-9.462611	-8.551744	-11.282682	-12.933876
5318	1	-14.342906	-8.289114	-9.290289	-11.793217	-5.807547	-9.003089
5319	1	-12.833646	-12.315061	-9.007437	-11.128011	-9.886358	-12.236631
5320	1	-14.934302	-12.256880	-14.068006	-15.259926	-8.692778	-15.792704
5343	1	-18.949045	-10.839621	-6.331177	-8.027223	-12.238655	-11.589251
5356	1	-12.384989	-12.649495	-5.173995	-7.762172	-11.372007	-14.278602
5360	1	-12.119140	-13.553972	-8.153879	-12.412545	-0.440638	-10.816265
5363	1	-13.765986	-0.372460	-3.453058	-10.090371	-6.522134	-9.226662
5365	1	-10.309649	-8.596111	-10.790245	-9.568179	-9.968752	-9.317647
5370	1	-16.625675	-9.113362	-8.849518	-12.873788	-10.029106	-9.356896
5375	1	-17.023362	-7.569143	-8.093627	-12.190858	-12.020231	-8.568876
5384	1	-9.328234	-1.340837	-7.896279	-5.080221	-9.342284	-14.835440
5388	1	-16.660425	-9.105321	-4.556026	-10.237163	-9.023694	-8.415088
5394	1	-13.821701	-8.236166	-8.007876	-10.701740	-9.951320	-9.558977
5400	1	-16.501650	-11.775832	-11.097143	-14.513997	-10.049709	-15.244059
5403	1	-14.928466	-12.159784	-9.902521	-13.144119	-12.730208	-9.332629
5440	1	-16.342247	-10.291242	-9.076772	-11.053257	-10.813873	-10.179191
5447	1	-12.194553	-9.460180	-7.744280	-15.591115	-10.572983	-14.680976
5453	1	-14.899617	-12.130549	-10.725057	-11.689404	-8.465000	-13.709826
5470	1	-15.625356	-11.399188	-12.402819	-12.035129	-15.137993	-10.694197
5487	1	-5.990503	-9.434645	-9.996264	0.067254	-9.248404	5.789318
5504	1	-14.099883	-7.519558	-13.325846	-10.843624	-10.115018	-8.318032
5514	1	-14.081864	-10.630319	-4.189932	-11.921167	-10.551924	-14.682316
5516	1	-12.703780	-7.688112	-8.846184	-8.434236	-11.540240	-9.891767
5519	1	-14.036691	-7.965005	-11.336850	-12.678020	-9.952423	-15.434030
5524	1	-13.097156	-10.765214	-10.431727	-11.126843	-11.317702	-9.739118
5572	1	-13.692921	-10.247620	-13.297033	-8.811672	-9.488399	-12.424812
5591	1	2.921806	-5.707301	-10.079950	6.939148	-5.521557	8.786130
5611	1	-11.405357	-10.414351	-10.619161	-8.575597	-11.896303	2.029694
5617	1	-15.020572	-11.077693	-10.497834	-16.392165	-10.968059	-9.800762
5634	1	-16.996262	-7.366613	-6.974164	-7.896830	-13.796699	-8.584466
5635	1	-13.461045	-11.026631	-9.754134	-9.498312	-11.219614	-14.962382
5643	1	-14.276081	-10.257122	-7.406472	-13.370531	-8.689987	-11.167874
5646	1	-10.850162	-12.996759	-7.337578	-9.419664	-11.040332	-11.152875
5650	1	-15.385796	-9.859291	-9.616542	-11.739936	-11.682659	-7.556079
5651	1	-15.246879	-10.945923	-7.610268	-11.355920	-8.602217	-10.667140
5660	1	8.873960	-18.802898	-8.415747	8.167978	-11.189538	7.703077
5668	1	-8.204830	-11.198801	-10.198526	-10.099249	-10.762351	-9.285827
5671	1	-16.420019	-8.897827	-11.159200	-11.880812	-12.770603	-7.442592
5677	1	-11.788167	-6.134687	-9.381478	-13.973371	-11.546346	-6.324510
5678	1	-17.200264	-5.531676	-14.505780	-7.526548	-10.354037	-8.833782
5687	1	-12.242085	-9.931229	-10.319722	-12.012062	-10.069838	-10.336710
5690	1	-13.734274	-9.359318	-14.228981	-10.882589	-8.140658	-11.257766
5696	1	-11.277062	-10.910098	-5.811552	-10.484442	-11.018799	-9.211120
5703	1	-12.734712	-10.360013	-12.364329	-11.517737	-13.718644	-14.882727
5705	1	-13.407544	-11.733621	-10.201246	-10.169993	-12.338527	-10.483025
5719	1	-2.994120	-11.427654	-10.602143	-12.678277	-11.156382	-16.245516
5722	1	-12.961888	-11.927353	-13.194528	-9.473415	-10.442056	-6.204040
5725	1	5.896522	-11.100244	-4.476486	8.124116	-9.178254	6.195445
5727	1	-11.858714	-13.229488	-11.062707	-9.351912	-10.464226	-7.702430
5731	1	-10.852145	-12.864988	-12.455645	-17.359787	-10.022121	-12.038131
5733	1	-14.015742	-10.632589	-7.903391	-12.913676	-7.924862	-12.172078
5736	1	-12.727342	-8.415712	-8.484369	-9.859165	-9.700771	-11.713495
5738	1	-16.726677	-12.107890	-9.012606	-11.101854	-10.034835	-13.519555
5739	1	-12.388186	-9.936039	-10.277857	-9.347682	-10.782803	-12.816620
5743	1	-16.110685	-8.112800	-11.717526	-8.378009	-13.388033	-9.649323
5767	1	-15.255429	-14.077199	-10.240094	-10.600265	-11.098282	-9.373432
5780	1	-17.045792	-10.407003	-15.583747	-7.306264	-8.088751	-11.439530
5782	1	-13.263665	-8.020969	-12.009053	-12.054876	-11.926574	-10.632372
5802	1	-13.730634	-10.811083	-11.219839	-12.354441	-9.052716	-12.949144
5810	1	-13.998402	-11.147737	-7.092609	-11.914400	-10.723968	-8.996286
5817	1	-4.135574	-5.254614	-9.415153	4.721304	-7.716327	5.438876
5842	1	-12.865580	-9.103745	-8.595358	-9.972451	-11.580012	-12.219186
5846	1	-10.927178	-9.861067	-10.238168	-1.085247	-9.879291	-9.831829
5853	1	-13.088793	-11.849634	-11.585662	-10.082859	-7.637015	-7.924453
5860	1	-12.476118	-9.085346	-8.940917	-8.399431	-5.228199	-5.250657
5863	1	-15.597197	-9.041246	-9.862938	-2.671298	-4.494054	-6.457459
5889	1	-12.438565	-5.960105	-9.833249	-7.284180	-7.293673	-9.083156
5890	1	-13.658494	-8.608114	-10.132757	-12.339330	-11.520788	-9.401906
5898	1	-17.070075	-5.715883	-5.595326	-13.492967	-7.867749	-6.704354
5927	1	-13.217154	-7.869072	-9.195121	-9.456455	-6.286278	-10.956836
5944	1	-12.005755	-9.282637	-10.209897	-5.935062	-6.574592	-12.510556
5954	1	-11.610971	-13.693266	-9.779160	-7.246807	-9.879203	-8.491609
5955	1	-10.674555	-10.921659	-11.546647	-11.150309	-10.206597	-13.910681
5959	1	-18.598378	-12.474652	-11.050221	-7.157020	-6.648133	-10.439161
5970	1	-17.792327	-11.144703	-13.631968	-7.996566	-6.146796	-10.947889
5971	1	-19.366721	-15.822070	-8.580419	-13.949551	-7.664948	-12.164756
5992	1	-13.191302	-9.420610	-11.964022	-10.986926	-8.778735	-15.402893
6007	1	-7.175090	-9.434886	-7.801290	-14.718412	-6.063162	-15.956279
6018	1	-13.564426	-6.958619	-10.114019	-16.704614	-10.533840	-12.129415
6023	1	-13.764244	-11.124869	-13.145818	-13.474570	-7.800837	-9.365483
6025	1	-18.611281	-9.826721	-7.678042	-8.198925	-10.210817	-6.704131
6031	1	-2.919065	-9.510057	-10.046189	-7.617298	-14.216059	-11.404081
6038	1	-12.312374	-9.356107	-9.485119	-7.871425	-11.097781	-12.706532
6046	1	-17.698609	-10.272784	-8.633598	-9.260442	-9.940265	-6.462796
6074	1	-7.462120	-13.878669	-6.437352	-9.729457	-9.782096	-14.357533
6076	1	-13.976823	-8.434164	-14.052542	-13.376771	-9.451826	-9.372028
6084	1	-7.904792	-11.448684	-9.945410	-6.727732	-11.140238	-10.127623
6089	1	-17.887768	-12.148991	-11.882980	-6.461677	-10.077486	-11.870428
6090	1	-15.654724	-10.135421	-8.281390	-6.747635	-8.902553	-9.216018
6109	1	8.454612	-18.833448	-6.588443	9.457789	-8.700308	7.504409
6116	1	-12.924392	-7.940008	-8.634860	-12.863993	-8.392944	-10.142447
6126	1	-5.275893	-10.021579	-13.233736	-10.241396	-7.699504	-14.729311
6138	1	-19.362884	-17.387688	-11.650908	-7.476047	-11.698389	-7.255541
6150	1	-12.435555	-7.678247	-7.897884	-12.339758	-12.208899	-11.408715
6165	1	-14.236138	-12.671204	-12.129859	-10.584095	-8.487233	-11.143932
6170	1	-12.884892	-9.927770	-8.164552	-12.257280	-8.705596	-16.776226
6171	1	-16.462044	-5.035795	-6.192647	-11.723411	-5.364517	-13.274477
6176	1	-13.291854	-3.875154	-6.349997	-10.299439	-10.576066	-9.885302
6178	1	-14.863557	-9.879982	-8.152241	-9.423910	-10.492897	-7.167581
6193	1	-16.150191	-11.207335	-10.905112	-6.810929	-11.655737	-14.921430
6234	1	-10.364541	-10.210059	-12.627917	-14.188952	-8.216498	-11.204495
6236	1	-15.822414	-6.279918	-8.384590	-9.990193	-12.549484	-11.256121
6239	1	-13.625376	-11.428048	-4.361660	-3.357415	-7.489579	-5.718354
6244	1	-8.560488	-1.803221	-5.392770	-11.387046	-8.180470	-10.256139
6256	1	-13.557224	-6.310093	-6.159078	-11.575159	-7.639424	-10.104150
6261	1	-7.395710	-12.364504	-14.185152	-8.348492	-5.422392	-6.543594
6266	1	-11.684974	-7.066736	-10.159097	-9.549209	-10.775767	-14.119882
6267	1	-14.906812	-8.320721	-13.681553	-8.860474	-6.045621	-10.928395
6298	1	-9.947301	-11.099870	-8.601232	-9.253351	-11.055076	-10.282856
6304	1	-15.735194	-11.629374	-8.245736	-11.570683	-6.163998	-5.850373
6310	1	-12.922481	-12.486002	-10.837024	-7.433827	-6.465204	-12.201091
6317	1	-12.801595	-9.571568	-8.363759	-10.816451	-4.471133	-11.512777
6318	1	-10.601200	-12.676616	-9.625733	-10.181697	-12.348376	-14.483145
6330	1	-15.716318	-11.341691	-10.416675	-6.331004	-10.174786	-9.667262
6338	1	-12.075961	-16.678290	-2.772958	-12.006619	-7.112853	-10.952200
6348	1	-13.232993	-8.992537	-12.285143	-7.735113	-7.661890	-8.317883
6357	1	-13.571723	-11.949870	-9.237382	-11.202399	-5.984506	-13.969571
6367	1	-18.317723	-5.319774	-11.088782	-13.442811	-7.938740	-7.463997
6387	1	-16.885577	-7.225907	-10.448103	-12.590462	-13.224181	-11.741428
6391	1	-4.149733	-9.897049	-10.856026	-7.740400	-12.811147	-16.545975
6399	1	-13.723843	-6.591344	-6.503996	-10.388264	-11.037555	-11.941048
6401	1	-16.421277	-11.387374	-10.973524	-8.067321	-5.997458	-10.342607
6409	1	-10.687269	-11.211867	-11.441441	-4.798556	-9.562064	-12.501011
6410	1	-15.686149	-9.246367	-8.734749	-6.610441	-10.749154	-9.939705
6417	1	-15.436656	-11.668084	-7.209993	-11.500850	-10.328999	-14.279279
6435	1	-11.691619	-11.538169	-12.256152	-13.489145	-12.595386	-9.598710
6439	1	-13.496227	-8.655374	-13.092310	-14.894181	-10.486891	-3.681690
6452	1	-10.582503	-11.382289	-12.380511	-9.228733	-10.875669	-6.980214
6460	1	-10.444705	-13.085601	-10.421636	-7.162730	-5.999616	-6.724906
6462	1	-12.566227	-8.639870	-8.460626	-10.759934	-10.373746	-12.544202
6466	1	-13.629644	-12.436700	-10.238036	-10.709818	-7.393197	-9.534460
6473	1	-13.007291	-11.409333	-8.120507	-17.056046	-9.532904	-12.408893
6476	1	-12.105702	-10.719976	-6.779448	-11.861477	-12.201447	-10.434391
6493	1	-9.488356	-15.207874	-9.578361	-6.422682	-7.916965	-12.611230
6509	1	-11.823895	-9.454451	-6.553094	-14.362731	-15.490597	-7.938831
6515	1	-10.728312	-12.641448	-8.020979	-12.113635	-3.114611	-10.423562
6518	1	5.437748	-13.668203	-6.118050	7.833097	-15.435668	5.860911
6521	1	-14.455453	-10.820952	-9.928931	-14.236052	-10.857250	-10.152753
6522	1	4.624938	-15.424446	-7.279137	6.152849	-11.195892	7.896600
6523	1	-18.724419	-9.712549	-0.740820	-12.108496	-13.617234	-3.385628
6535	1	-12.029022	-9.932377	-12.086254	-12.636700	-9.683807	-9.901004
6542	1	-14.671833	-5.273617	-10.240830	-13.786095	-10.494694	-7.219552
6544	1	-16.585464	-12.364907	-8.711133	-11.568577	-7.535238	-4.707922
6552	1	-12.117990	-4.486129	-10.236410	-7.996186	-15.177849	-2.317135
6567	1	-12.878492	-13.608782	-10.405265	-10.582770	-10.073471	-12.372782
6569	1	-14.277829	-13.083928	-9.430766	-13.248390	-9.260268	-10.896020
6576	1	-15.905885	-6.372253	-9.253829	-10.683398	-9.688420	-4.846497
6582	1	-17.319114	-10.511272	-4.763766	-12.241439	-11.194641	-10.859568
6589	1	7.966719	-16.211968	-8.096184	7.846512	-10.059651	6.947930
6593	1	-11.069283	-10.204054	-14.067452	-8.623577	-9.110399	-11.274406
6606	1	-10.918590	-12.338516	-6.659750	-9.524683	-11.253955	-15.935561
6608	1	-11.347264	-10.943640	-8.470834	-12.982873	-8.055176	-7.723632
6613	1	-11.295578	-12.575254	-16.716230	-13.569806	-10.511971	-13.026695
6615	1	-15.029236	-10.638451	-12.044745	-4.850803	-4.609677	-8.428418
6625	1	-11.384701	-10.328851	-10.376999	-12.335828	-8.081852	-10.351861
6631	1	-7.898043	-11.306799	-8.670097	-11.484581	-11.511008	-12.946879
6646	1	-15.558128	-11.349574	-9.504741	-7.214412	-10.993036	-7.151659
6651	1	-15.412279	-4.236427	-9.699288	-10.974249	-13.060897	-10.869846
6652	1	-13.916991	-10.193789	-8.152617	-9.652745	1.522236	-10.507115
6662	1	-15.266758	-6.750086	-10.975482	-9.744830	-9.509010	-10.147492
6663	1	-10.716228	-12.174381	-6.613240	-12.112561	-3.410277	-16.812101
6669	1	-14.434840	-12.866125	-7.500374	-8.904231	-16.399914	-11.243480
6677	1	-10.217272	-5.705222	-11.605024	-10.159951	-9.253271	-14.706550
6695	1	-9.212011	-5.139205	-9.234087	-10.519003	-10.556116	-12.849030
6696	1	-15.744227	-7.166749	-12.610271	-13.594924	-8.595773	-6.787642
6702	1	-14.194670	-5.995925	-10.745378	-16.802616	-10.186764	-9.040733
6708	1	-13.648243	-0.822443	-3.233381	-7.110510	-1.454925	-11.953676
6718	1	-11.366351	-13.310484	-13.645154	-7.367150	-10.141994	-14.321962
6720	1	-14.127123	-9.213827	-10.674695	-9.241169	-11.266223	-9.834010
6723	1	-15.275162	-3.328845	-2.186534	-11.547862	-11.742048	-5.710959
6727	1	-11.085183	-11.646668	-8.127102	-10.599709	-7.025358	-11.441433
6728	1	-16.350103	-9.319275	-10.400366	-10.266201	-7.782446	-8.744226
6731	1	-12.657189	-9.057424	-12.062278	-7.661910	-9.778400	-7.129868
6732	1	-12.787610	-8.108633	-5.423178	-1.939732	-5.899092	-16.179283
6736	1	-16.635148	-7.969024	-8.421126	-9.595429	-10.336055	-6.722803
6741	1	-13.433363	-8.271352	-11.997433	-6.762723	-7.867426	-11.496933
6745	1	-15.431918	-5.312123	-10.987840	-3.656535	-7.058846	-14.413153
6752	1	7.269293	-14.280622	-6.692833	6.821371	-11.442279	6.977758
6760	1	-19.236496	-12.384786	-8.485340	-10.432147	-7.818836	-6.723132
6764	1	-15.424420	-8.356706	-11.991352	-14.427671	-11.271095	-6.555795
6770	1	-10.262529	-10.807113	-11.377265	-6.458608	-8.625036	-13.025870
6773	1	5.016728	-15.155005	-11.205999	5.650262	-10.485314	9.423465
6774	1	8.897950	-14.898509	-10.397310	8.031259	-2.411592	4.584184
6782	1	-11.230335	-7.242924	-5.936674	-12.353153	-8.262719	-8.709846
6785	1	-14.378794	-7.989008	-14.198539	-2.562709	-9.443393	-6.893036
6791	1	-13.006856	-10.058987	-5.918770	-9.863119	-11.781223	-14.321065
6799	1	-18.994210	-9.838705	-8.785727	-9.703763	-8.781811	-11.337957
6801	1	5.869487	-12.411970	-9.564186	7.642308	-10.400026	8.753904
6803	1	-2.457216	1.955656	-5.340531	0.076429	-6.034534	-11.758792
6804	1	-10.067411	-11.481190	-6.176842	-10.091826	-12.874274	-11.307636
6805	1	-18.842347	-12.058479	-8.149893	-10.409723	-11.424211	-9.252969
6806	1	-7.656696	2.278455	-6.458165	-12.542964	-5.649486	-10.887933
6817	1	-14.418254	-11.280763	-8.843560	-12.135643	-6.746815	-12.812506
6818	1	-11.160734	5.784405	-7.564616	-10.198771	-1.769328	-12.374275
6820	1	-14.048406	-10.176803	-10.318662	-12.144902	-11.786569	-17.182203
6823	1	-14.579932	-11.567614	-8.935075	-9.466846	-11.368593	-10.074922
6830	1	-9.816562	-7.147838	-4.860940	-10.767275	4.258494	-8.128905
6832	1	-13.206536	-5.880224	-9.301544	-7.006379	-5.268923	-9.001863
6840	1	-9.600200	-5.956732	-9.916103	2.448861	-14.378554	-5.357300
6842	1	-11.999392	-8.601197	-8.198310	-7.883297	-10.207640	-10.489197
6843	1	-14.677603	-8.328305	-9.924335	-9.452459	-11.310868	-10.607891
6844	1	-14.848269	-13.483141	-11.645850	-8.231363	-4.970967	-5.893149
6858	1	-12.132312	-5.490726	-12.977419	-7.904554	-11.435786	-9.407944
6860	1	-15.589428	-11.643655	-5.972397	-11.581595	-5.784127	-8.743660
6870	1	-17.795039	-6.537420	-4.859748	-11.618306	-11.016678	-12.763572
6882	1	-9.608087	-7.317818	-5.659614	-15.668581	-13.825679	-2.195943
6898	1	-15.066495	-14.322369	-6.398206	-7.527235	-10.536650	-11.717613
6925	1	-15.052396	-11.004891	-10.224807	-7.879987	-8.732058	-5.032260
6956	1	-4.959327	-10.570242	-9.325848	-10.168209	-9.845393	-9.964021
6957	1	-14.107958	-10.111865	-9.242071	-9.510982	-5.392636	-11.746603
6978	1	-10.509937	-10.090824	-7.861319	-6.603917	-9.637409	-11.725588
6979	1	6.181498	-12.989784	-11.258737	7.729149	-8.473442	5.113496
6983	1	-11.939192	-8.773404	-11.542786	-9.292488	-5.954885	-8.485480
6991	1	-12.009831	-12.291152	-10.503460	-12.971419	-13.668628	-9.538399
6997	1	-14.594054	-8.423352	-7.457696	-14.736125	-10.028561	-7.226515
