177	8	-10.168482	6.680337	8.413485	-10.810441	6.911297	-9.677245	4.605091	-6.111399	1.813666	8.208248	3.321541	0.928643	4.611119	-12.586498	-1.283416	8.208925	-6.872563	0.929798	4.066581	2.545923	8.408195	2.299029	6.889536	0.809522	6.011517	-13.469901	-1.283416	9.830250	-6.872563	6.700017	-9.794887	-8.112865	-1.283393	-4.971596	-6.872212	-9.675730	-4.089744	-8.205313	-1.283396	1.729021	-6.872254	-3.115916	6.006908	-7.008895	1.813307	9.830205	3.317421	6.699651
373	8	6.319966	0.258973	0.909675	12.167990	-8.235649	7.070371	-2.185488	3.617121	2.475835	6.045740	-8.177023	-0.864471	-5.655463	3.671749	5.733047	1.146773	-3.253724	-3.439448	-10.692295	3.677068	5.733244	-3.290354	-3.253712	-9.517958	-13.281196	6.493076	7.780488	-4.503674	2.964179	-9.535258	-2.093061	-7.524100	-3.801202	10.916696	-14.231243	3.608360	-1.954756	6.424438	7.780436	5.787629	2.964179	3.715468	-7.830803	-7.462542	-3.801140	5.170425	-14.231147	-3.242115
1146	8	-9.608614	-12.673019	-3.504756	-3.336815	-4.979509	-11.280551	-9.610703	-12.395758	-3.260559	-3.336829	0.253727	-11.280560	9.020227	-16.446596	-3.264815	11.510875	0.253708	4.636025	-10.277877	6.654769	7.474386	-8.314719	9.295164	-13.082682	9.022299	-16.723831	-3.508260	11.510891	-4.979521	4.636025	-3.439967	-12.395817	-3.260559	2.964414	0.253727	-7.748469	8.751397	2.588185	7.229957	6.869918	9.291976	4.615821	-3.437874	-12.673078	-3.504756	2.964799	-4.979509	-7.748382
1366	8	2.466793	-15.708526	-0.188801	11.274917	0.305565	6.062199	-13.222489	6.894660	6.814355	-6.929960	8.897217	-12.365248	-10.321948	-10.632044	-3.631294	2.841070	-6.444595	-5.866784	-10.367836	-9.198571	-0.188186	2.840550	0.306269	-5.866784	-0.066531	-1.696568	2.040872	6.526559	8.224745	-5.663213	-15.848515	-10.632044	-3.631294	-1.322887	-6.444595	-11.886155	2.513719	-17.140733	-3.631305	11.298561	-6.444603	6.066540	-15.894397	-9.198571	-0.188186	-1.322905	0.306269	-11.886181
1462	8	-10.862654	6.280097	4.942613	-9.923566	7.741764	-10.524689	1.134998	-5.040180	-0.361649	2.730335	2.571252	-2.764923	10.121152	-0.279434	3.332424	8.696192	5.310011	5.104039	7.226019	-11.951415	-1.335178	9.142719	2.571251	5.104000	-10.182551	-9.704085	-3.514512	-5.409595	-2.247444	-10.524689	1.108763	-9.720347	-3.515124	2.688614	-2.247444	-2.804421	7.226017	-16.141848	-3.569492	9.142720	-2.247444	5.104000	-10.155133	-5.005546	-0.344711	-5.409615	2.571252	-10.524689
1691	8	-11.929532	-7.043381	-4.599008	-4.026483	-7.906461	-6.184757	4.000199	-11.346326	-5.076479	11.620484	-8.187268	8.904009	-11.149400	6.623842	6.781203	-6.744871	6.781457	-6.184866	-1.440669	6.620238	6.781174	3.176203	6.781438	0.292229	-0.297103	6.260492	6.777816	3.748101	6.779248	4.013495	4.787328	2.320990	6.575397	9.017403	6.644375	8.905502	-2.221173	-7.043521	-4.599049	5.863950	-7.906487	0.292248	-1.117907	-7.057124	-4.603039	6.158796	-7.908980	4.012849
1974	8	7.019281	-9.546034	-8.298063	11.407193	-6.568754	3.197964	-9.443780	-3.811430	-8.298018	-4.357628	-3.758643	-9.312903	-4.230481	-3.811430	-8.298018	1.961115	-3.758643	-5.530288	6.807169	2.701483	2.852327	4.614853	3.855169	-1.031991	-0.994694	0.560928	-2.558463	5.595540	-1.437034	-5.181879	-6.433682	0.562557	-2.554712	-4.166186	-1.436666	-9.183979	-5.029218	7.975203	2.855952	-4.712749	3.947566	-9.540225	11.453317	2.701483	2.852327	10.056291	3.855169	3.196999
2304	8	-7.127654	-3.078113	4.590978	-8.054953	-4.338925	-12.137017	-5.939720	7.879611	9.284297	-11.272408	4.719963	-12.137017	3.371150	6.399332	9.284297	0.262505	4.710292	-0.952740	5.523362	-10.379507	-0.515151	5.942772	-14.287137	-0.094590	-4.474218	-8.903306	-0.514958	-4.882232	-14.113611	-12.137017	3.548481	-5.073446	4.087493	4.393902	-5.958381	-0.180928	6.228661	6.399283	9.284297	6.837303	4.710292	5.284564	5.794337	-5.073491	4.087429	10.119750	-5.958423	5.284445
2719	8	-10.603640	5.481823	7.191502	-14.421823	5.641168	-6.828074	5.627996	-14.931056	-5.419486	10.589751	-9.026248	7.320117	-10.901297	-8.388452	-5.419482	-7.962041	-9.011201	-6.831188	-0.434732	-8.389083	-5.419482	3.913767	-9.011208	5.160050	3.104406	-1.469870	5.314735	6.530263	4.035129	7.076051	2.779123	-0.827389	5.027205	6.889407	3.972979	7.049747	2.858656	-1.127110	5.075998	6.790467	3.965512	7.058996	4.379058	0.105872	5.837322	6.858785	4.377957	7.044637
2778	8	-2.455160	-11.170076	-1.636428	7.965536	-4.652270	3.702548	5.018786	0.840190	6.202074	7.102650	5.914062	6.268884	-11.099458	6.674216	6.584424	-11.605955	6.370787	-8.242767	-12.786004	-11.170074	-1.636428	-5.982413	-4.652270	-8.243482	4.891325	1.332320	5.984722	7.595183	5.567014	6.149170	4.190461	-17.093565	-1.636428	11.700321	-4.652270	6.265264	4.917686	0.433970	6.156607	6.858958	6.038863	6.309232	4.427973	1.695092	5.576301	8.075209	5.038246	5.992377
2845	8	-3.180639	-9.036991	0.261834	3.188279	-2.446004	0.179967	5.193440	-10.398535	2.266517	13.189232	2.242332	7.357335	-9.331293	6.791615	7.954848	-8.133649	4.461120	-10.539477	5.193714	-15.620293	0.230964	13.234533	-2.488329	7.357335	-0.698065	6.777047	7.954847	3.039113	4.461090	5.998733	-3.181084	-3.424812	2.365189	3.135629	3.154958	0.179679	-8.389808	-3.424794	2.365189	-3.254411	3.154965	-10.314496	-8.387692	-9.036976	0.261834	-3.202306	-2.446004	-10.290749
3394	8	-6.858916	-9.559395	-3.383129	1.536800	-10.071394	-2.268395	-1.760450	-9.559396	-3.383129	6.599677	-10.071394	3.513860	3.689235	-14.510628	-3.383411	10.688897	-10.071517	6.533419	-10.929266	5.575000	8.215052	-9.798421	7.867013	-6.433260	1.352070	0.279006	7.594624	4.129412	7.830266	5.535372	3.520851	3.518889	7.745170	4.234407	7.831946	5.925403	3.180042	3.829939	7.705087	4.180369	7.831272	5.635870	3.668588	0.047804	7.891920	4.298099	7.841160	6.588842
3407	8	-2.848497	-7.037170	-4.162628	5.907381	-8.970657	-1.653773	2.604492	-8.511655	-4.162629	10.412233	-9.192035	7.624408	-6.636220	6.234048	4.908328	3.223951	6.030551	-1.666260	-4.719829	6.234048	4.908328	4.167450	6.030551	3.211293	-0.614788	-7.037568	-4.162628	8.103501	-8.970745	3.333970	-10.356259	6.234048	4.908328	-3.087970	6.030551	-2.428518	-1.535378	3.098101	0.125967	6.787088	1.203834	-1.636559	-7.751422	6.234048	4.908328	-2.510535	6.030551	2.505211
3663	8	5.967448	-9.465971	-3.583551	9.881841	-7.592458	6.183506	4.260760	-4.340228	6.558099	4.408114	4.204225	0.364082	4.512991	1.435148	6.833962	4.209317	8.400387	0.364128	4.515474	1.435044	6.833962	5.719893	8.400376	6.183491	-14.141286	5.759251	6.833962	-9.459826	8.476900	-10.280431	-9.908124	-5.127390	0.572431	-5.647555	-4.808545	-10.280408	5.965044	-9.465970	-3.583551	8.385118	-7.592458	0.364293	4.263070	-4.340515	6.557901	5.915582	4.204144	6.183481
3689	8	-5.834677	-9.607595	-5.016229	-2.327236	-7.047256	-8.696536	3.589650	2.453918	6.457112	12.019184	7.296401	7.253608	-6.971273	6.644376	6.462332	-3.173305	7.363090	-8.856107	4.671713	-13.763714	-5.016229	12.996385	-7.140089	7.294199	-5.366751	-9.607595	-5.016229	2.156619	-7.047256	-4.781095	-3.036448	6.644326	6.462332	3.081297	7.363090	0.824016	-1.844143	-9.608979	-5.016229	4.306863	-7.047350	0.899483	-6.474024	6.644376	6.462332	1.257836	7.363090	-5.289718
4281	8	9.983830	-11.394677	0.426493	12.369226	0.941828	3.866514	-1.706532	-5.994637	0.427357	3.130397	0.942790	-6.799064	-13.661557	5.901767	6.104727	-9.095259	6.563639	-12.997939	-2.035201	-11.309972	-5.289944	-2.888164	-3.510290	-12.840282	4.924955	2.045809	6.097068	6.184352	6.547376	3.866493	-2.048347	-5.947309	0.427446	-2.910362	0.942889	-12.853494	9.983846	-16.755681	-5.289944	12.391339	-3.510290	3.866514	-1.706507	-11.355656	-5.289944	3.152586	-3.510290	-6.799064
4348	8	-12.244080	7.742198	7.295204	-5.015246	6.930234	-11.238525	3.908302	2.327690	7.294319	1.875683	6.930230	-0.204158	3.960548	2.326937	7.294317	5.832015	6.930230	6.094742	-0.626301	7.742057	7.295204	1.300233	6.930234	5.831721	-8.177930	-7.654622	-3.685616	0.867538	-9.702718	-4.748500	2.553208	-12.135493	-3.685835	5.208807	-9.702734	-0.204979	2.676740	-12.365735	-3.685835	9.249404	-9.702734	6.083135	-1.789182	-7.654623	-3.685616	5.027631	-9.702718	5.720940
4419	8	7.858211	1.649073	4.911886	7.615230	8.711839	7.264221	-2.923307	-7.412731	-6.150793	6.701419	-9.902557	-2.262797	-3.204116	8.102565	5.360455	-2.261315	8.711890	3.562571	6.093950	1.670634	4.917653	7.608951	8.711841	0.645032	-0.707290	8.096692	5.360430	1.620686	8.711890	-1.629246	-1.033307	-7.416121	-6.151678	7.224193	-9.902557	4.796433	5.202001	-13.311116	-6.581773	12.695881	-9.902557	7.116032	-6.231293	8.102598	5.360455	-7.150571	8.711890	-3.773024
4445	8	5.503972	-9.722415	-4.704077	11.299600	-2.567460	6.301564	5.790310	3.847351	4.577722	8.145999	6.665861	0.990551	7.918939	3.079340	4.577685	10.296416	6.665850	6.301625	-7.005350	-5.675031	-4.704077	-5.286159	-2.567460	-9.692456	3.283736	-8.224060	-4.704077	8.850699	-2.567460	0.983507	-4.637463	8.024142	4.577725	-6.310215	6.665862	-9.699669	4.236402	-3.443478	1.161613	11.258411	4.451525	6.300768	2.758832	-2.372407	1.164378	8.389238	4.456825	0.969653
4689	8	4.787090	-11.566730	-4.831490	10.414327	1.625046	6.322166	-5.396718	6.761991	2.628456	-3.768828	6.526405	-5.470190	-10.225904	-5.299210	-3.855000	-3.720263	1.626066	-5.432866	-4.706000	-5.299210	-3.855000	2.052111	1.626066	-2.352537	4.766946	-17.402788	-9.055768	10.414325	-4.935327	6.322166	0.042381	-11.174402	-9.031610	9.758458	-4.935327	6.320484	-5.737810	-11.173168	-9.031590	2.045391	-4.935327	-2.353749	-11.257654	-11.173168	-9.031590	-3.720263	-4.935327	-5.432866
5399	8	-2.230628	7.026441	7.142653	2.803989	7.747554	1.902538	3.423371	1.011360	6.800245	8.287707	7.658481	6.901275	-1.925422	-5.140954	-0.765768	8.030174	-5.026776	1.925483	4.212154	-11.395344	-0.769085	12.734230	-8.771590	6.912224	-11.942721	7.026522	7.142653	-8.557706	7.747554	-2.756990	-10.324413	0.062547	-0.327265	-3.716895	-2.764315	-2.512262	-0.530375	0.052940	-0.334803	12.456109	-2.765758	2.004332	-11.683098	-5.140764	-0.765767	-3.715627	-5.026629	-2.511869
5470	8	-8.936176	3.857663	8.354499	1.130435	0.480470	-0.219806	-13.043556	8.081102	8.400426	-5.288201	6.399787	-9.570558	-9.230351	-10.402485	-2.915680	5.966883	-11.091228	-0.219806	4.352585	3.201721	8.400370	6.124093	6.399740	5.989902	-13.027113	3.857663	8.354499	-5.249471	0.480470	-9.569359	2.775298	0.475118	6.886648	7.199615	-1.495696	5.962799	3.055582	-12.561628	-2.934149	10.266701	-11.091334	5.975174	-8.958581	8.081102	8.400426	1.081113	6.399787	-0.219806
5547	8	4.146854	4.436182	7.162760	8.253921	9.255570	6.734764	-11.867228	4.951762	7.162766	-9.799371	9.255570	-9.474826	-3.599176	-6.622697	0.584361	6.983724	2.883628	1.218102	2.985732	-6.962743	0.584361	14.083363	2.883628	6.564800	-12.941503	-6.622697	0.584361	-3.662240	2.883628	-9.277433	-0.998475	-11.900006	-3.461966	7.830976	-2.934407	1.218741	-10.511525	-11.899990	-3.461966	-3.661797	-2.934407	-9.277316	5.507301	-12.420953	-3.461966	14.450991	-2.934407	6.738063
5779	8	-5.441270	-8.849883	-7.209264	4.915691	-10.508163	2.335762	-10.593736	-8.849883	-7.209264	0.976965	-10.508163	-4.351019	-11.814464	6.424952	5.063715	-5.764314	8.446710	-8.436585	-16.240301	-8.849883	-7.209264	-4.122516	-10.508163	-8.436585	-0.951633	5.719080	5.063714	3.322939	8.446155	2.338555	4.894716	-2.069706	0.959393	11.017683	5.970674	6.566923	4.517648	-2.559045	0.581821	11.064846	5.900719	6.666009	-1.160766	-3.977468	-0.651667	7.123651	4.823005	5.257510
5866	8	-4.960529	5.589410	1.290216	-2.465299	-3.209010	-11.719543	-9.259137	6.721468	4.624252	-7.039267	6.289907	-12.368009	8.579789	-0.284497	-0.034677	9.119759	-6.768626	5.335520	3.439968	-4.631990	-0.896194	7.523554	-8.870543	-0.154716	7.325221	0.856381	4.566592	4.642558	5.819915	5.335520	4.889259	-0.274527	-0.019178	7.721676	-6.732884	-0.154716	4.311461	-6.500749	-0.896194	9.083361	-8.870544	5.335520	3.312108	3.311118	4.624241	2.972764	6.289805	-0.154800
6198	8	6.128418	-12.001403	-2.340747	11.192126	-9.474625	6.418685	2.820852	-3.445275	7.751994	5.339201	3.619317	6.325678	-5.690112	4.744011	7.888823	-9.485707	7.035930	-8.677599	3.100033	-3.501882	7.818318	5.380729	3.990499	6.331520	-3.279459	-6.298815	-2.339129	1.360504	-9.474496	-4.574121	3.261267	-3.399284	7.850833	5.390681	4.244713	6.327845	2.271626	-2.742203	7.689259	5.039226	3.178116	6.230827	1.637031	-0.479974	7.746735	2.773854	5.000795	5.278329
6203	8	3.747836	1.881239	7.308790	10.376342	9.395166	4.338397	-0.970927	-3.406870	-2.501730	3.867181	-2.859993	-6.119148	-6.943521	6.033795	7.313223	2.998111	9.410971	-6.211093	3.245701	-6.741743	-2.631557	9.468950	-2.903283	-0.898280	4.113291	-4.872993	3.033013	9.452349	3.621325	-0.893920	-9.600667	6.033806	7.313223	-2.160743	9.410971	-8.554445	6.376666	-6.463667	3.026639	11.224935	3.618567	4.339513	6.402339	-9.623801	-2.631690	11.243446	-2.903323	4.339521
6445	8	-3.091202	4.167575	4.268105	3.257013	-1.808633	-1.889877	-1.332763	-1.043490	-0.992073	5.489548	-7.037392	-1.889868	4.110576	4.388371	6.495009	8.654031	5.151299	6.109960	5.596584	-11.978625	-4.044590	11.581960	-10.769306	6.110181	-1.941445	9.192059	6.497260	5.472970	5.151368	3.046960	-5.838494	9.192067	6.497260	0.902377	5.151368	-1.889912	-8.423931	4.167575	4.268105	-3.760937	-1.808633	-2.374398	-12.302640	9.192067	6.497260	-5.349072	5.151368	-5.300175
6496	8	4.084772	-11.394885	-1.847310	12.569914	-8.300317	6.465289	3.994245	-9.938914	3.520946	10.659410	1.138766	6.465282	-3.425944	-5.636061	-1.847309	9.366001	-8.300317	2.576818	-9.652521	6.189666	7.134792	-5.311704	7.839236	-6.253188	-2.815666	-4.180428	3.520980	7.456992	1.138769	2.582009	-7.501455	-5.636061	-1.847309	7.351035	-8.300317	-1.260485	-4.483933	6.189666	7.134792	3.497399	7.839236	2.567125	-6.906867	-4.180428	3.520980	5.440231	1.138769	-1.261014
6581	8	5.512352	-13.714165	-2.562415	11.228936	-11.177437	8.871877	-6.316665	-9.636539	-2.562415	2.043574	-11.177437	-2.021882	-3.949241	3.090536	7.124157	3.469635	1.014365	2.631084	5.001441	1.522966	7.415553	8.454391	6.219381	8.869707	-12.882734	-9.636539	-2.562415	-2.563840	-11.177437	-6.431475	-13.273720	3.090536	7.124157	-5.113051	1.014365	-6.440091	-3.564797	-9.636539	-2.562415	6.183531	-11.177437	2.631711	-13.186388	5.595106	7.427856	-5.345510	6.219547	-6.440091
6906	8	6.754991	-14.252666	-7.091309	11.119252	-8.926924	6.641300	1.982398	-12.106016	-7.091309	4.710547	-8.926911	-3.191711	5.871084	2.449469	4.810470	9.126424	5.953836	6.640760	0.955388	5.902694	4.817758	2.354442	5.974362	-6.076817	-6.093717	5.937804	4.817758	-6.367447	5.974370	-10.178960	-1.086516	-10.781455	-7.091309	4.578376	-8.926839	-6.159303	-2.082039	5.937804	4.817758	1.599937	5.974370	-6.269034	-5.192088	-10.781447	-7.091309	-3.842319	-8.926839	-8.367857
