87	7	4.277311	-17.092097	-5.429073	11.347881	-11.779162	7.704673	-8.188807	4.473306	4.614349	-5.363157	5.617751	-9.310495	-2.302948	4.473277	4.614349	2.034034	5.617751	-1.715126	-3.428688	-10.531317	-5.428890	2.830480	-11.779162	-2.252148	-1.570062	-10.531534	-5.428890	6.075737	-11.779162	4.792941	-8.871888	-10.531316	-5.428890	-3.672219	-11.779162	-9.325765	-0.689085	4.470768	4.614347	6.419182	5.617750	5.400237
98	7	5.564811	-7.516224	2.027843	11.132072	-12.269285	6.612275	-9.979774	7.099476	7.371910	-6.656917	6.130425	-11.239868	-9.927849	4.639884	7.153513	-6.506085	-0.088860	-11.239867	-4.766934	3.983256	4.205797	-0.287927	-2.854872	-6.033529	3.528020	0.756085	4.079972	10.605669	-3.638463	6.607459	4.833333	3.104610	7.371904	8.702231	6.130129	6.612163	4.092556	1.094795	7.079070	8.894554	-0.169838	6.611281
159	7	-0.806495	6.580888	8.551687	2.320294	5.673940	8.469371	4.799391	2.276008	8.551634	4.182831	5.629742	9.180844	2.568248	4.279840	8.551687	-1.318564	5.671265	3.376606	-12.182979	-4.234518	1.174551	-6.453174	-8.352882	-9.509299	-11.884794	6.587279	8.551687	-12.706362	5.673941	-9.509299	-1.130750	-4.237778	1.174546	8.346711	-8.354392	7.832670	4.510716	-8.497260	1.174080	10.422158	-8.727811	9.180845
182	7	3.848719	0.611651	4.875243	10.582180	7.612996	3.478453	-10.144448	6.321692	5.120139	-6.678575	8.168250	-13.853288	-13.010293	-3.028815	3.194484	-6.678278	-2.732858	-13.853291	3.684072	0.100620	4.854952	10.585301	7.617764	3.489611	3.687429	0.824704	4.841160	10.580741	7.567957	3.473276	3.349783	0.852088	4.787200	10.580397	7.509936	3.473054	3.631816	0.858381	4.831112	10.580506	7.556497	3.472595
234	7	-2.419855	-7.698676	-5.872524	2.666392	-14.545604	-6.992726	-8.138394	6.365274	5.979462	-9.536070	4.343565	-12.595193	6.227673	0.176926	5.955143	3.610712	4.343562	2.577386	0.385596	1.229832	0.701699	4.833007	-8.005194	-6.845302	6.350555	-13.865615	-5.872524	9.752745	-14.551909	2.577983	-7.981231	-7.698675	-5.872524	-3.138233	-14.545604	-12.468541	-5.192332	1.252925	0.701727	-3.132434	-8.005194	-12.467074
295	7	-11.857770	7.068656	7.036844	-8.488394	7.799876	-6.429357	4.283568	-11.011254	0.676021	12.887637	0.334690	8.401465	4.283818	-14.904939	-2.298293	12.889089	-3.983273	8.401485	-6.250510	-4.405437	0.703402	4.959804	0.380795	-0.152560	-12.179954	-4.405419	0.703402	-3.464461	0.380796	-6.389458	-12.263806	-8.412153	-2.298200	-3.462771	-3.983107	-6.389273	-6.335399	-8.412165	-2.298200	4.961408	-3.983107	-0.152593
314	7	-1.605648	-6.123835	-4.865900	8.499913	-11.740038	5.657347	-2.565121	0.392972	0.902759	2.271105	-5.638565	-0.872484	3.901017	-12.692790	-4.865904	12.434683	-11.740042	6.644282	-7.812455	-6.121994	-4.865900	2.291477	-11.740038	-0.872485	-14.141269	5.920956	7.346927	-8.918234	6.571646	-4.019848	-1.533094	5.918706	7.346927	2.519512	6.571646	5.657350	2.543730	0.126355	7.346541	6.348761	5.610506	6.226354
337	7	-8.296779	5.821723	4.399681	-8.683464	8.057513	-11.018393	-13.257641	-6.424004	-6.785885	-8.000879	-5.425234	-11.018393	2.239330	-0.593754	1.822535	9.552547	7.407858	6.529979	3.721689	0.428775	4.230847	4.175620	8.055509	0.842615	2.227808	-0.390176	2.109175	9.467680	7.287361	6.385520	2.288655	-0.427172	2.120444	9.490772	7.328070	6.431390	2.123541	-0.624182	1.610583	9.557442	7.381470	6.524005
458	7	-5.523418	-9.024255	-3.344961	1.904937	-10.647246	-3.002856	4.363465	-13.776451	-3.344975	11.619733	-10.647246	5.928833	-12.983591	6.224652	6.075597	-7.983307	7.117309	-8.207567	0.812386	-9.158035	-3.344964	10.620518	-10.647246	5.927168	-0.190083	6.207276	6.075597	7.373807	7.117309	5.878567	-11.986314	-9.024254	-3.344961	-5.301301	-10.647246	-6.572635	3.266981	2.683717	6.075402	8.824790	7.117299	5.927822
542	7	5.458977	-12.592690	-3.094921	11.408412	-15.258440	7.769000	-11.492840	-10.943540	-3.094921	-2.989202	-15.258440	-9.406058	6.502947	4.651215	5.840799	5.248865	3.193944	7.851326	-0.159492	-11.005611	-3.094921	4.886668	-15.258440	0.010640	-5.495449	-10.943541	-3.094921	3.268515	-15.258440	-2.915316	-10.434075	6.300714	5.840799	-9.187767	3.193946	-9.726709	0.902033	5.875604	5.840799	2.530211	3.193946	0.823251
589	7	-0.052462	-5.361884	-2.360860	9.977542	-8.484069	3.510952	4.539301	-10.672611	-2.380764	13.232743	-8.484437	5.546631	-10.444861	-5.307444	-2.359312	-5.258608	-8.484024	-3.688189	-11.644725	7.405351	6.878611	-6.258283	4.780540	-3.688205	5.413854	2.040495	6.846659	12.247652	4.756873	5.546973	-0.775767	-5.314901	-2.359531	4.287194	-8.484031	0.784472	-1.146277	7.402707	6.878611	7.266701	4.780540	3.510875
622	7	3.908000	2.662538	7.824497	2.292225	2.929129	-1.716826	2.233410	-7.158529	-2.352553	6.803282	-13.781760	-2.099702	3.224777	-9.877814	-2.651495	12.337731	-13.781820	4.721146	-2.841345	-6.825233	-2.272480	1.761014	-13.781731	-4.827312	-6.788908	8.024061	8.136919	-10.265435	2.929490	-11.385909	-8.124963	-6.825233	-2.272480	-4.090974	-13.781731	-11.353893	4.646054	1.742107	7.583358	6.664610	2.912930	4.829250
679	7	5.690767	2.561498	7.579360	5.800473	6.847473	7.267235	7.519498	-13.060277	-5.314146	11.785790	-8.844036	7.269712	-12.427635	7.074686	7.632283	-9.987309	6.847506	-8.872184	-4.094556	-8.534864	-5.314146	2.200927	-8.844036	-4.175883	-12.427142	6.970633	6.243454	-9.600068	0.421543	-8.872184	-10.606190	-8.534863	-5.314146	-3.859926	-8.844036	-8.869878	5.686329	2.456211	6.175360	6.275657	0.417451	7.267239
791	7	-0.850298	-7.881185	-1.098341	4.494987	-7.784157	-4.643450	-0.827725	7.742248	8.084264	-2.295510	8.544430	-9.762122	-6.492383	-7.759585	-1.093248	1.667535	-7.759301	-9.571062	5.902245	4.601326	8.047789	4.835901	8.481623	3.722245	-6.602894	-7.759393	-1.093239	0.053402	-7.759261	-11.076039	-8.101885	7.867467	8.084658	-5.196849	8.545113	-15.324438	5.372482	-10.602273	-1.148672	9.760861	-8.049324	3.727758
801	7	-10.027152	7.765764	7.735474	1.007324	4.421817	-5.118650	3.013350	-7.058348	-3.921166	11.162870	-12.200016	5.831917	-4.910289	2.692202	1.891348	2.418968	-3.059172	-4.325052	-9.164358	-5.531866	-3.921163	2.360008	-11.366210	-4.696179	-11.272137	2.692202	1.891348	-4.006126	-3.059172	-9.793487	-15.617060	7.765764	7.735474	-5.317075	4.421817	-9.798752	2.919206	6.433565	7.735425	9.856298	4.414289	5.796418
931	7	-10.107342	-10.138622	-2.035647	-4.418544	-12.227032	0.998748	-14.686164	-10.138622	-2.035647	-4.620542	-12.227032	-5.663719	-3.375869	-10.138627	-2.035647	4.228923	-12.227032	4.870525	2.777742	-11.212275	-2.035647	10.090516	-12.227032	6.610161	-12.591593	7.012397	6.633558	-10.467800	6.193179	-0.820410	-12.587471	3.527007	6.525909	-10.466391	0.123110	-0.820345	4.081220	3.635820	6.632867	4.310272	6.193178	6.903869
951	7	-7.389686	-3.826809	-3.512860	5.879106	0.595801	-3.320125	3.351159	-9.826261	-3.703298	10.533948	0.592846	6.415814	-7.586794	8.492139	6.526474	2.088029	6.967215	-3.445381	-7.389907	-6.439402	-3.708434	5.879109	-4.774919	-3.320125	-12.849015	8.492139	6.526474	-6.140885	6.967215	-8.990036	3.279536	2.456237	6.379674	7.269561	6.935681	6.411882	3.351162	-12.429639	-3.713870	10.533949	-4.774932	6.415815
1018	7	-12.683748	8.903452	6.901785	-7.904683	5.130429	-11.851320	-6.988755	-8.436964	-3.839135	1.999699	-9.015059	-5.357576	-7.210657	-8.436964	-3.839135	-1.031717	-9.015059	-11.482971	-12.679437	8.506273	6.176007	-7.768525	0.145228	-11.851320	4.026180	2.998189	6.139686	5.465811	0.145228	7.694487	3.497146	-13.722608	-4.994965	11.604594	-9.015064	7.669061	4.021646	3.470202	6.875533	5.317740	5.130429	7.694363
1097	7	-6.022796	-8.010913	-0.168998	3.617313	-10.208225	-8.209807	4.278436	-11.479469	-0.169198	10.866379	-10.208364	3.981264	-6.049131	6.754085	6.468688	1.236442	5.625905	-8.248864	-2.506604	2.427677	4.006757	-3.619623	-1.764352	-12.528856	-8.934839	6.754085	6.468688	-5.195588	5.625905	-13.967367	-7.316140	-8.010913	-0.168998	-2.660695	-10.208225	-13.960734	4.357772	3.287042	6.441063	8.530219	5.620949	3.981650
1353	7	5.263089	-5.980095	-5.121135	12.016251	-6.244248	7.429920	-9.321413	-1.918311	-4.990787	-6.633793	-3.628660	-6.343914	0.995084	-2.943753	-5.058123	11.817449	-3.698195	4.437999	0.444533	7.077532	6.566280	6.406579	5.313021	2.252360	4.816006	4.057022	6.566280	7.397516	5.313021	7.429919	-3.220162	-1.922668	-4.991876	2.122691	-3.628678	-1.153317	-9.775781	7.504221	6.566280	-11.252529	5.313021	-6.367586
1354	7	5.240227	1.007857	9.188035	6.711107	9.530542	8.665546	4.795621	-15.723872	-2.394859	12.117109	-8.116359	8.684923	4.794882	-9.608971	1.917103	12.069118	2.768474	8.684902	-2.249364	-4.784228	2.722445	3.934683	6.790267	1.950292	-2.214238	-11.527143	-2.394859	4.124148	-8.116342	1.969557	-9.332059	-4.772351	2.724018	-6.373461	6.818647	-3.147170	-8.996860	5.382592	9.191506	-11.637983	9.530592	-3.586710
1378	7	-6.713229	6.548206	6.282803	3.648749	7.011254	-1.144029	-8.227151	-10.010353	-3.757568	7.320966	-7.951424	-1.144029	5.395816	1.527438	5.912879	8.836441	6.397432	7.589369	-3.096821	2.144634	2.108811	7.146928	-3.219556	-1.144029	-2.461503	-10.015270	-3.757935	8.982136	-7.951458	5.471585	3.418369	-15.005448	-3.866135	12.188402	-7.961172	7.578077	-10.037324	6.548206	6.282803	-4.413457	7.011254	-6.348603
1411	7	-8.696860	9.535466	7.499436	-9.330048	7.831044	-7.100138	6.512296	-11.808433	-4.024481	9.351377	-8.863791	6.687512	-0.027853	9.535162	7.499436	1.363652	7.831044	5.093917	2.942719	-1.362973	7.013869	3.209120	3.559502	6.679105	3.741729	3.057224	7.499392	3.445915	7.829042	6.684219	-5.838549	-5.235261	-4.020814	-3.692129	-8.863789	-7.085069	-2.626199	1.963540	1.828209	-3.149862	-4.436212	-7.053973
1414	7	-3.552648	-11.584786	-4.094856	6.570719	-0.833509	3.310191	-7.334975	-5.532679	-0.761117	2.651259	5.414588	-3.079723	-9.141847	2.896999	3.614491	2.475487	8.490121	-3.105103	3.118676	-11.987587	-0.994617	11.322145	5.414455	6.413027	-3.555440	-5.532754	-0.761139	6.568959	5.414588	3.309707	-5.387580	2.896999	3.614491	5.656867	8.490121	3.115681	-7.332273	-11.584724	-4.094856	2.651520	-0.833509	-3.079670
1445	7	7.548977	-10.722799	-7.320478	12.163143	-9.115966	6.079607	-3.087711	-5.210402	-7.117236	1.899078	-9.115896	-4.451628	8.356430	2.813505	5.123877	7.259575	8.028446	6.079620	-9.536822	-5.208954	-7.116666	-4.533032	-9.115896	-10.981925	7.548960	-10.722798	-7.320478	7.317151	-9.115966	0.626068	8.350903	2.813569	5.123877	2.374163	8.028446	0.616418	-8.646452	8.345798	5.123907	-9.442521	8.028779	-10.981926
1467	7	-6.777382	1.533059	1.420391	-4.650853	-4.503340	-10.135134	-10.201824	7.943847	6.584680	-10.771875	6.829799	-10.314580	-7.351237	-6.006345	-2.425438	0.788150	-10.945396	-4.327849	-3.395541	1.533046	1.420391	0.783872	-4.503340	-4.327919	5.162816	2.178626	6.584115	5.899392	6.827104	6.869859	-10.666481	-6.006345	-2.425438	-4.649526	-10.945396	-10.134669	4.691017	-11.770260	-2.425438	12.018526	-10.948079	6.867203
1524	7	-0.634060	-1.606029	0.532413	1.802603	3.611207	-2.039273	3.800646	-19.272016	-3.122573	11.443061	-8.574316	6.775645	-6.693669	3.957572	5.648822	-8.432305	6.695093	-6.364471	3.799872	-13.954697	0.470519	11.442666	3.567074	6.775532	-0.693637	-12.859326	-3.122573	1.798030	-8.574316	-2.039664	-10.060396	-12.859320	-3.122573	-5.206597	-8.574316	-6.363762	-10.029647	-1.606022	0.532414	-5.206923	3.611208	-6.363762
1618	7	-0.013418	-5.757415	-3.233508	9.233442	-9.530838	5.082196	-4.925125	-5.757397	-3.233497	3.784998	-9.530835	-2.632160	-2.341867	8.794178	3.847899	4.935421	4.923388	-2.231443	5.146287	-10.458564	-5.171886	11.482490	-9.619019	6.048108	-11.413296	-5.757397	-3.233497	-5.488112	-9.530835	-8.838997	7.726692	4.088793	3.840892	11.470270	4.922266	6.092872	-8.831091	8.794178	3.847899	-5.666404	4.923388	-8.832727
1634	7	-12.990545	6.399852	7.731133	-8.329621	6.492220	-11.933500	2.368031	-2.093527	7.563615	5.479290	6.246741	5.708207	6.922896	-14.384669	-1.526874	12.152205	-5.925203	5.713583	-5.692248	-8.130438	-1.508942	2.559996	-5.874344	-6.208887	3.941342	1.153568	7.646241	5.202908	6.441233	5.707959	2.514259	-2.169956	7.594010	5.618106	6.286239	5.709666	3.747865	-0.155718	7.700783	5.790011	6.474619	5.713020
1684	7	5.043032	-15.534397	-6.517899	13.361116	-8.923627	4.943324	4.582888	-15.469823	-6.517899	10.973787	-8.923609	-0.969318	-4.516652	-10.073436	-6.517589	4.654958	-8.906445	-7.556678	-11.979277	-10.073436	-6.517589	-1.435608	-8.906445	-9.804037	-12.717263	6.313097	4.989876	-4.636022	6.365685	-11.649779	3.917789	1.485128	4.914031	7.778178	5.821943	-0.969341	4.218090	1.090455	4.862817	10.165510	5.684983	4.943322
1841	7	4.549748	-10.293838	-7.461215	8.981652	-6.327172	-0.797403	-12.873983	-8.209749	-7.461215	-4.462303	-6.327172	-12.604733	-13.623540	8.325302	4.842379	-8.077606	6.218314	-12.900932	5.141914	-10.494817	-7.461215	10.816739	-6.327172	5.419537	-4.175871	-8.232184	-7.461215	1.254868	-6.327172	-7.134986	4.321325	6.328628	4.842379	7.200771	6.218314	5.419536	3.685269	6.595725	4.842379	5.355788	6.218314	-0.797405
1895	7	-10.211212	-5.573480	-2.930144	3.286867	-12.976055	-1.387014	-11.758923	0.942913	2.523877	-4.487017	-6.807960	-5.480100	-13.637648	5.722565	6.714690	-9.575102	5.762752	-5.480100	3.357796	0.148096	6.714534	7.808546	5.062917	8.140421	-14.161729	1.615461	6.572074	-9.452341	-0.228322	-5.480100	-6.074186	0.942913	2.523877	3.257151	-6.807960	-1.387017	-15.881382	-5.573480	-2.930144	-4.455361	-12.976055	-5.480100
2037	7	-12.946318	6.031626	6.650716	-8.713777	7.943135	-7.947949	3.586198	1.697496	6.613397	3.811153	7.671275	5.860745	4.083344	-16.994844	-5.531629	10.004266	-9.005863	5.882092	-7.467491	-11.271087	-5.531629	2.531248	-9.005857	-6.531581	-1.642768	-11.271088	-5.531629	8.098819	-9.005857	5.438039	5.915801	-0.514047	4.855062	4.214671	5.432369	5.869813	-7.714827	-11.271087	-5.531629	-2.539462	-9.005857	-7.930286
2062	7	-7.301128	-8.640321	-4.809791	4.541086	-12.624669	-2.851704	3.286774	-14.517862	-4.809791	9.487959	-12.808380	8.030057	-1.311413	-9.670905	-4.809791	5.058917	-12.762133	2.779391	-7.162373	6.557150	6.805193	1.623951	4.857896	-2.851704	3.469383	0.757145	6.561776	6.762785	4.856650	8.030096	-13.485197	6.557151	6.805193	-4.216109	4.857896	-8.745010	-1.170571	5.331649	6.805193	2.145768	4.857894	2.783876
2141	7	7.771142	-9.298904	-3.800699	12.768635	-9.355322	4.528411	-12.991632	8.138994	8.443393	-9.746220	6.022572	-13.209645	-9.578341	-6.057128	-3.774102	-3.276822	-8.714226	-12.642259	5.181152	4.168370	5.591755	6.545252	-0.615485	4.520965	-12.578413	6.792433	5.625468	-9.560732	-0.585385	-13.185848	4.729996	5.721421	8.441530	6.325405	6.012705	4.517700	-0.489277	7.867853	8.443341	1.893263	6.022100	4.121041
2230	7	-9.119539	5.833866	8.079697	-11.633455	7.986556	-8.049696	6.131149	2.443432	8.074821	4.266941	7.822596	6.850152	-12.937435	-4.802753	2.964336	-5.951073	-4.491648	-7.801294	-3.673789	-4.822047	2.964093	3.840997	-4.506045	5.064588	2.251023	-5.658740	2.958452	9.925806	-5.093825	6.563050	-6.008534	-4.806574	2.964287	-0.436688	-4.494502	4.625528	-14.620734	-2.418246	6.627865	-10.010847	0.085877	-8.053091
2277	7	-9.194375	6.681153	5.828890	2.569012	8.121161	-4.940148	3.782518	-13.865219	-6.919312	13.722408	-5.913172	6.958256	-6.928531	-7.615350	-6.919312	5.404843	-5.913172	-4.719968	-0.410178	-7.765241	-6.919312	11.873280	-5.913172	4.825913	-8.531019	6.681153	5.828890	4.680607	8.121161	1.738096	-6.138903	-7.615350	-6.919312	7.718647	-5.913172	1.795166	-14.896239	6.681153	5.828890	-3.868323	8.121161	-8.592200
2384	7	6.933765	1.671418	3.236502	6.391360	-2.281043	-0.021002	-12.220772	7.326001	6.007021	-6.947523	6.283927	-11.113028	9.089469	-8.979814	-2.998094	9.014571	-7.368148	6.221962	6.795996	-8.975120	-2.998094	6.653473	-7.367567	-0.021293	9.226567	1.667231	3.236499	8.755408	-2.281133	6.221970	3.499625	4.864780	6.007020	5.793286	6.281208	6.117871	7.357524	-1.635255	4.681897	7.728251	5.399579	6.221494
2472	7	-0.941100	-11.498436	-5.843590	6.531438	-5.684815	4.143256	-7.399917	-10.003388	-5.843590	3.095207	-5.684815	-1.640412	-7.654935	-10.003278	-5.843590	-3.815495	-5.684815	-7.304615	4.827829	-14.650477	-5.843590	10.879275	-5.684815	7.419408	-0.839940	5.343335	6.892381	3.407835	6.817220	4.130413	-10.986007	6.961526	6.892381	-7.001346	6.817220	-7.680680	4.915854	2.305874	6.892378	7.709062	6.815067	7.419378
2524	7	-0.888490	-6.244844	0.845197	7.460286	1.785739	3.460664	5.173305	-10.341933	0.845197	10.697666	1.785739	8.673309	5.173891	-15.840013	-3.034379	10.697767	-8.119631	8.673309	-11.161072	5.490101	6.879618	-12.243802	6.502871	-8.484360	-12.286926	-11.058058	-3.034379	-6.299744	-8.119631	-8.484328	-0.887848	-11.742799	-3.034379	7.460816	-8.119631	3.460668	-12.287512	-5.560343	0.845202	-6.299765	1.785740	-8.484328
2529	7	-13.809163	6.529443	7.128151	-8.873130	9.637347	-10.989775	-5.822201	-3.201641	3.015939	2.279159	4.809898	-2.375324	-5.722005	-9.536151	-3.100145	5.029546	-9.407355	-2.306260	3.008490	5.823301	7.128151	8.570440	9.637240	5.403492	4.122151	-10.242530	-3.100145	14.529647	-9.407751	5.661836	-12.796442	-3.201641	3.015939	-5.096511	4.809898	-10.988292	4.058656	-4.262013	3.015456	11.856389	3.372193	5.650963
2551	7	-8.043527	-7.846436	-5.924935	6.724090	-8.233947	2.165760	-16.559617	7.600079	6.740709	-9.690863	6.991861	-9.612535	-13.627334	2.884627	0.519585	-3.498944	-1.889290	-9.588179	-3.363748	2.884626	0.519585	6.755241	-1.889290	2.187549	-18.264809	-7.846436	-5.924935	-3.498896	-8.233947	-9.588177	-12.363035	-7.846436	-5.924935	2.679507	-8.233947	-3.585777	-7.725560	2.884627	0.519585	2.679460	-1.889290	-3.585690
2620	7	-11.395743	5.939633	6.567694	-8.937319	5.988680	-3.302017	-1.885805	5.856774	6.567621	2.445007	5.988680	5.563847	4.440409	-15.039949	-0.824707	9.871059	-9.886615	5.867139	-4.907209	-13.393944	-0.822089	2.612993	-9.885899	-1.084361	4.078093	4.397985	6.565348	6.776302	5.988680	5.860521	-1.527894	-13.488384	-0.822332	5.577334	-9.885965	5.740661	-11.053522	-13.383474	-0.822061	-5.840037	-9.885891	-3.182865
2636	7	-12.755028	-10.101841	-3.994060	-4.309658	-12.441636	-4.892245	4.244992	-0.473175	6.584985	8.578209	3.341386	8.110253	-0.979861	-10.101850	-3.994060	6.674642	-12.441636	5.187736	4.608049	-15.508046	-4.040643	10.726882	-12.444377	8.175632	0.554603	5.048031	8.244742	7.214517	5.379708	6.390088	-8.986676	-10.101841	-3.994060	-4.259609	-12.441636	0.966129	-8.507997	5.049749	8.244818	-7.119417	5.379712	-0.148636
2712	7	-4.983140	-4.901438	5.195213	-1.404620	-6.500718	-0.256893	5.006294	2.113722	7.828143	4.655232	0.142344	7.234296	4.974196	4.528906	8.818524	4.652556	5.837536	7.234296	-3.516169	3.711083	7.847736	-2.004389	0.186512	-0.257133	4.856088	-12.615260	1.266257	11.119321	-11.774335	7.234294	-3.548110	6.086525	8.818526	-2.007030	5.837627	-0.257137	-3.493785	-11.074564	1.266415	4.485502	-11.774324	-0.256863
2868	7	3.008001	-15.613747	-4.241427	14.124037	-14.825187	6.579567	-3.231861	-9.587988	-4.241427	5.794797	-14.825187	1.460419	-13.903319	-9.587955	-4.241427	-3.801676	-14.825187	-10.413931	-7.596063	-9.587955	-4.241427	2.372544	-14.825187	-4.951562	-7.349508	2.717787	1.914104	-4.141820	-8.243243	-10.413932	-13.822743	7.791247	6.337572	-8.888167	4.092428	-10.413945	3.121007	1.753583	6.235717	9.098581	3.909005	6.580249
3127	7	-8.631033	-7.057501	-4.781249	-4.656700	-6.793079	-13.180077	9.784590	4.475705	5.339558	5.841733	7.159283	5.241414	-7.973866	8.360145	5.339558	-10.395836	7.159284	-13.192257	7.099732	4.791384	5.339558	1.159927	7.159283	-0.490278	2.950999	-8.689322	-4.781249	6.239017	-6.793079	-0.969879	5.521035	-10.104863	-4.781249	11.500226	-6.793079	5.238687	-5.735392	-7.064922	-4.781249	0.729683	-6.793079	-6.761830
3157	7	2.574010	-12.068150	-4.975156	4.272024	-6.264332	-1.645204	-1.365432	6.266105	7.070346	-9.793439	5.182754	-10.127135	4.994723	-13.761609	-4.975156	9.902410	-6.264332	4.651126	-3.908761	-10.148391	-4.975156	-6.860516	-6.264332	-12.010395	3.174069	3.606171	7.070345	-3.912474	5.182738	-8.177667	5.307198	2.329363	7.070152	2.092649	5.181425	-1.389649	7.685279	2.203343	7.070018	6.968317	5.180698	4.704810
3201	7	-3.174957	-10.364751	-3.824585	2.948847	-10.463005	0.274122	6.230469	2.589637	6.833930	8.839111	4.423432	5.610286	-2.143347	-10.389860	-3.824586	5.446152	-10.463005	2.230519	-13.030696	-10.340303	-3.824584	-7.234363	-10.463005	-5.493216	3.876140	-12.011106	-3.824604	11.028352	-10.463005	5.593761	-0.897722	5.935104	6.970516	6.565363	4.424325	0.274995	-10.771793	6.049811	6.970722	-9.441687	4.424325	-5.493216
3207	7	-11.997491	7.684745	5.267803	-6.789027	7.807609	-6.036036	-3.447071	-0.331040	0.818576	4.945680	-3.601702	-2.057415	-9.597614	-8.828800	-3.638579	0.850065	-10.986820	-3.417411	-12.140444	-8.828800	-3.638579	-1.405735	-10.986820	-6.035138	-6.448526	-0.331019	0.818580	-1.406014	-3.601701	-6.035139	5.258641	1.946892	5.183524	6.322530	7.807505	6.695369	1.704985	-1.436072	0.483345	11.601740	-3.752919	3.942877
3285	7	0.202840	-9.612288	-7.440302	11.467855	-6.747126	6.557998	3.541597	-14.824450	-7.440302	8.891545	-6.747126	0.701862	0.129831	-9.510063	-7.440302	7.741368	-6.747126	0.690137	-8.562602	-2.401361	-7.433055	-2.518400	-5.130123	-11.432336	3.618774	-14.839513	-7.440302	12.428829	-6.747126	6.563710	-10.609346	6.425081	4.437550	-7.274376	6.434696	-11.437826	-5.419486	-8.638291	-7.440302	3.451702	-6.747126	-5.109597
3491	7	-13.383986	6.336401	8.422138	-9.893321	6.574362	-11.222666	-6.228562	-9.651790	-1.900746	3.011362	-11.469570	-5.676027	-9.102637	1.148314	3.034262	-4.136220	-2.605699	-11.222548	4.930170	-15.418284	-1.900778	13.104800	-11.469570	5.965064	-12.723071	-9.651790	-1.900746	-4.129289	-11.469570	-11.222545	3.621212	1.590565	7.939218	7.279373	6.573303	5.916722	-2.606730	1.148314	3.034262	3.005824	-2.605699	-5.676057
3518	7	2.999059	-10.430451	-3.267682	12.384334	-7.601309	7.688004	-6.855371	8.993085	6.115194	-7.308415	7.875438	-7.898305	-3.144110	-8.966065	-3.267663	2.210013	-7.601301	-2.827912	-1.076752	-8.975485	-3.267663	8.427016	-7.601301	3.581795	-7.582952	-8.965495	-3.267663	-3.879965	-7.601301	-7.879844	3.761868	6.613604	6.114878	9.388013	7.875411	7.992953	-0.260531	8.962361	6.115194	5.025764	7.875438	3.665633
3531	7	-7.630938	-11.089029	-4.012319	0.638004	-7.407491	-1.904252	2.136240	-13.006691	-4.069639	8.888511	-7.443286	6.563301	-6.329188	4.431388	5.745861	-11.931620	8.194092	-7.021645	6.174251	1.987854	5.576345	3.551424	7.912573	6.607987	-3.153657	-11.089030	-4.012319	6.182618	-7.407491	3.945931	-10.188381	-11.089029	-4.012319	-5.628526	-7.407491	-6.577638	-1.345126	4.431326	5.745859	-0.092656	8.194089	3.808874
3545	7	-10.871038	7.256341	6.584580	-6.880554	4.950017	-10.721582	5.271614	-11.967700	-4.987891	11.738552	-13.400938	6.382562	-6.107372	-8.316177	-4.987891	2.750907	-13.400937	-3.525386	-8.879488	-8.316177	-4.987891	-2.211978	-13.400937	-10.718972	-1.721057	1.958724	0.668460	2.775262	-4.676116	-3.521928	-4.503277	1.958980	0.668461	-2.216288	-4.676084	-10.719010	6.053692	3.524504	6.584546	7.092340	4.947755	6.382737
3580	7	2.914301	-16.308551	-5.095495	10.816967	-11.015904	6.240377	-11.301547	-0.235345	0.579383	-7.032722	-6.205240	-10.781133	-14.748016	5.021302	6.583408	-10.215915	0.780228	-10.781144	-14.820656	-10.936690	-5.095246	-6.724795	-10.981056	-10.781126	-14.851448	6.221592	6.756554	-10.317063	4.956577	-10.781144	2.377870	-0.619344	5.406208	7.744470	-0.810973	5.945824	2.898810	0.098756	6.656044	7.277931	3.780667	6.234010
3621	7	4.454596	-14.887287	-3.859048	11.804069	-5.589817	0.352666	-4.801029	-8.610238	-3.858976	0.629655	-5.589814	-4.336591	5.097179	-14.902390	-3.859048	11.805797	-5.589817	3.900892	-9.993071	-8.610238	-3.858976	-5.204273	-5.589814	-7.406099	9.331178	2.103282	3.874488	5.774111	6.809900	0.465970	-5.780043	8.511430	4.051773	-11.328849	6.838838	-7.405793	9.932000	2.103282	3.874488	5.774409	6.809900	3.953326
3673	7	4.153109	2.835409	7.496649	5.560090	6.150997	5.896892	5.207415	-17.246062	-4.918851	11.266959	-11.703872	5.896901	-9.069116	-2.870353	1.308577	-5.194229	-9.892376	-11.695466	-2.933239	-13.761485	-4.918851	4.206790	-11.703872	0.782150	-10.118737	5.447642	7.496656	-11.993480	6.153816	-11.695466	-2.932038	-2.954424	1.306624	4.203382	-9.897601	0.782150	-9.071034	-13.694215	-4.918851	-5.187335	-11.703872	-11.695466
3743	7	3.171099	-14.708154	-5.630173	10.908729	-9.856012	8.422450	-2.587579	-11.826549	-5.630173	6.981943	-9.856012	5.803061	-6.869759	-11.826548	-5.630173	0.432791	-9.856012	-1.599034	-11.157283	5.825535	6.997880	-9.652765	5.406382	-3.556719	-1.921078	5.825528	6.997880	2.129786	5.406382	5.910254	3.778066	1.150450	6.955488	5.958423	5.406094	8.422450	-6.937719	3.517392	2.066776	-6.971390	1.452176	-3.556719
3757	7	3.511333	4.217291	5.690086	2.583446	5.296011	-0.064276	5.148172	-13.306126	-5.041380	11.030601	-11.966097	5.454432	3.379081	-12.334102	-5.041380	7.371247	-11.966097	-0.065968	-9.814316	6.506519	5.690086	-10.531594	5.296011	-10.942661	-3.475150	-10.245353	-5.041380	1.911231	-11.966097	-4.579290	5.404771	3.088935	5.690086	6.240156	5.296001	5.454434	-8.272936	-10.194157	-5.041380	-5.637416	-11.966097	-10.942660
3781	7	3.713477	2.023800	7.985481	6.604304	5.694830	8.845138	4.964325	-15.613989	-1.323927	12.720770	-10.039509	8.909114	-0.801724	-11.342198	-1.323003	7.512422	-9.993750	4.533343	-3.357103	5.111876	7.988704	0.747212	5.952245	2.992893	-6.017408	-11.341018	-1.323002	1.239626	-9.993711	-1.233574	-12.116633	5.111882	7.988704	-11.472078	5.952245	-5.639660	-10.863455	-11.341018	-1.323002	-5.354405	-9.993711	-3.060011
3861	7	8.044587	-13.437976	-5.038416	10.527509	-7.104273	5.917915	0.018997	1.975547	6.968051	-8.864818	6.719898	-8.807495	2.758909	1.644109	6.949729	-6.526970	6.706684	-5.064991	8.014740	-13.437976	-5.038416	7.263512	-7.104273	0.744930	-1.248025	-11.340589	-5.038416	-5.063442	-7.104273	-10.269124	9.305695	1.642830	6.949632	5.633496	6.706614	5.918362	9.275841	1.642830	6.949632	2.341192	6.706614	0.745460
3902	7	8.032048	1.743941	5.682007	7.234608	7.472601	6.887209	-11.028652	6.831885	5.684900	-9.260442	7.478774	-10.533195	-7.626297	-9.839040	-2.220628	0.275319	-7.802776	-5.421437	-3.035379	4.784229	1.440137	0.150399	-1.114921	-5.422009	5.225967	-13.156721	-2.220628	10.924795	-7.802776	6.880657	-9.192063	4.832805	1.440137	-5.678761	-1.114921	-9.639004	-13.772860	-9.836990	-2.220628	-5.546710	-7.802776	-9.571753
3919	7	-0.315309	-3.659118	3.480756	9.134741	-3.590141	4.301532	3.946174	-5.459222	3.479034	10.566366	-7.246049	6.537824	-6.250512	-3.400748	3.482034	4.697517	-2.810146	-3.980298	0.512616	1.875214	6.251276	6.506860	-0.593053	4.829759	-5.555830	2.270429	6.306690	1.713344	-0.593027	-3.944130	0.764177	8.128561	6.386796	6.512744	3.681708	4.991869	-5.426803	8.476843	6.386796	1.611886	3.681708	-3.935508
3946	7	2.711600	-8.384818	-5.452933	8.035758	-11.418735	7.884768	2.621314	6.448274	6.644952	2.341855	6.065193	7.881368	-11.260884	-7.447099	-5.451798	-8.281335	-11.418564	-5.660107	-11.222157	7.153123	6.645147	-13.899127	6.065193	-5.660107	3.105057	-1.521850	2.761881	7.958945	3.576819	7.891639	3.284988	-0.977415	3.274677	7.955110	4.164245	7.891382	3.655397	-1.047192	3.747407	7.825600	4.696980	7.891875
4063	7	-3.376111	-8.933943	-4.705234	7.388997	-8.179979	5.477571	-10.940017	8.171458	5.855762	-4.815805	7.284128	-5.220858	-12.258445	-8.915030	-4.705234	-2.681137	-8.179979	-3.955863	-1.981504	8.122483	5.855762	5.272651	7.284128	6.266570	1.937976	-9.472357	-4.705234	11.571418	-8.179979	7.334110	-9.102488	-8.915350	-4.705234	1.518042	-8.179979	-1.328679	3.589884	7.029258	5.855762	10.086588	7.284128	7.340654
4101	7	3.929378	5.744669	8.127334	7.398826	7.338839	9.177708	-11.588871	8.694805	8.127826	-5.345798	7.338851	-7.481118	-0.924821	8.360298	8.127807	2.552567	7.338851	-0.083383	-1.536772	-6.584561	0.846961	7.427255	-8.025637	-0.885149	-0.912405	8.357730	8.127806	6.371653	7.338851	5.516338	-1.499363	-6.594478	0.840624	11.328608	-8.029073	4.724350	3.278569	-9.377291	-1.207142	13.056271	-8.283627	9.140409
4223	7	4.393247	-11.677454	-4.810324	11.506410	-7.871816	6.493732	-10.709849	-6.594516	-4.810324	-2.205114	-7.863962	-7.732799	-7.099820	-6.594516	-4.810324	3.671177	-7.863962	-3.467838	-1.876700	-6.594537	-4.810324	8.229926	-7.863962	4.932744	-11.358076	9.485380	4.448678	-6.852887	5.070818	-7.788458	-1.612995	9.485337	4.448678	3.594783	5.070818	5.239764	4.665937	4.353190	4.448676	6.871181	5.070460	6.493887
4297	7	-9.349255	6.214706	6.647228	-12.537781	0.080367	-10.122344	-9.024383	-5.926149	-3.557064	-0.470070	-9.039660	-5.916060	3.590772	-7.815645	-3.565484	9.313235	-9.185895	5.985295	3.853103	-1.758310	6.248211	3.198723	4.625265	5.788779	-9.349506	6.958899	6.649652	-12.538690	5.235566	-10.122349	7.739217	1.273402	6.646277	3.015865	0.068226	5.767242	8.052746	2.018098	6.649468	3.014675	5.231437	5.767064
4320	7	-4.433966	-10.074580	-4.057484	3.268299	-9.461030	-5.058928	-10.316674	6.951532	6.458252	-5.430985	7.601136	-11.213458	7.848907	-13.893813	-4.057484	9.467455	-9.508131	0.890183	8.377958	-13.893864	-4.057484	12.361236	-9.508131	6.465125	6.032771	3.135401	6.457695	6.357191	7.385624	0.890182	-6.833591	-10.074578	-4.057484	-2.318877	-9.461029	-7.960128	6.576661	3.133177	6.457693	9.250975	7.385293	6.465125
4417	7	-9.689459	6.032015	8.436163	-7.724157	7.094853	-11.389213	-0.792071	6.031657	8.436163	6.801469	7.094847	6.109139	-0.752578	-8.288236	-0.094608	11.170028	-4.236008	6.147219	-9.408317	-8.287836	-0.094608	-3.381240	-4.235980	-11.111374	-5.798650	-8.287836	-0.094608	2.939411	-4.235980	-5.162332	1.827700	5.596450	8.436163	8.631264	7.086117	6.687000	1.933715	-8.845623	-0.094608	13.026803	-4.268186	6.687646
4446	7	3.973813	-10.021691	-6.072280	13.363956	-9.347949	7.465580	-1.919098	-7.131762	-6.066901	8.017565	-9.239848	6.513264	-8.259716	-6.837889	-6.065466	2.950693	-9.213009	-2.880157	5.254423	1.699318	6.731830	11.147809	5.605795	7.465901	-0.640838	5.178670	6.755786	6.321276	6.136515	7.251172	-13.055782	5.741003	6.756570	-4.116412	6.157470	-8.364162	-7.188064	-6.842419	-6.065491	7.489599	-9.213461	0.890118
4550	7	2.329984	-11.340151	-5.220678	11.200992	-4.972841	7.715275	-13.216554	5.994394	6.387011	-11.906854	7.027194	-5.631666	-9.507360	3.839123	2.824082	-7.237704	1.823197	-5.631666	3.229313	-0.636420	2.692992	9.729478	1.816048	7.747308	3.701251	0.346743	6.373213	4.804186	7.027090	7.749439	-7.883238	-11.039037	-5.220678	4.918937	-4.972841	1.135332	-15.963881	-11.039037	-5.220678	-5.507546	-4.972841	-5.631659
4553	7	-12.659236	-10.177929	-5.894917	-4.838821	-6.933159	-10.277931	-5.349528	-10.178473	-5.894972	1.335147	-6.933159	1.487651	4.705292	-15.377091	-6.043005	9.519949	-6.933159	6.945809	-11.971149	6.540052	6.915786	-9.891856	7.681257	-10.662560	0.070217	-10.925713	-5.954618	7.810784	-6.933159	4.038772	4.978965	0.802047	6.409251	4.488102	6.763574	6.944971	0.795449	5.050132	6.894892	3.290754	7.681240	6.248785
4597	7	-6.922817	-8.419635	-1.135574	2.081736	-10.208576	-1.995704	-3.029712	4.734923	3.515216	1.922209	-0.864586	-2.010609	-13.422209	-8.419634	-1.135573	-3.914240	-10.208576	-9.632570	-13.779151	7.290140	5.464908	-9.310753	5.720233	-9.663659	4.965267	-14.135488	-1.383735	13.848739	-10.346623	7.615052	-9.529869	4.735598	3.515226	-4.070096	-0.864578	-9.641109	4.845848	1.593130	5.277608	8.906327	5.643975	7.613509
4606	7	4.150337	1.890590	5.723255	8.961063	6.256396	7.873181	4.406617	-14.252037	-6.832501	11.894086	-8.722269	7.877850	0.161055	-10.523096	-6.832501	10.592623	-8.722246	7.635532	-5.493059	-10.408555	-6.832501	5.179277	-8.722240	-4.150497	0.178808	5.614629	5.725861	7.665284	6.256420	7.634795	-5.552501	5.736094	5.725861	2.206424	6.256420	-4.563928	-3.315788	3.044485	4.479900	4.699228	0.001538	-4.149796
4718	7	6.859701	-11.303515	-4.413983	13.504799	-7.022640	7.778091	5.347691	4.940634	5.829239	11.316313	7.916093	7.777018	-7.678233	9.081249	5.830450	1.526470	7.922192	-4.577416	-2.082377	9.081249	5.830450	5.293599	7.922192	1.778534	-6.162874	-5.469829	-4.347895	3.737327	-7.008795	-4.577084	-8.218070	-5.469829	-4.347895	-2.567909	-7.008795	-5.648737	-9.735129	9.081249	5.830450	-5.824787	7.922192	-9.497321
4735	7	-8.697338	-10.035975	-1.297497	5.632844	-9.274057	-1.086271	2.975842	-14.422518	-1.297497	12.111008	-9.274057	6.687288	4.765698	2.172336	7.514771	6.971864	6.145424	7.101880	-4.736174	2.470136	5.124500	0.617971	-0.439198	-1.110720	-9.594693	2.470136	5.124500	-6.237838	-0.439198	-6.568889	-8.116875	8.099286	7.518876	0.280963	6.152705	-1.981388	-12.642651	8.099286	7.518876	-6.280146	6.152705	-6.622588
4743	7	-4.376916	-0.748509	-4.738136	2.468347	7.087792	-5.333066	-7.830398	-8.253401	-9.792737	2.083355	-2.685524	-5.333293	-2.061453	6.442351	0.998335	3.377512	7.214412	-5.330564	-7.489191	-0.748509	-4.738136	-3.938707	7.087792	-9.878120	3.532666	-9.039211	-6.025581	10.604227	2.805598	4.916938	-5.425154	6.442365	0.998335	-3.806772	7.214412	-9.748775	3.539391	-12.801175	-9.798480	10.605548	-2.694646	4.918312
4776	7	-10.292822	-13.642287	-5.960001	-3.302898	-11.626563	-12.368815	-5.399404	-13.642287	-5.960001	2.628084	-11.626563	-5.888006	4.465291	-15.689387	-5.960001	7.680217	-11.626563	0.250375	4.615775	-15.691873	-5.960001	13.528760	-11.626563	6.226546	-8.407373	5.240900	5.824796	-5.364404	5.475124	-12.395481	6.447125	3.172527	5.824611	11.470818	5.475088	6.226607	6.297212	3.172584	5.824611	5.622275	5.475088	0.250428
4841	7	-6.962521	-6.340491	-3.462804	1.048233	-9.933555	-2.568038	5.746699	3.578678	5.339803	8.407014	7.762637	5.797795	6.161871	-9.692626	-3.721956	10.205098	-10.056197	5.797799	-11.474068	-6.338774	-3.462495	-4.528016	-9.933274	-8.055668	-12.318458	6.617276	5.437775	-6.477038	7.774346	-8.056906	-0.002855	-6.546004	-3.497818	5.133730	-9.963088	5.116746	-0.803991	6.494865	5.436527	3.131627	7.774221	3.969459
4882	7	-10.066216	-11.712505	-6.259972	1.527893	-10.526211	-3.701593	-13.672793	-11.712257	-6.259972	-4.222738	-10.526211	-8.965885	2.052320	-12.580977	-6.260192	7.562445	-10.526211	-0.222548	-15.715228	6.452814	6.299503	-9.327038	7.156476	-8.965885	2.062062	-12.585348	-6.260193	11.085486	-10.526211	3.763643	2.353714	5.441499	6.299483	2.866113	7.156381	0.046320	2.497611	5.368159	6.299481	6.586054	7.156363	4.168692
4893	7	-9.332321	-11.842239	-4.708016	-4.985616	-13.013045	1.210218	2.098079	-16.188949	-4.708016	11.442876	-13.238342	6.604735	-11.657919	5.833948	7.732155	-9.612565	5.307385	0.840187	-4.054021	-11.842239	-4.708016	7.037960	-13.013046	4.170960	-5.272698	5.833948	7.732155	2.542933	5.307385	3.991739	-15.029724	-11.842239	-4.708016	-6.015350	-13.013045	-4.438958	1.190937	2.444699	7.732150	6.952576	5.268802	5.066796
4956	7	4.129506	-1.254650	5.975705	0.541050	8.009510	-1.823376	9.875072	-1.282336	5.948838	2.559561	8.008447	4.174701	-7.710863	-10.574039	-0.852836	-4.998196	-4.596374	-10.834447	-7.438166	4.160620	8.231863	-11.340872	8.020120	-11.484283	2.614217	-13.903251	-0.852842	6.791253	-4.596374	-2.038652	7.815390	-15.914545	-0.852842	8.873004	-4.596374	4.326096	-3.013409	-10.574039	-0.852836	1.327148	-4.596374	-7.884762
4992	7	3.873592	-5.903266	-0.252175	13.754042	-11.079439	6.451391	4.152136	3.181390	8.005261	7.581244	5.633712	6.468999	-10.547991	7.080049	8.011410	-9.593001	5.633714	1.029130	-2.520899	-2.361256	1.170576	7.771319	-11.020881	4.546419	-11.162451	-2.361222	1.170581	-4.124656	-11.020880	-4.280257	-2.274537	7.080002	8.011410	1.585318	5.633714	4.378371	-10.907748	7.080049	8.011410	-10.314732	5.633714	-4.915372
5021	7	-11.950534	7.963308	6.151014	-8.275110	8.316995	-6.063136	-3.743618	7.963306	6.151014	0.990698	8.316995	3.953446	3.169017	6.161458	6.151014	6.201303	8.316995	8.362603	-2.519669	-8.687088	-3.749618	3.119445	-2.206459	4.710270	4.124603	-12.536852	-3.749618	8.158879	-2.206459	8.607469	4.123597	-6.379419	1.375081	7.995069	4.038015	8.607270	-11.283996	-8.687060	-3.749618	-6.360564	-2.206459	-6.060241
5135	7	-6.061307	-6.200281	-3.811271	3.542995	-9.833777	-2.150291	4.772849	-11.588917	-4.307063	11.380766	-9.834351	7.510722	-12.167248	7.237909	6.161431	-9.176472	7.865963	-8.118688	-9.710219	-6.200281	-3.811271	-3.820678	-9.833777	-8.045820	5.073337	1.815294	5.584395	6.098311	7.745198	7.535189	-1.162212	-9.458295	-4.258672	7.163584	-9.834310	4.879698	-1.304370	4.493771	6.067310	1.813269	7.857309	4.734604
5140	7	-7.321128	5.541959	4.415338	-6.031411	8.223526	-8.912006	4.151137	-14.183756	-6.889067	10.205721	-8.837661	-0.097491	-10.026572	-9.326826	-6.849193	-3.997085	-8.836231	-8.788487	-5.288997	-9.326826	-6.849193	1.188859	-8.836231	-3.279784	6.867842	0.521069	4.410239	8.257176	8.221513	-0.063504	8.630272	0.521069	4.410239	9.937262	8.221513	3.433871	5.936528	-14.184328	-6.889067	11.933765	-8.837661	3.433050
5141	7	-6.346100	7.877816	6.324438	-11.161307	7.551116	-10.784317	-4.690317	-2.405745	-4.060575	0.234956	-6.083858	-6.268546	2.858014	-6.841055	-4.540435	12.576582	-6.266294	5.705521	-10.206242	-2.405745	-4.060575	-5.913461	-6.083858	-10.784202	2.392555	4.700189	6.324438	1.385369	7.551116	-0.817190	-5.127553	2.091631	1.682773	-5.912683	-1.092221	-10.784202	6.734355	2.178070	6.324405	7.686824	7.551073	5.705521
5231	7	1.637541	-3.323731	-5.044440	7.036463	-5.095430	-1.137244	-7.933129	0.004150	0.619238	-4.735565	1.626362	-12.830566	-10.494920	6.504099	5.691160	-10.369946	8.249025	-14.128985	2.197956	4.132123	5.691137	1.460696	8.237148	-1.146641	-2.224749	-1.161378	-5.004590	0.852400	-4.224799	-5.060866	-7.847314	-1.143648	-5.002428	-4.554189	-4.208862	-12.609171	-2.592151	-0.006181	0.578684	0.669003	1.614334	-5.909120
5258	7	-9.919620	-7.931161	-1.392640	-2.596461	-10.767365	-7.948550	-10.087060	7.263590	6.651725	-5.201539	6.947569	-7.948612	3.731573	5.279814	6.651725	8.940587	6.947569	7.622884	-4.516380	-7.946114	-1.392640	3.634442	-10.767399	-1.797121	-0.214444	-8.204931	-1.392640	9.889091	-10.767846	7.314722	-0.383384	7.017478	6.651725	7.193708	6.947569	7.158401	3.903575	-10.032868	-1.392640	11.558919	-10.768459	7.622887
5285	7	5.133518	-13.099973	-2.252654	10.985033	-5.100437	6.798107	-0.800565	-6.974847	-0.970961	7.809687	-5.100436	5.713876	-13.091567	6.450915	6.268672	-10.342098	7.253941	-9.732816	-13.354338	-6.790837	-0.865561	-6.433531	-5.100436	-9.156148	-7.386641	-6.790837	-0.865561	2.525853	-5.100436	-3.743533	-0.526775	6.017522	6.267986	4.276911	7.253941	5.971427	0.550298	-3.397644	5.023928	5.870251	3.283672	6.663415
5346	7	-8.119858	4.943592	3.269139	-3.790797	-1.131014	-4.002752	3.270511	-11.767436	-2.912980	13.536801	-8.815455	5.700485	-6.790633	-4.878112	-2.900487	2.761025	-7.611909	-2.662683	-10.486873	7.143624	7.450087	-8.599563	6.513669	-9.036518	-2.084123	4.758805	3.269131	3.245354	-1.133872	-2.660387	-12.825929	-4.878080	-2.900486	-3.531903	-7.611892	-3.368808	5.592139	1.403101	7.449749	8.515322	6.293259	6.078805
5370	7	4.761664	1.692368	8.094324	8.051472	5.802873	5.679088	4.432524	-16.592739	-2.457445	12.284402	-10.977583	5.680332	-9.809634	7.102619	8.142917	-6.607150	6.047771	-9.774957	-9.920951	-11.618066	-2.457435	-2.362559	-10.977583	-7.361385	-5.304591	-11.618075	-2.457435	5.156511	-10.977583	-5.545918	0.605576	-12.804679	-2.457443	11.428572	-10.977583	5.031865	0.905165	5.372179	8.142643	7.313797	6.047649	5.217546
5506	7	4.038383	4.628825	5.493014	7.798658	6.702352	7.251748	-1.793943	-9.096008	-0.852481	5.479779	-12.246582	3.140706	-7.148722	-9.092958	-0.852330	5.247274	-12.246582	-2.658816	4.201726	-12.098445	-0.916088	11.540601	-12.246582	7.267463	-1.987708	7.397317	5.548254	1.627202	6.702871	3.139636	-12.626372	7.399648	5.548269	-4.232067	6.702871	-4.844301	-7.334589	7.399647	5.548269	1.350370	6.702871	-2.658816
5607	7	-15.280681	-10.297663	-0.927871	-6.990649	-10.332339	-7.140885	-4.182107	-10.297781	-0.927871	6.098822	-10.332341	3.943544	-12.809097	4.030165	8.410200	-12.985071	0.583281	-7.140038	-1.997398	6.097675	8.803690	1.552795	3.804761	4.509817	-1.700863	4.026488	8.410183	1.790703	0.583281	4.669803	-13.101717	6.100113	8.803691	-12.988908	3.804761	-7.140227	3.893095	1.359069	8.285852	5.240147	0.581932	5.935001
5617	7	-12.794792	-12.479817	-5.953327	-3.850558	-12.031814	-11.625269	-13.647142	7.305593	6.535397	-9.503498	5.474065	-11.633153	3.855710	-18.417587	-5.953327	12.480612	-12.031814	5.010811	1.219333	3.533316	5.805789	6.632814	4.112649	2.748637	3.765252	3.352714	6.289876	6.537877	5.006762	4.398163	4.355405	2.167547	6.501580	6.735063	5.393207	4.951697	0.583462	2.048429	5.620453	6.712833	3.714102	2.839239
5674	7	-11.877444	-10.409954	-5.462892	-6.474433	-9.063995	-5.442042	-11.768698	6.811814	7.466562	-12.375455	7.629314	-5.442042	-2.257763	-10.415155	-5.462892	8.076679	-9.063995	8.322497	4.100855	0.656394	7.464599	6.027616	5.480501	8.599981	-6.185607	-10.409955	-5.462892	2.122220	-9.063995	0.949307	4.064901	-15.555185	-5.462892	11.349882	-9.063995	8.599981	-2.173079	6.805703	7.466562	2.526307	7.629314	8.373624
5720	7	-0.402217	-10.527848	-7.253564	5.412098	-8.914988	4.505199	4.838293	-15.549102	-7.253564	11.346295	-8.914988	6.794089	-9.218420	-9.301904	-7.253562	-5.240660	-8.914988	-8.747612	-8.289585	8.349168	5.719056	-8.350382	7.541072	-8.781279	-3.822475	-9.318942	-7.253562	1.059123	-8.914988	-0.089033	0.751302	5.500033	5.719052	3.906810	7.541072	5.406797	5.775588	2.060871	5.712853	8.262116	7.538613	6.862389
5733	7	-4.467633	-8.530743	-7.147879	0.825660	-8.400156	-5.888895	-8.585674	-8.530648	-7.147879	-4.890315	-8.400156	-9.310435	-10.641354	6.995977	2.889428	-4.946472	5.463638	-9.314937	3.786713	-12.536922	-7.147882	7.277896	-8.400716	-0.366735	5.723701	2.974130	2.888648	11.805325	5.425013	5.745850	7.823375	-12.547766	-7.147882	11.861303	-8.400716	5.745914	-6.517237	6.995975	2.889428	0.763326	5.463638	-6.844104
5752	7	1.218817	4.678607	8.841453	6.689120	6.766786	-0.798141	1.250950	-9.301776	-2.629891	12.293602	-10.018497	-0.797858	-4.856951	-7.876626	-2.629875	1.925792	-9.962855	-6.336993	-9.312791	6.066557	8.841486	-7.042277	6.821288	-7.068290	4.240026	-12.632326	-2.629892	13.132555	-10.049208	4.438596	-6.685178	-7.876130	-2.629875	-1.425575	-9.962825	-6.540425	4.116396	1.361328	8.807930	7.530435	6.156775	4.438596
5773	7	8.242259	-14.293223	-4.210395	11.323468	-2.245215	7.395911	-1.600705	5.301184	7.721257	3.030322	7.714314	5.241760	-11.122525	5.442388	7.721420	-8.067296	7.714330	-3.520655	4.963206	2.153215	7.651741	6.310689	7.671169	7.395894	-3.255815	-8.845887	-4.209892	1.937399	-2.245214	-0.769439	-6.811070	5.438579	7.721416	-2.048706	7.714329	2.360446	-7.830324	-8.801407	-4.209860	-3.001767	-2.245214	-3.518150
5794	7	-11.030824	-6.229754	-5.896833	-5.198273	-10.482167	-4.871020	-4.735232	-6.242721	-5.896835	2.726038	-10.482170	-2.512199	6.365940	-9.745737	-5.896910	11.126660	-10.482289	7.405739	6.780234	1.582951	6.660399	4.607448	7.346436	7.307565	-10.774142	5.314567	6.829365	-11.769264	7.452177	-4.968946	0.213861	4.959740	6.829281	1.123261	7.452126	6.070433	-0.085708	-6.525002	-5.896868	7.389108	-10.482223	6.382617
5800	7	3.009629	-13.347389	-7.069932	12.152949	-10.510418	8.558565	-6.765911	-9.695094	-7.069932	8.615531	-10.510418	-0.781138	-1.628169	-9.755508	-7.069932	10.926259	-10.510418	4.298451	-13.009497	5.898070	5.840293	-4.826386	6.735294	-6.977122	3.449140	1.284216	5.829585	6.157603	6.483447	8.559182	-6.097978	5.897943	5.840293	2.608852	6.735294	-0.781139	-0.956100	5.748798	5.840293	4.924514	6.735293	4.301598
5837	7	-5.329574	-12.456379	-2.690463	1.734661	0.175519	-3.848079	6.135718	-16.366434	-2.690467	12.547003	0.175431	6.634356	-8.405046	5.226556	7.715948	-7.181064	7.869437	-9.049067	8.690449	0.850001	6.968937	7.990473	7.849774	6.634356	-5.328067	-12.553718	-2.709643	1.736785	-5.944369	-3.847851	0.120795	-13.264974	-2.709643	7.974225	-5.944418	6.148257	6.136692	-16.464015	-2.709643	12.548399	-5.944446	6.634356
5989	7	-8.347029	3.631316	7.151659	-6.841243	6.647542	-9.541373	-5.790292	-1.834932	3.655635	-3.675549	5.661663	-9.399336	-8.574389	-12.346995	-4.241947	-2.847090	-9.712351	-8.896434	3.740829	-15.577992	-4.241953	9.403887	-9.712410	7.573211	-0.321744	-12.349492	-4.241947	5.637646	-9.712352	4.813117	3.130825	0.581881	6.689143	5.378092	6.621144	7.523897	-0.367215	3.629114	7.151634	1.598277	6.647541	4.739207
6019	7	-12.041921	-8.226767	-4.003764	-3.088965	-8.464060	-9.570452	0.281240	2.848675	8.251178	3.814411	6.369807	5.329542	-12.409695	5.159173	8.251207	-8.959663	6.369906	-9.621216	0.065076	-10.094687	-4.004255	9.537304	-8.464060	5.155597	3.126164	-13.191646	-4.004265	10.825924	-8.464060	7.137968	-6.360857	-8.226774	-4.003764	3.564259	-8.464060	-3.745404	2.960225	0.184423	8.241595	4.928937	4.409937	7.065601
6068	7	0.988192	-11.130955	-4.207385	-6.183885	-9.368373	-7.638276	0.877719	6.298108	6.722597	-12.278103	7.967498	-7.795433	-5.341178	-11.084642	-4.207385	-6.383884	-9.368373	-11.941034	5.827262	5.037781	6.722595	1.888321	7.967246	6.097481	4.950604	-12.374635	-4.207385	2.585908	-9.368373	0.704359	5.606824	-12.374638	-4.207385	7.990448	-9.368373	6.206794	-5.460563	6.327777	6.722597	-12.428463	7.967499	-11.941951
6224	7	-1.792369	3.676360	4.139946	7.274192	6.689448	3.954089	-6.953128	3.676363	4.139946	1.149813	6.689448	-2.660493	3.422811	-12.669706	-7.404995	12.952735	-8.674097	8.177354	4.185732	-0.392911	4.076478	10.282910	4.708383	8.192071	-1.366396	-8.645344	-5.316675	10.222995	-8.673943	3.956570	-6.418247	-8.645328	-5.316663	4.608589	-8.673943	-2.658414	2.919037	-5.017888	3.019289	12.165823	1.232319	8.127697
6241	7	-9.519612	-9.770602	-3.152378	-5.023511	-10.651929	-8.978338	3.334271	4.181555	6.729841	4.800704	7.078370	6.954896	4.892243	-16.163998	-3.152378	11.594290	-10.651929	7.231441	2.902965	-1.421013	6.704595	5.037254	7.265714	7.101128	-9.927063	6.659796	7.268958	-11.503047	7.998137	-10.683419	3.490162	-0.813807	7.122821	5.078820	7.470623	7.118815	3.830678	3.646933	6.925947	4.930667	7.248410	6.977204
6265	7	11.016603	1.615732	5.217963	7.014323	5.202005	8.002841	-0.318417	-3.778185	-3.237710	7.966989	-9.194497	7.998565	5.786114	-9.405577	-4.664541	11.491047	-9.242834	8.002992	-5.342510	7.486801	5.625702	-11.051432	5.318985	-2.228130	-1.302636	7.485153	5.625693	-4.275452	5.318984	6.117233	-4.398406	0.822930	-0.488961	-4.964077	-3.650625	-1.312542	-10.431597	-3.679617	-3.177951	-5.030371	-9.187521	-2.449315
6371	7	7.030828	-7.250175	0.093997	12.172049	6.442741	8.482093	-2.144872	7.191801	6.159667	1.120279	7.710983	4.816773	4.833876	2.304413	5.747406	6.711792	7.694883	8.391878	-13.855104	7.191825	6.159667	-9.956292	7.710983	-6.197089	-4.927764	-7.862837	-5.449366	2.826747	-3.996531	-1.939674	7.030828	-12.747903	-5.725209	12.386482	-3.996593	8.482093	-11.113661	-7.862837	-5.449366	-4.280912	-3.996531	-6.181015
6435	7	-9.410973	-2.398517	-1.964343	-2.779564	-7.890723	-2.212252	-0.430769	-2.707712	-2.196087	7.766865	-8.074124	6.029387	-2.956891	7.657136	6.294485	1.525286	6.863652	6.016310	-13.364389	7.657163	6.294485	-8.972705	6.863652	-2.311224	5.754276	-9.428106	-4.366340	9.657414	-9.460680	6.812145	4.728684	1.262186	5.382948	3.474784	6.083505	6.811906	-6.776847	7.657163	6.294485	-2.861206	6.863652	3.356458
6502	7	-0.824758	6.931814	5.534570	4.057507	8.059032	5.382426	-11.261726	-2.844268	0.487389	-2.545271	4.208151	-7.913362	4.700332	4.473546	5.534566	10.102778	8.059032	8.968795	5.989871	-6.503884	0.462733	13.769336	4.190465	8.968800	-13.469131	7.092969	5.534570	-6.510378	8.059032	-10.027185	5.976902	-6.651041	-4.029068	13.769321	-5.124525	8.968800	-11.340711	-3.001944	-4.013093	-2.545270	-5.114272	-7.913360
6630	7	2.610322	-9.935380	-4.094025	10.936038	-8.263171	6.197775	-11.936025	7.173420	8.407336	-6.671152	5.626696	-12.782824	-4.394311	1.150725	1.589168	-0.565381	-1.265336	-12.618939	4.076655	3.295388	8.403821	5.580321	5.445662	6.211040	-9.603028	-8.918385	-4.094025	2.287038	-8.241431	-6.466499	-4.081348	1.150724	1.589168	2.287110	-1.265336	-6.466497	-9.915962	-8.918385	-4.094025	-0.565265	-8.241431	-12.618864
6878	7	-9.874248	-6.943857	2.136290	-1.526912	-7.915671	-5.985709	-8.353372	-6.943857	2.136290	3.525347	-7.915671	-1.932352	4.666074	4.406416	9.082086	7.887867	4.276998	8.495611	-12.212646	9.247328	9.082086	-7.012109	4.276998	-7.129717	-2.022444	9.244352	9.082086	4.024022	4.276998	4.279021	-2.211156	-6.945867	2.136290	9.336479	-7.915671	4.118015	4.412215	-11.772907	2.136290	13.211300	-7.915671	8.439737
6893	7	7.210713	-12.806184	-1.962018	11.123270	-4.764464	6.743970	-10.575260	6.923412	5.981648	-6.148178	5.574272	-8.439114	-6.797218	6.920355	5.981648	0.605028	5.574271	-2.158269	-5.345982	-8.078699	-1.927504	4.420189	-4.752112	-2.118051	-9.169553	-8.070020	-1.927091	-2.250159	-4.751964	-2.845561	5.844265	3.194071	5.981534	7.360519	5.535396	6.743396	-0.542393	6.691776	5.981648	1.591346	5.574187	4.689803
6951	7	3.517767	-7.923682	-5.104607	12.323443	-5.932829	7.343454	-9.925255	6.759026	7.660544	-11.072549	9.149321	-5.963986	4.516007	1.760292	7.223503	6.524262	9.148073	7.343371	-3.584510	6.759026	7.660544	-5.937721	9.149321	5.264810	-11.117689	-4.623747	-3.544461	-5.197007	-5.932817	-5.961156	-8.522724	-4.623747	-3.544461	1.789146	-5.932817	-4.461781	-1.893053	-4.623752	-3.544465	5.897358	-5.932817	7.341581
6958	7	-12.765703	5.885136	7.253557	-9.030884	7.344107	-8.816331	-7.841289	-11.714923	-4.252646	0.980927	-10.799287	-3.915022	-3.953084	5.869800	7.253556	2.297105	7.344107	2.938613	3.994893	-14.651575	-4.252646	13.271130	-10.799287	9.240361	-2.604651	-11.810700	-4.252646	7.355803	-10.799287	3.315479	-11.725898	-11.714853	-4.252646	-3.977281	-10.799287	-7.214674	3.019527	2.984372	7.248813	7.877998	7.342712	8.833295
