13	7	-4.301803	-7.690282	-7.096288	2.147718	-10.559195	7.740613	2.002514	-11.725112	-7.096288	5.751296	-10.559195	11.459656	2.769590	2.968372	5.916809	2.368501	7.361586	11.778130	-14.433051	8.448250	5.916917	-10.709350	7.361588	1.917507	-16.626926	-7.690282	-7.096288	-9.210664	-10.559195	-2.658578	-13.998870	-7.690282	-7.096288	-5.332749	-10.559195	1.938980	-15.781396	8.448250	5.916917	-14.493413	7.361588	-2.658583
136	7	-0.058612	-13.346293	-3.070642	7.492498	-8.116607	-0.204455	4.753155	-18.679345	-3.070642	8.759480	-8.116607	11.124051	-6.903039	-13.341957	-3.070642	-5.604210	-8.116607	-6.676671	0.646290	3.511822	6.587863	3.645823	5.999632	5.508595	-8.019329	3.530535	6.587863	-9.810348	5.999640	-6.722643	3.420264	1.093778	6.583990	4.448565	5.871060	11.112667	-1.205042	3.530134	6.587863	2.736292	5.999640	-0.264378
374	7	6.446901	-11.450389	-4.431769	6.320402	-9.054973	11.734439	-2.494588	5.744110	5.362033	-10.992663	0.783449	4.312702	5.821791	2.779702	6.605907	-0.105880	6.874357	11.525405	-3.526185	7.757617	6.609744	-11.310246	6.939816	3.598395	-4.778477	7.757703	6.609744	-17.437662	6.939816	-3.003641	-3.374261	-6.478330	-4.431734	-11.009636	-9.053709	-2.201788	-3.919545	5.747221	5.362051	-17.435180	0.783482	-2.582436
393	7	7.300598	1.075461	7.714309	4.141929	7.853900	10.254334	4.709714	-9.710451	-4.751292	6.802383	-1.180997	10.062903	-3.919207	7.391426	8.044158	-1.386893	7.867797	3.940866	-0.688093	-1.006803	1.567245	1.961314	6.866382	7.340919	-1.090372	-4.291645	-4.748588	1.768349	-1.174413	7.020493	-12.987730	-3.783075	-4.743371	-9.382507	-1.162162	-3.047680	-10.262708	7.391430	8.044158	-12.733522	7.867797	-3.024660
531	7	2.930694	-13.640203	-5.664686	6.691846	-12.954070	11.452931	-12.326536	-7.607992	-5.664686	-5.989391	-12.954070	-5.353763	-8.579460	-7.607992	-5.664686	-3.899699	-12.954070	0.985074	-3.779630	-7.607992	-5.664686	3.814920	-12.954070	6.489407	-8.950685	4.736810	5.682084	-8.794339	5.873333	0.985074	-12.697599	4.736810	5.682084	-10.379398	5.873333	-5.353763	2.037766	1.215394	5.679329	1.888480	5.854631	11.213423
602	7	-9.992740	9.495297	5.361755	-12.955908	6.432644	-4.976227	8.748967	4.281074	5.361745	3.404524	6.432644	11.324957	2.386692	4.281222	5.361745	-1.950789	6.432644	11.100109	-13.444625	-4.647377	-3.820002	-10.173597	-8.596787	-4.972770	5.250053	-9.861598	-3.820002	6.186882	-8.596787	11.325084	-7.127651	-4.647377	-3.820002	-3.946395	-8.596787	3.943866	-1.417840	-4.712323	-3.820002	1.193486	-8.596787	5.856953
671	7	-8.052029	5.526259	2.932311	-12.488255	-1.307651	-5.326884	10.073609	1.976975	2.919822	3.963130	-2.877471	10.629784	3.767858	-4.171388	-2.447232	7.027082	-10.390404	10.488546	-6.931091	-1.088109	-2.402356	-3.301849	-7.512549	4.204663	-13.320117	9.024777	7.108086	-14.144010	6.515455	-5.658246	4.834577	5.834681	7.108086	2.287635	6.470443	10.549309	-13.212653	-1.088082	-2.402351	-9.389374	-7.512519	-5.057460
749	7	-15.134116	6.782141	5.670816	-12.105861	7.940771	-0.411559	-6.567741	-3.709841	0.760475	-5.054024	4.289687	6.204600	-8.731765	6.782139	5.670816	-7.711046	7.940771	6.204600	-6.718583	-9.139911	-5.475338	-5.053686	-4.076531	6.204600	3.262537	-7.780523	0.747415	6.040157	3.938839	12.611994	3.261712	-13.160938	-5.475338	6.040247	-4.076753	12.611937	-14.335050	-3.709803	0.760476	-9.450130	4.289701	-0.411559
752	7	5.180193	2.119128	7.825779	2.211315	6.991936	12.587166	-0.894906	6.711333	7.836874	1.480241	6.991941	9.001378	-7.760166	7.075635	7.836881	-13.571408	6.991941	-5.315300	4.364882	-11.396527	-0.619117	7.469612	-10.444198	12.598795	-8.929201	-6.504432	-0.614076	-8.370604	-9.906371	-5.316017	-1.495393	-6.676403	-0.615145	6.504906	-10.048018	8.274262	-3.997666	1.952205	1.968345	-7.629308	-1.744719	-5.160409
768	7	-2.585489	6.286480	6.080355	-3.087690	7.524979	8.687233	-2.209876	-10.582967	-0.204438	5.202167	-3.212950	8.989957	4.294329	-12.920769	-0.204438	8.015826	-3.212954	11.746073	-7.612923	-10.490600	-0.204438	-1.719233	-3.212949	5.908161	9.381443	2.421641	6.032140	6.575159	7.483190	11.847321	-7.420739	6.357427	6.080357	-7.404664	7.524998	-5.557946	-12.517058	-10.488357	-0.204438	-5.643095	-3.212949	-3.984704
894	7	3.863366	-9.771548	-6.100773	4.563917	-9.151654	10.400339	-0.403732	-5.707370	-6.100695	3.897620	-9.151654	8.547309	-4.517264	-5.703561	-6.100695	-4.947805	-9.151654	3.846158	0.356874	6.394394	6.188143	1.589485	8.252216	9.989213	-3.759187	6.412752	6.188144	-6.901157	8.252216	3.848760	-11.226193	-5.703560	-6.100695	-13.701005	-9.151654	0.188556	-10.043466	6.412755	6.188144	-16.150828	8.252216	0.188556
1076	7	-5.526438	6.640848	3.753498	-11.417308	5.728537	-9.675014	3.919854	4.489994	3.753483	-4.993519	5.728502	2.174445	8.711180	3.608244	3.753404	5.094538	5.728316	6.430629	-4.131648	3.312081	0.758671	-11.160181	-0.351620	-9.675008	-10.048697	-9.821104	-8.752937	-11.512214	-6.961168	-9.675014	4.171475	-12.301344	-8.752938	4.731339	-6.961171	6.428742	4.571287	0.233568	0.634320	-4.774853	-0.411619	2.177735
1108	7	4.998470	-11.771833	-8.018422	4.336426	-6.466084	10.821223	-10.523539	-5.353227	-8.018105	-10.850871	-6.413731	-5.747745	3.521905	3.371390	4.682703	-1.730847	7.949900	4.313134	3.458122	3.534699	4.684587	-7.761316	7.950369	3.970494	-6.863540	8.824808	4.689254	-16.889592	7.951528	-5.747419	2.584909	-0.923757	0.058714	-5.532391	6.142923	3.388860	-5.287573	3.501826	-1.739102	-11.318034	-0.084879	-5.744833
1181	7	3.108535	-5.169464	-4.242468	6.575546	-10.461620	12.123437	-2.622938	-3.662463	-4.200061	-3.750068	-10.438163	6.296149	-6.281172	8.496532	7.201839	-15.827496	3.391109	-2.977702	-2.049435	-3.694975	-4.202919	3.410619	-10.440640	10.437354	-7.253488	-3.594102	-4.193406	-10.871161	-10.431978	-3.091898	-1.813892	8.436139	7.201839	-6.879890	3.391109	5.257196	4.061705	6.709824	7.201837	1.611181	3.391109	11.612709
1215	7	3.681233	0.667154	6.260386	2.659336	7.343249	10.785646	-13.296068	6.664504	6.260386	-8.422895	7.343249	1.496490	4.562579	-16.197353	-5.447057	7.862687	-9.152415	11.008435	-7.891468	-9.795774	-5.447057	-1.989166	-9.152413	5.004013	-1.708844	-9.795796	-5.447057	3.167151	-9.152413	7.142217	-13.693582	6.664504	6.260386	-13.785653	7.343249	-4.912254	-14.247166	-9.795774	-5.447057	-8.598464	-9.152413	-4.697064
1307	7	2.946183	0.907485	6.344086	1.654893	6.115316	13.303707	-7.516267	4.431135	6.876436	-8.801559	6.767391	3.349399	-11.449808	4.431135	6.876436	-11.715361	6.767391	-1.764586	2.585582	-11.534905	-2.152420	7.779497	-10.569273	13.613517	-12.423864	-9.266314	-2.135212	-5.448445	-10.567409	-0.629309	-7.664249	-9.266314	-2.135212	-2.235788	-10.567409	6.714266	-2.454468	-9.266314	-2.135212	4.853067	-10.567409	9.326482
1416	7	-7.540270	0.347766	2.526483	-8.910965	-3.025058	-3.053416	-12.636995	8.164979	8.335575	-14.012456	6.417235	-3.217982	4.345817	-10.009919	-1.654473	6.170498	-9.321590	10.923267	-1.442833	-8.924033	-1.654473	4.085059	-9.320564	7.792096	-6.590996	-8.804394	-1.654473	-2.697404	-9.320326	5.411667	-13.452448	-8.800608	-1.654473	-8.916571	-9.320318	-3.054036	5.162343	6.858858	8.335575	1.111145	6.417195	10.509659
1430	7	6.951091	3.130031	8.738271	-3.431357	5.864417	7.958902	-8.020123	7.313220	8.786389	-17.117128	5.864479	-4.130172	6.343982	0.312436	6.074853	0.103569	-1.946117	12.103400	4.039472	-3.248721	1.169456	5.100701	-9.342368	13.110071	-2.920726	-7.527179	-1.683378	1.533667	-9.347448	6.558722	-12.021447	-7.484714	-1.664495	-11.818772	-9.347448	-4.130165	3.311020	-9.063698	-2.182219	5.072387	-9.347448	13.077648
1454	7	3.951453	2.269768	5.062263	-2.868848	3.237045	8.826039	-1.201055	8.630042	5.085840	-8.526128	3.258924	4.382264	5.109593	-12.384957	-3.240863	5.070649	-11.150591	11.923878	-4.127613	-5.898358	-3.240857	-6.320235	-7.333059	2.916640	-6.958196	8.630758	5.085840	-12.791175	3.258924	-1.427516	7.984880	2.112874	5.051252	2.894269	3.234515	11.931168	-9.824852	-5.898358	-3.240857	-10.573092	-7.333059	-1.428618
1536	7	-5.423552	7.112644	6.998791	-9.592577	5.579489	2.527055	-5.192827	-8.024069	-4.624990	-3.123751	-9.935154	3.778436	2.956000	2.071770	6.998790	2.222345	5.574281	11.041167	-3.155689	-8.024077	-4.624990	3.181031	-9.935154	4.979128	-11.748374	-8.024069	-4.624990	-7.679707	-9.935154	-3.394050	2.404319	-12.093436	-4.624990	8.589819	-9.935154	10.990928	-11.206480	7.112644	6.998791	-14.061443	5.579489	-3.394060
1573	7	6.710862	-14.628192	0.086755	8.563713	-9.938831	9.665646	-5.594739	4.268121	3.240378	-1.923579	-2.147798	3.347766	-11.255020	-8.422803	0.086755	-4.910848	-9.938831	-2.763317	-13.478710	7.937015	5.864673	-9.501287	4.326814	-2.763339	3.981613	2.202794	5.860528	3.974097	4.313560	9.636979	-10.454113	4.268121	3.240378	-5.659011	-2.147798	-2.763331	-8.732537	7.937015	5.864673	-5.817947	4.326814	3.332008
1658	7	-5.393631	7.784558	5.610009	-13.116450	7.327022	1.614115	-7.390873	-10.427781	-2.915366	-6.855759	-9.692155	1.840921	3.825615	-14.925086	-2.915366	8.039274	-9.692155	12.591092	6.110703	3.138088	5.600446	2.812111	7.320365	12.438987	-2.297483	-10.427781	-2.915366	1.485316	-9.692155	5.708125	-8.810637	7.784558	5.610009	-16.060894	7.327022	-4.542682	-11.240426	-10.427781	-2.915366	-10.839906	-9.692155	-4.528688
1659	7	-9.426232	-9.584891	-1.215720	-7.534539	-7.474008	3.333249	-5.876084	6.729031	7.014860	-9.955005	6.506967	3.336939	-14.689802	-9.584890	-1.215720	-12.738850	-7.474008	-2.043598	-11.140305	6.729067	7.014861	-15.159408	6.506967	-2.043595	0.539173	6.489105	7.010300	-7.420000	6.506962	7.377295	2.952127	-12.014840	-1.230514	3.835750	-7.474012	12.003821	6.665213	1.798763	6.427482	1.864868	6.503609	12.220463
1726	7	-3.884944	7.878369	6.962706	-8.897684	6.237694	3.143564	-7.076513	-10.218389	-2.556235	-6.012033	-8.876272	3.158052	-3.356747	0.721230	5.916729	-8.101176	0.440593	3.144112	-12.688639	-10.216134	-2.555835	-11.361487	-8.876272	-2.971935	-9.496306	7.898038	6.962714	-14.227428	6.237694	-2.971944	-8.970963	0.775935	5.933252	-13.444393	0.469078	-2.971944	5.989139	4.234610	6.956393	2.431555	6.237542	12.174762
1859	7	-3.469045	8.325269	7.165003	-12.806454	7.479532	2.720942	6.925022	-8.274280	1.127553	6.322436	-0.674363	12.846911	-2.968031	-4.993968	-4.277744	-7.716847	-4.614508	2.762372	-9.167956	8.325269	7.165003	-17.115908	7.479532	-1.731494	6.925115	-10.269448	-4.277994	6.322451	-4.614762	12.846911	-2.961506	-2.834257	1.137876	-7.716204	-0.562410	2.763188	-8.882860	-2.834250	1.137877	-12.060238	-0.562408	-1.731494
1914	7	-0.533878	6.527407	6.852340	-8.434447	6.826597	4.532635	-7.444922	6.527412	6.852340	-14.441497	6.826597	-1.966873	1.752949	-8.316480	0.096850	7.480685	-5.942738	10.893051	3.083330	-5.676057	0.278183	7.602438	0.370871	10.900322	-6.029756	-8.245172	0.097332	-6.257810	-5.942737	2.784780	6.642896	2.034732	6.849671	2.769781	6.826561	10.900395	-11.093703	-8.245172	0.097332	-9.615723	-5.942737	-1.966873
1952	7	4.178660	-16.399607	-3.789414	7.093147	-8.899262	8.697389	-1.693951	-11.860979	-3.789414	1.032069	-8.899262	5.749590	-6.770257	7.026277	5.715141	-11.664309	6.279746	2.849967	-8.360723	-11.860978	-3.789414	-6.942098	-8.899262	2.823503	-13.843513	-11.860978	-3.789414	-11.354711	-8.899262	-2.989800	5.701032	2.429712	5.715127	2.324047	6.278390	8.935055	-12.296221	7.026277	5.715141	-16.123779	6.279746	-2.989228
2154	7	-2.537005	-9.952677	-1.405043	3.356592	-13.007797	4.799030	-12.758207	4.553993	9.099395	-13.577107	5.600581	-4.127261	-18.281294	-3.552549	6.907422	-13.577037	-0.384903	-4.127261	-12.517517	-9.759222	-1.405032	-7.491946	-13.007791	-4.127261	3.710608	-14.740319	-1.405065	8.575832	-13.007804	11.331993	-18.352926	-1.288865	9.077967	-13.577107	5.600577	-4.127261	-12.758264	2.424887	8.255525	-13.577106	-0.358438	-4.127261
2318	7	6.775254	-10.634884	-5.531336	8.746903	-9.693786	10.717264	-7.799295	7.058166	5.181300	0.892673	7.362492	-1.445455	5.077124	3.882412	5.181300	7.207721	7.362491	10.709813	-0.981510	7.058155	5.181300	3.393306	7.362492	6.632302	-13.392405	7.058166	5.181300	-9.035115	7.362492	-7.455791	-11.653038	-7.458091	-5.531336	-7.498161	-9.693786	-7.455790	-5.581143	-7.458091	-5.531336	2.747923	-9.693786	-1.169979
2330	7	5.216408	-10.457773	-4.501588	6.141849	-10.608727	11.833304	-7.333327	-5.816580	-4.501359	-5.179988	-10.597603	5.380942	0.382121	6.108654	5.844761	-4.685785	5.888269	5.396761	-11.537567	-5.816580	-4.501359	-6.890357	-10.597603	-0.567459	-10.266221	6.126652	5.844762	-9.621853	5.888288	-0.567459	-6.062430	6.126652	5.844762	-7.822075	5.888288	5.380918	6.475515	1.264496	5.803810	3.550402	5.348097	11.835001
2421	7	-2.296690	-8.409524	-1.918155	2.462310	-9.316859	9.314421	-7.869119	6.021054	8.295110	-10.117721	6.745894	1.392543	-11.787801	6.021054	8.295110	-12.955315	6.745894	-3.909872	4.273466	-12.775302	-1.918155	7.867291	-9.316861	13.473753	6.904411	1.071206	8.294715	2.701509	6.495436	13.477711	-14.824737	-8.409523	-1.918155	-7.789445	-9.316859	-3.909877	-10.908663	-8.409523	-1.918155	-4.939048	-9.316859	1.391371
2482	7	6.543805	-15.445567	-1.589328	6.474336	-10.418782	14.282872	-11.286528	-14.305282	-1.589328	-6.278311	-10.418098	0.258347	-6.446415	-14.305282	-1.589328	-4.794809	-10.418098	4.728112	-8.788724	3.333014	6.464516	-8.318077	6.833733	4.728112	-13.628834	3.333014	6.464516	-9.801578	6.833733	0.258347	-0.039945	-14.305986	-1.589328	1.337917	-10.418099	9.411572	4.056584	2.159191	6.460785	2.955338	6.577282	14.282864
2539	7	6.032999	-14.555733	-4.938465	9.525634	-8.488730	12.554661	-7.554351	-9.181687	-4.938465	-5.064768	-8.488730	0.225717	-6.923700	8.492967	6.895613	-15.976989	7.249030	-4.379474	7.322169	3.118802	6.895488	3.425732	7.248410	12.554687	-8.214087	-9.181687	-4.938465	-9.876984	-8.488730	-4.379474	-6.345486	8.492967	6.895613	-11.165025	7.249030	0.225648	4.927929	3.120910	6.895489	-3.141312	7.248413	6.007148
2712	7	5.379977	-10.479184	-4.660122	7.429518	-4.006177	11.681300	-9.861507	6.957117	5.456813	-13.083427	8.805561	-2.233562	3.850199	3.439883	5.456810	2.647435	8.804620	11.628519	0.634398	6.719641	5.456813	2.373746	8.805561	5.926632	-3.693859	6.957117	5.456813	-8.767682	8.805561	4.377127	-8.375919	-6.960860	-4.660122	-8.301415	-4.006177	-2.233562	-2.208218	-6.960874	-4.660122	-3.981384	-4.006177	4.378052
2784	7	-3.745126	-1.553430	4.614820	0.905015	3.984839	4.522142	4.108573	-14.365559	-0.745225	6.965152	-6.161597	11.608480	-13.704437	-1.553430	4.614820	-11.199164	3.984840	-4.514325	-12.197603	-8.317033	-0.745225	-10.319195	-6.161597	-4.514325	-11.849831	4.014441	8.483623	-15.753133	7.088751	-4.514325	-2.179500	-8.317043	-0.745225	1.805148	-6.161597	5.013010	3.210960	-5.898966	4.190878	6.508068	3.046338	11.459245
2840	7	5.479240	3.100971	5.943317	-3.475938	8.437609	5.944301	5.051512	-6.791999	0.170711	4.900364	1.042366	12.299811	-6.064002	8.230582	5.949681	-14.822164	8.566392	-6.033901	-0.730318	-7.477726	-6.122331	2.748640	-4.100032	5.969380	4.312487	-10.922569	-6.129462	5.004399	-4.167965	12.296465	6.805252	2.082301	5.923726	2.551627	8.315572	12.300303	-8.650273	-7.462754	-6.122182	-12.612266	-4.099274	-6.033901
3015	7	-17.667321	-8.793346	2.745085	-17.846856	-1.296785	-4.692072	-12.985487	-11.918212	-3.756627	-8.047072	-9.419047	0.776301	-14.724808	6.356986	7.911427	-17.930105	8.029283	-4.692072	1.315317	-12.138244	-3.761676	1.933475	-9.420493	10.188305	-16.543713	-11.918212	-3.756627	-11.631915	-9.419047	-4.692072	-11.166580	6.356986	7.911427	-14.345261	8.029283	0.776303	-14.109096	-8.793346	2.745085	-14.262013	-1.296785	0.776301
3154	7	7.599360	1.523612	7.317947	4.136061	6.365275	11.148282	4.945069	-12.511534	0.309893	6.800102	-8.102104	11.149600	-3.694002	7.434248	7.363707	-11.933559	6.513293	1.483560	-4.540663	7.434248	7.363707	-12.489411	6.513293	-5.103768	-7.206267	-6.710044	0.309902	-9.796366	-8.098803	-5.104211	3.172447	-2.237051	4.745929	5.669414	2.969424	11.147423	-6.363401	-6.710044	0.309902	-9.252878	-8.098803	1.479652
3259	7	2.958352	-14.142366	-4.739606	5.790529	-10.576903	14.158322	2.949081	2.960240	6.772677	3.269095	6.057850	14.155810	-8.540461	-12.371223	-4.738963	-6.843001	-10.553855	4.425683	-8.356406	4.725707	6.786026	-9.366041	6.122501	4.438424	-9.379293	-0.388726	5.800616	-8.727933	5.411844	4.383574	-13.159881	-12.369972	-4.738962	-10.511639	-10.553827	-1.354273	-12.976966	4.727129	6.786029	-13.037608	6.122529	-1.353722
3548	7	-4.779530	-6.794641	-4.718703	-3.988546	-7.180343	4.070748	-4.068435	4.955374	7.319547	-8.574803	5.194950	4.064942	3.287778	2.753192	7.077902	-2.915345	5.194800	4.484828	4.153728	-9.617889	-5.157238	6.626285	-7.180344	10.163713	-12.397682	-6.772254	-4.711864	-10.426408	-7.180343	-1.720897	-10.113171	4.991170	7.321342	-15.012735	5.194950	-1.720897	6.305591	0.807561	6.438919	2.244311	4.777288	10.169910
3560	7	2.939211	-7.813347	-0.628855	8.563404	4.152920	9.826042	2.940826	-8.233196	-2.804605	8.564864	-0.171568	9.826729	-10.909210	-5.747458	-0.565654	-6.643476	4.152960	-7.441477	-10.494784	5.416814	5.460641	-11.314080	8.295034	-7.440229	-2.096021	5.276359	5.460559	-0.169992	8.295030	3.758034	3.510720	2.925254	5.449018	4.266890	8.294368	10.042966	-10.907923	-6.166155	-2.768832	-6.643256	-0.171567	-7.441474
3611	7	0.031239	-10.852867	-5.882141	1.599584	-6.899721	5.327481	5.096640	3.919569	6.205196	2.091918	7.402504	9.634899	-9.560345	-10.707504	-5.882141	-8.180031	-6.899710	1.685242	-10.729062	6.872078	6.205203	-13.265623	7.403710	1.685240	6.265403	-13.717550	-5.882141	7.182975	-6.899769	9.680379	-10.702621	-10.707504	-5.882141	-8.438612	-6.899710	-2.969663	-11.871331	6.872078	6.205203	-13.524202	7.403710	-2.969664
3636	7	1.757920	-5.603073	-4.596981	5.729298	-13.139832	12.644401	-12.082155	2.407625	6.408603	-12.994334	-0.947541	-5.270090	-15.136340	-5.313718	-4.596951	-10.352629	-13.139795	-5.270090	3.201577	-0.066778	6.068075	3.348486	-1.621305	12.642141	-12.698254	6.433050	7.170431	-13.585253	5.320576	-5.270090	4.224611	1.672890	7.170308	2.496838	5.314138	12.629149	2.407039	-0.817897	0.944358	5.558423	-9.669983	12.644754
3718	7	-6.338077	-7.998895	-6.310688	-4.177002	-10.128329	2.442251	-5.461414	8.208148	4.482818	-5.075010	6.041805	2.442317	5.486891	-14.490572	-6.310688	7.527739	-10.128329	14.371352	0.199982	-8.062342	-6.310688	3.526751	-10.128329	10.393862	6.050194	1.700539	4.429045	6.734107	5.871002	14.371645	-11.060892	8.208148	4.482818	-10.752134	6.041805	-2.806356	-12.038125	-7.998895	-6.310688	-9.888457	-10.128329	-2.806356
3740	7	-12.938134	6.656161	4.531536	-9.841917	7.538246	-5.092891	1.799406	-15.265240	-4.185966	8.122533	-7.895806	10.221266	-4.766570	-10.244867	-4.185966	5.169759	-7.895806	5.151715	-6.639282	0.472152	1.129081	-4.288899	-3.633326	-5.091997	-13.248364	-10.244867	-4.185966	-4.375971	-7.895806	-5.092873	3.351987	1.108148	4.470926	3.214524	6.709268	10.939634	-7.478286	-10.244867	-4.185966	2.119604	-7.895806	-0.818923
3847	7	3.686568	5.926771	8.940252	2.040023	4.264110	11.385651	-2.306639	-10.747044	1.065430	1.513507	-11.488848	9.339377	-7.452930	7.476604	8.940252	-8.616563	4.264110	2.975284	-13.047213	-10.695487	1.065430	-9.479750	-11.488848	-3.145145	-8.798975	-10.696040	1.065430	-4.965748	-11.488848	2.975310	-11.700004	7.477907	8.940252	-13.130690	4.264110	-3.145145	2.278214	-11.573647	1.065430	5.444121	-11.488848	10.844061
3976	7	-10.268408	-8.090373	-4.229846	-8.622921	-4.850609	6.159183	-10.628450	8.158039	7.214664	-14.224614	6.431695	-0.084330	-8.634884	8.158039	7.214664	-9.246437	6.431695	6.117595	-4.655709	1.876185	1.780685	-8.670162	-4.477443	6.155710	-6.646421	1.876185	1.780685	-13.648314	-4.477443	-0.082933	-12.258876	-8.090373	-4.229846	-13.601071	-4.850609	-0.082814	2.403837	2.658942	7.214654	1.257513	6.430712	11.614608
3981	7	-10.806440	6.359929	7.041853	-12.216677	7.413597	-4.882620	-10.017196	-7.506632	-2.442801	-9.794147	-8.144700	-4.882620	3.584746	-9.932374	-2.442804	6.496545	-8.144700	11.130355	-9.022541	6.359929	7.041853	-8.122207	7.413597	1.115252	-1.369154	-7.506841	-2.442801	3.504052	-8.144700	5.729556	-8.231388	-7.506632	-2.442801	-5.639633	-8.144700	1.116093	2.474336	4.510089	7.041499	3.756873	7.413593	10.978193
4012	7	-10.098074	6.359259	6.667990	-10.507049	7.009033	-6.034945	-12.821734	-5.305575	-4.652841	-7.282076	-6.973972	-6.104650	-1.582891	-5.393163	-4.652998	-4.211232	-6.988090	3.639727	7.305451	2.063416	6.653019	3.472505	6.854388	11.973854	4.638387	-7.704745	-4.653777	6.713511	-7.188387	11.926630	1.147848	5.861022	6.667986	-3.373740	7.005348	5.223096	-8.282545	1.299434	0.307617	-7.282094	-4.871252	-5.846070
4126	7	5.957891	-18.152337	-4.097747	9.038379	-8.833293	14.282533	9.347347	-1.571605	3.137200	8.942940	2.690136	14.282533	-5.467010	4.836450	7.626256	-6.266430	8.893691	3.398299	-7.289590	-13.167421	-4.097747	-3.891014	-8.833293	-3.124670	-11.774343	4.836450	7.626256	-10.363261	8.893691	-3.189509	3.859319	0.236681	6.859101	-3.161182	8.212565	8.108075	3.962854	0.024808	6.566967	2.567683	7.606611	14.278576
4246	7	-5.874692	5.414032	7.971625	-20.129635	7.673505	-6.275657	0.288535	1.103303	7.535042	-10.800458	6.981980	4.897119	-7.588102	-8.889879	1.136813	-14.859446	1.392954	-6.474158	-1.760583	-9.748023	0.705005	-8.705492	-5.009397	4.797488	6.078387	-14.609447	1.113167	2.922297	1.379385	10.445917	-7.540097	-9.739477	0.705016	-14.818502	-5.009352	-6.473505	-1.818557	-8.896680	1.136698	-8.747066	1.392890	4.785032
4272	7	4.371462	-17.810186	-3.112289	5.818671	-6.441557	12.256747	-6.988704	-11.955235	-3.107578	-6.916216	-6.441055	3.500294	-7.171932	5.007904	7.492868	-9.542697	5.507856	3.489487	-12.927247	-11.955235	-3.107578	-12.059263	-6.441055	-2.998969	3.538708	-10.764351	3.423276	3.200242	3.877810	12.238138	2.259589	-1.697158	5.553101	1.584184	4.366312	11.856629	-13.103949	5.007904	7.492868	-14.644872	5.507856	-2.998977
4295	7	-7.783460	-11.169842	-4.053393	-3.199703	-9.885246	3.975362	3.828628	-16.148291	-4.053393	6.986197	-9.885246	11.855815	-11.371530	6.591095	6.384822	-11.768304	7.244404	-2.721719	-2.167577	-11.169846	-4.053393	3.761853	-9.885246	9.745526	-6.160557	6.591095	6.384822	-5.862454	7.244404	3.789899	-12.996144	-11.169842	-4.053393	-8.914928	-9.885246	-2.721718	-0.519113	6.590711	6.384822	2.126849	7.244404	9.751600
4344	7	-0.704612	-10.715792	-4.927531	2.908965	-8.002875	6.649067	-6.828424	-10.713534	-4.927531	-2.832202	-8.002875	5.178927	-12.131803	-10.713534	-4.927531	-5.463566	-8.002875	-0.473156	-11.075779	5.480554	6.188152	-8.282059	8.602593	-0.473156	4.106654	-15.363160	-4.927531	8.076755	-8.002875	10.899602	-5.779952	5.480554	6.188152	-5.650773	8.602593	5.178922	-6.666939	-10.713534	-4.927531	1.512274	-8.002875	0.941892
4372	7	8.314541	-8.572449	1.021663	4.697153	3.072961	11.262998	-3.634684	5.520391	5.294980	-15.922694	7.501010	-3.482757	5.833634	-8.571903	1.021663	-1.796189	3.072961	5.126513	8.315983	-11.104682	-3.829507	4.697212	-0.470480	11.262998	2.255187	4.518234	5.294980	-4.717606	7.501009	4.716763	-2.120347	-4.528380	-3.809749	-13.006625	-0.470339	-3.482652	5.835181	-11.104139	-3.829507	-1.796100	-0.470480	5.126518
4464	7	4.203676	-15.966038	-6.234886	7.514135	-11.929683	11.432187	-11.830389	-12.618740	-6.234883	-5.997461	-11.929683	-6.666582	-2.246898	-12.852007	-6.234884	3.407082	-11.929683	7.564637	-7.282518	-12.626176	-6.234883	0.368125	-11.929683	-2.403557	5.030921	1.839934	4.761897	-3.183389	6.050680	7.513207	7.527073	1.186461	4.693504	2.353283	5.500973	10.983717	-8.709233	5.593375	4.809984	-11.335360	6.194805	-7.309696
4480	7	-9.168188	6.588412	7.416567	-14.715851	6.506136	-1.761564	8.796330	0.034365	7.416567	2.026232	5.001473	9.526823	4.645282	-13.521084	1.867247	7.200347	-0.212497	9.485486	5.640458	0.038699	7.416567	-1.778196	5.004259	8.315803	4.648160	-15.418267	-3.220319	7.361148	-12.489660	9.486262	3.439303	-2.734538	7.415366	1.297505	2.867028	9.056436	-2.061358	-9.001284	-3.220319	1.382410	-12.353428	6.621722
4494	7	-13.544800	5.896596	5.180430	-15.202958	7.446801	-6.823322	0.578408	4.369376	0.969776	5.460169	-2.306079	10.896453	-12.142572	-5.895544	-5.592134	-9.503477	-9.409823	-6.823322	-9.946827	4.741814	0.970453	-9.477596	-2.189136	-6.823322	6.719025	4.231569	0.969536	6.038536	-2.355323	10.904632	4.512291	-6.422484	-5.592143	6.004911	-9.529607	10.904632	-1.917292	-5.903538	-5.592134	4.218260	-9.411899	6.564490
4507	7	3.810885	-9.567853	-3.912980	6.047793	-7.888215	13.241231	-0.053834	6.129444	6.147154	-5.897536	7.016545	4.779522	-2.440749	-5.989516	-3.911662	-3.349577	-7.879048	4.511745	4.376892	1.154524	6.147152	1.522217	6.641414	13.241859	-4.112384	6.135334	6.147154	-8.270519	7.016549	4.508832	-10.218983	6.135335	6.147154	-12.379175	7.016549	-1.482379	-11.087447	-5.989475	-3.911662	-8.159106	-7.879048	-1.482379
4593	7	-4.257376	7.655508	7.259322	-8.829467	4.177622	2.615405	-12.533080	-10.059595	0.383456	-4.487062	-9.816869	-3.414715	-2.470361	-10.059668	0.383456	2.441275	-9.816869	6.210176	3.291098	-13.126114	0.383456	7.114693	-9.816869	10.346203	-7.520270	-10.059595	0.383456	-2.402181	-9.816869	2.616958	-9.268524	7.655510	7.259322	-10.879793	4.177622	-3.414720	5.214408	1.302120	7.153226	0.725141	4.176236	9.072671
4672	7	-9.441750	-7.702790	-3.791527	-10.883264	-9.141545	-3.471391	-5.300723	7.277501	6.783348	-10.598901	7.785922	1.951977	3.739511	4.347720	6.777189	2.594120	7.694494	11.467663	2.800584	-9.689082	-3.793102	5.749054	-9.316275	11.116468	-6.285596	-7.702805	-3.791527	-7.135608	-9.141548	1.951613	-0.511396	7.249188	6.783343	-10.004425	7.785639	2.275520	-8.467916	7.277538	6.783348	-14.346809	7.785922	-3.471386
4709	7	7.687110	-10.186868	-4.632327	4.215640	-8.607283	11.524638	3.483432	1.863935	5.937464	-7.684575	6.756970	4.777067	-7.633526	7.337291	6.450889	-12.526926	6.778143	1.578118	-7.179755	0.262587	-1.281210	-7.356092	-4.648071	1.578139	-7.585307	0.262612	-1.281196	-10.550061	-4.648056	-4.521926	2.524916	-7.724744	-4.561420	-2.906146	-8.607283	4.460134	-8.039033	7.337299	6.450889	-15.716706	6.778143	-4.521937
4746	7	-4.974176	5.293806	7.238706	-10.451040	0.126979	0.455356	-0.729422	-11.468012	0.307152	5.562049	-4.863750	5.286815	2.897405	0.526469	7.620524	3.577046	5.525392	9.878646	-5.936328	-11.464007	0.307169	-8.383962	-4.863750	0.455106	-5.118763	6.071563	8.594054	-10.672062	6.305382	0.455281	-5.119894	6.071563	8.594054	-12.080505	6.305382	-6.105522	-5.937458	-11.464007	0.307169	-9.792264	-4.863750	-6.105686
4748	7	-7.883126	-8.833192	-4.471963	-5.192325	-9.570205	2.961099	-2.153037	-8.835274	-4.471963	1.160850	-9.570205	7.202861	-7.551372	6.840205	8.288271	-10.044295	7.926327	2.485591	4.683429	-14.240391	-4.471963	6.827263	-9.570209	11.925729	-13.760291	6.840205	8.288271	-14.488730	7.926327	-2.879966	-14.215530	-8.833192	-4.471963	-9.953521	-9.570205	-2.859244	5.064739	1.432789	7.977987	2.293286	7.905444	11.615929
4810	7	3.522127	-17.308665	-5.679402	6.719617	-4.178334	13.284613	-1.177134	-6.756030	0.403506	3.403369	3.210140	6.746091	3.329926	-12.302791	0.403506	6.685301	3.210140	13.228792	-7.877437	5.100602	6.946934	-12.904480	6.698414	-1.189194	-9.938679	-11.286560	-5.679402	-7.407486	-4.178334	-1.188512	-10.124832	-6.756029	0.403506	-7.439764	3.210140	-1.188542	-1.645273	5.100602	6.946934	-7.441921	6.698414	3.105497
4829	7	5.732108	3.355220	7.298479	2.936476	5.096139	11.082471	6.744015	-13.015838	-1.929821	8.509630	-10.986340	11.082476	2.508852	5.586380	7.299380	-3.602299	5.128449	6.185472	-8.263715	7.003322	7.299417	-15.157958	5.133986	-4.859392	-7.540896	-8.772936	-1.929130	-9.584789	-10.585744	-4.859392	-4.696292	-8.787600	-1.929144	-7.446118	-10.589462	0.183855	-5.686537	6.996191	7.299417	-13.019287	5.133969	0.183855
4922	7	-0.518422	2.608610	1.475707	-6.796202	-3.477548	3.054014	3.606686	-8.878779	-4.646806	4.344211	-10.693050	11.227598	-10.355177	7.441979	6.808754	-15.598270	7.448371	-6.910750	-10.787297	-2.977731	-3.893223	-12.945560	-10.691492	-6.918138	-5.153291	2.647251	1.475707	-13.149392	-3.477391	-6.144838	-4.904455	-2.977731	-3.893223	-0.292894	-10.691492	5.977250	3.697974	1.495575	6.808728	1.689824	7.350746	11.243802
4930	7	7.693752	-10.048255	-4.758909	7.087395	-3.771928	10.429943	-10.716532	6.525765	7.105591	-13.343694	9.239574	-7.160112	7.693786	-9.069658	-1.727132	7.087394	2.124302	10.429944	4.736105	0.873472	7.032547	2.849442	8.904551	10.162164	-8.135778	-3.744312	-1.606851	-9.113715	2.125527	-7.118160	-1.317607	6.525764	7.105591	2.827882	9.239574	6.761698	-8.194357	-4.779711	-4.744866	-9.113719	-3.771830	-7.120136
4949	7	4.048731	-13.128436	-3.347934	5.574859	-3.836850	10.968245	-2.429065	-8.586782	-3.347934	1.817972	-3.836850	8.569944	-8.531538	-8.574534	-3.347934	-8.612755	-3.836850	-3.346267	-1.772674	7.514853	5.958125	-6.535998	6.791222	5.797270	5.736970	3.003156	5.958075	1.808781	6.791222	10.968042	4.678701	3.004395	5.958075	-2.803509	6.791222	9.448474	-6.791813	7.562176	5.958125	-12.438981	6.791222	-3.345937
5102	7	9.821010	1.509608	1.180436	7.584050	-1.041502	11.209930	6.876352	7.212060	6.526779	3.689411	5.957359	11.207736	2.105194	7.215395	6.526779	-1.707382	5.957391	7.080504	-12.918835	-6.476796	-4.456810	-9.087592	-7.610490	-5.705433	-11.420733	7.273148	6.526779	-13.267997	5.957946	-5.705433	-8.493836	1.571781	1.181213	-9.373912	-1.014850	-5.705433	5.390409	-6.537884	-4.456842	7.869819	-7.625889	11.209931
5121	7	6.232912	-6.148649	-5.851330	6.376082	-11.701834	12.675762	-2.862186	2.397684	0.686790	-6.462712	-5.304806	-0.477868	-8.162456	-3.289306	-5.828115	-6.458802	-11.685350	-0.477868	-5.565206	-3.289306	-5.828115	-5.302259	-11.685350	4.585396	-6.543011	9.450538	6.925479	-9.867434	5.404705	4.585396	5.401349	7.021772	6.925479	1.805205	5.404705	12.642978	-9.140245	9.450538	6.925479	-11.023977	5.404705	-0.477868
5249	7	-4.182452	-4.175176	-0.996463	3.545508	-1.056521	9.632659	-2.271603	-2.011468	1.561340	4.373596	3.749389	9.739285	4.708217	5.062929	5.303336	0.857010	6.126103	11.179642	-12.201420	-1.959071	1.566836	-8.226734	3.752383	-1.733266	-11.804704	7.235243	5.303336	-13.723341	6.126105	-1.837474	-8.302642	7.234505	5.303336	-7.824362	6.126105	4.591751	-14.099882	-4.161178	-0.996458	-8.228633	-1.056516	-1.733401
5258	7	-1.303742	-7.184301	-7.752845	1.938376	-9.618165	7.609941	10.900926	3.127266	-0.064531	4.460356	2.029477	12.226880	4.785912	-11.233317	-7.752845	4.456112	-9.618165	12.226503	-12.479386	-7.174794	-7.752845	-9.817948	-9.618165	-2.799744	10.845413	3.246562	1.994704	4.455959	3.370860	12.226880	-6.419907	8.290928	1.994860	-9.822408	3.371988	-2.799744	-6.363567	8.173450	-0.057068	-9.818010	2.031315	-2.799744
5500	7	-1.977596	-9.836069	-4.941194	2.525223	-9.119898	9.286252	3.274390	-14.554797	-4.941194	7.969165	-9.119914	10.446858	5.247094	2.300830	7.073513	3.936989	4.362360	10.441794	-7.387793	7.228712	7.074817	-8.197621	4.362478	1.635338	-10.645757	-9.835944	-4.941194	-5.871972	-9.119898	-3.350967	-5.410644	-9.835944	-4.941194	1.561215	-9.119898	-0.797718	-8.734286	7.228712	7.074817	-9.938687	4.362478	-3.353228
5513	7	-5.344771	7.502346	6.478871	-11.731623	7.220181	5.067752	1.078682	4.976876	6.478868	-7.973100	7.220181	5.114184	-10.870150	7.606090	6.478871	-15.611274	7.220181	-1.167545	6.964630	3.003208	6.478832	1.415700	7.220181	12.132520	6.266652	-12.419642	-4.027536	6.496496	-4.596187	12.142574	-6.392294	-7.917160	-3.574147	-6.648857	-4.596187	5.288087	-11.923550	-7.865866	-3.545986	-10.524947	-4.596187	-1.165992
5551	7	-3.169086	-6.288961	-9.474470	-4.311045	-9.661108	2.856029	5.214706	-12.195192	-9.476593	7.479372	-9.661110	12.313720	6.274372	0.985979	3.422643	1.947392	6.495351	12.313854	-6.411176	6.894315	3.447842	-14.570387	6.564137	-1.576334	-1.747340	6.894281	3.447842	-9.520881	6.564137	2.946709	4.507018	0.987417	3.422718	-3.038120	6.495606	8.810083	-7.811047	-6.288961	-9.474470	-9.282826	-9.661108	-1.576339
5610	7	-7.630512	6.954685	5.934948	-13.066792	6.822116	3.164866	-11.312147	6.841378	4.960436	-18.260356	0.217160	-2.815855	-7.583241	-10.042284	-6.482240	-6.281641	-8.842143	3.486424	-14.120424	-10.036836	-6.481965	-12.475775	-8.842094	-2.811098	-4.852153	6.805664	4.959762	-12.360974	0.217041	3.167046	-14.086453	6.959957	5.935008	-18.961296	6.822123	-2.815889	5.491001	4.617614	4.850433	0.852446	0.193527	12.796514
5757	7	-1.371238	6.715384	3.170556	2.870954	-4.145097	6.927965	-14.801877	-5.305756	0.376297	-7.276949	-13.797213	-2.020279	-13.567682	7.115295	7.083390	-11.617935	3.206381	-2.020282	4.147123	2.690564	3.170444	7.502721	-4.147123	13.054161	-2.681486	-5.311858	0.376296	2.905021	-13.797359	6.857461	-13.494464	6.752398	3.170556	-7.310609	-4.145097	-2.020279	4.072232	3.101515	7.083318	3.190048	3.205997	13.051693
5825	7	4.804623	4.508341	6.296144	-4.592626	6.011463	8.578810	11.004649	2.336819	2.789636	5.808268	-6.799396	14.314668	10.932729	2.411955	2.963512	5.246529	-0.023377	14.314668	6.528872	-4.821924	-0.911788	7.137767	-10.059672	14.314668	-7.187774	7.901904	6.296145	-15.567752	6.012042	-2.402486	8.615667	4.400601	6.296143	1.900910	6.011318	14.313902	-5.002871	5.838950	2.790279	-11.381489	-6.747096	-2.401951
5891	7	1.900942	-15.832999	-1.532257	-1.297685	-10.989218	10.358100	7.247014	-17.079330	-1.532257	4.172720	-10.989588	11.873176	-9.326478	-11.338323	-1.532257	-11.192492	-10.975517	-4.429320	-9.680566	6.808763	4.475308	-11.762294	5.904386	-4.449607	-3.735266	-11.359454	-1.532257	-5.008493	-10.975724	3.681441	-4.449863	6.800912	4.475308	-5.706491	5.904254	3.200372	1.135334	3.126159	4.475286	-2.189890	5.644103	9.167330
5904	7	4.611149	-9.895181	-3.856246	5.044273	-8.471288	12.245363	-8.562190	-7.630647	-3.856217	-7.871417	-8.471141	-2.442322	-3.402337	6.248253	7.266167	-13.264078	5.079636	-2.442322	3.456783	4.804611	7.266146	-4.753224	5.073454	6.128053	-3.369559	3.505243	1.920828	-6.508418	-4.327256	-2.442322	3.446444	4.455537	5.592472	-3.158296	-0.967874	6.128138	-3.405145	5.896873	5.664928	-12.299763	-0.949086	-2.442322
5952	7	-0.684119	-10.850039	-1.546942	7.504522	-10.529343	12.913305	-4.825248	4.183632	8.790161	-5.065353	7.392612	3.603880	3.930548	-16.573256	-1.581531	7.505762	-10.531643	13.188790	-0.749713	4.183250	8.790135	3.406600	7.392612	12.887692	-10.087923	-10.849585	-1.546931	-3.013801	-10.529343	-3.536324	2.873900	0.918821	8.139630	3.409284	7.362575	13.185158	-11.214890	4.183632	8.790161	-7.104750	7.392612	-3.571206
5959	7	-11.817761	-12.157367	-3.989146	-10.484221	-10.745299	-5.721628	-0.432700	-12.492052	-3.989146	4.402718	-10.745299	5.912681	4.612897	-15.263474	-3.989146	4.655268	-10.745299	11.136560	-11.541559	6.167211	6.312202	-12.603793	6.425812	-5.721628	-5.922979	1.883068	1.210814	-10.469950	-2.221718	-5.720952	-0.133236	5.756709	6.312202	2.358563	6.425812	6.237810	4.885965	2.495144	6.312123	2.532424	6.425811	11.165815
5970	7	-5.804396	-8.272950	2.317391	-2.321268	-5.984851	2.275886	-9.020356	-8.272950	2.317391	-7.564355	-5.984851	-2.665723	-4.616897	7.139828	8.805648	-5.140484	5.045223	2.275621	4.812659	-14.225860	2.317391	5.823781	-5.985216	10.195188	-7.824252	7.139828	8.805648	-10.382576	5.045223	-2.665723	-7.862504	1.591366	6.766087	-9.941945	-1.045675	-2.665723	-4.655149	1.591366	6.766087	-4.699953	-1.045675	2.275621
6008	7	-1.268712	-10.010465	-4.148377	3.525025	-7.044756	8.090039	-3.481964	5.618471	6.030867	-3.557201	8.360615	6.870461	4.441957	2.490365	6.030867	5.292047	8.359857	9.662419	3.014170	-11.817035	-4.148377	6.221116	-7.044756	9.514120	-9.755923	5.666670	6.030867	-9.257336	8.360615	0.386677	-11.173880	-9.787870	-4.148377	-8.292582	-7.044756	0.386677	0.310268	5.105573	6.030867	2.432482	8.360615	8.093395
6039	7	1.970055	2.692516	5.048753	4.283382	5.018682	11.648152	-1.689388	-10.265499	-6.807862	6.146420	-8.019934	6.695608	-12.179392	6.951912	5.048755	-9.226252	5.065287	0.691108	0.434015	3.790374	5.048755	3.710803	5.055084	8.219340	-12.255701	6.952022	5.048755	-9.227340	5.065287	-4.301486	-13.838503	-8.654698	-6.807861	-5.489191	-8.019388	0.710402	-13.921067	-8.654660	-6.807861	-5.490285	-8.019388	-4.282735
6073	7	4.228007	-13.671501	0.464689	5.456277	-6.949663	12.717298	1.751569	5.565060	8.503316	-6.599186	5.222280	7.344079	-9.733097	6.652336	8.503316	-17.155017	5.222280	-3.220323	7.355720	3.204804	8.503316	0.397998	5.222279	11.433466	-4.064758	6.621524	8.503316	-10.646232	5.222280	5.650464	-7.212138	-10.942693	0.464979	-5.620992	-6.949663	3.414529	-12.871885	-10.938139	0.464982	-12.271981	-6.949663	-3.223325
6144	7	-9.214928	1.116705	5.663921	-4.426872	-2.025992	3.098641	-4.361078	-10.179965	-5.597741	3.193374	-13.579236	7.649526	1.982771	-14.210456	-5.597743	5.187652	-13.579236	13.003226	-13.889360	6.376735	6.680132	-13.128624	4.777106	-3.197420	-10.229970	6.376735	6.680132	-6.277760	4.777106	3.097237	-12.893446	1.116705	5.663921	-12.005278	-2.025992	-3.197420	-13.607316	-10.179698	-5.597741	-7.995238	-13.579236	-3.197420
6184	7	3.145405	5.169584	6.858663	-4.536580	-0.042749	10.074076	-1.895746	-6.918239	-2.837909	-3.816545	-10.318346	9.832978	3.143650	6.279780	7.522644	-4.588719	6.071616	10.074076	8.503179	-12.393873	-2.838555	7.250269	-12.305210	12.544465	-2.996232	8.007760	7.522645	-10.414473	6.073649	8.245829	-2.994627	6.901210	6.863386	-10.363174	-0.036269	8.247526	4.979032	-2.883043	5.467123	2.240192	-1.249408	12.505445
6204	7	-7.909739	3.831082	5.693361	-5.737366	6.574105	-8.123939	3.398117	-15.046636	-0.883619	8.184453	-10.436263	9.600744	-6.189504	-2.307541	5.689247	2.086164	4.699910	3.093391	-13.684317	-2.307541	5.689247	-5.733403	4.699910	-8.123939	-8.412320	-12.050903	-0.883619	-2.277623	-10.436206	-7.175126	-3.257019	-12.050915	-0.883619	3.838655	-10.436206	3.096464	0.459240	-2.335486	5.688724	2.526631	4.660412	5.576436
6397	7	-0.630363	-7.274069	-3.467600	3.448463	-7.044581	10.717633	4.520424	-0.468807	8.427839	2.646766	5.512785	11.828373	-6.679618	6.824241	8.628701	-7.978811	6.525077	3.532794	4.996631	-13.079065	-3.467600	6.552665	-7.044779	11.828374	-9.800237	6.824241	8.628701	-12.042490	6.525077	-2.429652	-6.561310	-7.271865	-3.467600	-4.072887	-7.044581	3.532836	-9.682169	-7.271865	-3.467600	-8.136586	-7.044581	-2.429652
6437	7	4.034233	-12.030837	-5.770636	7.556769	-12.551811	11.610579	-7.762217	-7.947311	-5.770636	-8.861666	-12.551811	0.398234	6.296554	4.172787	6.448099	4.181889	5.464028	11.777893	-5.499736	8.608847	6.448099	-12.236812	5.464120	0.398512	2.044827	7.570123	6.448099	-2.165456	5.464120	7.387617	-11.393557	-7.947311	-5.770636	-8.862079	-12.551811	-6.238665	-9.131235	8.608847	6.448099	-12.237670	5.464120	-6.239478
6634	7	-8.148153	6.754173	1.968931	-7.255607	-1.843280	-4.634551	-9.387920	-4.988735	-2.447786	-1.051495	-7.080246	-4.499155	-4.310539	-4.988735	-2.447786	3.874217	-7.080246	4.086319	-10.273028	8.096030	6.888707	-11.638853	4.547214	-4.634551	-8.152126	-4.988735	-2.447786	2.378974	-7.080246	1.281443	-2.947801	6.754173	1.968931	2.384645	-1.843280	1.293842	5.403814	4.080087	6.819154	3.242877	4.458580	7.575188
6704	7	-7.141064	5.523678	5.021264	-9.290444	-2.364848	4.372636	-7.141489	6.715067	7.042331	-9.298273	4.010892	4.372636	-7.833391	-10.221502	1.399591	-5.334042	-8.768048	4.372648	-7.575212	6.715067	7.042331	-15.510760	4.010892	-1.927853	4.355029	-13.140061	1.399591	4.978349	-8.775854	13.323802	-8.267114	-10.221502	1.399591	-11.574007	-8.768048	-1.927853	-7.574787	5.523678	5.021264	-15.502932	-2.364848	-1.927853
6745	7	2.698370	-13.379523	-7.440815	6.754979	-11.128749	10.864796	-2.321984	-8.212109	-7.440810	2.244167	-11.128745	8.815711	5.266677	1.187888	5.546037	1.728004	6.393911	10.589876	-5.558710	7.759252	5.671566	-10.502459	6.585312	2.252280	-10.313652	7.759252	5.671566	-14.632225	6.585312	-4.076582	-12.650319	-8.212109	-7.440810	-9.545623	-11.128745	-3.807339	0.999098	7.692147	5.671566	-4.228186	6.585312	7.182273
6906	7	-10.553336	-7.157759	-6.425110	-6.279395	-8.771372	-2.464343	3.807569	-9.569579	-6.427412	6.374388	-8.772633	11.454783	-0.321166	-7.255231	-6.425411	-1.378363	-8.771537	4.814677	-9.505602	6.331078	5.468710	-9.689347	5.896987	-2.467839	5.115920	3.791452	5.451961	3.180407	5.876714	11.529818	5.498341	3.151168	5.338273	3.300372	0.014595	11.552077	-9.282158	5.852771	5.391546	-9.632836	0.071520	-2.467836
6915	7	-3.927818	-4.186275	-5.783732	-4.076839	-6.400810	2.422126	3.904357	-10.866915	-5.783759	7.614867	-9.916856	12.107354	-3.644989	8.346495	6.707129	-9.986592	5.754936	2.170321	0.330738	-7.515184	-5.783759	1.067288	-8.177754	8.226465	4.209786	2.094969	6.705194	1.826752	5.745908	11.925778	-5.081591	-4.184468	-5.783732	-8.973473	-6.400235	-1.612817	-4.779214	8.348512	6.707129	-14.767603	5.754936	-1.613138
6924	7	4.678859	2.592988	5.762907	4.042148	6.579392	8.791350	-1.381919	-5.009139	-6.559715	7.679780	-10.989190	6.091681	-13.182887	8.937833	5.775009	-7.523550	6.579735	-7.711454	5.154187	-11.375571	-6.559723	8.703070	-10.989190	8.832062	-1.842158	8.937782	5.775009	3.015373	6.579735	5.709234	-7.635749	-5.008958	-6.559715	-2.857520	-10.989190	-6.648895	-6.102374	-5.008958	-6.559715	2.623640	-10.989190	-2.240573
