28	6	-8.818489	7.632693	9.241629	-14.179202	7.560256	-5.879070	-8.742582	-8.130923	-0.401752	-9.712508	-6.494251	-5.879035	3.665658	-9.473252	-0.402076	6.332922	-6.494252	7.979425	3.476048	6.373062	9.241299	1.764485	7.560241	7.662085	-0.938205	7.513897	9.241616	1.698840	7.560255	4.237092	-0.708448	-8.268971	-0.401819	6.314975	-6.494251	4.576693
89	6	-13.395293	-12.906228	-0.132175	-7.853294	-10.124421	-11.912318	-17.089401	-1.530587	10.336127	-13.985174	4.659482	-11.914503	-6.531030	-12.906228	-0.132175	0.433436	-10.124421	-5.236343	-13.850527	5.176520	10.351971	-13.960563	6.324444	-11.912960	-13.850711	3.275084	5.279398	-12.604516	-0.274705	-11.912960	4.344424	-19.249561	-0.132175	4.673093	-10.129431	0.287135
104	6	-8.844179	8.550900	7.515439	-9.942010	8.785933	-7.563365	4.686927	4.099163	7.515438	3.123806	8.785933	7.003924	-2.418154	-9.310200	-1.928466	2.873987	-1.172448	3.739953	3.594293	-13.673673	-2.035357	6.451807	-6.498963	6.977044	-10.041527	-9.307243	-1.928466	-6.606617	-1.172448	-7.153577	3.460259	-13.653471	-1.928471	6.447410	-1.172471	6.953226
194	6	4.316445	-18.621856	1.350276	7.733858	-11.197039	6.068842	-13.323432	-14.495738	1.350276	-9.221279	-11.197039	-11.059299	3.490928	-3.184852	8.441756	1.536511	5.111980	5.813973	-10.986189	4.263459	10.702289	-15.460617	7.834236	-11.059298	5.117585	-1.215951	10.421034	1.561212	5.891745	5.730476	2.456222	-3.598008	7.216975	1.603015	4.656629	5.753528
239	6	-6.273003	3.189242	9.780261	-13.196950	0.490686	-8.673436	4.912484	-0.063081	9.749618	0.340294	0.490273	6.576001	-6.422408	-12.170136	0.280298	-7.225531	-8.142138	-8.673523	5.980681	4.002890	11.879206	0.458715	4.921548	6.696078	6.329784	-15.423493	0.280298	6.467569	-8.142138	6.983427	-6.271424	7.256204	11.879206	-13.196878	4.921548	-8.673435
272	6	-11.529214	8.480745	11.217728	-10.881458	7.749085	-8.288553	5.605549	-5.474834	-1.068263	7.128393	-10.943460	8.715542	4.966839	6.963779	11.217728	2.443541	7.749085	8.715542	-10.890332	-3.816610	-1.068254	-6.193786	-10.943442	-8.288552	1.189555	8.065331	11.217728	-4.525547	7.749085	4.223549	-7.218109	-3.818112	-1.068254	0.345475	-10.943442	-3.818500
338	6	-8.372931	-7.605409	-0.866747	-6.351975	-8.712121	-2.296964	-7.152333	-7.605409	-0.866747	-4.421205	-8.712121	1.827309	4.680602	-13.089965	-0.866747	9.164393	-8.712121	4.780670	-3.560001	-7.605431	-0.866747	3.921711	-8.712121	1.941392	-5.967711	5.488289	11.128655	-8.268895	5.696498	1.827309	-7.188308	5.488289	11.128655	-10.393059	5.696498	-2.296964
350	6	5.682396	-10.953425	-1.317510	6.798102	-10.160801	7.144444	-9.813152	-7.660829	-1.317510	-7.429649	-10.160801	-4.631816	5.345990	3.220238	11.290499	2.003584	7.041723	7.140932	-10.147713	6.509500	11.290812	-12.214035	7.042825	-4.633951	-10.145770	3.644259	8.138418	-11.615401	0.363992	-4.633951	-4.585901	3.644259	8.138418	-0.556407	0.363992	2.232732
369	6	-13.168796	3.229875	5.046353	-12.892345	-3.147719	-8.123849	-13.169220	7.545830	9.265493	-13.059583	2.883755	-8.123849	4.183837	1.654100	5.030459	0.084563	-3.380768	3.684251	4.974554	-3.197016	-1.359287	5.071437	-15.885193	3.784623	4.719110	-3.197015	-1.359287	3.490553	-15.885193	-0.402414	-12.911655	-1.218647	-1.270377	-8.060440	-14.846049	-8.123305
470	6	3.482500	-15.263352	-1.543551	6.620353	-4.028454	7.085873	-11.119932	-11.679683	-1.543551	-5.634516	-4.028453	-10.365976	-9.904693	5.504442	10.075154	-10.907845	6.418741	-10.365976	3.976716	0.625179	9.219202	1.708592	5.581123	7.080176	2.910798	-5.964187	4.251743	4.786921	1.462973	7.085838	-12.318167	-3.248658	4.541982	-7.803974	1.618475	-10.365976
552	6	-4.772175	-7.425936	2.389516	2.945915	-10.335044	4.469392	-9.112046	3.254245	5.945641	-11.066666	-2.423216	-5.398766	-9.207999	-7.304020	2.389834	-1.053182	-10.334538	-1.551700	-2.339887	2.678744	5.940246	-0.829719	-2.428566	5.417007	-9.110056	8.305250	11.568934	-12.095291	3.946678	-5.413639	3.065341	4.400734	11.568034	2.031792	3.946506	8.828003
622	6	-9.749794	-9.544962	-2.044122	-9.271866	-4.823087	-7.587577	-9.174240	6.564949	7.827614	-14.237162	9.697976	-7.587577	-9.243204	-2.357977	2.862415	-10.778553	8.847378	-7.587577	1.340766	-2.694139	2.859477	4.728310	8.716015	5.711132	2.763521	1.708161	7.676501	2.031998	9.650001	6.399862	1.544859	-10.138894	-2.044123	6.361849	-5.106248	6.064260
626	6	-6.378928	7.514996	12.041440	-11.551393	5.682757	-10.045504	8.805459	-15.170446	0.751325	8.509730	-0.990285	6.339166	-0.667364	6.962282	12.041439	-4.286098	5.681631	5.723630	7.600284	2.914640	12.041204	6.442585	5.628709	6.339166	3.494865	2.926439	12.041213	-5.002602	5.629151	-2.445870	-5.274428	-10.581977	0.751700	-9.484248	-0.982658	-9.579988
664	6	-9.318407	-7.743127	-1.007464	-6.324866	-12.695903	-8.645750	-12.376432	8.707612	11.121475	-10.221294	6.667561	-8.652823	3.245489	0.536196	4.356665	6.651936	-1.679962	8.241477	-11.110065	3.054004	4.538449	-7.566805	-0.618954	-8.652597	5.645466	-12.291044	-1.007464	7.548081	-12.699142	8.463440	2.587463	7.384281	11.121475	3.636494	6.667520	7.449284
738	6	5.435098	-9.960299	0.890900	7.701886	-12.792193	7.497993	-9.115798	1.465921	3.790472	-9.959242	-4.496164	-9.765212	-3.793560	1.465920	3.790472	0.605416	-4.496165	0.343346	-9.296113	-1.267879	2.468170	-9.213753	-9.766870	-9.765212	-4.903177	-7.289281	0.935735	-9.170384	-12.789554	-9.765212	-9.066226	6.055871	10.693467	-10.645101	2.850741	-9.765212
772	6	4.417811	0.858706	7.363694	2.171194	6.887333	8.737160	-8.921871	6.226228	7.963514	-13.524616	7.305569	-9.614866	1.857873	-7.067372	-0.277503	5.188741	-5.577179	6.421924	-11.305681	-5.016848	-0.210028	-8.771305	-5.577178	-9.614866	-1.158133	-5.088051	-0.214160	0.415551	-5.577178	1.957105	-4.606587	2.306270	2.411139	-8.912936	-1.479817	-9.614866
783	6	-11.827974	7.820732	11.631982	-13.584518	6.370976	-10.783188	-12.920747	-9.642852	0.350556	-7.598909	-9.527730	-10.577691	4.782662	1.381236	11.417533	1.219945	6.352432	-0.627656	4.841573	1.364637	11.415207	2.973439	6.351342	5.407928	3.839879	-15.589716	0.106492	7.401421	-9.563488	-0.315522	3.848533	-15.593834	0.106479	8.958887	-9.563490	5.501677
795	6	-2.518864	8.354603	11.444616	3.503767	6.809200	6.631975	4.543587	-12.220763	1.286139	9.121873	-8.865682	9.670268	3.740121	2.981260	11.354195	9.080878	6.805680	9.670263	-10.487449	8.354631	11.444616	-8.981465	6.809200	-2.507831	-1.710844	-6.812534	1.287290	4.246325	-8.865667	7.106849	-9.683989	-6.812269	1.287290	-8.963065	-8.865667	-2.507831
830	6	2.499195	-6.778617	7.358205	5.184234	1.135413	6.659323	2.001170	-9.349710	1.168914	9.522819	-7.926686	6.421330	-10.734042	-8.969337	1.168914	-5.508355	-7.926686	-3.642288	-9.224240	-5.668578	7.359197	-10.033450	1.135537	-3.634026	-4.110386	-8.969337	1.168914	2.831320	-7.926686	3.116768	-4.887323	6.100546	10.191772	-10.008656	6.558494	-3.410055
870	6	-5.521023	7.032008	10.780895	-12.650285	8.461433	-12.987431	-6.620564	-6.328878	2.224944	-11.677462	-10.349452	-12.959625	4.710403	3.483952	10.768985	-1.983373	8.460852	-1.980134	3.555414	-9.718255	2.223944	-0.501428	-10.350972	-1.094678	5.338729	-9.878553	2.223942	5.665884	-10.350974	6.499832	6.765626	3.482544	10.768962	4.744476	8.460850	6.482635
908	6	-10.818271	-7.196781	4.070744	-10.587880	-2.178877	-12.458710	-5.982804	-9.774880	-1.104054	1.924391	-6.593787	-6.445015	4.211736	-9.326811	4.070743	1.715737	-2.178877	6.137192	-9.646041	6.758955	11.040400	-11.028393	6.723380	-12.458710	4.649367	-12.215929	-1.104054	7.800722	-6.593787	6.146351	5.291835	3.823695	11.040306	1.240375	6.723380	6.120356
932	6	-0.901028	-18.613157	1.829845	5.739561	-10.999296	3.624896	-11.111434	-12.039121	1.829845	-6.845712	-10.999296	-9.545896	3.544503	-18.627666	1.829845	7.966706	-10.999296	6.605385	-13.652222	-3.914924	7.759509	-12.720706	1.270685	-9.545902	-10.079742	4.556995	9.267736	-12.700134	6.631276	-9.545878	-11.999673	-1.812662	7.777258	-12.716629	3.291557	-9.545901
973	6	2.731736	4.967756	10.081647	-8.140030	6.909801	-3.913690	-3.331910	-9.534694	-1.273374	-6.521983	-6.834855	-10.207523	3.610445	-11.610189	-1.273374	-2.466673	-6.834855	-3.588313	6.807963	-14.137075	-1.273374	6.305456	-6.834855	7.339557	-3.884505	6.427447	10.081903	-11.208118	6.909812	-10.209234	6.193284	2.026570	9.964037	1.154716	6.869431	6.859113
981	6	-11.382590	7.714022	11.638403	-8.864743	6.237507	-11.120491	2.690670	4.940977	11.638400	1.390698	6.237494	7.335202	-3.413629	-9.877095	0.831257	2.079635	-8.686016	-4.931011	4.332874	-15.886717	0.831257	7.083184	-8.686016	7.986025	2.595985	-0.067111	7.178544	1.348939	-2.108509	7.253464	-0.374108	-9.892292	0.831257	5.015899	-8.686016	3.383965
992	6	-4.190638	5.011083	11.402275	0.471387	6.632119	4.666041	-14.651864	-1.581403	5.569567	-9.295794	4.396702	-2.522573	-3.150978	-9.447787	-0.006618	3.371003	-9.518766	5.661492	-11.048337	-9.423910	-0.006618	-7.511287	-9.517828	-1.969005	-6.673959	-1.584317	5.569538	-0.194803	4.394458	4.245693	-12.282243	5.022758	11.402275	-9.295821	6.632584	-2.522577
1023	6	2.713481	-9.151856	-0.147737	-3.619621	-9.840679	-6.514044	0.793437	1.464872	5.602615	-11.604845	-2.099112	-12.113940	1.717354	6.761902	11.530565	-9.880580	4.267319	-9.425540	6.520152	-10.891655	-0.412637	7.716791	-10.214011	6.509823	5.169190	4.677662	11.516153	1.781464	4.261919	0.424566	6.090401	-10.864723	-0.410289	7.292596	-10.210629	0.477644
1098	6	-15.628067	5.932303	11.194322	-11.309170	-0.739549	-10.675806	-14.043774	-5.481771	4.494164	-7.377083	-3.888119	-10.675180	-15.621277	6.519496	11.206892	-11.309166	4.981317	-10.675806	3.757091	-13.649221	3.393795	8.419832	-4.901873	1.723092	-0.805345	-8.262560	3.465677	4.386739	-4.785955	-4.803592	-13.206409	-7.461314	3.527367	-5.735403	-4.692575	-10.192135
1115	6	4.341641	-19.115489	1.246530	7.362536	-1.761729	0.544255	-5.296578	-13.843863	1.246530	-10.101306	-1.761729	-10.044466	-5.431971	5.435971	11.604144	-14.134843	6.676380	-10.044471	5.171687	-19.116946	1.246530	7.377113	-1.761729	7.106520	3.244012	0.108587	9.349491	3.256606	6.558738	0.543932	4.152815	0.070809	9.279456	3.323976	6.543012	7.106473
1173	6	4.029638	-13.824051	-1.058792	7.785308	-10.672391	5.842256	-12.465452	-10.183569	-1.058792	-8.615755	-10.672391	-9.382601	5.221419	3.315771	8.844208	-1.795185	5.230211	5.393114	-1.017745	-10.184073	-1.058792	4.625151	-10.672391	3.394070	-11.056215	6.957337	8.845313	-14.390250	5.230213	-9.374312	5.409741	3.315763	8.844208	2.194418	5.230211	5.962736
1231	6	-6.641856	7.014714	13.525859	-17.960541	3.493158	-5.810900	-8.330142	-6.924873	2.133700	-12.879290	-8.106071	-5.896077	5.950039	-11.848394	2.132208	4.330077	-8.735273	9.018268	-8.470432	-2.229485	7.957464	-16.434071	-4.736519	-5.899745	-6.641856	2.232130	10.487851	-17.533162	-2.320913	-5.810900	4.653147	1.692687	13.525742	-6.909929	3.013438	5.464784
1281	6	-11.091648	2.108942	9.747706	-10.473608	6.994722	-4.426961	0.615996	-6.162573	2.703710	7.594414	2.443387	6.759984	3.577329	-15.641736	-3.117821	7.621924	-7.974942	8.788610	-0.043421	0.250943	8.357495	3.609043	6.913277	6.468776	0.491236	-14.513050	-3.117821	7.620671	-7.974942	6.691217	-10.519253	-11.226507	-3.117821	-6.379418	-7.974942	-4.317360
1318	6	-9.262829	2.936909	5.686861	-16.416489	-0.007886	-4.128213	-5.900865	2.936909	5.686861	-12.705994	-0.007886	1.469162	-13.212161	-7.743307	-0.166284	-10.924980	-9.582780	-4.128212	-9.716268	6.268221	11.533752	-12.745042	5.102218	1.469162	-9.850056	-7.743307	-0.166284	-7.215222	-9.582780	1.469297	-13.078232	6.268221	11.533752	-16.454221	5.102218	-4.128213
1320	6	-10.985350	7.553768	12.399509	-7.498943	0.056495	-10.776954	4.095252	-9.976651	1.269848	7.409613	-7.606319	5.999338	6.749345	6.412304	12.399243	5.465741	0.056495	6.008991	-10.985350	7.562423	13.664629	-7.498943	4.413467	-10.776954	6.749345	6.420958	13.664366	5.465740	4.413467	6.008991	-13.288918	-8.835126	1.270033	-5.523616	-7.606315	-10.644846
1405	6	-12.391594	3.760255	5.560678	-14.930852	-2.160694	-8.737264	4.574341	-15.862526	-0.868823	7.166135	-13.269102	7.637944	-12.393401	7.432441	11.257738	-16.704299	4.091156	-8.737276	-13.047293	-9.172091	-0.868823	-11.464239	-13.269102	-8.739895	-0.112480	-9.179795	-0.868823	6.890363	-13.269102	5.606964	3.956300	0.732311	10.663204	1.640487	4.090092	7.543622
1408	6	2.233973	1.801468	12.131724	4.793622	7.152650	6.782188	-3.853842	-11.106284	-0.319377	2.921590	-5.809846	3.459206	-14.146471	6.681572	12.131724	-7.957282	7.152650	-8.102903	-7.994882	6.681572	12.131724	-1.642221	7.152650	2.557829	1.835852	-14.488826	-0.319377	7.269332	-5.809846	5.445437	-14.860859	-11.106284	-0.319377	-4.575280	-5.809846	-5.777887
1419	6	-6.547440	0.004042	8.362900	-10.113105	-0.870530	-8.065952	5.500840	2.689419	11.843987	3.340569	4.849737	7.502452	-5.935115	5.982863	11.879908	-10.120178	5.085553	-8.065952	8.070145	-11.792086	0.516813	7.254728	-10.043043	7.512570	1.694801	-7.457043	0.520476	-4.508904	-9.788836	-4.077479	3.283280	4.399013	11.871714	-3.476383	5.028408	2.120984
1498	6	-10.723622	-14.771397	-0.215367	-9.586979	-9.185354	-9.966451	-13.592320	-3.204424	4.577734	-11.840746	3.530791	-9.966455	4.983544	-19.650785	-0.215367	7.157014	-9.185354	5.303682	-11.741213	3.601444	11.216733	-15.192951	7.236396	-9.966454	1.946202	-4.897391	4.574255	4.205369	3.467200	4.906152	4.954706	-19.650739	-0.215367	5.419658	-9.185354	0.054931
1584	6	-10.041679	8.178193	11.844880	-13.172382	3.334427	-7.073377	6.895746	-13.333185	2.297874	7.733873	-8.843357	8.564527	3.218267	-1.240417	7.066244	4.675643	1.350516	8.515366	6.460056	1.436728	11.528545	2.662563	3.189383	8.357999	-9.648900	-6.701339	2.297886	-7.974408	-8.843339	-6.840194	-4.052167	-6.701351	2.297886	1.452030	-8.843339	-1.477008
1598	6	-0.432916	5.393964	5.091917	-15.783373	0.389552	-7.676651	-4.653210	-7.210939	-1.578159	-9.686821	-7.101957	-10.478876	8.168143	2.253291	4.931650	1.638164	0.290156	7.608562	6.796598	-10.186018	-1.580763	8.082031	-7.104948	7.571478	-5.374158	7.550936	9.471814	-15.786236	6.141535	-10.717733	5.991778	4.577058	9.465924	1.638128	6.138386	7.526861
1645	6	-12.691968	7.757866	11.391013	-15.869651	3.814109	-7.430701	-13.362751	-7.892417	-0.721421	-9.344591	-11.206459	-7.430869	2.961149	4.222739	11.273434	2.037667	3.798850	5.127045	2.402083	0.863966	4.325758	7.689438	-3.533003	4.889607	2.814028	-11.369254	-0.936951	8.539965	-11.206811	5.080847	-5.653251	-7.892419	-0.721421	2.770643	-11.206459	1.635147
1656	6	-3.507375	9.505120	12.869689	-15.562674	8.873238	-9.960298	5.106846	-11.637190	0.797472	6.902240	-4.947655	5.128809	2.301997	5.687877	12.841817	-7.685562	8.873167	-0.615782	8.662864	3.128961	12.703526	2.562635	8.871758	5.206282	2.394082	-1.377604	10.963192	2.103521	4.209908	4.624973	1.706467	8.310325	12.866921	-10.730238	8.873231	-6.304643
1701	6	-16.305807	-5.396358	2.223653	-8.438658	2.469406	-9.713857	-15.764345	5.783111	6.903418	-14.631835	5.523798	-9.725166	2.564288	-8.273972	2.223653	6.224678	2.469406	5.013752	2.680810	-13.920925	-1.636177	6.535989	-6.883230	5.063197	-16.193245	-10.509608	-1.636177	-8.127898	-6.883230	-9.707806	1.616753	5.595952	6.903418	0.015263	5.523798	3.665148
1797	6	5.802976	-15.815466	-1.553371	7.002716	-10.781416	6.312978	-13.246523	-10.271665	-1.494484	-9.720317	-10.761736	-10.600461	-15.248272	-9.085407	4.544609	-10.945589	0.986400	-10.600461	-15.820113	3.363597	10.959208	-15.470682	6.674669	-10.600461	4.254576	-12.600952	4.412330	6.003183	0.952966	6.311623	2.670026	2.214125	10.716888	1.462252	6.674503	6.157229
1882	6	-4.357191	7.371868	8.273729	-10.120585	7.682247	-4.544622	3.727642	-14.795562	-2.864654	7.382152	-8.405183	6.558420	-5.198400	-9.995828	-2.087456	-6.440548	-7.850665	-3.681348	4.824945	2.569630	8.246321	3.637631	7.665667	6.642156	0.888125	-14.795543	-2.864653	6.377594	-8.405183	5.521096	-2.649022	-2.388946	2.968123	-5.985596	-4.502879	-3.250668
1898	6	-5.234876	-5.152820	0.843975	-8.565818	-8.200064	-11.446376	3.887183	-6.802120	0.843975	1.673951	-8.200064	-2.140874	-10.807849	-4.602510	5.758154	-12.520280	0.760250	-11.823985	-7.748914	5.309956	12.299734	-12.524428	7.673390	-11.757388	6.081570	2.010820	12.298624	3.301058	7.636467	4.718887	8.153490	-9.898653	0.843975	7.311738	-8.200064	4.822392
1926	6	4.752591	3.540141	10.554952	5.106621	6.098970	7.062099	-10.348351	6.690278	10.554952	-7.404500	6.098970	-7.245646	-8.652142	-6.139904	0.599473	-4.138523	-8.080909	-7.243259	3.411098	-9.338479	0.523810	8.331252	-8.095031	7.061297	4.038819	-1.360373	10.553847	5.098739	6.093632	7.061865	-0.163800	-7.359311	0.526445	5.379906	-8.094553	6.085805
1977	6	4.337019	5.954683	10.549230	-3.602996	4.555542	4.314538	2.984321	5.954864	10.549234	-10.298157	4.555542	-1.980917	6.653576	-8.149611	0.258056	7.593048	-9.971542	7.545660	9.832027	5.954682	10.549230	1.420915	4.555542	6.898153	-1.180665	7.997129	10.574340	-13.327786	4.555542	-6.947500	-4.741028	-6.103693	0.824304	-8.795548	-9.970300	-7.022755
2044	6	-7.815533	-3.778546	2.102648	-5.752856	-10.691579	-6.080403	-8.826676	2.618305	7.412036	-7.793152	-0.383577	-7.116506	-3.061153	-3.778565	2.102648	5.002099	-10.691587	3.922106	-4.126328	2.618303	7.412036	2.961894	-0.383577	3.798289	-4.017921	7.893229	11.071513	2.340912	6.149230	3.713805	-8.720397	7.893232	11.071513	-8.413859	6.149230	-7.301203
2065	6	-4.637279	-4.185714	1.165820	2.526491	-3.491437	-0.640704	-17.343893	6.741108	10.553758	-9.087250	7.344445	-6.514298	-7.184031	6.741097	10.553758	2.525462	7.344445	2.973838	-12.258254	-4.185323	1.165829	-6.574306	-3.491430	-6.511698	-1.428683	-4.218378	1.165118	5.854097	-3.491984	4.972263	5.401770	-10.262068	1.149851	7.892170	-3.503857	8.226653
2101	6	-14.209033	5.706868	10.995284	-12.853756	0.761881	-10.957418	-14.192158	6.320258	11.181139	-12.853790	5.705642	-10.957366	-14.114405	-6.300956	-0.318400	-6.876473	-11.422083	-10.957121	-0.066025	6.224136	11.179510	1.497858	5.705642	5.541840	-0.155990	5.631339	10.993358	1.438959	0.761881	5.489458	0.461711	-6.685661	-0.453125	7.702142	-11.429102	5.814247
2123	6	-6.222140	-5.480402	5.220574	-0.093666	-7.294527	0.274573	3.795077	-10.401320	4.813619	8.521951	-7.965977	6.341426	-9.559940	-5.480402	5.220574	-6.462331	-7.294527	-0.318940	-8.626992	6.358874	11.758988	-6.462332	3.665817	-0.312867	-2.053027	6.358874	11.758988	1.865853	3.665817	3.501008	-5.268049	6.358874	11.758988	-0.093653	3.665817	0.342784
2136	6	-6.275220	6.100826	13.497899	-14.687797	3.679989	-11.593113	-4.841604	-6.909930	2.500514	-10.659650	-6.281859	-11.574647	1.658366	-7.465346	2.500514	-9.528143	-6.281909	-5.907095	3.498472	-11.060345	2.500514	-4.393936	-6.281931	-5.225480	7.317535	-13.131090	2.500514	1.639572	-6.281931	-1.885898	9.142269	-13.132770	2.500514	7.064021	-6.281931	4.081273
2156	6	-4.573169	2.327157	11.957509	-17.242780	-0.091984	-11.012868	-7.174591	-4.973787	0.724999	-11.502068	-11.162307	-11.012862	-4.568876	6.912715	12.810145	-17.242709	3.457708	-11.012868	1.888974	6.268911	12.810145	-8.984612	3.457708	-0.646423	1.853817	1.564367	11.946838	-9.686686	-0.092237	-0.825960	2.569673	-8.230073	0.724790	4.106315	-11.162336	7.581110
2158	6	-10.497729	7.639983	13.367348	-15.694217	6.018824	-10.520286	5.631891	3.476894	13.366867	1.232394	6.018751	7.733879	-12.495615	-8.349315	1.114986	-9.497278	-8.992131	-10.532559	-1.034044	7.619925	13.367348	1.214063	6.018824	4.621482	-3.633499	-8.349865	1.114986	1.754917	-8.992230	2.784187	3.630463	-11.182904	1.114986	7.429334	-9.125757	7.418800
2177	6	-7.201415	-1.582714	9.028717	-16.490896	6.738247	-9.112880	4.712355	-13.290274	2.042301	5.882309	-7.237695	6.348465	2.315505	-7.339067	4.995895	2.485296	-2.504091	5.482856	-3.933539	4.244369	10.994339	-13.971511	6.738397	-9.074152	-5.367465	-9.706954	2.042301	-9.509174	-7.237694	-8.336268	3.232316	1.816350	10.990427	-6.252789	6.738397	3.216779
2221	6	4.080507	-12.458536	1.720259	6.888010	-6.918945	9.594352	-0.090140	-8.412616	1.720260	5.489336	-6.918945	5.848139	-8.433394	4.678377	10.203605	-10.437691	0.238557	-7.442078	-8.354941	8.411291	11.803982	-10.427685	6.647100	-7.442074	-11.398137	-8.280912	1.720260	-5.812733	-6.918944	-7.442107	7.025447	3.142157	11.801417	2.220574	6.646036	9.673723
2305	6	-5.857139	-9.355524	-3.206686	-10.441860	-8.039191	-10.182545	4.518706	-15.657408	-3.206686	6.122149	-8.039191	5.979347	-5.227971	7.287071	8.329009	-13.718032	6.627648	-10.182526	0.911936	7.281392	8.329009	-4.059041	6.627648	5.709946	1.006741	-9.363406	-3.206686	2.439790	-8.039191	-0.729375	5.285218	0.880399	7.596433	2.887745	6.625231	5.979356
2308	6	-9.896127	2.784616	8.219433	-17.555336	8.692243	-11.260213	-8.861172	-11.666477	-2.610534	-11.644227	-5.915561	-11.260213	4.618264	-9.421996	3.163835	7.000462	2.889640	1.074450	5.454897	-17.347332	-2.610534	7.262957	-5.915561	1.074493	6.331230	-9.483689	3.163835	7.070768	2.889640	5.310772	7.155222	-17.354722	-2.610534	7.290731	-5.915561	5.310772
2356	6	4.102059	-12.940852	-1.753359	6.252150	-12.949975	7.883885	-10.667096	3.209307	8.800121	-14.482121	-0.330133	-10.145016	4.132543	1.353371	8.169131	1.421242	-0.455476	7.197686	-10.737303	-11.306144	-1.753354	-9.652912	-12.949945	-10.058627	-10.667081	7.571736	10.221743	-14.482144	6.216146	-10.145016	4.141810	5.914580	10.220500	1.421151	6.215927	7.197650
2406	6	-8.904823	-5.553838	-0.391875	-11.161042	-6.933470	-7.112618	-8.957686	-0.448584	5.354355	-13.701960	-1.932384	-7.116429	-6.211118	6.224678	11.782420	-15.280532	7.173282	-6.593279	3.566091	1.204944	11.781990	-5.571403	7.017221	2.961154	9.494445	1.204874	11.781990	1.926050	7.017178	7.183612	7.200416	-10.577682	-0.393606	6.057837	-6.933888	7.188247
2426	6	-10.266344	-8.350386	-0.845107	-12.304771	-11.698979	-7.499225	-8.246893	-0.323897	1.244562	-12.304966	-5.524183	-7.499225	-10.521427	4.081876	11.139143	-16.237897	6.324062	-7.499225	4.729870	-14.274147	-0.845107	4.961286	-11.698979	8.808139	-1.278650	-8.351492	-0.845107	4.445525	-11.698979	7.857551	-1.237429	-2.168879	-0.815809	4.492576	-11.669226	7.951066
2516	6	-1.969786	5.909037	12.989863	2.369368	6.893988	3.688216	-12.355045	5.974147	12.990834	-9.541631	6.893996	-4.458359	2.925894	-13.583498	1.174501	7.391517	-7.696516	7.094576	4.631484	4.300388	12.945477	4.499579	6.893194	7.468793	-14.037323	-12.543137	1.183554	-6.649756	-7.686320	-4.458359	-3.695172	-12.563694	1.183305	1.225720	-7.686600	3.602470
2579	6	-9.224092	4.507812	11.011107	-17.692713	4.299834	-6.612647	-11.364188	-12.391985	-1.079576	-11.757518	-5.382145	-6.650641	-9.227573	3.626325	10.355277	-17.692733	-1.288282	-6.612771	-0.882413	-12.392937	-1.079576	0.082804	-5.382145	3.696567	4.480646	-17.085758	-1.079578	6.301356	-5.382145	7.496208	4.212732	0.042461	9.579379	-0.119703	4.122923	6.121208
2599	6	-14.585648	5.720376	11.199277	-8.360928	7.757122	-8.802367	-15.215030	-9.811459	0.775447	-5.601981	-5.734965	-8.522214	-5.432650	5.693031	11.198355	0.633557	7.757122	2.982777	-6.229357	-9.827265	0.775196	3.351964	-5.734966	2.867248	-0.819770	-10.358507	0.768163	3.663387	-5.734981	5.222421	0.036429	4.854102	11.160206	0.927630	7.757121	5.833665
2634	6	-11.700397	5.627109	4.731593	-12.816254	-1.038883	-8.634446	4.515444	-8.463919	-1.214734	7.448340	-13.386553	9.234840	4.071960	1.526289	4.726248	3.566289	-1.303040	9.229552	-11.941794	6.883876	10.514433	-14.817527	5.302997	-8.634446	-11.274279	-4.407028	-1.212564	-8.922808	-11.036093	-8.634446	3.832697	2.825920	10.513931	1.520681	5.189281	9.085062
2648	6	-9.782585	6.823106	12.141765	-13.025861	6.570206	-9.253820	5.597255	-11.927877	-0.038036	7.544031	-9.384709	6.796428	-9.856996	2.613663	5.907646	-13.025282	-0.136045	-9.253814	3.525312	0.344526	12.115516	2.207035	5.713254	6.717271	-9.209344	-4.171112	-0.021442	-7.825860	-9.192912	-8.779169	1.685701	-0.613412	5.538944	1.169201	-2.153178	6.412630
2777	6	-12.204181	7.511226	8.536514	-13.823158	4.709715	-5.361519	6.982367	4.217797	5.410720	5.624924	-1.386774	8.913696	2.820471	-4.677886	-4.430939	8.389463	-9.632805	8.710295	-9.237489	4.243563	5.411785	-10.968697	-1.386591	-5.355067	3.798215	7.485739	8.536512	2.757044	4.709696	8.606519	-12.892608	-4.652443	-4.425304	-8.198854	-9.617419	-5.312272
3003	6	-13.945633	-4.107056	4.599172	-12.121239	-6.277303	-5.588688	-12.913868	4.193014	11.788315	-14.695736	6.492633	-5.588688	4.392811	2.135320	11.773155	2.732067	6.491911	9.374138	-1.527809	4.106380	11.788273	2.203227	6.492633	3.572147	-2.605799	-4.149580	4.598616	4.376519	-6.278086	3.553245	3.039063	-5.344511	4.593091	5.324345	-6.284178	9.356710
3069	6	9.386099	-16.549543	0.305614	6.321648	-10.449302	6.828717	-8.705766	7.416948	10.710661	-8.860819	5.822229	-9.677358	-6.319538	-11.259788	0.305614	-6.336188	-10.449302	-9.223133	-8.728181	5.530202	8.103051	-8.856982	-0.531223	-9.679296	6.884373	3.413117	10.710619	3.796431	5.821844	6.814178	6.663491	1.660675	8.086672	3.800046	-0.560229	6.811275
3148	6	-8.045551	6.830087	11.390904	-16.605921	0.309057	-10.967461	5.202332	2.323323	11.390851	1.010970	0.309056	6.651780	-8.100102	9.751218	13.193839	-16.607985	6.096923	-10.967461	-10.189588	-6.775862	1.425309	-10.998792	-11.368727	-10.967461	5.151951	5.318802	13.193839	1.008861	6.096923	6.647846	3.476009	-12.335743	1.425309	6.566193	-11.368727	7.572651
3156	6	-11.777550	6.484394	9.983424	-14.874171	-1.545268	-5.323577	-11.782086	6.815828	12.966806	-15.267535	5.044023	-5.323577	-11.096588	-7.674713	1.727265	-11.079134	-10.140461	-5.323577	6.007104	3.772633	9.983421	2.648661	-1.545272	7.294366	5.987737	4.104068	12.966806	2.232760	5.044021	7.293887	6.729610	-10.386502	1.727237	6.465856	-10.142597	7.294715
3213	6	-6.290332	7.683041	12.921324	-13.861501	5.528688	-10.711935	-9.270378	-11.391688	2.073047	-9.737436	-9.217902	-10.711935	5.200069	4.367658	12.921312	2.866899	5.528636	0.354290	7.734039	3.794933	12.921237	2.881717	5.528572	3.313069	2.198416	-13.101469	2.073047	6.456196	-9.218309	-0.404828	4.754834	-14.530223	2.073047	6.991302	-9.218345	3.326566
3401	6	-15.188843	6.647486	11.695118	-8.649956	4.847582	-7.962510	-2.940895	6.645940	11.695092	3.182819	4.847582	3.744381	3.358729	3.184601	11.477514	3.807223	4.815956	7.198938	-0.570226	-7.519557	2.763808	7.437345	-10.165122	6.769346	5.612812	-10.864812	2.729889	7.438375	-10.174513	7.209347	-13.091008	-7.312356	2.769521	-5.019971	-10.163278	-5.284020
3416	6	-8.900558	-7.284826	0.699601	-12.078767	-9.264335	-9.218923	5.198689	1.883571	6.271691	3.117712	0.317028	8.663218	-9.354796	5.993166	6.636366	-15.126862	0.351789	-9.218923	4.896821	-12.251831	0.172959	6.088374	-9.265158	8.663216	-9.857898	6.490099	11.773553	-15.200005	6.424285	-9.218923	4.353225	2.488467	11.532922	2.965089	6.417398	8.661587
3436	6	-7.501919	6.580339	11.639328	-10.139070	7.569563	2.892977	5.326856	-8.905195	-0.420043	5.524301	-11.084269	9.532630	4.610789	3.169764	11.590000	2.320091	7.395328	9.493579	-7.028429	-5.490022	-0.408413	-6.963479	-10.046827	2.893590	-11.484353	6.580339	11.639328	-12.492037	7.569563	-3.030991	-11.011987	-5.490022	-0.408413	-9.317384	-10.046827	-3.030953
3563	6	-13.513338	7.204139	10.382375	-7.457109	4.950934	-6.680095	-7.302099	-10.007851	-0.780106	3.107196	-12.934063	-1.876585	2.934788	-11.835397	-0.800604	8.354000	-13.284410	5.611608	-10.800606	-10.007851	-0.780106	-2.187362	-12.934063	-4.936518	3.035082	4.964000	10.344615	3.112464	4.946819	5.721666	-5.857571	2.616679	3.537976	-2.848080	-3.406805	-5.687060
3569	6	-8.465250	4.220502	6.973478	-11.110010	6.921521	-13.280192	-8.393449	-7.190942	-2.967227	-6.956119	-5.966248	-13.280154	2.450566	-13.097147	-3.461354	7.046099	-5.966275	5.259969	0.467083	-0.004748	6.962095	2.161046	4.516780	5.183943	1.773970	-1.612595	6.972642	2.804882	5.132708	5.240387	1.487865	-1.878674	6.972656	2.832154	4.947613	5.244022
3609	6	-2.079951	-12.274602	0.120620	-5.645310	-4.385651	2.355803	-4.276401	-12.145055	0.120620	-10.615908	-4.385651	-3.902162	8.795333	-18.131220	0.120620	6.168121	-4.385651	9.318335	-0.394801	-1.529860	4.231687	-7.468119	5.474064	2.280915	-4.214699	3.488128	9.269594	-9.349761	5.529307	2.272875	-2.316640	-1.078557	4.377492	-12.928110	5.517540	-3.902241
3706	6	-8.519051	-9.589268	-1.852500	-6.688895	-10.079200	-9.022825	5.389469	-13.751899	-1.852500	8.835109	-10.079200	7.819647	-9.756158	6.866890	10.040691	-11.895496	6.254247	-9.022826	-1.221522	-9.605656	-1.852500	6.091403	-10.079200	5.025939	-2.390744	-9.592524	-1.852500	5.135971	-10.079200	2.469880	4.152275	3.418749	10.040428	3.566371	6.252453	7.819590
3711	6	2.756156	-0.621075	10.500591	2.585574	-0.118306	7.691863	-8.967620	-10.575878	0.938099	-12.102584	-9.788071	-7.609762	-10.138453	6.875055	11.518566	-14.949028	5.424532	-7.609763	-10.254318	1.622840	10.609460	-14.949007	0.077318	-7.609763	5.619638	-17.044303	0.938099	5.431992	-9.788071	8.519236	3.925510	0.618751	11.517958	2.585549	5.423367	8.308636
3756	6	-7.704583	-9.258423	-0.414165	-11.379125	-9.622958	-7.284882	-6.772696	6.099382	11.857224	-13.248140	8.015882	-7.284882	3.540439	-3.321758	8.506835	3.544262	6.146808	5.612577	5.576060	-15.796270	-0.414301	5.462795	-9.622958	5.647280	2.604123	-2.837683	6.913653	3.415275	5.254135	5.270963	3.574015	-3.296910	8.582356	3.546418	6.178972	5.615194
3966	6	-10.449699	-10.083917	-0.776317	-5.636442	-9.687999	-7.100883	-9.531561	6.435486	10.300898	-12.652965	6.993234	-7.100883	5.037573	-12.775150	-0.776317	7.983645	-9.687999	8.990798	-0.666365	-10.235961	-0.776317	6.605507	-9.687999	3.262681	5.406048	3.449000	10.299575	0.393597	6.993106	8.908921	3.978678	-0.457278	5.362867	6.063504	4.213606	8.950954
3981	6	-14.197064	-8.787356	-0.819424	-8.257752	-7.916653	-9.368029	-12.852506	6.640160	9.747920	-14.452574	8.539686	-9.375713	-3.339045	-8.787611	-0.819432	3.981418	-7.916655	2.353495	2.700873	-13.357576	-0.865422	3.016245	-7.926092	-2.118343	3.844034	0.996694	9.085712	2.573955	7.914062	3.122531	3.134827	-13.791037	-0.865956	8.840186	-7.926191	3.129606
4056	6	-9.790032	-9.682747	1.676527	0.982402	-10.369874	-4.729548	-13.601961	5.519769	11.583281	-11.897803	6.456733	-9.768172	3.732940	-1.016011	9.725433	2.219194	1.411346	8.487152	2.537618	-11.218831	1.650682	7.005371	-10.426280	8.322576	4.737071	1.633249	11.075085	2.284674	6.449582	8.526529	-15.765591	-9.682747	1.676527	-6.101725	-10.369874	-9.763521
4074	6	-12.227948	8.501789	12.634325	-8.445625	4.508440	-5.298196	4.446022	3.504453	6.718156	5.083928	-1.863262	6.020980	-12.224570	5.178086	6.724746	-8.445612	-1.838144	-5.298196	-11.020847	-7.311139	0.532033	-7.600715	-13.305056	-5.298196	4.442100	6.875933	12.634265	5.083141	4.508215	6.020980	5.764666	-9.272682	0.526154	6.108549	-13.306032	6.020999
4116	6	4.261892	-12.147338	-1.261566	7.556401	-8.491571	7.337285	-4.198803	-7.045990	-1.252661	1.657064	-8.491570	2.033507	-15.236315	-2.099446	5.781231	-14.552901	-1.843949	-6.546811	-11.693346	4.927250	11.640449	-16.370782	6.847539	-6.551962	-10.316328	-7.045391	-1.252654	-9.496627	-8.491570	-6.331778	2.445555	2.580883	11.613298	0.424431	6.847390	5.629349
4117	6	8.251542	0.473370	9.409612	0.480247	8.557589	7.643808	5.898942	-17.028611	-1.769996	6.978413	-6.874557	7.556851	-10.287504	5.944290	10.120671	-9.181460	9.360080	-7.936068	3.974054	-5.362020	3.557123	6.930932	4.683832	7.292063	-10.106954	-12.234587	-1.769996	-2.643651	-6.866357	-2.890980	-4.581479	-12.234587	-1.769996	1.155544	-6.866357	-2.582684
4120	6	4.493563	4.823175	10.335927	-5.831164	5.699433	4.231972	9.727608	-3.644151	5.109660	2.877307	5.670403	8.952598	-1.706724	7.343759	10.336275	-15.414029	5.699433	-6.596975	6.036916	-10.333533	-1.166037	6.696951	-8.969839	8.969466	-3.716706	-6.680432	-1.166000	-8.943962	-8.963345	-6.605085	7.954503	-6.365762	3.174917	5.672797	-2.185312	8.969197
4126	6	-10.767117	3.233170	7.025905	-9.600291	0.036290	-8.537229	5.675171	-13.556678	0.387093	6.149773	-11.810505	6.749506	-10.906947	-7.853695	0.387093	-7.228176	-11.530663	-8.537215	-10.826860	7.650133	12.879449	-9.887114	6.058098	-8.537229	4.084495	-1.496778	11.242739	3.502898	3.510696	6.748904	5.757495	1.641543	12.879056	3.490842	5.429492	6.748892
4212	6	-11.387716	6.405883	11.820683	-13.032297	4.931991	-5.995211	1.803548	-11.505065	-0.493232	8.732178	-11.519633	6.008413	-10.533382	-10.673616	-0.493232	-1.773644	-11.519633	-4.554734	-11.387751	6.232400	9.273085	-13.032296	0.448127	-5.995211	2.225636	5.378069	11.820683	2.916708	4.931986	5.863601	2.225454	5.204667	9.273062	2.916710	0.448112	5.863602
4347	6	-10.763576	-10.504171	1.139249	-7.603618	-9.578578	-5.440755	-7.484853	1.293005	6.861747	-13.167058	-1.622759	-5.457703	3.895811	-15.647816	1.139029	7.677598	-9.578839	7.428938	3.741266	1.129744	11.213777	-3.054298	5.032813	5.194011	7.294334	1.129549	11.213777	2.097765	5.032789	7.200116	-7.352655	6.404585	11.213798	-13.174496	5.123470	-5.457699
4500	6	2.809587	-0.864971	6.592305	5.568147	4.127579	5.877285	-9.210231	7.226659	6.592971	-10.841294	6.019608	-8.136921	-7.202866	-7.437103	-5.390687	-9.861319	-10.777745	-8.136921	5.328130	-13.398925	-5.724805	6.884089	-11.022684	5.877289	3.502836	2.551623	6.592970	5.776692	5.689708	5.877287	-0.897266	7.226365	6.592971	3.090036	6.019605	5.492898
4560	6	-11.166276	-10.021887	1.647751	-9.926135	-8.159180	-7.317518	4.435350	1.485977	6.659164	3.549927	-0.035477	5.743352	-10.843116	7.145755	6.697058	-12.981957	-0.033788	-7.317518	4.106630	-15.207120	1.647751	6.627444	-8.159184	5.744260	4.408664	1.534017	12.883399	1.303383	5.728979	5.346300	-10.844043	7.164722	12.916551	-14.954915	5.728980	-7.317518
4565	6	3.211596	-7.847387	4.912278	7.019464	2.106540	8.926743	3.654593	0.391089	10.576721	5.116714	7.085313	8.975436	-9.534371	-11.179046	-0.882046	-8.295558	-6.929291	-9.126618	-8.850997	6.504204	11.510127	-12.209414	7.542816	-9.126570	5.528113	-17.646756	-0.882046	9.027725	-6.929291	9.030590	-0.716168	-11.713828	-0.882046	2.618596	-6.929291	5.052442
4580	6	-12.763386	3.376636	6.718809	-15.458770	-0.243134	-11.642703	-11.605372	-4.698699	1.376228	-13.310575	-9.191611	-11.642703	-12.868234	7.835264	12.405673	-16.970441	5.724198	-11.642703	3.798004	1.675587	6.501135	3.207089	-0.276818	5.682791	0.601656	-5.009774	1.376224	3.916386	-9.191612	5.614666	5.100940	-7.160082	1.376221	5.389533	-9.191613	5.682958
4619	6	-13.053079	9.744694	11.000905	-18.053745	6.193230	-12.865242	2.516661	2.882834	5.238966	2.432897	-0.345771	-1.451639	4.641014	-8.953197	-0.548722	7.261137	-8.048311	5.157723	-9.629704	3.873226	5.241840	-13.648325	-0.268428	-12.858963	-13.401133	-5.218898	-0.548357	-12.122139	-8.047140	-12.846656	4.053755	6.863588	11.000905	0.716805	6.192888	4.684000
4660	6	-3.454998	-9.608936	-4.085132	1.553845	-11.105059	4.413746	-15.066275	-9.608936	-4.085132	-8.865764	-11.105059	-4.653574	3.351423	-14.336323	-4.085132	6.283348	-11.105060	9.179571	-14.249612	6.754396	7.005593	-14.817530	0.389539	-4.653643	-5.278483	-9.608936	-4.085132	1.544849	-11.105059	-0.229883	-14.249672	7.845762	7.040572	-14.827253	6.274574	-4.653643
4663	6	-11.258511	6.701386	12.424770	-11.345786	6.241147	-2.696041	-1.088360	-8.780742	3.066087	5.190333	-10.923062	2.299529	-10.636764	-8.780716	3.066089	-7.919163	-10.923060	-2.696041	2.777852	3.347953	12.200259	4.644211	6.241147	7.375929	2.773284	-2.652872	9.026029	4.642033	4.821351	7.375205	3.773547	-14.559940	2.995281	8.485973	-11.005222	7.420621
4672	6	-6.613480	5.387709	6.564718	-9.796423	7.668341	-5.626934	7.636825	0.712531	6.487532	2.522588	6.605784	5.605924	7.400554	-14.029867	-3.334112	7.836232	-7.788206	5.801303	4.297734	0.722688	6.489369	-2.230731	6.616309	3.502398	-5.834976	-9.362457	-3.334107	-4.479454	-7.788166	-4.122317	2.689976	2.150189	6.560969	-6.114745	7.469703	0.960944
4676	6	-12.434669	-6.561176	-0.256026	-8.662638	-9.752071	-9.783971	-11.664718	7.500025	11.640141	-12.268633	0.908295	-9.783971	3.358731	-12.509578	-0.256026	7.578123	-9.752071	6.987058	-11.668032	8.623175	12.731380	-12.268805	7.351788	-9.783971	4.456320	0.905961	11.511471	3.966482	0.903306	7.023875	4.505837	2.183372	12.730787	3.967254	7.351771	7.024123
4711	6	-10.494258	2.696412	11.248909	-11.179443	-1.195344	-11.913642	3.307688	-14.156146	0.232748	4.829685	-12.164319	-0.282656	-3.380083	-9.758626	0.232748	0.765209	-12.164319	-6.450492	-10.451478	6.733537	11.495588	-11.179443	5.205936	-11.913642	-7.437276	-9.279307	0.232749	-4.886899	-12.164319	-10.385825	6.591469	-15.401655	0.232748	7.560402	-12.164319	5.922431
4778	6	3.607615	-15.148652	-0.202211	7.481820	-10.322594	8.124666	-8.538698	6.135288	11.073293	-10.552095	7.352109	-0.265424	1.623247	6.059011	11.073226	-6.424428	7.352109	4.344946	4.152706	0.863907	10.386547	2.429323	7.195864	8.155321	0.866403	-11.493049	-0.202208	-3.666295	-10.322594	3.550721	-9.611886	-11.483469	-0.202208	-5.498677	-10.322594	-0.265474
4838	6	0.934256	6.400556	12.099402	-5.178160	8.179955	4.395787	4.417364	-14.545389	0.806310	1.671252	-6.975477	8.517038	3.379922	-2.079991	6.834960	-0.629125	4.265156	8.508062	-6.626809	6.401321	12.099402	-16.025003	8.179956	-2.334426	-2.316890	-10.294899	0.806310	-4.713900	-6.975468	3.588687	-7.930833	-10.294899	0.806310	-10.338027	-6.975468	-3.286451
4873	6	-5.761612	8.585199	13.782301	-11.799779	7.757438	-10.476709	6.078446	-16.615829	2.181217	9.441732	-4.562534	4.471899	-4.784461	-10.438585	2.181218	0.300367	-4.562533	-8.022683	-9.528194	-10.436941	2.181218	-5.741652	-4.562533	-10.456932	5.551475	-8.587199	5.898252	3.997254	1.665736	4.471899	9.840692	2.347825	13.775515	3.406240	7.757437	4.471899
4930	6	-11.782319	6.939141	10.444239	-12.651606	6.769861	-11.356726	9.426735	0.460459	4.692463	6.965467	-0.488352	5.359500	-11.172825	-5.803299	-1.077261	-7.385476	-11.640974	-11.273860	-8.541029	5.153237	5.578218	-10.251385	0.085708	-11.347005	5.051147	-10.313396	-1.077261	7.884976	-11.735661	5.370119	4.413180	2.429740	10.444180	2.780789	6.748158	5.014537
5061	6	9.251416	2.910797	9.447866	3.345912	6.644382	7.061743	9.137284	2.910797	9.447866	-2.013263	6.644382	6.615366	0.102934	5.130784	9.525315	-7.998606	6.901784	-2.065050	-6.059924	8.310060	9.544809	-12.377832	6.972160	-9.565570	5.613044	-14.196222	0.363218	6.994838	-6.433201	7.074032	-9.778175	-8.554350	0.795192	-8.824061	-6.210866	-9.098215
5115	6	-4.727034	-7.781821	-0.224677	-7.755581	-9.556661	-11.702357	-5.450040	6.490500	12.199301	-12.452048	7.253793	-12.794695	5.944306	0.645201	12.054952	-4.130326	7.253721	4.068200	8.278720	0.645200	12.054952	2.279057	7.253721	6.499691	8.746715	-13.633287	-0.234617	6.935933	-9.560165	6.578517	5.289825	-13.633281	-0.234617	2.242456	-9.560165	-0.039405
5134	6	-9.895519	-3.059784	1.363560	-6.445245	-9.028925	-7.563037	-14.426969	8.006516	12.912336	-12.796696	6.289470	-7.563037	7.422918	-7.756603	0.948217	8.397806	-9.043922	9.000941	1.916638	5.942104	12.167739	1.895609	0.878152	9.000563	-14.426026	6.014072	12.167888	-12.796696	0.878152	-7.563037	1.914430	7.935190	12.912327	1.894877	6.289470	9.000561
5224	6	-13.184220	-11.578430	-1.427843	-5.581122	-8.972057	-11.595324	-14.971182	5.555464	11.304777	-9.867807	7.176933	-11.595324	5.376149	-17.437522	-1.427843	6.458626	-8.972057	5.155620	3.377992	0.904316	11.254498	2.143766	7.164612	5.146544	4.486225	-7.552596	4.988947	2.179020	1.675598	5.155142	7.161696	-2.326156	5.123945	2.170945	4.345810	5.155556
5267	6	-4.996417	4.683680	11.182040	-14.732637	6.260124	-6.962033	7.765156	2.446795	11.144990	0.482480	6.166957	6.236112	-5.115943	2.621455	10.107886	-14.726587	0.174304	-6.962033	4.757637	-6.424026	4.418897	4.452030	-2.427777	7.400201	-7.940445	-4.185136	4.425165	-11.153207	-2.420897	-6.962027	7.157211	-0.392015	8.421925	0.589587	4.776495	6.349151
5415	6	4.717563	-12.114018	4.103946	5.880201	-5.734130	6.866301	-8.810625	6.925614	12.772550	3.836844	6.392774	-1.798687	3.237200	4.699493	12.772351	5.860398	6.392774	6.866281	-13.824754	6.925614	12.772550	-4.138602	6.392774	-7.615750	-7.792915	-6.647725	4.103978	3.885262	-5.733973	-1.798687	-12.805858	-6.647725	4.103978	-4.124563	-5.733973	-7.611269
5530	6	-11.214790	-10.576677	-0.235312	-10.265112	-9.347953	-9.340175	-10.715573	6.719860	11.329405	-15.686796	5.823040	-9.613462	0.203062	-11.315976	-0.235312	6.562860	-9.347963	5.555723	0.827178	5.371688	11.329405	1.356542	5.820943	5.948769	4.190255	-15.387772	-0.235312	7.287933	-9.347968	7.725274	4.362788	1.812112	11.274371	1.864643	5.514635	7.698618
5613	6	-6.321837	8.171828	10.991800	-12.652072	7.610133	1.956557	-10.837579	8.171828	10.991800	-13.067385	7.610133	-3.032557	2.953324	-4.302564	4.537589	6.667871	3.275073	7.235277	-5.331016	-11.172964	-0.093426	-6.252031	-2.347407	1.956731	3.551011	-17.032984	-0.093426	7.702968	-2.347407	7.255188	-9.889100	-11.172964	-0.093426	-6.667456	-2.347407	-3.032468
5694	6	-9.642614	-9.675567	0.315423	-4.538748	-14.272525	-9.495324	-10.018358	8.235125	11.173419	-11.108852	4.567327	-9.513276	4.832720	-15.914587	0.191311	7.804343	-14.272669	9.063146	-9.712668	4.844684	6.510623	-8.688564	-1.636353	-9.499023	3.177091	0.261137	5.641221	5.012842	-2.852427	8.869439	-4.525544	-9.675567	0.315423	1.727280	-14.272525	-1.470505
6110	6	-1.842979	-6.738955	-0.872393	2.631883	-6.796448	7.680811	-8.855476	8.505759	10.779792	-10.606773	7.962317	1.801929	-7.066290	-6.505384	-0.872392	-5.253370	-6.796448	3.070920	3.641310	-9.516799	-0.872393	5.300883	-6.796448	8.238637	-11.601307	8.506797	10.779792	-17.174971	7.962317	-3.822286	-12.949889	-6.498494	-0.872392	-11.921484	-6.796448	-3.802029
6169	6	-8.883048	-5.584790	0.366966	-8.903458	-12.961767	-8.056729	5.722442	-11.581391	0.366966	3.150712	-13.433233	-0.182809	5.726738	-11.583614	0.366966	6.537387	-13.433233	6.377161	4.467326	2.939800	8.595815	-6.362919	3.070364	-1.506384	10.446403	1.407144	8.488754	2.401739	3.070134	6.375989	-3.924631	5.456984	8.596373	-12.932632	3.070368	-8.056729
6232	6	-5.724697	5.770073	7.807992	-12.835438	-0.629107	-12.717886	-5.722168	6.385366	10.822071	-14.596599	5.596648	-12.717886	5.685600	-12.575159	2.070264	6.077517	-10.518595	4.322312	-4.187037	-6.374731	2.562707	-9.382537	-8.845235	-12.717886	2.633339	-9.849088	2.115335	2.654080	-10.372207	-1.176940	3.203174	1.733461	7.301608	0.404278	-0.783808	-0.188280
6251	6	-2.137466	3.957380	11.898969	5.826381	6.748779	8.221663	-10.359376	3.958037	11.898969	-8.517064	6.748841	-9.845211	-10.871200	-12.324099	1.741988	-7.938381	-3.652225	-9.844752	2.790837	-15.886286	1.741986	6.822466	-3.654440	8.228417	-2.650739	-12.324325	1.741988	5.579720	-3.652225	8.191918	2.555404	0.946983	11.894458	6.243790	6.032049	8.228122
6282	6	-9.696715	5.946823	12.192232	-12.835219	6.637545	-3.979843	-10.160290	-6.785175	1.679919	-8.007889	-10.109429	-3.904032	3.876621	0.713055	12.126363	-0.159919	6.588614	6.030986	-9.696351	5.414812	12.017347	-12.835219	0.183170	-3.979843	4.291542	-12.387224	1.679919	5.224723	-10.109429	6.666480	3.617560	0.502622	11.852098	-0.182146	0.079083	5.980287
6306	6	-13.729410	-9.328844	3.779296	-11.413025	-3.723274	-1.704667	-7.573523	2.314802	10.592800	-12.617722	6.668707	-1.704666	-12.161566	-10.794937	0.732866	-8.039451	-9.804156	-1.704667	4.932403	-0.442115	9.866685	0.938429	6.265374	6.349081	2.646337	-10.583545	3.778981	2.500549	-3.723350	6.940829	4.243952	-13.034736	0.732819	5.774507	-9.804200	7.068821
6319	6	-6.745040	-7.771458	-1.459544	-10.906655	-11.437956	-9.203413	4.987407	2.765621	8.257851	1.884918	0.148410	7.063934	4.884742	-11.630039	-1.461579	7.214107	-11.438039	7.123253	-6.844767	6.652570	8.265521	-16.196106	0.149913	-9.203413	-6.854676	7.827256	8.732158	-16.196106	5.363095	-9.203413	5.073188	3.959270	8.730847	1.884919	5.363037	7.065075
6359	6	-6.055374	7.208054	10.835557	-14.524089	6.412671	0.229788	-7.453014	-8.999143	-0.595061	-8.872583	-7.856058	0.229788	3.262629	-12.955291	-0.595061	6.265161	-7.856059	7.087045	-8.110631	7.210445	10.835557	-18.198272	6.412671	-5.708630	3.654727	3.242546	10.834002	0.737536	6.412062	6.591444	-9.573567	-8.998797	-0.595061	-12.546766	-7.856058	-5.708630
6371	6	3.356759	5.909458	9.323539	0.020895	7.009451	1.060528	-5.505427	7.395915	9.323539	-15.460720	7.009452	-10.673333	4.606377	-11.490337	-2.593892	4.048815	-6.514290	1.122131	-5.917768	-9.136938	-2.593892	-11.535061	-6.514290	-10.676054	5.668950	-12.298095	-2.593892	6.066480	-6.514290	7.030851	5.949210	4.021071	9.323539	2.209116	7.009231	7.031706
6530	6	-9.962544	4.729590	11.784673	-16.535996	5.993589	1.717108	3.066126	3.362322	11.774972	1.730789	5.993576	8.778407	-9.858821	-10.343984	1.077145	-12.436833	-11.567080	1.717108	-13.907004	-10.343984	1.077145	-13.789444	-11.567080	-4.632502	-14.010530	4.729590	11.784673	-17.888607	5.993589	-4.632502	3.507638	-12.268684	1.077145	5.840745	-11.567080	9.040963
6619	6	-6.039727	7.821717	7.075763	-15.690947	7.069610	-11.850863	12.841209	-3.451572	3.450990	6.346915	4.229918	6.234862	6.948950	-12.013465	-2.484813	6.900297	0.192672	6.181117	-4.619527	-5.814994	-2.484812	-10.053135	0.192682	-11.378964	-0.336670	-3.450075	3.450990	-10.434091	4.230005	-8.363268	3.248764	-3.451572	3.450990	-6.176661	4.229918	-6.209084
6655	6	5.017815	2.443501	12.123685	-0.404715	5.565015	5.363465	-12.569216	-1.684878	4.416288	-10.505363	-2.935806	-4.890291	6.751013	-11.737390	-0.277015	6.815977	-12.172736	6.277659	-9.591644	8.110033	12.297098	-13.474144	5.565157	-4.890270	4.663626	-0.288919	11.404837	-0.420473	5.321143	5.349500	-8.579189	-6.039118	1.141987	-7.800067	-11.438888	-4.889859
6666	6	-15.103680	-3.256149	8.688081	-14.790296	-6.493835	-10.432472	-10.031443	5.274937	13.574072	-14.774919	6.469949	-10.414939	-12.148219	-0.515935	8.760745	-14.787099	-3.186934	-10.428825	5.104475	-9.135274	3.592538	5.049318	-6.775486	6.161982	7.206028	-0.060705	13.574072	0.245852	4.300224	6.327702	2.231178	0.058744	13.574072	-4.435830	4.565567	4.951274
6727	6	-13.239368	6.632155	11.803632	-17.338275	-0.725486	-9.636410	-13.239375	6.662414	12.927679	-17.338568	5.377338	-9.636410	3.377870	4.464227	12.927664	1.236761	5.370766	4.780436	7.033752	-12.411715	2.132232	6.847616	-6.214856	5.740960	-10.160977	-6.798809	2.157047	-11.910215	-4.534514	-9.629741	3.377721	4.433442	11.782025	1.237077	-0.738971	4.780491
6789	6	-8.841566	-7.210023	0.806246	-1.597452	-8.774153	3.826352	-10.760039	6.039289	10.536239	-12.066669	4.618720	0.589567	-6.181598	2.931527	4.886795	-12.020212	-0.936204	0.595058	-10.639590	-7.210023	0.806246	-5.778916	-8.774153	0.932939	-3.354305	-7.210023	0.806246	4.155571	-8.774153	5.380696	3.134299	3.068120	10.493957	1.582898	4.549577	6.038862
6838	6	-5.618989	6.992517	11.413483	-11.333005	8.018592	-9.524008	0.021246	6.891546	11.413483	-11.329147	8.018591	-9.195454	5.173844	1.596646	11.411070	3.891887	7.996750	7.924693	-6.633906	-9.751695	0.435600	-6.895852	-5.495995	-9.524010	3.618490	-1.318060	10.643284	3.895048	5.326766	7.792010	4.159841	-13.939399	0.435598	8.334381	-5.495996	7.884159
6847	6	-13.031648	6.120478	3.049965	-7.838139	-0.403317	-11.101581	-16.458294	-2.760382	2.177248	-7.603543	-9.991122	-11.178211	2.035351	-3.616030	1.761577	5.610362	-10.031646	6.605268	-16.051282	7.594492	8.554699	-12.328392	6.147940	-11.248232	-0.297471	6.118960	3.049962	3.183542	-0.403332	0.068548	2.853698	4.825126	8.549132	0.946578	6.147939	6.623760
6916	6	2.453673	-11.698524	-0.653972	7.306852	-7.134900	7.933318	-13.647109	6.010192	10.794390	-11.983596	5.642629	-9.253439	-14.072040	-9.167012	-0.651491	-8.679389	-6.360111	-9.253439	-13.661419	5.579180	10.239613	-11.983596	1.092308	-9.253439	2.883801	1.646172	10.786526	4.240876	5.589425	7.933315	2.779893	1.486813	9.967042	4.197862	0.951037	7.933314
6927	6	4.221997	-12.762368	-2.290284	5.967224	-7.697571	6.747397	-9.729208	2.814268	4.008147	-10.320136	-0.806962	-9.878448	-11.468761	6.474551	9.691781	-11.158871	6.967542	-9.878449	4.811285	3.029797	9.691777	1.586502	6.960358	6.746407	-12.061638	-9.760490	-2.290284	-6.777688	-7.647004	-9.876997	-10.972165	5.368084	5.301333	-11.080772	0.473178	-9.878449
6956	6	-4.039897	6.024010	10.985865	-15.663149	7.904384	-11.908914	5.109419	-13.208866	0.253610	5.909237	-6.696201	6.549517	1.979431	5.160453	10.985862	-8.218163	7.903996	-5.395830	-6.422646	-7.954629	0.255303	-10.568774	-6.690748	-11.921264	4.549959	-2.520647	6.045176	-0.182590	3.750091	6.481410	5.107432	0.641258	10.979251	-1.337792	7.638645	6.241438
6988	6	-13.641810	1.828986	6.020422	-12.833552	-1.356019	-7.169684	-16.532177	-7.486966	2.494142	-10.679216	-13.799259	-7.169967	-13.627797	6.897704	10.981378	-12.880405	3.769839	-7.169681	4.291029	4.835461	10.915000	1.406160	3.769839	8.037663	1.352767	-8.035172	2.474753	3.614277	-13.808652	6.921447	-4.489767	-7.498721	2.493648	1.482658	-13.799506	4.309598
