43	4	-12.926027	-3.094665	1.019075	-9.671097	4.769239	-10.149008	-11.805885	5.862896	4.469517	-10.773791	5.605990	-10.147397	-15.981854	-9.485929	-6.261698	-9.669774	-10.759829	-10.150217	1.529355	-3.226769	0.932794	5.347511	4.710490	5.473899
154	4	-8.326552	-13.475540	-4.962220	-12.785329	-7.853367	-10.879023	-8.327366	-2.993053	2.071099	-13.223540	4.301868	-10.880608	6.266883	-16.508807	-4.968174	5.037076	-7.853367	6.257121	-9.872382	2.470796	5.162182	-14.645667	9.403850	-10.883448
167	4	-12.413498	-9.769483	-5.546660	-8.598641	-8.555701	-9.110275	2.672013	-11.574745	-5.546660	8.480582	-8.555701	5.404005	4.252910	-0.352642	5.143244	6.365651	4.574204	5.548669	-9.857818	6.488128	5.406322	-11.316584	6.920378	-9.110525
168	4	-7.720311	-13.276691	-6.415082	0.631933	-8.544804	3.781482	-16.887656	-13.276691	-6.415082	-8.911532	-8.544804	-6.414885	-12.338388	5.214641	5.274808	-14.522009	5.433435	-6.415013	3.829944	3.523978	5.274808	1.221899	5.433435	5.160033
171	4	-7.971481	-11.617882	-6.895005	1.431563	-7.703069	4.458691	-4.256908	5.662978	4.386571	0.102995	6.290899	4.201159	-13.768813	-11.617882	-6.895005	-5.545540	-7.703069	-2.452881	-9.225827	5.662978	4.386571	-8.508199	6.290899	-2.454385
181	4	-10.152044	-6.762027	-2.902599	-9.291191	-12.435144	-4.879820	-1.568008	-6.764414	-2.902599	4.860722	-12.435144	5.322110	-9.915481	6.679471	7.552536	-12.758580	6.736502	-4.879346	-1.475080	6.676576	7.552536	1.377664	6.736502	5.004787
209	4	-13.923368	8.233578	6.894422	-11.238758	4.882188	-12.256281	-13.558213	2.621611	3.716080	-9.949712	-4.944989	-12.256261	-13.417007	-7.930076	-1.922954	-8.087716	-11.023399	-12.255972	3.114965	-10.584278	-1.922954	6.560986	-11.023400	5.681608
216	4	-10.154533	-9.645715	-3.984777	-8.987311	-9.762838	-8.959101	3.124037	-11.813236	-4.017227	7.698456	-9.762838	6.567668	-8.855936	6.074655	5.234366	-13.801795	4.419840	-8.959442	4.532698	2.789968	5.034150	3.274187	4.396443	6.910608
222	4	-3.060772	-8.193039	-5.733567	2.397746	-11.322866	5.181703	-15.033686	-8.193038	-5.733567	-4.854675	-11.322866	-5.425279	-16.180115	6.728122	7.123520	-10.582323	5.536775	-6.049962	-9.900909	-8.193038	-5.733567	-1.617210	-11.322866	4.880480
235	4	-6.663751	-3.848690	-4.065318	2.184302	-8.584020	6.295811	-15.771011	-3.848690	-4.065318	-7.772150	-8.584020	-3.567608	-15.610090	6.306638	6.616608	-13.737613	6.460483	-3.567883	-10.761832	-3.848690	-4.065318	-1.602756	-8.584020	5.510824
241	4	-14.907638	-12.590788	-4.735944	-5.907048	-10.054278	-4.768982	-14.637670	-12.590788	-4.735944	-5.888077	-10.054278	0.118842	-3.136931	-12.590885	-4.735944	3.696517	-10.054278	4.991198	-12.553556	3.797973	6.959467	-12.379112	6.531853	0.120412
250	4	-3.704188	6.319261	9.592188	0.818156	8.217623	5.618597	-9.078459	6.319261	9.592188	-10.835655	8.217623	-2.639742	5.700842	-15.486708	-2.397414	7.960265	-6.682170	7.096229	-0.001998	-10.277422	-2.369775	-2.969837	-6.681417	-1.456054
280	4	-6.057432	6.433466	7.873975	1.929079	6.163042	2.570819	-5.864483	-10.906099	-0.736210	5.295932	-9.301187	3.028206	-15.112371	-10.900571	-0.736210	-4.137018	-9.301187	-4.337163	-16.370489	6.437077	7.873975	-7.326423	6.163044	-5.760870
291	4	-16.861383	6.916600	6.434684	-12.900577	9.575208	-8.392231	-18.697015	-10.677767	-4.167686	-10.495509	-9.176300	-8.392231	-14.085543	0.700677	-0.092305	-10.560031	-4.223679	-8.392231	1.186558	0.171924	-0.110512	5.821934	-6.563216	5.521385
292	4	-5.161898	-5.712790	-7.560674	-10.523313	-14.013371	-0.208097	4.989353	-9.193682	-7.560713	6.472828	-14.014085	6.825660	-4.870665	0.134814	-2.080845	-10.523314	-8.477549	-0.208097	-9.891705	8.068496	4.518332	-11.638664	4.646701	-0.208097
300	4	-13.205669	4.815364	7.881368	-11.215643	8.221700	-4.037097	-3.254658	-6.210020	-2.169672	0.100310	-1.799898	4.435092	-12.530005	-6.210012	-2.169672	-5.967523	-1.799898	-3.431373	-11.860479	-1.409290	0.587322	-5.967547	-1.743090	-3.431383
336	4	-11.532155	7.869101	8.642652	-7.317091	7.111594	-10.132342	3.759285	-12.240680	-1.705215	7.727575	-8.403967	7.311902	-8.430476	-9.862473	-1.677560	-4.924250	-8.403965	-10.121941	-4.579249	-9.880855	-1.677989	1.666432	-8.403965	-5.886254
399	4	-17.360845	7.484858	5.426595	-8.677616	6.162410	-6.857472	-17.585039	-9.276609	-4.941072	-6.440317	-5.617414	-6.857472	-4.603018	7.484857	5.426595	1.643645	6.162410	2.898935	-4.812245	-9.276610	-4.941072	3.925029	-5.617414	2.913224
416	4	-7.495616	-9.235128	0.661861	0.084007	-7.671210	-3.574452	-13.551345	-9.235127	0.661861	-5.768491	-7.671210	-3.924807	3.846651	-11.812807	0.661861	7.147378	-7.671210	7.438917	-16.564605	2.348560	7.218540	-12.331961	6.032945	-3.924807
449	4	-15.907045	8.019199	7.088706	-11.685505	5.521288	-8.871028	-15.907019	8.013562	6.913605	-11.685503	-0.007864	-8.871028	-13.701865	-9.333100	-3.312529	-6.662374	-12.256683	-8.871028	-10.845614	2.157121	2.844526	-7.227951	-4.114276	-8.871028
454	4	-18.948950	4.961492	5.102915	-12.195877	-1.104179	-9.807857	-18.942522	-6.509629	-0.102311	-7.366361	-9.396225	-9.807836	-19.394501	8.605010	8.018954	-12.197654	4.926289	-9.807857	1.365039	-2.103035	2.688830	2.572228	-4.880767	6.495550
458	4	-11.760924	-12.006966	-5.762401	-11.280233	-12.332789	-9.740753	3.119277	-17.199357	-5.762401	2.696263	-12.332789	6.989260	-1.936332	-12.063870	-5.762401	0.712667	-12.332789	5.925594	-14.914177	5.971720	6.642026	-15.822631	5.525495	-9.740753
510	4	-17.174033	5.955125	5.715252	-5.563884	6.274559	-9.826074	-9.583309	-6.964448	-6.736424	1.953648	-6.388555	-4.773842	-12.721012	-6.964447	-6.736424	-2.383061	-6.388555	-9.776862	2.015826	-8.076375	-6.995722	7.365064	-7.446556	6.389420
531	4	-11.141674	1.806400	0.475866	-12.665088	-0.987851	-10.128615	-14.028872	7.603792	6.028958	-17.893466	9.583745	-10.128615	-12.956091	-6.974264	-4.193893	-12.664270	-5.175049	-10.128615	4.701869	-11.423316	-4.193906	1.960996	-5.175049	7.511953
556	4	-10.389732	-11.754284	-3.821653	1.487817	-12.253441	1.088172	-16.103060	-11.754284	-3.821653	-8.854998	-12.253441	-10.003501	-11.868096	6.972008	4.903099	-11.897452	7.098877	-10.003501	3.970566	1.840994	4.807307	4.609926	7.068140	7.008331
591	4	-15.733126	-7.201517	-6.037238	-3.065665	-8.778340	-12.584364	0.669813	-7.731714	-6.037244	4.774165	-8.778340	5.451472	-14.296740	6.183911	5.063444	-11.318912	7.338377	-12.584365	3.449087	4.336028	5.062542	1.717055	7.338236	5.363490
607	4	-15.942448	-4.088865	5.973807	-17.327050	3.843337	-10.645107	-10.499044	-15.994056	-0.509914	-12.052973	-5.675162	-10.639664	4.417047	-18.622149	-0.509914	6.573409	-5.675162	6.667346	-14.385147	2.126334	7.496703	-17.380115	8.209767	-10.644858
621	4	-15.447835	-12.987576	-4.602126	-9.453165	-9.996282	-6.021741	0.663870	-12.988799	-4.602126	6.672230	-9.996282	5.263285	-13.387521	4.894659	4.786886	-10.784952	6.330670	-6.021741	2.672519	2.773429	4.786531	6.583288	6.322031	8.073253
634	4	4.394340	-14.436769	-5.898840	8.794471	-6.042827	5.614766	-11.290986	7.734773	6.495813	-14.543579	5.267684	-8.263219	-7.836668	-8.890908	-5.774388	-9.321090	-6.042827	-8.209137	4.385490	-8.799700	0.149752	8.794452	3.605828	5.612719
646	4	-0.155781	2.713976	5.011667	5.321661	6.056966	5.966954	-7.441390	-7.035743	-0.943288	4.533491	-9.683442	4.564198	-15.333596	6.752159	5.024517	-5.890613	6.060007	-7.330257	-18.363028	-7.035743	-0.943288	-3.572971	-9.683442	-6.871557
653	4	-4.639613	-7.825388	-7.519409	5.389184	-10.766554	4.306059	-3.465960	5.788933	4.201231	5.232967	4.299882	4.306048	-17.553823	-7.825388	-7.519409	-6.012183	-10.766554	-4.599885	-16.386169	5.788933	4.201231	-6.207123	4.299882	-4.709624
681	4	-8.961339	-6.355492	-4.902369	1.605889	-10.267703	0.750488	-18.508891	-6.355492	-4.902369	-5.009941	-10.267703	-10.629216	-15.597914	7.104807	6.509885	-8.238146	6.916697	-10.629222	-12.076492	-6.355492	-4.902369	1.439665	-10.267703	-5.729378
687	4	-10.148672	-7.690396	-3.790641	-8.989568	-8.158204	-13.158907	-6.840638	7.252045	7.514503	-13.987851	8.287518	-12.279734	0.988531	-8.199053	-3.790699	3.621608	-8.158205	4.210553	5.178143	4.228711	7.514491	1.363820	8.286167	4.705819
699	4	2.016476	0.399569	0.466884	4.866826	0.765930	5.350028	-14.054332	1.817392	0.633407	-9.516153	0.786158	-8.608636	-19.429340	6.995303	6.553789	-15.571874	4.771402	-8.608637	-19.177355	-3.563223	-5.988879	-9.516151	-3.492713	-8.608636
732	4	3.451975	3.182019	4.145580	7.707356	4.967714	7.979302	-14.244767	-8.454931	-7.563111	-5.704898	-12.544619	-3.817549	-9.867803	5.765810	4.146423	-6.885501	4.977699	-3.816855	3.564874	-0.294754	1.057590	8.947389	2.833776	7.979510
755	4	-8.371602	1.602253	1.499555	-3.813127	-5.518485	-10.438254	3.689800	-12.453935	-4.601491	8.431253	-11.512202	6.348389	-16.629823	5.709554	7.235090	-8.538054	6.544348	-11.362606	-9.967668	-6.508077	-4.601491	-3.795800	-11.508707	-10.421951
776	4	-9.064880	-10.300055	-6.651518	-3.469848	-11.894461	4.408899	-13.540107	-10.300055	-6.651518	-7.862483	-11.894461	-6.901075	-6.268340	5.176072	4.079671	-4.126650	4.633119	4.447344	-10.564348	5.176072	4.079671	-8.519306	4.633119	-6.951596
789	4	-13.583306	6.903679	4.091377	-10.291259	3.411018	-6.266279	-16.006301	-1.643868	-5.850524	-8.800893	-7.185485	-6.266279	-5.791755	-1.643869	-5.850530	2.729044	-7.185485	2.979058	2.577569	3.008991	4.084522	5.573116	3.375168	7.210484
836	4	-13.191709	4.977541	6.148907	-15.668763	6.779952	-9.655474	-9.975534	2.352674	0.142133	-9.407908	-1.401568	-9.655474	-10.328843	-4.077657	-3.003095	-9.407908	-6.595985	-9.655474	2.835187	-5.521599	-3.003095	5.877935	-7.496019	8.609519
851	4	-16.266876	6.778279	6.818725	-12.068077	6.362894	-6.899930	-15.436686	-7.986908	-4.490126	-7.350347	-12.117170	-6.899930	-0.042356	-8.064609	-4.490126	6.502732	-12.117170	2.908414	-4.988851	-7.986911	-4.490126	1.608317	-12.117170	2.803341
854	4	-10.984367	7.332691	5.259915	-11.517660	6.457829	-12.098881	3.391945	-11.778908	-5.322240	9.302833	-7.659395	6.380361	-9.302751	-7.091629	-5.309050	-1.465015	-7.476799	-12.075071	4.776541	2.642890	5.238095	5.606671	6.129189	6.385142
860	4	-12.257465	-4.333187	-3.209751	-2.618025	-6.599764	-10.745855	-12.908089	6.732324	5.764623	-12.943959	8.392403	-10.758965	2.234422	2.618905	5.764623	2.867318	8.366079	5.554462	2.058687	-8.596273	-4.197798	7.747011	-6.600898	5.220029
872	4	-15.519119	-5.508174	-2.895048	-5.475275	-11.760102	-5.524085	-9.244527	-5.508174	-2.895048	6.551915	-11.760102	1.174304	-14.024578	5.468462	5.362582	-9.090955	5.072208	-5.525426	-7.792435	5.468462	5.362582	2.913041	5.072208	1.093184
875	4	-17.953599	7.063247	5.159220	-9.628420	9.092056	-12.087925	-9.493724	-7.318688	-3.903241	2.427610	-2.809169	0.083148	-19.547933	-7.318688	-3.903241	-7.071780	-2.809169	-12.087925	2.339215	-1.313396	-1.138194	7.107856	6.148090	4.677498
892	4	-7.873904	-10.009362	-5.034413	0.961016	-10.662852	4.841491	-18.273348	-10.009362	-5.034413	-8.790875	-10.662852	-5.813736	-13.310918	6.707412	5.167975	-13.884225	6.206410	-5.813736	3.125473	2.704114	5.167652	2.359431	6.014850	6.785964
898	4	3.730805	3.961846	6.445881	2.819714	8.668905	5.977560	-9.738736	7.137469	6.448397	-16.578919	8.669068	-6.827425	-13.713287	-8.941204	-3.442271	-12.601145	-3.882962	-6.827425	-13.413833	-3.437353	0.528364	-13.021906	4.992272	-6.827425
900	4	-12.926038	5.736804	7.910025	-13.046341	6.509347	-3.045341	-13.491013	-10.186653	-1.931342	-9.789273	-10.763184	-3.045341	0.939707	5.632200	7.910025	5.465217	6.509347	7.097007	-0.570653	-10.187234	-1.931342	8.239074	-10.763184	4.911916
942	4	-15.768610	-12.467935	-1.522947	-8.149369	-6.159881	-6.240089	-15.075555	2.417842	6.226791	-10.437157	7.119128	-6.240089	-4.895356	-12.468059	-1.522947	3.313848	-6.159881	2.462752	0.936518	-12.818595	-1.522947	3.963990	-6.159882	4.030325
981	4	-18.080714	5.036317	8.046955	-13.012207	7.229027	-6.373783	-19.697264	-9.926525	-4.261754	-9.932816	-2.671667	-6.373783	0.792312	2.960661	8.041578	2.096174	7.227181	5.689357	-7.655279	-9.926567	-4.261754	2.088555	-2.671667	5.687643
995	4	-16.815211	-9.102421	-1.659020	-9.104319	-12.100188	-10.678762	-16.702326	6.687401	8.158263	-12.412265	4.754794	-10.678730	2.290092	-13.247475	-1.661048	5.049583	-12.100188	4.627869	2.136891	3.069043	8.153932	1.308845	4.754794	4.553100
1024	4	-16.300955	-9.734390	-7.163861	-10.970774	-8.128159	-8.165169	-0.156817	6.815966	3.795534	5.093708	8.610518	4.628965	-11.328273	6.816960	3.795534	-12.755606	8.610518	-8.163146	5.027679	1.055493	3.795424	5.114900	8.594495	6.685036
1059	4	-14.522277	7.111352	8.745109	-7.954422	7.874566	-7.288094	-4.778537	-5.291758	0.155853	5.836760	-8.466294	3.222381	-2.737673	7.111319	8.745109	3.707313	7.874565	3.228665	-16.539203	-5.291758	0.155853	-4.545243	-8.466294	-7.287341
1072	4	-13.380343	8.741065	5.629436	0.091449	6.379908	1.694993	-9.477211	-8.661812	-5.298093	3.161015	-5.715563	2.832468	-14.718776	-8.661812	-5.298093	2.897961	-5.715563	-0.944685	-20.816031	8.741065	5.629436	-5.906647	6.379908	-3.793833
1105	4	-16.391382	6.359483	6.581231	-7.354942	6.883179	-2.675997	-7.141844	-5.632183	-4.743271	3.983199	-7.886032	3.688716	-7.163683	6.359477	6.581231	1.690637	6.883179	3.600233	-16.369586	-5.632176	-4.743267	-5.074245	-7.886032	-2.675984
1128	4	-13.354353	1.283905	-0.818826	-9.287130	-5.721243	-11.008072	-19.791362	-5.165345	-6.561784	-9.287130	-11.858126	-11.011335	-14.115750	7.960421	4.315370	-11.270715	5.585315	-11.009425	2.286436	1.175780	-0.830342	7.906789	-5.742960	5.509492
1168	4	-8.662255	2.047535	2.594315	-7.993549	-7.536728	-13.542367	-8.926553	-2.807983	-2.637082	-7.988709	-11.295987	-13.542337	-14.315589	5.780325	6.022741	-12.068137	3.629385	-13.546826	5.307022	-5.287485	-2.641142	6.104417	-13.106512	4.378829
1172	4	-13.755507	-9.870682	-5.532395	-10.053132	-11.490493	-9.384752	-13.787748	7.707656	5.923088	-14.042078	6.170879	-9.384752	1.805944	-12.668500	-5.532395	8.035671	-11.490516	4.873848	1.773434	4.987318	5.923086	4.039870	6.168483	4.824210
1176	4	-15.028845	6.407193	7.800490	-10.999617	6.661478	-12.066655	-9.740308	-10.129137	0.322846	-7.474049	-6.124888	-12.066655	5.241520	-15.340538	0.279545	5.311639	-6.225130	7.437336	-10.119068	-2.533253	3.472606	-8.802788	2.304139	-12.066655
1183	4	1.238333	-0.503982	2.221361	6.916664	-8.030448	4.848329	-12.038630	7.931034	8.850849	-14.099806	7.235933	-9.231150	-12.564926	-5.703699	-2.536577	-9.245766	-9.490996	-9.173117	-6.344538	3.918460	2.241440	-9.787265	-2.828844	-9.191654
1200	4	-7.349089	2.808466	2.572976	-11.291616	-3.273975	-7.726584	2.249837	-10.302582	-3.854953	6.143342	-9.697971	6.727223	-13.266756	7.135650	6.617629	-17.531177	7.528147	-7.726746	-11.271540	-9.116668	-3.854953	-11.281989	-9.697971	-7.726745
1204	4	-6.049525	-7.674864	-5.524234	-8.578399	-11.139440	-12.140766	4.352306	-13.864235	-5.524236	6.424722	-11.139440	3.188427	3.846485	-13.862653	-5.524236	1.286191	-11.139440	-2.552116	-6.406765	8.168270	4.380086	-9.423207	4.038055	-12.159549
1209	4	-16.715203	8.895342	3.362586	-12.490814	6.672169	-10.409986	-18.917093	-8.722464	-8.811647	-7.974843	-8.711151	-10.409984	-12.414382	3.207622	-1.457202	-8.025495	-2.338851	-10.409983	2.168917	1.171848	-1.508105	6.299943	-2.368592	5.692325
1233	4	-12.805535	-11.653115	-4.128258	1.301422	-7.347393	-3.331398	-18.251412	5.793211	4.916461	-8.668646	6.687055	-8.812798	-19.058315	-11.653115	-4.128258	-5.243172	-7.347393	-7.451915	-8.257638	-11.653129	-4.128258	2.252501	-7.347393	3.426531
1235	4	-13.310291	4.997887	6.954544	-16.317721	6.398830	-8.792406	-15.147794	-11.878693	-4.942635	-12.582999	-8.440154	-8.792407	3.239450	-0.602857	1.106890	5.995980	1.768478	6.772994	2.862417	3.589777	6.954534	2.646368	6.318147	6.756923
1238	4	-13.352747	-7.408440	-1.501142	-5.304343	-10.871549	-10.273376	-12.574605	6.563616	5.790670	-7.321469	4.092063	-10.273376	2.032284	-8.377417	-1.501876	7.549536	-10.871973	5.293249	3.256878	4.893597	5.789826	5.936624	4.091801	6.703578
1241	4	-7.833975	5.754385	6.414363	2.881063	8.247843	2.358436	-4.850716	-10.621839	-1.823079	4.704129	-7.353485	2.474260	-16.932005	5.754394	6.414363	-8.941266	8.247843	-6.954041	-13.950823	-10.621292	-1.823079	-7.118726	-7.353485	-6.572250
1246	4	-17.061844	-8.649168	-5.963173	-8.770133	-12.376156	-7.976610	-4.605729	-8.649168	-5.963173	3.208530	-12.376156	3.314384	-17.220425	3.681562	5.229771	-12.763725	-0.325727	-7.976610	-17.835029	7.990498	5.427934	-12.777261	3.752915	-7.976610
1310	4	-10.290537	-11.255730	-5.982615	-12.067246	-8.067707	-12.095555	-10.001410	5.535844	3.938063	-17.658586	8.377253	-12.095555	3.294823	3.522564	3.917437	1.538989	8.363271	6.222522	3.579056	-13.336565	-5.982618	7.157884	-8.067707	6.303692
1324	4	-9.571659	-4.622149	-4.190673	-9.873937	-7.534142	-7.793752	-4.586350	6.646696	4.096053	-10.041070	4.709213	-7.793752	2.184412	-5.485721	-4.681522	5.025003	-7.747631	4.676463	7.724675	1.338900	3.284275	6.024996	3.414251	6.745537
1352	4	-15.201406	6.468486	8.479733	-15.815752	7.125349	-8.959444	0.970584	-10.796315	-0.791144	3.202409	-7.892336	7.966307	-15.315207	-10.636947	-0.789122	-9.957324	-7.892329	-8.959444	-3.859749	-10.636947	-0.789122	1.563208	-7.892329	2.848880
1369	4	-17.072668	-7.356783	-4.313132	-8.781590	-7.901357	-8.128264	-17.492295	9.178222	7.160439	-13.935402	7.676001	-8.128350	4.402927	3.226737	1.357133	6.909446	0.296818	8.077029	-11.773407	7.985779	1.563662	-8.784417	0.597990	-8.115224
1392	4	-18.200963	-14.411781	-1.921398	-8.695312	-9.607378	-7.031648	-5.132700	4.205118	7.276488	3.751922	5.374263	4.575633	-6.190186	-14.411781	-1.921398	3.699581	-9.607378	4.562558	-17.145499	4.205118	7.276488	-9.159364	5.374263	-7.031648
1455	4	-14.495417	8.329385	6.674492	-14.572899	7.979287	-7.012227	-16.984101	-2.502900	6.054374	-14.530937	-0.429020	-7.012227	-13.912765	-6.058098	-0.039164	-8.873204	-2.769849	-7.012227	-4.180134	-6.058098	-0.039164	1.591578	-2.769849	4.436717
1456	4	-16.937170	-6.314525	-2.982271	-6.662366	-9.317960	3.831870	-20.576670	9.103004	9.020916	-14.639544	9.535185	-1.904179	-20.413032	-6.314525	-2.982271	-10.517851	-9.317960	-1.904179	-17.103867	9.103004	9.020916	-10.784059	9.535185	3.831870
1458	4	-9.031856	7.742749	1.492104	-9.931958	-2.805004	-7.477343	-11.687941	8.788810	5.417094	-11.227761	4.094504	-7.477620	1.375414	8.779453	5.417087	1.382829	4.094502	5.502841	3.698845	-0.115126	0.612257	6.001274	-3.655541	5.558302
1461	4	-12.876145	8.328350	6.892336	-16.260944	6.526110	-10.161804	-11.121207	-6.195484	-3.951114	-13.801781	-3.200584	-10.161803	3.461556	-8.496126	-3.951114	3.294919	-3.200600	6.707736	6.185938	-4.323631	0.561964	3.318970	3.408531	6.847069
1551	4	-12.603799	-4.705210	-3.133485	-10.706923	-10.379737	-9.582654	-12.509820	5.910249	5.658300	-15.216669	6.523152	-9.582654	1.786945	5.399131	5.658299	2.883153	6.523151	4.327492	1.657911	-5.144750	-3.133550	7.372277	-10.379799	3.935213
1553	4	1.324519	-11.736093	-4.701849	6.986153	-10.766649	5.143266	-10.230492	4.037233	5.558240	-11.937141	4.788876	-5.139144	-9.293562	-11.461068	-4.701849	-8.987393	-10.766649	-5.139143	0.109595	3.981913	5.558240	3.225152	4.788828	4.826899
1576	4	-10.889580	6.727747	6.009198	-7.777348	6.214248	-7.853323	-14.828910	-12.576617	-6.237189	-5.162524	-6.729611	-6.494579	1.514871	6.650392	6.009198	3.272327	6.214248	6.074073	-6.790702	-12.576617	-6.237189	4.249709	-6.729611	3.072847
1586	4	-6.091379	-13.690825	-0.811884	1.854507	-8.790863	4.247093	-19.685134	-1.745412	5.091871	-10.846066	4.986125	-6.788285	-17.064413	-13.690825	-0.811884	-9.180960	-8.790863	-6.788255	-15.159378	3.604947	6.516980	-12.278079	6.853233	-6.788158
1612	4	-14.210528	6.510540	6.941111	-10.890924	6.302237	-9.586926	-15.394588	-7.735422	-3.359331	-4.468299	-11.258402	-9.581220	3.293103	-11.296820	-3.359331	5.840063	-11.265181	8.050775	-11.776751	1.788440	2.908241	-4.481447	-5.366014	-9.581373
1625	4	-14.302780	-5.952191	-6.196454	-8.208856	-9.686470	-10.038811	2.647305	-7.201383	-6.196539	7.800559	-9.686527	6.260962	3.864382	0.786851	4.954731	6.527797	6.031414	6.414122	-13.702743	6.529878	6.085662	-13.539196	6.067930	-10.038886
1638	4	-19.975392	-11.236824	-3.513362	-8.158904	-4.636791	-10.646115	-14.040393	0.955422	2.353948	-8.159271	0.225923	-10.646115	-16.957619	5.715701	7.746559	-13.509516	7.287598	-10.646115	2.092588	5.333831	7.746559	1.290638	7.287549	5.412434
1642	4	-18.635716	-2.128990	-2.725866	-6.058983	-6.145306	-7.205835	-12.262965	-2.128990	-2.725866	-0.082448	-6.145306	0.973474	-16.109757	6.468576	5.018486	-7.639274	5.951259	-7.262499	3.145953	2.215881	4.907662	5.546584	5.761303	7.016660
1648	4	-12.707702	-3.106484	0.139027	-9.475786	-5.620201	-11.203711	-15.197663	7.456124	6.636821	-15.538511	7.097686	-11.240800	4.024384	-7.854008	0.135818	6.730860	-5.620487	6.529017	3.563886	-7.163568	0.135818	5.568057	-5.620487	0.312766
1659	4	-10.939530	6.800244	5.772542	-14.464450	6.550658	-9.521856	-8.417676	-1.758925	-5.240471	-11.669857	-4.875176	-9.503892	-8.405410	3.944207	0.433162	-11.669869	0.791088	-9.503892	1.034012	-5.291239	-5.469878	6.357485	-4.959566	5.684746
1662	4	-15.212272	5.763723	6.420326	-9.878212	6.607481	-6.762157	-7.315924	5.763723	6.420326	1.009676	6.607481	3.897181	-8.331434	-5.131110	0.454151	6.170943	-7.394133	3.898010	-17.027352	-5.131110	0.454151	-4.708351	-7.394133	-6.761998
1681	4	-16.173130	-13.168464	-6.441571	-9.391251	-13.463568	-8.148922	-5.676661	5.520826	5.746979	-0.325935	4.735766	4.681209	-4.265540	-13.168668	-6.441571	2.483442	-13.463568	4.704403	-15.909948	5.520855	5.746979	-11.593887	4.735766	-8.148922
1710	4	-13.653164	4.628013	0.569570	-8.573463	-3.263320	-11.740696	-19.859008	7.825144	7.138069	-10.211862	8.497922	-11.751608	-17.747438	-5.286368	-4.280416	-8.493838	-9.062394	-11.750912	4.562245	2.070569	0.275079	5.848207	-3.313392	5.217442
1740	4	-16.179150	7.142545	6.992891	-16.487838	8.675543	-6.726590	-14.384282	-7.391014	-4.220638	-3.243964	-4.661343	1.000203	-14.573252	-7.391008	-4.220638	-9.874024	-4.661343	-6.606376	-8.872832	-7.393221	-4.220639	3.343495	-4.661544	2.018459
1762	4	-10.925686	-10.360974	-5.225402	-9.049342	-7.404326	-7.129906	-11.171100	5.868418	7.541558	-15.409509	7.392107	-7.129906	3.161431	-13.999932	-5.225402	4.321175	-7.404326	6.570340	-2.937053	-10.361047	-5.225402	1.419969	-7.404326	6.225423
1765	4	-14.948096	7.576878	9.127505	-16.222605	6.442246	-8.399225	-18.684307	-6.947191	-1.629207	-10.905823	-9.638924	-8.399225	-9.807875	-6.947191	-1.629207	0.039941	-9.638924	0.420527	2.550628	6.710848	9.127505	0.575672	6.442088	5.687267
1772	4	-2.676461	-10.727431	-6.620829	2.647731	-9.981233	5.056851	-12.881235	-10.636320	-6.620829	-7.298402	-9.981233	-9.849673	1.121031	3.565339	4.582214	6.308664	7.250735	5.944622	-10.705012	4.486474	4.582214	-7.920482	7.250735	-9.568727
1775	4	-7.771788	-10.771273	-6.572577	-7.552720	-5.065670	-10.664145	3.740165	-12.382505	-6.572577	8.507565	-5.066768	6.541190	-6.778416	6.775548	4.523895	-9.161928	6.104062	-10.664169	4.738246	4.467391	4.523857	6.905217	6.032750	6.681430
1791	4	-14.639461	-12.311125	-6.912131	-3.851523	-8.683889	-5.179114	-11.799137	5.030637	5.237590	-10.193083	6.618564	-5.449005	-2.893298	-12.311150	-6.912131	2.337081	-8.683889	4.470612	-9.354644	-12.311125	-6.912131	2.220042	-8.683889	-0.694363
1809	4	-9.690201	-12.888070	-5.307928	2.759483	-10.958503	4.035890	-17.408632	3.016834	5.627967	-11.007634	6.808727	-8.366090	-21.739574	-12.888070	-5.307928	-7.955533	-10.958503	-7.457732	-5.016804	3.016830	5.627967	-0.334117	6.808727	3.759841
1816	4	-16.879938	-12.160731	-4.787917	-6.479157	-3.045713	-6.020887	-16.940115	-7.058358	0.311900	-6.479446	2.231518	-6.020887	-21.521460	-2.587902	6.085623	-8.878683	5.725160	-6.020887	-16.120312	2.244116	6.186608	-8.907972	9.612220	-6.020887
1824	4	-16.742951	7.892687	6.771443	-10.020851	7.388359	-7.128310	-16.313561	-5.513466	-1.133583	-7.283940	-7.309746	-7.127638	-6.488490	-5.513466	-1.133583	4.136063	-7.309746	4.669379	-6.917882	7.892687	6.771443	1.177566	7.388359	4.666553
1847	4	-13.481094	-11.203825	-3.312511	-9.893139	-9.167154	-9.970861	-13.813572	6.106985	5.562878	-10.240936	8.433313	-9.970862	3.470600	1.440649	5.562877	7.007235	8.266927	6.149493	3.845786	-15.890256	-3.312511	7.438423	-9.167154	6.181710
1853	4	-14.880942	8.983432	5.851389	-11.876526	6.343239	-9.681926	-18.423590	-8.517907	-5.279681	-8.629314	-4.755191	-9.681925	1.352356	3.711590	5.850440	4.661074	6.343224	2.868291	0.437943	0.662880	0.012374	4.059421	0.152137	1.724452
1855	4	-12.495402	8.458441	6.432857	-11.253831	8.354282	-13.005986	-12.378181	-2.752227	-4.992452	-9.203601	-4.035070	-13.004783	-2.220984	8.458441	6.432857	1.427463	8.354282	2.720797	3.088987	5.146390	6.431651	6.943832	8.286177	5.978567
1882	4	-4.708349	8.427082	6.251124	-13.999101	6.492702	-6.187067	-2.396733	-2.822376	-6.861229	4.310203	-11.258728	2.801282	-4.549118	-2.822374	-6.861229	-7.799543	-11.258728	-5.910519	-3.748262	-2.822374	-6.861229	-0.996557	-11.258728	0.065284
1892	4	-15.220916	9.500790	5.472699	-13.303527	6.442909	-11.605910	3.591884	-14.419342	-6.568861	8.167893	-6.949040	5.753941	-5.890039	-7.806188	-6.568861	0.465708	-6.949040	-5.303276	-11.294018	-7.806188	-6.568861	-6.844400	-6.949040	-11.462994
1912	4	-13.687181	4.802960	6.770224	-11.768582	5.261717	-11.168762	-17.719415	-4.740860	-5.096701	-7.221912	-9.721959	-11.167639	-13.590509	4.698783	6.437247	-11.544673	-0.931210	-11.168699	-12.366071	1.623570	0.155480	-7.628140	-4.361866	-11.166307
1929	4	-0.580403	-12.653721	-3.370726	7.369720	-7.939559	7.147388	-10.534835	5.135010	6.843551	-14.243586	6.444214	-9.400704	-10.205892	-12.653670	-3.370726	-9.708608	-7.939559	-9.400704	-0.912610	5.134994	6.843551	2.728441	6.444214	7.090483
1938	4	-10.311990	-7.283652	-5.994783	-10.571546	-11.145741	-3.926124	0.939549	-7.300056	-5.994970	6.510205	-11.145741	6.918541	-6.504782	6.248550	4.667076	-11.569083	5.726816	-3.926108	4.135647	1.112625	4.546401	5.727696	5.292323	7.906066
1943	4	-15.283225	6.548118	5.428009	-10.333220	6.533580	-6.639450	-15.876221	-12.839633	-5.763095	-7.632705	-8.899330	-6.640063	-9.749898	-12.839633	-5.763095	2.984090	-8.899330	1.807943	0.851509	-16.079682	-5.763095	6.309178	-8.911861	7.224477
1945	4	-18.226163	5.859029	8.522954	-16.623509	7.528951	-3.183627	-4.787547	-3.994868	1.654082	0.627684	-8.000661	3.095996	-16.718869	-3.994868	1.654082	-10.618916	-8.000661	-3.183626	0.485946	-4.238419	1.649209	7.077720	-8.006981	4.331875
1958	4	-0.617196	2.679585	0.460391	2.990874	-0.428372	5.226983	-18.345638	-8.702758	-6.017353	-9.280502	-10.293199	-5.576541	-14.086140	6.617327	5.884975	-14.423814	4.097312	-5.576541	-11.756500	2.679741	0.460391	-9.280505	-0.428371	-5.576539
1970	4	-12.531195	6.415371	3.251926	-7.356842	7.973933	-9.646424	-14.904281	-4.757490	-4.979928	-7.116351	-0.637158	-9.495868	4.581502	3.186387	3.185920	5.954147	7.821495	3.557263	2.234537	-5.640945	-4.986835	5.709153	-0.637821	3.554594
1979	4	-12.673556	-11.149085	-1.766027	-2.707522	-4.677418	3.222740	-18.050607	6.942839	8.029680	-9.056452	6.281753	1.880858	-19.087656	6.942839	8.029680	-11.736742	6.281753	-2.541592	-18.876792	-11.149085	-1.766027	-8.095844	-4.677418	-2.489038
1983	4	-11.826038	7.311991	6.336515	-11.746769	6.602167	-6.736437	-14.730677	-12.020754	-6.012053	-6.377951	-9.178401	-6.476226	-5.124446	-12.020754	-6.012053	4.304897	-9.178401	2.021667	2.800445	5.541270	6.336515	1.401262	6.602167	6.070667
2016	4	0.651873	3.535408	2.387476	2.610216	5.261584	4.692583	-11.882867	-10.088999	-9.721966	-4.198777	-10.987322	-4.204488	4.579129	-15.405783	-9.721966	6.904213	-10.987322	6.211704	-9.368383	3.784341	2.387505	-4.227130	5.261587	-4.202223
2048	4	-13.182204	6.284298	5.869732	-11.635321	9.260285	-5.386012	2.450937	-11.879733	-5.034242	8.016985	-9.286479	9.165277	-10.666542	-9.414053	-4.875223	-7.451295	-9.277625	-4.917420	0.172472	-10.734250	-4.990424	3.973972	-9.285307	6.996567
2055	4	-17.958989	-2.239625	1.959835	-8.357824	5.888967	-11.493714	-14.763264	4.166079	6.550649	-10.547262	7.186280	-11.493714	-17.919621	-7.745823	-4.722397	-8.357742	-9.620040	-11.493714	1.140673	2.273204	6.549866	2.972609	7.119120	5.865655
2058	4	-12.089767	4.238905	6.088734	-11.032215	-0.361712	-10.086730	-13.710570	6.299317	8.165931	-11.591617	5.697551	-10.095161	-16.008984	-7.780784	-4.196400	-5.043060	-13.041322	-9.855052	-10.446517	3.871058	2.379840	-5.039146	-4.637514	-9.822521
2095	4	-10.185642	-7.901616	-5.266579	-0.318365	-8.897531	-1.528861	-3.993401	-7.901619	-5.266579	5.995017	-8.897531	4.368172	-3.558548	6.600658	6.443797	2.909916	5.976333	4.367095	-16.431510	6.600665	6.443797	-7.557680	5.976333	-7.464915
2106	4	-18.393312	-11.545287	-5.789126	-9.385868	-12.344445	-5.811927	-5.643897	-11.545287	-5.789126	2.283523	-12.344445	5.880324	-18.322313	-11.545287	-5.789126	-8.434292	-12.344445	0.711760	-19.318057	5.989128	5.445431	-12.801675	5.497479	0.711760
2112	4	-14.007846	-9.481349	-5.062935	-5.682238	-9.097459	-7.328262	1.139360	-12.080451	-5.130931	6.315800	-9.099327	6.207890	-13.819926	6.402491	7.167883	-10.351708	8.687123	-7.328072	1.031079	4.125335	7.051421	1.697283	8.686192	6.132254
2114	4	-12.500375	-2.504078	-5.585794	-8.584507	-6.601645	-10.376787	-10.104804	9.413066	4.532476	-14.269366	5.074305	-10.377706	5.789674	6.257303	4.531597	0.666731	5.041771	6.691579	4.286080	-4.517154	-5.900882	6.270987	-7.806697	6.909741
2184	4	-12.885366	5.615227	5.772324	-10.374064	-1.782270	-8.265589	-11.947357	-9.750720	0.657111	-7.222880	-8.480767	-7.440113	1.620718	-10.122126	0.657111	7.124004	-8.482948	6.112053	-12.926481	7.937840	6.485962	-10.388039	4.104329	-8.266977
2196	4	-14.025063	-8.451792	-3.704114	-7.763298	-10.360930	-9.189520	-15.157289	5.786940	6.598284	-8.355730	6.963908	-9.189999	2.203225	-8.813796	-3.704114	6.879529	-10.395176	6.282058	0.722304	5.786079	6.598284	4.035689	6.963887	5.388178
2202	4	-15.109715	9.185079	7.084521	-10.938396	4.915549	-8.012421	-15.401289	-9.715101	-4.003305	-8.084529	-13.798024	-8.012023	-10.410139	2.472357	1.026722	-8.081156	-7.259720	-8.012016	0.057604	2.470812	1.026720	6.035525	-7.259721	4.502512
2235	4	-10.832662	-7.316469	-7.768317	-10.749173	-6.012916	-6.563008	2.304446	4.220529	4.665139	4.830132	6.788064	9.212634	-7.608191	5.918813	4.730717	-11.875488	6.796480	-6.563008	-1.828211	-7.486965	-7.818177	3.144801	-6.012936	4.998786
2256	4	-4.133359	-7.430157	-2.982163	2.158048	-9.942761	2.475532	-15.759877	-7.430157	-2.982163	-4.780859	-9.942761	-9.694555	-0.827313	-7.437026	-2.982163	3.727841	-9.942774	2.916688	-15.023245	6.261559	7.486735	-8.799895	7.550092	-9.845462
2283	4	-13.252764	-9.349174	-3.952808	0.182554	-6.887133	-3.192129	-14.386492	7.193304	6.988557	-12.819320	7.680497	-7.882777	-15.714258	-9.349174	-3.952808	-6.386224	-6.887133	-7.882777	-12.059147	1.916079	0.731575	-6.386323	-0.396326	-7.882777
2296	4	-16.216551	-0.456044	2.580190	-10.350507	-4.122305	-9.358942	-16.349827	-6.999656	-2.589395	-10.348363	-11.944271	-9.358942	-7.128779	-0.456060	2.580185	1.631422	-4.122321	2.945972	-7.262029	-6.999669	-2.589396	1.633579	-11.944272	2.945988
2304	4	1.761698	-13.903164	-1.287315	5.863048	-5.660473	7.626310	-14.305572	5.099870	7.924461	-15.650630	7.875021	-4.758132	-15.444917	-9.311271	-1.189299	-10.695307	-5.577105	-4.753956	1.777107	0.405335	6.702363	0.960458	6.676879	6.857339
2317	4	-11.540547	-11.983572	-3.457817	-11.119653	-8.140218	-11.365938	-10.788115	5.285269	6.239733	-13.577650	7.580102	-11.365938	2.836405	-14.605978	-3.581777	5.898161	-8.140218	7.353122	3.626908	1.520156	6.193212	3.993668	7.495786	7.353108
2346	4	1.342689	-2.301748	-5.414138	5.863849	-7.938125	5.694352	-9.730857	6.876482	7.093716	-9.641260	5.630237	0.491159	-13.611453	6.876482	7.093716	-10.674290	5.630237	-5.206329	-9.419720	1.771677	0.491401	-4.827413	-7.428254	-4.629973
2354	4	2.963069	-9.178080	-7.540561	6.181518	-7.489843	7.335091	-1.655010	-6.180163	-7.537936	3.201069	-7.341184	4.627736	-7.886052	5.159315	2.710940	-10.592316	4.494969	-10.167033	-9.841822	-6.179245	-7.537932	-10.594054	-7.341081	-10.300099
2372	4	-16.337317	-5.669530	-2.294425	-7.289044	-10.929599	-8.038845	-16.411723	4.420021	5.938867	-11.785574	7.689710	-8.038845	-4.003430	-5.669530	-2.294425	4.759507	-10.929599	4.778244	0.991298	-7.587496	-3.083552	5.638249	-10.930015	6.384619
2433	4	-12.339404	6.837452	4.275255	-12.205999	4.205776	-8.182241	-16.816560	-4.405590	-6.429260	-10.822911	-5.092156	-8.182241	0.239850	4.635107	4.275252	3.332365	4.205772	4.806340	-4.562124	-4.412782	-6.429278	1.336911	-5.092159	4.688081
2450	4	2.574672	-18.213727	-0.699503	5.479761	-11.135910	8.422287	-10.749673	-12.715631	-0.695576	-3.096339	-11.135906	-6.348703	0.613886	-13.282048	-0.696879	1.246992	-11.135908	5.947460	-12.477756	4.791061	6.181838	-8.111313	7.114281	-6.348832
2452	4	-21.466903	-12.469505	-5.303930	-10.383325	-7.555958	-12.499597	-17.192328	4.921450	4.541024	-11.344124	9.345793	-12.499597	-21.563889	-4.216890	1.834271	-10.581428	5.868969	-12.499597	1.267166	1.474309	4.541024	5.771981	9.345792	6.108399
2462	4	-15.310436	7.847328	8.195040	-8.239639	6.728357	-11.394210	1.663972	-4.268421	-2.998739	6.710641	-7.563543	5.429016	-16.329963	-3.983536	-2.998655	-2.290790	-7.563482	-7.540998	2.935639	5.873903	8.195040	1.963962	6.728355	5.723095
2491	4	-17.777320	-13.289290	-3.185067	-9.972187	-15.007196	-7.978541	0.337265	-13.323125	-3.185067	5.475395	-15.007196	6.825750	3.029460	1.476729	5.462603	6.451771	3.814727	8.017195	-15.021504	4.229187	5.463119	-11.814772	3.816020	-7.978541
2498	4	-7.920252	3.354385	-2.773465	-11.982726	-3.275812	-12.552119	3.847980	0.567714	3.285868	5.625053	7.017940	5.126178	-8.123005	6.183537	3.445905	-12.843178	7.243740	-12.552119	2.979606	0.138521	-2.967109	5.776622	-3.403956	5.126129
2499	4	-20.106443	5.721795	6.936597	-14.493826	7.520671	-8.706757	-1.287873	-11.688953	-2.592275	3.082359	-8.574953	3.562242	-24.082960	-6.216281	2.934020	-8.332862	1.527045	-8.706765	-19.316733	-11.688749	-2.592275	-8.076272	-8.574953	-8.706751
2526	4	-10.693946	-11.436876	-5.903962	-11.463349	-10.741137	-12.687371	1.149485	-12.041259	-5.903962	6.244946	-10.741137	4.295365	-11.348934	4.931849	6.653681	-12.135385	5.828085	-12.687378	-6.577577	0.257244	0.362765	-11.463501	-8.871053	-12.687371
2550	4	-13.734206	5.900959	5.886933	-15.721037	6.946161	-9.684287	-13.651487	-12.149701	-4.833379	-11.172921	-5.736536	-9.684285	0.079360	-15.118581	-4.833379	2.687923	-5.736536	0.013247	0.112650	-15.203656	-4.833379	2.745590	-5.736536	6.611076
2591	4	-3.595663	-4.236493	0.475920	4.804669	2.961213	4.154590	-7.245937	7.441833	5.003662	1.244570	5.996748	2.548147	-13.902289	-4.236493	0.475920	-3.096993	2.961213	-2.621035	-17.062601	7.441833	5.003662	-7.333421	5.996748	-4.024601
2609	4	-8.403074	-11.648199	-4.707235	0.230209	-11.697402	0.542214	-14.006769	6.270182	6.612098	-11.290688	6.447068	-4.951687	-14.363141	-11.647415	-4.707235	-8.365792	-11.697402	-4.951684	-7.512054	-11.648880	-4.707235	0.230222	-11.697402	2.736158
2636	4	2.699176	7.747795	5.500526	2.410118	8.818207	6.428798	-6.953191	2.037435	-0.801659	-2.547543	-2.586053	-6.398889	2.261322	-1.801142	-5.306616	6.736112	-9.191877	6.269672	-8.775451	9.245350	5.500526	-6.842037	8.818207	-6.593177
2671	4	-12.220463	-1.022894	-7.313884	-7.733110	-10.323569	-15.279818	-11.993196	7.517956	5.198524	-9.672585	7.174289	-15.279820	3.850868	-11.142562	-7.628536	6.011589	-10.515599	3.748194	4.134512	2.900552	5.197873	4.125084	7.167356	3.747591
2674	4	-14.789772	-7.003182	-8.319317	-7.606525	-6.866218	-10.132048	-13.702693	7.651741	3.921315	-7.751443	8.300002	-10.132047	4.029052	4.988449	3.921310	5.283356	8.300002	6.939360	2.344346	-7.689205	-8.319317	5.412967	-6.866218	6.912684
2704	4	-12.085798	-7.840024	-8.919158	-6.439946	-8.447799	-8.291279	2.285725	-9.377339	-8.919158	7.401114	-8.447799	4.664172	-9.885847	4.163362	3.950150	-7.595274	4.706984	-8.291452	-0.902903	4.162957	3.950149	4.814826	4.706984	3.245340
2720	4	-10.560311	-10.198500	-3.932022	-6.300148	-9.293111	-4.562366	-4.652966	-10.208337	-3.932022	3.278043	-9.293111	3.791399	-4.199745	4.840727	5.943096	2.839664	7.179466	4.009453	-10.090827	4.854176	5.943096	-6.960736	7.179466	-4.554594
2738	4	-0.229435	-4.657647	-1.222017	7.275205	-8.738441	4.115598	-16.811783	2.786821	7.222359	-12.810526	-1.696614	-8.594333	-16.779364	7.621500	9.500776	-12.881570	4.625049	-8.594333	-15.721903	-4.525629	-1.215748	-6.967310	-8.730782	-8.594333
2759	4	-14.286707	3.566231	1.251565	-15.211700	-6.919341	-11.368277	-20.789133	8.894256	6.683361	-17.383805	5.707193	-11.368277	2.372181	-2.148720	-2.044464	1.498949	-9.031270	5.612774	-14.260629	-1.045844	-2.042200	-15.092663	-8.363938	-11.368277
2766	4	-15.422669	-7.332817	-6.925258	-11.710012	-9.158732	-9.255733	-15.693653	7.334185	5.608438	-14.544330	4.969459	-9.255733	1.810205	-8.805200	-6.927561	5.912837	-9.158736	5.315091	1.480788	6.057080	5.607982	2.647681	4.969459	4.585916
2768	4	-16.876475	-8.607936	-4.684301	-10.140615	-7.547839	-10.872725	1.650982	-12.753145	-4.684302	4.125642	-7.830903	4.996985	-12.908841	6.845605	6.773466	-15.389225	1.036447	-10.888933	-12.908872	6.851718	6.812832	-15.389225	5.488306	-10.888933
2772	4	6.430936	1.686725	1.215559	5.179858	1.126089	6.478215	2.550576	-0.171927	-0.083779	4.938034	-7.116705	6.477695	-11.933257	2.398636	1.248332	-12.239326	1.148989	-5.299563	-14.540943	0.193952	-0.032131	-12.170979	-5.855055	-5.299664
2784	4	1.634008	-14.528273	-4.728398	6.281139	-4.314091	8.062985	-12.670418	6.280091	6.588453	-11.302959	7.591118	-9.844041	-14.030742	-11.202955	-4.728396	-8.427008	-4.300554	-9.398613	3.244594	2.914704	6.588441	4.677071	7.404875	8.041069
2802	4	-5.753610	-10.310125	-4.223532	2.104468	-6.445764	4.412995	-12.065220	-10.310125	-4.223532	1.651677	-6.445764	1.105453	-17.014258	6.378439	6.527524	-11.610348	8.126858	-5.367209	-17.652400	-10.310125	-4.223532	-6.396196	-6.445764	-5.364910
2806	4	-14.133526	5.912686	6.845786	-15.734667	7.216510	-6.351906	3.231014	1.315651	3.794550	4.261545	-1.442664	7.076880	3.453546	0.665407	3.797253	4.277648	-1.324417	7.321463	2.221592	-1.172503	3.796195	4.283853	-2.014981	7.515474
2818	4	-13.137445	6.655543	5.897337	-6.544374	5.765253	-9.359255	-16.889432	-12.386862	-4.244391	-3.179147	-9.039787	-7.695109	-5.744586	-12.386862	-4.244391	4.991453	-9.039787	3.849125	-11.404275	-12.386862	-4.244391	2.083844	-9.039787	-2.704401
2848	4	-7.983271	6.428005	2.597054	-13.436267	-5.745523	-12.049107	-11.058373	8.661431	7.256522	-15.998906	6.606498	-12.054086	7.329198	3.641220	2.597049	4.402631	-5.748433	6.096562	4.254827	5.874662	7.256522	1.843915	6.606367	5.751469
2857	4	-17.522066	7.238696	8.408867	-9.564377	8.173739	-5.240492	0.705207	7.111939	8.408867	1.768068	8.173739	5.790491	-8.497980	-10.839847	1.489065	4.814101	-6.992618	2.576994	-18.919676	-10.839847	1.489065	-1.388706	-6.992618	-5.216570
2875	4	-9.597003	7.362136	6.254783	-16.360198	5.908355	-7.481809	-13.983674	-1.404477	1.187995	-12.717379	-9.433937	-7.481822	2.009593	-9.387247	-0.268311	5.862050	-11.865796	6.289610	-13.272176	-8.647388	-0.268311	-10.464328	-11.865796	-7.481817
2892	4	-13.104188	5.440117	5.438281	-13.792429	8.100085	-8.214969	-12.672496	-11.754993	-4.523885	-8.278435	-7.074490	-7.991459	-1.266639	-11.755421	-4.523885	3.151380	-7.074492	6.618677	4.236127	-0.600181	1.790134	7.441903	5.252178	8.696690
2961	4	-0.697189	-10.883815	-7.226160	6.976219	-10.951745	5.832093	-15.127007	-10.782819	-7.226160	-2.965120	-10.951744	-1.536556	-13.332659	6.044231	5.374146	-7.069214	6.919465	-2.708135	1.708967	2.340425	5.367840	4.307891	6.784449	7.363140
2964	4	-12.454351	-1.544706	7.100797	-17.595001	6.806394	-7.821421	-6.653029	-13.760181	-2.838778	-11.288062	-9.614673	-7.821421	-12.142398	4.779686	9.146227	-17.595002	8.516998	-7.821421	6.916278	-18.547753	-2.838781	7.172976	-9.624675	6.185569
2968	4	-10.730963	-2.957542	-3.633092	-11.084915	-7.653915	-12.361214	-16.030046	7.586790	6.080582	-14.354640	6.286273	-12.361214	-10.732494	2.855848	2.705125	-11.260355	-1.355447	-12.361214	2.038871	-4.891222	-4.321564	5.422604	-9.197132	3.180781
2995	4	-16.959142	-5.954943	-5.440016	-12.652506	-10.385856	-2.192521	-11.800173	-5.954943	-5.440016	-6.286981	-10.385856	3.961059	-13.168276	3.419374	5.985541	-16.819686	5.872016	-2.192521	-7.989314	3.419374	5.985541	-10.453308	5.872016	3.961065
2996	4	-12.054468	5.529137	8.911082	-13.316330	6.168096	-7.488744	-14.516877	-8.616012	0.534821	-9.422438	-10.409949	-7.490810	-3.596174	-8.616019	0.534821	1.687729	-10.409950	2.821541	-12.056448	4.799308	7.182922	-13.035593	-0.089568	-7.488747
3009	4	-8.533076	-8.242354	-7.678999	2.398380	-7.290931	-1.829012	-10.661890	5.544403	3.911882	-3.939275	7.265941	-5.191964	-5.107483	5.544397	3.911882	1.945621	7.265941	-1.829013	-14.077478	-8.242354	-7.678999	-3.452386	-7.290931	-3.688414
3051	4	-17.708985	-7.615947	-1.567688	-5.274893	-11.702371	-6.861040	-11.501396	1.489684	1.838063	-5.358012	-5.247604	-6.853468	-13.688081	7.019948	5.359680	-8.545294	6.687783	-6.860109	0.570570	1.484544	1.838062	6.509397	-5.248028	3.419822
3057	4	-14.998819	6.638420	6.055098	-13.017408	7.338457	-9.039814	-11.252816	-0.288679	2.009819	-7.853473	-5.247071	-9.010586	-16.759549	-6.519384	-3.234079	-7.851332	-9.716483	-9.041492	0.940219	-1.168654	0.645322	3.226897	-7.710257	6.158507
3066	4	-12.898877	0.801707	-3.143208	-5.745064	-6.703412	-9.542691	-17.935357	-2.251462	-6.923488	-5.726260	-8.652644	-9.528891	-11.306428	-2.251462	-6.923488	2.109627	-8.652644	0.474639	-5.886184	0.801707	-3.143208	2.085479	-6.703412	0.473429
3070	4	-15.990526	5.365100	5.304309	-15.685623	0.402434	-9.320677	-19.182491	-10.093256	-2.017699	-10.898921	-11.437613	-9.321153	-10.031362	-10.093257	-2.017699	0.960103	-11.437613	3.314329	-18.711202	5.619723	7.131400	-15.687898	6.042767	-9.321131
3085	4	-16.348217	-7.377978	-5.794131	-12.032289	-8.751184	-9.609028	-16.960997	9.192701	6.728731	-17.443888	6.110274	-9.609028	-11.742422	4.347591	0.628637	-12.032289	-0.991453	-9.609028	-1.086113	3.791461	0.625618	1.693498	-0.994990	4.737663
3086	4	-8.904877	-7.088786	-9.273437	-9.953029	-11.295848	-7.053521	6.733613	2.825246	3.745239	4.407858	6.440240	5.599710	-4.734719	5.769926	3.745254	-8.940045	6.443179	-7.053521	2.640308	-8.623374	-9.273450	5.467122	-11.295848	5.590229
3100	4	-16.148030	7.496913	6.384801	-16.417442	6.829385	-11.826682	-17.390310	-6.371658	-4.461608	-10.296105	-9.090204	-11.826682	1.284723	-6.413320	-4.461608	7.418884	-9.090207	3.519034	2.526694	4.967378	6.384801	1.333286	6.829327	6.474390
3140	4	-13.091025	1.421814	1.328696	-11.747816	-5.026513	-6.558036	-16.521122	4.969537	6.791856	-16.969585	4.996839	-6.558036	-15.918903	-3.155217	-0.417642	-11.609221	-6.599525	-6.558036	2.801764	-0.394132	0.894985	5.957366	-5.904204	9.423493
3144	4	-14.645076	-6.560565	2.905632	-10.472585	-8.094494	-11.524010	-9.274399	3.102879	4.508602	-12.608943	-2.594664	-11.524010	-13.873304	6.559250	6.386482	-16.835709	2.722405	-11.524010	-0.494989	2.864595	4.508576	3.403687	-2.622429	6.468013
3175	4	-13.390325	7.254207	5.606492	-15.440944	7.445404	-8.447633	-14.436179	-9.399713	-6.740095	-9.539198	-6.133472	-8.447516	2.726248	-13.783058	-6.740406	4.979548	-6.133472	6.554608	3.491257	2.441909	5.559607	-2.716701	7.422438	4.706297
3177	4	-12.453081	-9.373921	-4.003987	-13.604988	-11.646112	-7.123214	-10.285779	9.245859	5.986737	-16.134338	6.212068	-7.123214	-5.833043	2.076685	1.630586	-13.628080	-4.037640	-7.121519	2.815541	5.891165	5.986736	2.252154	6.210915	7.130306
3216	4	-11.287014	-9.065942	-5.599479	0.411254	-7.852951	-0.799227	-9.969042	7.498863	6.856582	-0.052002	8.837693	-0.818704	-15.851306	7.498863	6.856582	-9.220264	8.837693	-6.679898	-17.170739	-9.065942	-5.599479	-8.799677	-7.852951	-6.679898
3219	4	-16.820607	5.867776	8.600603	-15.372135	7.292753	-6.111658	-15.005428	-11.735483	-2.799774	-10.746133	-12.282303	-6.111658	2.256889	-14.749450	-2.799774	7.566199	-12.282317	5.036523	-3.275225	-11.735483	-2.799774	2.124673	-12.282303	4.284763
3222	4	-1.586369	-12.717928	-3.659078	3.784683	-13.068099	4.920385	-14.411907	-12.587976	-3.659078	-8.888408	-13.062245	-8.211969	-17.869144	6.173110	6.733370	-12.688199	6.270726	-8.211971	2.453467	-13.916812	-3.659078	7.856379	-13.103669	5.627157
3223	4	4.035401	-12.481554	-6.325612	5.888764	-9.353181	6.662298	-15.317408	-8.557740	-6.325612	-4.367371	-9.353181	-9.698257	-4.893388	-8.557740	-6.325612	0.721993	-9.353181	0.328814	-13.737941	5.307667	3.822432	-5.712370	2.979800	-9.710099
3275	4	-15.786374	5.754555	6.516590	-13.240918	8.209523	-5.009766	-17.196623	-3.962389	0.464268	-11.915486	4.457874	-5.009766	-16.866956	-9.462405	-6.257475	-11.915276	-5.685382	-5.009766	-16.867031	-8.897556	-5.412113	-11.915276	0.940077	-5.009766
3301	4	-10.921945	5.259263	4.976352	-10.285623	6.241542	-11.989081	-11.188474	-4.006430	-4.489380	-8.942629	-12.145827	-11.910110	0.805476	-6.470260	-4.578955	3.983519	-12.145852	3.965702	1.085741	3.555794	4.945585	3.114971	6.220204	4.535084
3312	4	-10.253054	9.131390	5.888239	-16.110243	4.850392	-12.395538	5.899989	-15.453763	-6.343304	5.054328	-11.819446	5.914053	-8.423574	1.387997	0.315256	-11.131991	-5.580199	-12.229293	-8.679779	-9.517115	-6.340662	-11.131984	-11.535280	-12.229292
3336	4	-16.795950	3.097287	6.450755	-11.968150	-0.094234	-11.209183	-18.854106	-11.184317	-2.923412	-7.839282	-12.217599	-10.029206	-8.660451	-11.184317	-2.923412	3.101213	-12.217599	1.135117	-16.938791	8.175209	6.795706	-11.977350	5.664080	-11.209899
3339	4	-13.657285	-10.314170	-5.352898	-10.502102	-9.761040	-8.876852	-13.158650	7.508392	5.944272	-13.756119	6.121875	-8.876852	2.396753	-12.272059	-5.379974	6.716245	-9.761119	6.183774	3.088639	5.029096	5.898365	4.859014	6.121863	6.191988
3351	4	-11.050350	-10.230893	-6.493076	-5.049693	-6.313214	-4.841692	-11.722246	7.023691	6.692310	-9.828662	8.432394	-4.853171	-4.929599	1.060723	2.098733	-5.138367	-0.544058	-4.669254	-3.258190	-10.230893	-6.493076	3.622142	-6.313214	3.143450
3354	4	-14.144576	4.301501	7.869171	-16.053561	9.483056	-10.707141	-14.806734	-11.143781	0.963160	-9.455814	-0.128554	-10.707141	-14.806175	-11.922170	-1.602554	-9.455810	-3.135302	-10.707141	-15.123440	-6.579100	3.292782	-9.469705	5.890079	-10.707141
3357	4	-17.613046	-10.086064	-3.826488	-10.169695	-14.251016	-8.554715	-5.672135	-10.086065	-3.826488	1.451729	-14.251016	2.762576	-4.770187	8.070894	7.154515	-0.409692	2.708887	2.861643	-16.328155	8.070902	7.154515	-12.096885	2.708887	-8.554589
3374	4	-16.245423	-9.986054	-2.353284	-5.754833	-10.375434	-9.084233	-0.574839	-9.986085	-2.353284	5.916473	-10.375434	3.927130	-6.372963	-9.986054	-2.353284	4.167603	-10.375434	3.140446	-11.578704	2.078964	1.773164	-5.776126	4.303191	-9.084233
3416	4	-7.760191	-14.018816	-5.204786	7.399098	-1.939886	3.752511	-13.025918	-14.018816	-5.204786	6.151815	-1.939886	-2.017079	-8.164648	4.065868	5.164607	5.117003	8.940875	3.752016	-13.431770	4.065868	5.164607	3.848424	8.940875	-2.020520
3429	4	-13.851469	7.685649	6.850418	-15.910764	9.375204	-9.844929	-11.135792	-4.420259	-0.439219	-10.133247	0.849467	-9.844928	2.880631	-5.759425	-1.779882	7.123435	-3.485600	7.511334	-11.020993	-4.471748	-1.779881	-10.125288	-3.485597	-9.844928
3478	4	-7.237980	-9.448156	-3.685656	1.916559	-8.712857	-0.555971	-15.882545	6.496652	6.961712	-10.956130	6.042781	-6.952076	-0.821280	-9.699716	-3.685656	4.272462	-8.712857	5.178535	-12.952253	-9.444956	-3.685656	-1.959746	-8.712857	-6.939818
3497	4	-10.902961	-10.150528	-3.035438	-10.156140	-8.420074	-10.957606	-10.873505	5.343043	5.420074	-12.081687	7.052134	-11.579017	-9.141932	-1.971038	0.666092	-10.131437	2.624213	-10.893973	3.348521	-12.941144	-3.035438	2.457278	-8.420074	5.687672
3509	4	-18.041885	6.836043	8.651775	-14.645837	4.625296	-7.547001	-16.971640	-6.950997	-2.097274	-10.850437	-12.228631	-7.547001	-5.044954	-6.958247	-2.097274	1.353363	-12.228632	2.313392	2.968944	-1.825635	-2.056865	7.619790	-8.045535	8.705866
3547	4	-8.332252	-8.149522	-7.463270	-10.975135	-2.797244	-3.059590	-6.037472	7.013300	4.284024	-16.770456	6.203994	-3.059590	4.056124	-14.143321	-7.463270	3.907151	-2.797244	9.048849	-2.212380	-8.149523	-7.463270	-3.886247	-2.797244	3.644580
3569	4	-13.286163	6.954063	4.269083	-10.240924	6.180084	-8.561238	-14.010521	-6.005882	-1.158677	-9.103041	-6.775296	-8.561238	2.642866	-9.004697	-1.158935	7.436332	-6.775383	6.708522	3.631677	2.842044	4.269083	6.584067	6.165378	7.438357
3574	4	-13.805628	5.754355	5.616653	-12.361169	-0.213507	-8.445275	-13.805628	6.123037	7.599058	-13.656524	6.084821	-8.445275	6.701246	-8.872719	-4.715895	6.075571	-9.079142	8.181311	3.935710	-2.657758	0.230929	6.074856	-4.769524	8.181266
3587	4	-14.268085	3.029430	3.190722	-9.964269	3.658622	-6.134838	-18.526920	-7.969826	-1.282596	-9.944632	-10.102813	-6.135539	-1.257654	2.912124	3.190721	1.680692	3.658619	4.052710	4.840857	0.215535	3.179287	6.592209	3.635245	6.969430
3612	4	-8.114467	7.494437	4.849831	-11.740680	5.472932	-11.016615	3.822496	-7.221662	-5.464661	7.095803	-9.371261	5.917329	-6.872245	-0.057223	-3.766163	-10.682692	-2.370179	-11.016615	3.443295	5.866446	4.849831	6.030892	5.472932	5.898333
3626	4	-10.985855	3.323086	5.656002	-13.232496	-0.944401	-7.476484	-13.678929	-6.822287	-3.937572	-7.068366	-11.482475	-7.475695	-7.589007	1.847151	2.831673	-7.257344	-5.159197	-7.475876	-13.686344	6.469706	7.479150	-13.238186	5.251546	-7.476484
3663	4	-14.934004	-6.344825	-4.420495	-9.232022	-8.501837	-10.939496	-11.494688	7.008920	6.409234	-14.908607	6.381884	-10.942304	-9.678636	-0.196076	1.204456	-9.232216	-4.189186	-10.939496	2.605114	3.551274	6.409234	1.053691	6.381884	5.896605
3664	4	2.789227	-11.058687	-7.912969	2.685851	-11.064150	0.743149	-12.741653	-5.420214	-7.911045	-10.193034	-10.080889	-12.303707	-9.874675	3.987776	3.972335	-15.573735	3.836669	-12.303707	4.165286	-11.665675	-7.912969	6.236870	-11.074224	6.623154
3675	4	-12.501460	-12.032246	-6.809671	-9.346868	-10.993115	-6.046984	3.257218	-16.230833	-6.809671	7.963097	-11.017080	7.562890	-12.441967	6.762358	5.318941	-10.756695	6.445684	-6.046936	3.311646	2.140236	5.318657	6.577570	6.072486	7.573979
3710	4	-12.770712	4.683129	8.328258	-13.869888	6.226377	-6.901781	5.748794	-7.879098	0.001310	7.217990	-5.042440	8.536369	-10.883477	-0.537480	4.271146	-11.049891	-2.272138	-6.901781	-9.175202	-3.929602	0.515917	-9.863487	-4.748420	-6.901781
3733	4	-17.426224	-6.367744	-7.390379	-4.487752	-8.313943	-9.507051	-12.728956	7.580188	4.171249	-7.057909	6.462387	-9.509868	4.911416	3.588739	4.170095	4.650987	6.460240	6.522977	1.741151	0.194182	-5.330785	6.969651	-2.813140	4.708577
3776	4	-10.025271	-8.124093	-1.990893	-6.434735	-9.556297	-9.841394	-10.735074	6.060072	7.051012	-12.972814	6.748896	-9.844929	3.200960	-11.909875	-1.990906	6.355343	-9.556297	6.398548	-10.005568	-8.124093	-1.990893	0.183678	-9.556297	-5.582532
3777	4	-5.026981	-7.577344	-0.459380	-10.839195	-9.587277	-7.597364	6.672981	-13.222376	-0.461479	6.726694	-9.587345	6.566814	-11.276946	7.999187	8.607860	-15.110196	4.533528	-7.597364	-6.364427	3.801939	2.739407	-12.464649	0.160482	-7.597364
3827	4	-10.632836	6.877866	5.704745	2.228993	6.280828	2.174180	-13.574183	-9.375351	-2.633996	4.495075	-10.468511	2.212172	-20.227030	-9.375099	-2.633996	-1.538197	-10.468511	-8.453437	-17.130744	6.879804	5.704745	-3.754538	6.280828	-10.140752
3833	4	-13.328959	7.146308	5.040239	-9.629406	8.516329	-8.835382	-12.300898	-10.273569	-6.095983	-7.335490	-8.732691	-8.817161	2.115566	-11.642799	-6.095984	6.648625	-8.732691	7.623536	1.954173	6.126144	5.040238	4.354699	8.516304	7.380116
3865	4	-17.700533	1.810816	5.389696	-11.762370	-0.133735	-11.293650	-17.558783	5.307628	5.945916	-11.776479	5.740524	-11.293818	-18.347512	-5.619793	-1.199366	-8.540594	-11.645241	-11.156908	-19.890279	-2.102949	5.152504	-11.741629	-6.204147	-11.293401
3901	4	-15.795885	-12.678480	-2.897395	-9.537221	-12.287136	-9.662393	-16.515743	4.682996	8.155943	-13.446109	5.579222	-9.748169	-17.997342	-1.015424	5.226478	-12.895120	5.479708	-9.745239	-16.652485	3.356826	7.624383	-13.445965	0.118092	-9.748169
3923	4	1.782334	-0.430177	-0.574165	7.140471	-10.246953	7.168320	-21.299051	-5.291473	-4.209823	-6.750195	-11.104143	-10.097750	-17.341083	7.009616	4.419635	-9.604483	4.940545	-10.097796	-15.196522	1.594010	1.198450	-6.761152	-1.409428	-10.097751
3935	4	-11.216941	1.152281	-2.009992	-11.502348	-6.368114	-10.159238	-16.606226	-4.820835	-6.658443	-11.473047	-12.831706	-10.257025	-15.040711	6.489300	5.313563	-13.776603	5.652887	-10.252183	-0.249257	-0.387181	-5.804121	3.306263	-6.605793	6.917194
3942	4	-4.136084	-7.490664	-8.813207	2.223739	-7.820567	3.090563	6.981954	2.454643	2.718720	6.919582	7.495107	6.251359	-10.590933	4.010799	2.873584	-3.518455	7.620188	-3.565285	-14.426966	-7.490332	-8.813206	-3.509711	-7.820341	-3.547723
3944	4	-14.710993	6.255168	5.946584	-18.299003	1.105061	-8.798178	1.389204	-2.991997	-3.710055	5.485479	-13.166503	5.560018	-12.005130	1.176861	2.322594	-12.727176	-7.743725	-8.798178	-14.178267	-2.362513	-2.650819	-12.726647	-13.160090	-8.798178
3963	4	-17.733437	-12.902826	-2.597976	-11.607984	-11.303915	-3.769782	-23.686110	-2.144020	4.927247	-17.863686	5.783794	-3.779212	-20.328327	2.209117	9.336002	-18.059636	5.947360	-3.779089	0.085871	-13.197102	-2.597977	3.188504	-11.303915	7.302795
4009	4	-11.711553	-9.461863	-4.794731	-7.218435	-10.009965	-8.497421	-12.251941	7.785230	6.548518	-9.337020	6.326239	-8.499049	2.061712	-9.767835	-4.794731	6.793769	-10.009968	7.036645	1.257145	7.773146	6.548518	2.140377	6.326238	5.565055
4013	4	-15.728602	6.908133	7.234509	-13.022210	7.299012	-10.646743	-15.313087	-8.531999	-4.328733	-7.690727	-9.229618	-10.644997	-11.937872	3.249704	1.272431	-7.700397	1.103584	-10.581077	-3.123975	-8.532105	-4.328733	3.188239	-9.229618	5.113815
4028	4	-1.836029	-14.230457	-5.652034	3.058559	-8.733865	5.127680	-9.942871	-14.141077	-5.652034	-10.079354	-8.733865	-1.368297	3.772766	-16.132218	-5.652034	5.827572	-8.733865	7.960252	-12.824074	2.716148	7.459106	-13.772909	7.368676	-1.372805
4029	4	-6.920628	-10.922899	-4.359990	2.666307	-11.343596	-1.933743	-3.632353	-10.922899	-4.359990	4.184720	-11.343596	4.171797	-13.145750	-10.922899	-4.359990	-6.028160	-11.343596	-6.529810	-13.388856	2.200957	5.855373	-9.501063	5.449699	-6.529810
4043	4	3.715952	-13.780485	-4.148340	8.030213	-9.390702	7.092473	-12.456632	-8.937809	-4.148017	-7.952337	-9.390691	-10.556914	-8.240881	-8.937809	-4.148017	1.481626	-9.390691	0.803782	-14.726726	8.556048	7.323802	-12.381050	7.325108	-10.556914
4077	4	-6.020702	-7.154227	-2.579868	3.528308	-8.644385	6.208905	-17.655685	6.229416	6.729739	-7.674963	6.957966	-4.115280	-17.046441	-7.134314	-2.579868	-4.961879	-8.644299	-4.115269	-6.063681	6.210080	6.729739	0.814208	6.957963	5.148039
4095	4	-12.956923	4.616248	0.622849	-11.035041	-1.156563	-12.546369	-17.079060	8.304726	5.585091	-14.420882	5.815160	-13.031964	-18.923292	-5.835068	-5.957545	-11.040223	-7.600698	-12.547990	3.609770	1.356761	0.605728	5.971587	-1.164306	4.381743
4097	4	-9.212435	3.757073	2.172660	-12.614798	-4.410082	-9.530999	-14.011931	7.659496	7.280096	-15.016571	5.374674	-9.530999	-15.349322	-8.142190	-2.061433	-11.808570	-8.507916	-9.530999	4.060523	1.713123	1.793037	5.970506	-4.904490	7.282019
4115	4	-6.583238	3.895607	0.576497	-8.745785	-7.891830	-8.602494	-12.545425	-4.801890	-6.012628	-8.767258	-14.237139	-8.795892	-4.012402	-4.801919	-6.012628	2.402574	-14.237140	4.250002	-7.892431	8.304702	5.508108	-13.425719	2.865209	-8.715586
4122	4	-12.527212	7.140894	8.107058	-11.188194	7.256674	-7.237099	-6.300739	-1.348611	-3.276449	-3.347852	-9.012382	-0.635173	-0.492574	-7.087124	-3.854583	3.505122	-11.139194	5.094126	0.525083	-2.611532	-3.850818	4.033115	-10.456085	5.420031
4127	4	-14.405341	-10.112708	-2.079038	-7.976879	-8.229532	-9.727127	-10.674979	5.068946	4.758318	-9.183672	7.862715	-9.727001	1.051492	-0.065465	0.998195	5.948860	3.314547	7.873758	-0.759980	5.068191	4.758318	3.536704	7.862715	7.067009
4182	4	-10.449326	6.779064	7.518126	-4.699502	5.825980	3.085716	-15.264704	-10.475106	-5.112716	-7.136029	-8.675976	-2.824064	-14.325051	6.779064	7.518126	-9.580512	5.825980	-2.824064	-6.752137	-10.475106	-5.112716	1.502785	-8.675976	5.871107
4206	4	-10.805125	4.561403	-0.916118	-5.014915	-4.459684	-10.500110	2.256636	-1.007798	-1.033490	7.358856	-4.459894	6.199986	-13.447288	8.736693	5.211782	-6.927991	5.280343	-11.330209	2.501226	5.533147	5.211782	5.445817	5.280343	6.185049
4208	4	-18.448786	6.650941	7.640070	-12.247325	6.631508	-11.462056	-12.276052	3.587486	3.848078	-8.819077	-1.224802	-11.462055	-14.905786	-3.418884	-2.733412	-8.756194	-10.528958	-11.462055	4.459701	1.064850	3.703192	1.827850	-1.566015	0.302597
4216	4	-7.828330	-11.441641	-5.819369	1.737358	-6.453963	4.222921	-20.110093	-11.441639	-5.819369	-4.192478	-6.453963	-7.567160	-17.399947	7.183245	4.476083	-9.812317	7.708333	-7.568154	-14.049350	-11.441639	-5.819369	1.429406	-6.453963	-1.626209
4217	4	-8.700520	-11.813419	-6.186314	-10.849998	-9.635945	-10.302776	-6.900232	6.745299	4.771079	-12.991666	6.891702	-10.302776	3.357423	-16.813168	-6.186314	6.806390	-9.635945	7.914782	5.073119	1.677196	4.708173	4.736063	6.887566	7.915522
4222	4	-13.917095	5.240806	-0.794408	-9.485514	-3.792236	-7.762031	-13.939926	7.943603	2.351668	-9.754526	4.395255	-7.762031	3.445448	3.403676	-0.794428	7.219724	-3.806939	7.803145	3.504915	6.103635	2.351668	6.950722	4.394905	7.805129
4228	4	-9.834111	2.476511	2.829535	-9.927383	-2.190692	-10.055953	-12.201917	6.446022	6.010543	-14.101873	6.798652	-10.055953	-14.875329	-8.043689	-3.337998	-9.924685	-9.017468	-10.055953	3.636489	1.793410	2.829018	9.425665	-2.276064	6.375983
4311	4	-8.392543	3.339772	0.363955	-9.881061	-4.972429	-9.691445	-13.483075	8.283476	6.914825	-16.329149	3.723721	-9.768056	-10.665346	-2.052324	-1.063984	-9.942513	-5.928544	-9.696908	-1.955345	-2.323712	-1.078071	3.636262	-5.930578	2.273169
4328	4	-19.182936	-10.572753	1.995475	-7.528395	-9.534774	-9.389053	-7.033938	-10.572753	1.995475	5.462786	-9.534774	3.042296	-18.136667	2.340904	8.568912	-7.972609	7.879335	-9.389055	-5.873523	2.340904	8.568912	5.018571	7.879335	3.042298
4352	4	-18.071632	6.335989	5.895864	-12.210513	2.543504	-11.280304	-13.473469	0.741548	3.098416	-9.779000	-5.080370	-11.280304	-17.332977	-7.484663	-1.538554	-9.598352	-12.505431	-11.280304	1.517955	0.478744	2.612661	7.183428	-5.830006	5.407745
4371	4	-15.358634	6.519106	6.265154	-13.221266	6.643993	-9.333216	-18.204949	-8.697469	-6.307317	-10.027793	-9.722995	-9.333202	-11.365214	-8.697469	-6.307317	1.858801	-9.722995	0.926803	1.973252	6.259588	6.265154	1.995147	6.643993	7.554971
4378	4	3.775040	-13.114409	-4.445856	8.308483	-7.041208	9.403022	4.508340	2.172958	6.240411	2.149217	7.061743	9.466852	-9.386430	-10.118703	-4.445844	-8.646426	-6.290928	-6.527750	-8.800911	5.649910	6.423657	-15.273882	7.095455	-6.475782
4383	4	-13.726678	-5.149975	-2.478520	-7.448959	-12.412612	-8.001079	-13.839094	8.378243	5.057130	-13.044573	5.733069	-8.374906	3.588062	-9.987647	-5.960603	8.555912	-12.412926	8.431745	3.421895	3.703970	5.049143	2.940145	5.733066	8.075784
4391	4	-13.641213	-8.542794	-1.979026	-8.683071	-10.567622	-8.786366	-18.687971	5.512525	6.511929	-13.193281	5.357400	-9.172479	-3.577367	-8.544203	-1.979026	1.215185	-10.567622	2.082367	2.539802	-10.963414	-1.979026	6.457053	-10.567622	7.438501
4399	4	-7.847495	-7.303083	-5.356910	2.173836	-7.841204	3.487348	-7.020281	8.635874	6.197683	2.077834	9.643843	3.485136	-15.292127	8.635874	6.197683	-10.212000	9.643843	-5.119672	-16.093331	-7.303083	-5.356910	-9.621040	-7.841204	-5.119672
4426	4	0.887029	0.140204	0.797623	4.740200	-6.519329	6.119563	-17.001370	5.121666	6.045151	-17.028356	7.642247	-6.782311	-18.455446	-5.179232	0.593668	-11.404895	-9.930032	-6.782311	-13.758813	0.942763	0.847752	-11.426239	-4.887622	-6.782311
4440	4	-5.373634	-11.461198	-4.714662	2.754590	-8.201347	2.567911	-11.741948	-11.461196	-4.714662	-3.648871	-8.201347	-8.291389	-9.208860	7.167308	6.626417	-6.001517	7.429825	-8.291524	-2.845804	7.166814	6.626412	1.609215	7.429825	2.561741
4458	4	-12.841149	-7.220838	-1.151638	-8.678958	1.764602	-10.665130	-13.045047	5.125283	4.709818	-13.692107	8.486369	-10.665130	3.776141	1.182874	4.705439	2.053034	8.473451	7.764185	4.429191	-11.436284	-1.151640	7.069827	1.764598	7.775281
4469	4	-12.493762	5.803877	6.751426	-15.498215	7.046506	-8.228724	1.685701	-0.368367	1.810130	4.865708	5.516534	6.033090	-6.547604	-6.863676	-4.576372	-0.617453	-10.140025	2.699300	-13.896352	-6.863676	-4.576372	-11.476174	-10.140025	-8.228711
4470	4	-16.785415	-6.775672	-4.742802	-9.987882	-9.755717	-9.808193	-0.120298	-8.389303	-4.742802	6.959300	-9.757983	6.005159	-14.355092	5.376461	5.641022	-15.961955	6.561126	-9.808193	2.169170	1.639740	5.636583	1.690175	6.303108	6.890536
4492	4	-5.601023	-10.490890	-5.507014	3.609642	-11.762445	4.849675	-12.110852	6.149363	7.618912	-14.376694	3.511398	-6.981962	-12.803974	-10.490890	-5.507014	-8.907502	-11.762445	-6.595818	-7.215313	-10.490890	-5.507014	-2.879396	-11.762445	3.143328
4510	4	-14.121389	-8.265431	-7.167556	-10.677052	-9.789120	-11.492628	-3.197039	-8.265453	-7.167556	3.920332	-9.789121	5.225525	-10.862202	5.814992	4.132844	-11.706260	4.465763	-11.492646	0.162071	5.790714	4.132726	5.288584	4.464919	5.928999
4511	4	-20.894782	7.870683	6.137980	-10.330108	7.780006	-9.621540	-21.367596	-7.650157	-4.406821	-7.723276	-4.616379	-9.617658	-14.990964	4.981819	1.874312	-8.194667	-1.514813	-9.619570	1.425177	0.002903	1.005005	2.918535	-2.215034	7.913112
4535	4	-17.595791	-11.085376	-8.750608	-7.301685	-4.858107	-7.610408	-6.839449	-11.085422	-8.750608	0.620556	-4.858107	3.416361	-14.574390	3.284743	3.877233	-7.939641	6.258041	-7.720886	-6.006743	3.284598	3.877233	-0.076055	6.258041	3.073916
4536	4	-14.584772	-11.473922	-8.685781	-9.614559	-10.719326	-4.969950	1.061101	-11.638988	-8.685781	2.393973	-10.719326	7.128896	-5.360709	-11.473922	-8.685781	1.770694	-10.719326	6.805325	-11.759100	6.971283	3.140443	-9.833117	3.617109	-4.969959
4601	4	-6.757951	-10.029394	-5.521045	2.964125	-7.189498	5.435577	-15.192839	-10.029377	-5.521044	-7.931570	-7.189498	-4.528164	-10.911436	6.952407	6.157918	-12.741818	7.785421	-4.528174	-11.514522	-10.029377	-5.521044	-2.730486	-7.189498	3.896703
4624	4	-9.299349	7.250803	4.262747	-11.724350	7.713602	-9.138159	-0.050737	7.226898	4.262473	3.660108	7.712534	4.232694	-12.656019	-5.807159	-6.240359	-11.108129	-6.952925	-9.155920	6.556759	3.414417	4.060004	6.482241	6.878336	6.525650
4638	4	-10.562676	-12.526246	-5.072156	-7.341918	-9.360843	-10.219557	-8.509371	5.422174	5.072662	-10.683563	6.783790	-10.219531	3.940456	3.595356	5.072318	3.476055	6.780876	7.329961	1.864357	-14.343520	-5.072166	6.542460	-9.360843	6.342831
4646	4	-17.317664	-8.081563	-2.947701	-11.396447	-13.392732	-4.581302	-11.790967	2.348440	2.998705	-12.207730	-5.455971	-4.579611	-17.668693	6.907516	8.555396	-15.541453	-0.560068	-4.581311	-17.668726	7.128347	8.590151	-15.556150	5.492331	-4.581311
4648	4	-12.417929	3.183422	6.714327	-14.565725	7.345406	-7.649724	-10.675534	-12.649407	-3.843985	-12.266961	-6.002563	-7.649724	3.989761	-13.687240	-3.843985	4.362325	-6.002563	6.474132	2.246411	2.819421	6.700112	1.488859	7.345370	6.437782
4661	4	-18.850471	5.184675	6.249334	-10.371817	0.399569	-6.179579	-18.885740	5.184775	8.023178	-10.639736	6.303320	-6.182025	-6.771205	-13.716520	0.652367	2.783281	-7.191876	3.596066	-17.437867	-13.716510	0.652367	-1.590091	-7.191876	-4.146610
4671	4	-7.874438	6.534083	5.893174	-15.401382	8.803858	-11.084510	-10.557769	-10.616267	-2.084526	-11.533571	-7.440111	-11.084510	-0.008174	-10.616607	-2.084526	4.846624	-7.440111	3.637558	4.032551	4.082027	5.890603	3.021044	8.803450	3.636406
4721	4	-15.547385	-10.485853	0.390198	-10.499338	-7.150757	-10.376825	0.889129	-10.500174	0.390198	2.690676	-7.150758	4.920868	-15.021668	4.939816	7.235262	-12.913843	6.559337	-10.376825	1.555586	4.851643	7.235258	1.456957	6.559307	5.975452
4722	4	-11.227696	-0.043131	0.407233	-11.181029	-5.938713	-9.544536	-14.557755	-7.201924	-6.041848	-11.180070	-11.880334	-9.544507	-1.564768	-0.215851	0.391145	0.934995	-6.128592	6.584991	-11.887802	5.916243	5.409681	-15.422374	6.828028	-9.586343
4751	4	-14.863061	7.131094	6.146866	-16.193611	6.826052	-8.858945	-8.987861	1.236920	1.144387	-9.940654	-1.908679	-8.858945	-14.724588	-6.383273	-1.472558	-9.951770	-8.177490	-8.858945	-0.140157	0.972606	1.143446	2.759211	-2.029987	3.252180
4768	4	-9.894337	7.194359	6.145716	-6.975027	8.575900	-7.522799	-5.076834	-10.893234	-0.237912	1.827183	-5.326895	1.475099	3.075580	5.259282	6.142325	2.164260	8.575842	6.458510	-6.648895	-10.883210	-0.237912	1.798163	-5.326895	-4.285149
4792	4	-12.805884	-5.711942	-3.396232	-10.757420	-10.416985	-5.664969	-14.735989	7.136330	6.562810	-14.082355	3.676610	-5.664969	1.958652	-12.072379	-3.396363	6.415994	-12.631650	7.424992	-1.364953	7.132292	6.562810	1.161157	3.676601	4.783507
4817	4	-17.530802	-10.073490	-3.424138	-13.382448	-10.621512	-7.744352	-9.109569	-10.073490	-3.424138	-1.363883	-10.621512	1.052294	-12.890667	7.149160	4.313000	-17.585631	6.893578	-7.744362	3.552874	3.341082	4.312971	0.918639	6.893469	7.170589
4879	4	-19.821438	-8.218369	-3.763253	-6.448576	-11.651201	-5.452172	-5.456385	6.994227	4.488940	1.534554	5.220114	0.557235	-7.977557	-8.218369	-3.763253	2.426280	-11.651201	0.783109	-17.071851	6.994227	4.488940	-7.171802	5.220114	-5.456977
4886	4	-20.891777	-5.474069	-3.593264	-7.346939	-9.501574	-8.328057	-10.458703	-5.474070	-3.593264	3.230686	-9.501574	2.665538	-17.309855	4.932612	4.361358	-8.022362	8.529717	-8.336304	-6.882342	4.932473	4.361358	2.521770	8.529717	2.655388
4913	4	-14.923728	9.344759	6.379298	-13.183751	7.433562	-9.479565	-17.290719	-8.423098	-1.669112	-9.153293	-7.358561	-9.462196	3.515876	6.173937	6.379298	3.685111	7.413814	6.761169	1.148319	-8.429001	-1.669112	2.250821	-7.358591	6.725230
4953	4	-14.289320	6.768232	7.329939	-13.761197	7.865316	-8.667715	-15.107051	-12.294971	-5.738501	-7.601018	-7.329153	-8.412801	2.187936	-13.115205	-5.738501	7.254934	-7.335458	6.734428	3.006259	3.796059	7.329938	1.716604	7.717488	6.253732
4961	4	-12.220288	2.284906	0.828739	-5.433410	-5.399224	-1.796459	-18.412891	-3.721292	-4.540236	-5.437903	-11.532971	-1.802238	-7.070827	-3.724479	-4.540250	1.113219	-11.533808	3.077599	-17.350612	6.188727	6.946827	-7.763190	5.762232	-1.802151
4972	4	-11.567110	-5.742311	-2.854636	-10.580534	-14.118529	-8.045653	-15.096046	5.983052	7.307075	-15.737735	3.649693	-8.045653	1.170089	-6.813325	-2.854643	5.907176	-14.118529	4.288346	-8.257715	1.698768	2.538167	-10.511174	-6.197223	-8.045653
4977	4	-14.118545	6.618563	6.546494	-12.107694	5.494769	-4.292631	-14.342697	-12.496303	-0.539301	-7.450317	-10.975741	-4.040227	-14.026668	2.745793	4.063332	-8.641594	-1.540779	-4.182124	-3.263391	-12.496309	-0.539301	1.284240	-10.975742	4.781937
5010	4	-16.413189	4.481802	5.647382	-13.812394	7.229469	-6.535883	-20.073539	-11.443027	-1.949208	-9.315088	-6.052155	-6.369153	-19.209797	-2.569876	4.708591	-12.820512	3.337561	-6.527843	-11.198509	-11.443027	-1.949208	2.276176	-6.052155	2.238691
5026	4	-16.582518	-14.024323	-2.879414	-10.707334	-10.003196	-9.015235	-16.200677	-4.378128	3.839703	-10.899542	3.084556	-9.015235	-6.528047	-14.024323	-2.879414	0.869194	-10.003196	3.906836	-6.150149	-4.378128	3.839703	0.627804	3.084556	3.906832
5042	4	-14.746937	-11.340971	-2.490116	-7.313994	-10.803467	-1.441858	-5.515290	-11.428513	-2.490116	1.992700	-10.803467	2.446166	-12.785556	5.900099	4.752371	-9.702550	8.037982	-7.755421	-3.497777	5.575604	4.752371	2.365003	8.037982	2.446735
5054	4	-5.000201	-8.542518	-9.323906	3.030412	-9.592942	3.934258	-13.098299	-8.542518	-9.323906	-8.364300	-9.592942	-4.333139	-7.127707	1.493414	1.169718	-8.364296	5.391826	-4.333097	2.243438	0.530574	1.137658	8.997794	3.577921	5.933476
5064	4	3.565917	-13.652046	-8.509577	6.684498	-6.353645	6.431299	0.599190	-10.071326	-8.509577	0.028915	-6.353645	-3.411992	3.884309	1.660220	4.005109	5.461355	4.912718	6.518502	0.352411	5.762007	4.005145	-1.322673	4.912833	-7.924683
5077	4	-16.798107	6.573604	6.023992	-16.075854	7.849364	-7.126111	-13.030609	-8.921619	-1.966925	-12.276458	-3.300594	-7.126111	3.362479	-5.853238	3.843298	2.550225	4.176963	5.592676	3.361665	-5.853194	3.843299	2.257130	4.176963	-0.103308
5099	4	-6.081363	-5.845806	-0.200181	4.295789	-13.434456	5.089060	-17.059431	-5.845786	-0.200181	-7.114529	-13.434456	-4.643489	-15.219214	8.955688	7.522457	-13.440224	4.999361	-4.643489	-12.973751	5.461456	4.126455	-13.103336	-2.552337	-4.643489
5108	4	-6.153915	7.530883	4.770227	2.017378	7.201934	5.144642	-6.444893	-9.340690	-4.281953	4.274111	-9.768555	5.167043	-12.970090	-9.340690	-4.281953	0.244821	-9.768555	-4.644435	-14.348864	7.530883	4.770227	-2.733400	7.201934	-6.702559
5120	4	-11.759192	-12.377684	-2.770914	-1.441459	-5.452331	-5.622793	-8.580966	4.996597	5.573940	-10.607965	6.343129	-5.678709	-4.087974	-12.377684	-2.770914	3.165433	-5.452331	4.540394	3.312026	1.500037	5.036902	3.872036	6.197778	6.756641
5124	4	-10.814950	-9.319323	-4.100332	-4.514925	-7.967527	-12.334376	1.505124	-10.548840	-4.100405	8.404305	-7.967527	4.367147	0.823868	-10.205675	-4.100395	1.563112	-7.967527	-2.080890	-12.750474	4.928836	8.095788	-8.858584	6.474931	-13.764491
5127	4	6.816528	4.283091	4.111240	4.675790	6.746553	6.209874	-11.439853	-9.779010	-7.807311	-6.762213	-10.950025	-9.600310	4.724595	-12.018593	-7.807311	5.650459	-10.950025	6.159056	-9.357422	6.627611	4.111240	-7.740640	6.746563	-9.600343
5147	4	-15.042629	6.760759	5.024555	-6.397073	6.851916	-7.232933	-12.221042	-8.776057	-4.974464	-5.157801	-10.310194	-7.199317	2.163657	-13.587079	-4.975571	5.212877	-10.310195	5.258243	-8.082725	-8.776057	-4.974464	0.556293	-10.310194	-3.854979
5149	4	-17.653468	8.405595	5.987584	-9.660521	9.449640	-7.851810	-6.491822	8.405574	5.987584	0.858453	9.449640	2.360997	-11.746474	8.062035	1.163164	-6.968846	-1.233944	-6.887109	4.384335	2.924919	1.163136	7.344993	-1.233945	8.032394
5163	4	-11.357260	-4.535073	-3.275127	-10.762382	-11.389894	-9.772161	-10.493686	8.454197	8.462440	-14.230326	5.339420	-9.772161	-7.426896	1.445299	1.787990	-10.994376	-4.151491	-9.772161	4.067104	2.511583	8.461002	2.706986	4.925430	7.580948
5184	4	-13.982096	4.132377	5.190409	-12.991578	3.993778	-6.744118	-11.182654	-8.359428	-6.812238	-9.296931	-5.693764	-6.744063	4.327979	-13.223236	-6.812239	5.341032	-5.772901	8.793269	-2.578528	-8.359466	-6.812238	1.456401	-5.693766	3.800951
5192	4	-6.077098	-7.239423	-4.235818	5.944135	-7.957203	2.866414	-18.344188	-7.239423	-4.235818	-5.261259	-7.957203	-6.992174	3.982164	3.077107	3.524424	7.102104	5.837325	6.018036	-13.135251	8.652792	3.530811	-5.433861	5.935402	-7.027684
5198	4	-6.147872	4.668616	4.729990	-7.450765	-0.076078	-10.873014	-6.402181	8.253797	8.857389	-12.384267	5.309244	-10.886967	-10.062549	-4.342156	-1.139627	-5.786461	-10.018328	-10.752772	3.953400	4.745838	8.857389	2.454430	5.309242	6.870356
5208	4	-16.001990	-11.347354	-7.042770	-7.506358	-14.433350	-4.241331	-1.353104	-11.347369	-7.042770	2.396929	-14.433350	6.601476	-13.470043	6.296914	5.526668	-12.742103	4.481724	-4.241097	-6.911609	-11.347354	-7.042770	2.250441	-14.433350	5.945912
5210	4	-10.716120	-11.861514	-4.836774	-8.366756	-10.267645	-10.386513	3.877490	1.797305	4.403238	4.166370	5.201842	7.304942	3.577904	-15.776414	-4.836798	5.752753	-10.267645	7.364981	-10.094761	6.338785	4.423596	-10.023676	5.237891	-10.468044
5219	4	-13.906314	-8.128520	-6.533970	-10.177795	-10.183480	-8.336002	-4.005535	-8.163352	-6.533970	1.208170	-10.183480	4.803664	-10.663574	6.955230	5.617981	-14.036006	6.130038	-8.284573	4.555923	3.994144	5.617979	2.642681	6.129619	7.923583
5239	4	-9.042445	6.980460	5.944146	-12.338523	5.553354	-10.377580	-8.830298	-11.113141	-3.248301	-9.676061	-7.773960	-10.377580	4.717411	-14.938665	-3.248301	7.251144	-7.773960	6.863508	4.499145	3.059193	5.943975	4.588310	5.553343	6.863487
5243	4	-10.225038	-4.902074	-6.930807	-11.265829	-6.543661	-7.429260	-13.881576	9.010451	5.132100	-14.327984	7.735980	-7.429260	3.024599	-7.006328	-6.930857	7.417518	-6.551211	7.722079	-2.998156	-4.903242	-6.930807	2.547427	-6.543679	3.594568
5245	4	-14.051219	8.816945	6.380519	-7.654980	6.253889	-11.615641	-13.519746	-4.628528	-6.421223	-1.964100	-10.549271	-10.499635	2.338768	-5.771536	-6.421992	6.368656	-10.549353	3.458671	-7.612535	-4.628528	-6.421223	3.302461	-10.549271	-5.578578
5254	4	-11.144747	0.202825	-1.398552	-9.888998	-5.886781	-7.688047	-10.659001	4.282869	2.494532	-10.261523	-1.771645	-7.702522	-15.939337	8.312239	6.467864	-15.709249	4.201787	-7.751640	3.039521	-1.554609	-3.110803	5.756164	-5.959712	5.138143
5277	4	-11.268180	8.009258	9.335486	-15.548471	4.553126	-6.909933	-10.080786	-1.701863	-1.591288	-10.864874	-6.387123	-6.909933	-2.694218	-1.702025	-1.591325	0.999419	-6.387344	4.053983	2.675943	-9.049802	-1.678704	6.739405	-8.139356	5.752530
5295	4	-6.289331	6.466048	7.325261	-14.130303	7.522450	-8.528184	4.507824	4.408551	7.324607	1.295015	7.522448	7.598922	-7.474144	-3.997472	-2.308491	-10.359133	-9.423596	-8.528168	2.932711	-5.081547	-2.311340	5.033253	-9.423621	7.359644
5316	4	-7.740683	-13.728643	-0.928153	-2.053030	-9.043938	3.853973	-2.763444	-13.747032	-0.928153	2.342251	-9.043938	5.258275	-8.518403	4.681710	5.769080	-14.203850	7.299235	-6.024291	-9.716160	-13.728626	-0.928153	-8.655416	-9.043938	-6.024598
5329	4	-13.264367	1.089776	5.689651	-11.413971	-2.434064	-4.666078	-14.529814	-10.523920	-0.635515	-10.502222	-12.534715	-4.666078	-5.847435	-10.523920	-0.635515	1.188692	-12.534715	5.521064	-13.118224	6.481741	8.483800	-11.724558	3.858303	-4.666078
5361	4	-7.272727	-8.558806	-1.422117	4.025092	-10.604817	1.460988	5.032597	3.262898	6.076851	4.159078	6.614178	6.981602	-10.234961	7.945510	6.259529	-9.915747	6.635664	-11.027480	-13.859391	-8.558806	-1.422117	-7.605350	-10.604817	-10.717976
5408	4	-5.606701	-9.277726	-3.655097	2.172622	-7.381640	5.495649	-16.953098	-9.277700	-3.655097	-4.497849	-7.381640	-3.868991	-15.820336	5.554122	6.915828	-8.716270	5.768196	-6.257578	2.420288	4.443960	6.913075	4.164138	5.768159	6.976835
5429	4	-12.206940	6.697740	8.048395	-11.013739	7.238712	-1.183201	-12.838678	-8.247894	-1.571856	-4.681853	-11.523778	-1.182863	1.435312	-11.309050	-1.571856	4.574862	-11.523778	6.894501	-8.978730	2.938593	3.300561	-4.765657	-0.398157	-1.182917
5472	4	-8.530643	-9.693872	-2.456774	-6.177570	-7.944130	-2.384839	-11.151434	5.956581	6.040555	-12.241934	7.170948	-2.384839	-1.708740	-9.709801	-2.456985	1.580317	-7.946595	4.576624	3.429567	-16.216789	-2.466424	8.025064	-8.061156	7.555903
5542	4	-11.404506	7.183738	5.014528	-10.169243	6.966220	-12.246036	-7.721778	3.077858	0.586220	-8.378566	-2.449111	-12.246036	2.414653	3.978458	5.014332	4.335221	6.961330	4.658147	2.806830	-1.487949	-2.769006	5.939606	-5.704767	4.662465
5544	4	-12.024613	-10.187713	-2.243823	-9.247216	-8.121276	-8.433155	-15.899848	7.157877	8.633063	-12.979890	5.938349	-8.433155	3.382070	-4.687119	4.479052	6.598178	5.286678	5.229471	4.414683	-15.661873	-2.283580	8.284749	-9.460364	5.254409
5554	4	4.334497	-7.387368	-3.941966	6.720844	-10.175648	5.381879	-10.619046	-4.770219	-2.747368	-9.694236	-9.947693	-4.819385	-2.029738	-4.864575	-2.809334	0.850202	-10.006494	5.136944	-14.415927	5.934166	6.963417	-15.732340	4.215089	-4.819385
5588	4	-14.098096	1.810834	1.569026	-11.167244	-2.141256	-10.266890	-17.068875	6.713224	7.833212	-16.953698	7.881702	-10.320651	-17.441217	-6.534962	-4.736361	-11.163251	-6.795539	-10.266741	-3.282938	1.810806	1.569026	1.969518	-2.141259	1.568513
5591	4	-7.975612	-7.846904	-1.417768	2.233636	-11.966219	2.212197	-11.549863	-7.846902	-1.417768	-3.801668	-11.966219	1.439876	-19.894937	-7.846902	-1.417768	-10.351829	-11.966219	-4.822121	-11.255742	6.159532	6.718612	-10.388003	3.505872	1.439814
5596	4	-4.607793	-5.233281	-0.130750	4.519719	-1.821404	3.109875	-15.023172	7.879197	6.571188	-9.063848	8.304820	-8.332353	-11.162417	-5.233276	-0.130750	-2.996450	-1.821400	-8.295840	2.976748	-1.573666	2.535395	6.890515	6.962204	8.728230
5661	4	-16.294843	8.296157	7.677981	-14.907128	5.163262	-0.187817	-15.429556	-5.765555	-1.834342	-6.994641	-11.740746	-0.187817	-5.481282	-5.765555	-1.834342	2.268331	-11.740746	1.629785	-10.928796	2.378697	1.380736	-8.382145	-7.008367	-0.187810
5667	4	-8.719058	7.746713	4.928878	-16.764448	7.954899	-7.368531	-9.568295	-6.073571	-6.779186	-13.422336	-7.137234	-7.403740	3.182122	-12.328782	-6.779187	5.026489	-7.148001	5.002881	3.131157	-0.452296	4.922298	1.702316	5.876634	4.821465
5673	4	-12.691408	-10.263675	-2.443972	-7.578970	-9.929148	-5.321784	2.229312	-10.905400	-2.443972	8.265097	-9.929148	8.032442	5.097018	2.775882	8.743054	4.562777	6.712072	8.669647	-10.358753	3.735223	8.743161	-11.709741	6.712082	-6.090734
5681	4	-11.300011	-10.421373	-5.946582	-12.402532	-7.807391	-11.229553	4.187589	3.073337	5.574265	4.078817	8.482051	6.660842	-11.250575	6.363211	5.574272	-14.656815	8.489695	-11.229553	4.147999	-13.648809	-5.946582	6.371168	-7.807391	6.659541
5694	4	-13.806995	5.868076	6.968950	-11.057750	7.432500	-6.659275	-5.452739	-6.638975	-1.434385	3.851554	-7.392079	4.647481	-14.362102	-6.638954	-1.434385	-3.283715	-7.392079	0.123174	-16.446393	-6.638954	-1.434385	-4.859052	-7.392079	-6.596559
5791	4	-18.324760	6.941172	9.004700	-14.943582	4.926629	-6.062172	-18.168780	5.688996	6.919497	-14.926350	-0.904257	-6.062172	-9.781562	-10.098988	2.761835	2.302123	-4.411958	3.778362	-18.483324	-10.097153	2.761835	-8.939254	-4.411958	-6.056086
5811	4	-6.626401	3.161246	1.999774	-8.405552	-6.698827	-9.414152	-12.632492	-6.279957	-4.170665	-8.405284	-13.310468	-9.414152	-12.800731	9.168367	8.309738	-14.565388	5.027699	-9.414188	7.331555	2.114363	1.999725	8.023868	-6.715970	5.596572
5813	4	-11.096335	-9.116099	-7.652016	-7.695831	-12.177737	2.281364	-5.921567	-9.116099	-7.652016	0.575319	-12.177737	5.066475	-6.260459	5.253416	4.738874	-9.407670	6.722917	2.207716	4.114626	2.863596	4.738874	5.252812	6.619807	6.812598
5841	4	-14.099504	7.716175	8.336587	-11.544200	6.801286	-7.709482	-15.768199	-7.452245	-4.036598	-5.366007	-8.016430	-7.707179	-3.998362	-7.453694	-4.036898	6.093677	-8.016455	3.229907	-0.671393	0.048096	1.018832	6.102006	-0.185482	3.242158
5842	4	-21.629728	5.966660	5.526629	-5.595350	6.503504	-10.011615	-16.818490	-10.781564	-2.956948	2.586509	-9.450145	-4.331583	-17.178074	5.966660	5.526629	0.931510	6.503504	-6.217274	-21.847644	-10.781564	-2.956948	-3.975378	-9.450145	-10.011586
5860	4	-11.923679	6.795916	4.796690	-13.602368	7.953661	-2.661762	-10.382640	-3.304759	-6.430019	-7.843916	-11.008745	-2.332202	-5.674509	-3.304759	-6.430019	-2.993302	-11.008745	6.334922	1.021783	-5.114181	-6.623723	5.541835	-11.063734	7.266907
6027	4	-18.658136	7.640205	7.336047	-16.139481	6.017939	-8.768572	-10.090602	-8.431097	-1.432845	0.023962	-7.887111	2.645291	-16.647449	-8.431097	-1.432845	-9.101181	-7.887111	-8.768572	0.225238	-8.439650	-1.432845	2.461715	-7.887111	2.661344
6042	4	-16.937023	7.579433	5.971059	-13.930403	8.930639	-8.610454	-16.489830	-7.942104	-4.782547	-11.276921	-5.811053	-8.610423	-1.390450	7.579428	5.971059	1.664524	8.930639	4.174504	-0.725063	-7.942188	-4.782647	4.702437	-5.811053	4.748955
6092	4	-15.565679	6.217420	6.438805	-8.803544	8.523007	-9.155012	-5.801916	-5.447664	-5.962451	2.437503	-9.993792	3.261734	-16.095004	-5.447619	-5.962451	-4.721037	-9.993792	-9.151327	-12.151443	-5.447619	-5.962451	1.687468	-9.993792	-2.803280
6093	4	-11.146884	-2.380391	-6.693657	1.764159	-9.854885	-5.834336	-12.516817	6.902174	4.773834	-6.062343	5.699804	-12.371467	3.622355	4.339742	4.773834	4.765533	5.699800	6.107721	-16.952463	-2.380391	-6.693657	-2.690330	-9.854885	-7.037930
6169	4	-15.422484	-13.205712	-5.666545	-7.604513	-12.325680	-4.685007	-16.884060	4.760253	6.175489	-12.585917	6.421044	-5.949322	-9.081283	-13.205712	-5.666545	-2.506276	-12.325680	3.272032	-6.447904	-13.205739	-5.666545	3.258938	-12.325680	4.231380
6172	4	-17.183992	6.749615	6.585602	-18.458100	6.068386	-4.140549	-13.713366	6.749615	6.585602	-12.631938	6.068386	1.996157	-12.227110	-5.838717	-6.233475	-5.068506	-9.810723	3.281003	-17.254517	-5.838717	-6.233475	-12.003422	-9.810723	-4.140447
6223	4	-17.823601	8.608546	2.960587	-12.698132	5.764182	-7.289010	-19.519866	-7.172665	-7.445274	-10.337769	-9.456745	-7.288892	-1.758664	-7.172864	-7.445274	1.335835	-9.456761	7.092545	-7.086277	-7.172665	-7.445274	1.333966	-9.456745	4.826075
6226	4	-8.367041	-7.201515	-5.281638	1.160883	-7.340240	-3.486283	-12.300239	7.449662	6.766239	-9.617926	7.347153	-8.976397	-10.871949	-7.201515	-5.281638	-4.586376	-7.340240	-7.312990	2.158285	-13.416643	-5.289449	3.861946	-7.342442	7.833787
6230	4	-4.948150	-8.524060	-2.604758	2.603728	-5.213200	6.668382	-10.353110	-8.524060	-2.604758	-3.537440	-5.213200	-4.647815	-8.483949	5.754196	8.219153	-2.738637	6.228898	0.320485	-15.312327	5.754196	8.219153	-8.008769	6.228898	-4.700505
6258	4	-7.681285	-6.477235	-0.745350	-1.639854	-14.124695	5.837003	-4.374389	-6.477418	-0.745350	1.933297	-14.124874	6.063311	-14.186350	5.735427	6.474127	-11.170303	2.315710	-0.510876	-13.714983	-6.477235	-0.745350	-7.656423	-14.124695	-0.510831
6266	4	-9.516989	-10.108582	-6.806238	-10.784732	-9.607621	-7.334085	-4.470277	5.800484	3.639134	-11.019155	6.862450	-7.334066	-2.765799	-10.201548	-6.806240	1.237714	-9.607621	3.901270	5.656058	1.704082	3.454446	7.327721	6.450152	8.752620
6289	4	-11.557500	5.345225	6.867401	-10.903265	8.397945	-10.496918	-12.987611	-11.234227	-6.284112	-5.637651	-9.815805	-9.366670	4.633436	2.129899	6.867400	1.246844	8.397111	4.347129	3.272171	-13.361570	-6.284112	6.637601	-9.815805	4.419232
6373	4	-17.453306	-10.228671	-6.087617	-3.680390	-8.586719	-9.286440	2.839722	2.531576	3.931830	7.124552	5.051126	7.368957	-12.756619	7.482644	3.932026	-4.739935	5.087161	-9.243063	-11.347657	-10.228671	-6.087617	1.998596	-8.586719	-5.645552
6379	4	-14.958432	-9.795835	-6.791031	-8.791352	-7.792311	-12.474599	-14.689448	7.008798	5.793765	-11.979795	8.427356	-12.474743	0.442164	-9.798341	-6.791031	5.396941	-7.792349	3.952975	0.977168	6.997788	5.793765	3.594889	8.427209	3.933411
6411	4	-13.385989	6.288520	6.640651	-8.114358	7.773738	-8.742975	-2.143337	6.287474	6.640651	1.644276	7.773724	3.198947	-11.910988	-7.935503	-2.206418	-4.772977	-8.544079	-8.742206	-0.280431	-8.108242	-2.208884	5.450265	-8.568900	4.149617
6427	4	-6.576335	-8.381292	-6.143664	0.682787	-3.982253	2.720312	-16.331507	-8.381292	-6.143664	-11.690491	-3.982253	-6.384507	-14.871580	5.836992	3.546105	-11.848529	5.929006	-6.384507	-5.317844	5.836992	3.546105	0.467123	5.929006	2.720799
6468	4	-12.244755	-10.320847	-3.531350	0.636823	-11.416213	-2.311921	-6.678879	-10.333803	-3.531351	5.121265	-11.416213	3.090531	-18.351892	5.507367	6.247622	-6.455201	5.480144	-7.124558	-8.219732	5.502807	6.247617	2.784712	5.480144	3.090531
6513	4	-5.026091	-12.577478	-5.409851	1.689524	-9.767486	1.157928	-12.976128	-12.577471	-5.409851	-5.984820	-9.767486	-9.407724	-12.627034	4.004173	5.571323	-12.379355	4.618204	-9.435164	-6.683633	-12.577471	-5.409851	-1.905419	-9.767486	1.155499
6537	4	-14.348583	8.460065	7.708750	-15.724471	9.079802	-9.055332	-13.069095	-10.882308	-3.655345	-12.768549	-5.658765	-9.055332	3.948327	-16.012209	-3.655345	5.699466	-5.658765	8.080949	-2.104005	-10.882308	-3.655345	3.934613	-5.658765	4.961423
6541	4	-13.003960	6.054910	4.306830	-11.761888	6.756890	-12.918471	5.559292	-14.828875	-7.799190	8.327495	-11.052081	6.144632	-8.347094	-9.550182	-7.691529	-11.072086	-11.052074	-12.918469	0.981084	3.469797	4.150570	5.780373	6.709277	5.799150
6545	4	-13.198449	1.230647	5.209704	-12.359092	-1.306465	-10.969497	-14.206249	-4.324491	2.247421	-7.615198	-7.218015	-10.970541	-14.434064	7.166659	8.223414	-13.890868	5.326505	-10.970694	-11.039308	1.229039	3.764485	-7.746371	-4.747916	-10.962305
6546	4	-14.705091	-11.226058	-4.591087	-8.216495	-8.860177	-9.449462	-16.170492	5.376472	7.045345	-14.557414	7.552556	-9.449969	3.192183	-16.813078	-4.591091	7.258833	-8.860178	7.291520	-14.666839	-1.058444	3.359213	-9.207579	5.708734	-9.449841
6555	4	-20.338925	-11.391580	-2.616982	-6.724548	-8.560934	-7.938816	-20.147420	6.035251	7.723292	-13.168150	5.506510	-7.938816	-12.881638	-11.391580	-2.616982	4.607205	-8.560934	-1.082944	-8.872189	-11.391581	-2.616982	5.754662	-8.560934	4.641374
6564	4	-15.854130	5.014282	6.638099	-9.008776	7.223605	-8.890994	-15.149710	-8.325667	-1.393395	-6.522874	-8.946037	-8.890994	0.459285	-8.427908	-1.393412	3.683864	-8.965326	2.750818	-3.282024	-8.325711	-1.393395	2.998298	-8.946045	2.740689
6574	4	-14.543642	-4.536759	-8.100251	-7.520415	-11.007855	-6.826871	-4.570016	-4.681587	-8.100283	2.699901	-11.007866	3.129573	-11.775530	6.058862	3.670806	-9.573867	4.172585	-6.826874	-1.678948	5.231173	3.670803	2.609178	4.172572	3.125940
6595	4	-14.562999	-12.321046	-0.643071	-3.800317	-7.932058	-7.763384	-19.041083	5.705152	7.077664	-10.164017	6.407485	-7.763384	-3.015815	-12.321193	-0.643071	3.622824	-7.932058	3.155915	3.272948	-17.163011	-0.643071	6.046914	-7.932058	6.378512
6617	4	-11.180299	-9.161750	-5.665111	-10.946660	-11.406095	-7.585844	-0.964514	-9.381744	-5.665111	3.911488	-11.406095	4.835121	4.186822	-15.467913	-5.665111	8.189313	-11.406095	6.633743	-14.243378	5.315213	6.220202	-16.619498	4.900618	-7.593743
6620	4	2.056484	-11.407035	-4.618236	4.634225	-9.210910	6.989745	-15.870564	-11.087528	-4.618236	-8.469785	-9.196836	-5.575341	-15.027593	5.502462	5.525843	-11.313953	5.809744	-5.575674	2.896596	3.757850	5.525375	2.216548	5.772239	6.916188
6630	4	1.253267	0.486802	2.644639	7.318480	-7.236771	5.649308	-16.928930	-7.209862	-3.702377	-8.085651	-12.292790	-9.809544	-11.639866	1.332779	2.691905	-8.086949	-6.743203	-9.773959	-16.582922	7.649251	6.506736	-13.822505	4.701461	-9.809288
6631	4	-7.725983	-8.423324	-7.354235	0.482800	-10.571854	-2.406597	-6.039632	6.471274	4.667086	-5.031667	4.728287	-4.718154	0.964458	5.696339	4.667082	0.553204	4.728286	6.761327	-9.644788	-8.423324	-7.354235	-3.922614	-10.571854	-3.921223
6659	4	1.940503	-4.841642	-4.342212	6.655753	-7.374673	5.296673	1.860257	7.445879	5.283261	3.030417	6.616583	5.275107	-9.167740	8.906166	5.283407	-9.137675	6.623006	-3.150504	-7.953170	-3.171800	-3.627742	-0.480069	-5.287852	-2.188412
6662	4	-11.420025	-11.222653	-6.139958	-5.933933	-11.931834	-8.817282	-9.945456	-11.222653	-6.139958	0.175332	-11.931834	-5.560739	-5.070707	-11.222653	-6.139958	3.772703	-11.931834	2.831165	-7.551513	6.514681	5.451447	-10.555738	4.125698	-8.817162
6665	4	-16.143423	3.764838	6.992931	-12.618601	-0.158300	-9.835480	-12.262986	-8.472108	-3.917322	-7.066900	-12.548984	-9.835480	-16.143423	6.419148	6.993271	-12.619042	5.407340	-9.835480	1.820199	-8.982723	-3.917322	5.754364	-12.548984	4.440742
6673	4	-15.818033	-10.350906	-4.209768	-9.741709	-7.276053	-12.009217	-1.021678	-10.479383	-4.209768	7.786806	-7.276053	5.565643	-9.706022	7.068831	3.221491	-10.185037	5.860356	-12.009217	5.155032	4.265464	3.221490	8.271397	5.860352	5.683410
6677	4	-15.275007	-11.507436	-5.930830	-9.219300	-6.980823	-9.509240	-9.418015	1.709366	0.980813	-9.219326	-0.665741	-9.509221	-10.670372	6.300602	4.674707	-11.365069	7.461162	-9.509237	2.848683	0.208105	4.466795	6.500114	6.856017	6.659033
6686	4	-13.334613	-10.939133	-6.437279	-10.562671	-7.812107	-8.600530	-11.816639	5.201949	5.555194	-11.654306	6.855822	-8.600530	0.242809	-13.189329	-6.437287	6.446827	-7.812236	1.673614	2.137074	1.450489	5.551026	5.355224	6.813252	5.550801
6702	4	-7.059481	-9.396800	-1.420863	2.276679	-3.769481	4.610109	-8.219603	-9.396788	-1.420863	-0.571264	-3.769479	-5.400403	-11.090367	5.591623	6.470360	-10.832407	8.014887	-5.877706	2.802504	-3.449336	-0.153299	6.608255	2.216758	6.707218
6711	4	-0.879347	-0.120785	-4.098410	1.105159	-2.738437	3.099505	-7.959580	-0.111181	-4.090826	-8.166308	-2.725230	-8.839450	2.670117	-0.012268	2.311141	6.389325	4.124095	8.218958	-5.159167	3.831680	2.426017	-8.221581	5.896781	-8.839434
6755	4	-1.230049	0.069023	-0.241233	1.644197	-4.100777	3.648747	-16.085689	-6.386841	-4.626424	-11.594957	-7.439937	-7.778303	-16.468217	7.208857	7.219668	-14.669956	6.306303	-7.778303	-12.532266	0.069482	-0.239945	-11.677926	-4.100399	-7.778301
6756	4	-15.608999	-7.670375	-5.265014	-12.480147	-10.870663	-6.939528	-11.925893	3.931660	3.943333	-12.703904	6.852893	-6.940355	0.040626	3.924192	3.943333	6.794322	6.852563	4.549602	1.785900	0.914003	3.885090	6.856575	6.462295	5.935145
6760	4	-13.441088	-8.314136	-5.648415	-10.920691	-9.053959	-8.255068	-8.656794	4.540865	5.868406	-12.605063	8.846252	-8.255068	-2.784819	-8.317313	-5.648415	2.275980	-9.053959	3.443153	2.866432	0.554435	4.869000	3.424697	8.181560	7.101405
6765	4	-12.957484	7.747996	5.267641	-10.209463	7.798902	-10.194724	-14.617362	-9.843134	-5.200403	-8.508688	-5.283222	-10.194723	5.206398	3.776554	5.267637	6.248879	7.798902	6.516721	3.444274	-13.702696	-5.200403	7.949548	-5.283222	6.516726
6774	4	-14.197822	-5.947391	-3.959147	-10.070431	-12.282859	-11.340714	-13.808206	7.969367	8.072628	-14.910527	7.045329	-11.341284	2.612531	-12.350415	-3.959147	6.656329	-12.282859	6.127898	2.814939	1.496311	8.054896	1.862485	6.760965	6.177907
6793	4	-13.783307	7.425297	8.115845	-12.599629	7.262483	-9.991578	-16.089466	-8.736180	-1.867257	-7.690007	-6.879596	-9.991578	-6.576560	-8.739353	-1.867258	2.632268	-6.879596	1.221653	-7.111652	-8.738369	-1.867258	-1.094950	-6.879596	1.115591
6809	4	-6.758552	2.107375	1.436913	-1.290832	-6.333923	-7.317500	1.570340	-0.842924	-3.636944	5.752811	-8.966394	4.575040	3.594804	3.055580	4.459869	4.926775	3.514184	5.844576	-7.743100	6.017889	4.460459	-8.771353	3.516798	-7.665137
6869	4	-18.677253	-13.061385	-6.590485	-11.574988	-8.736335	-4.554700	0.108379	-13.151303	-6.590485	3.390054	-8.736335	4.830243	-15.270806	5.057380	4.189576	-12.136272	4.131996	-4.554120	3.544351	2.245056	4.179454	5.545803	4.095872	6.534312
6915	4	-7.215986	-10.772399	-1.988608	1.485333	-10.627122	-5.149399	2.148427	-12.451492	-1.988608	7.373223	-10.627122	5.198203	-12.768737	3.545714	5.963678	-10.449349	0.112751	-9.984633	-14.174553	-10.772399	-1.988608	-4.848116	-10.627122	-9.982943
6916	4	-5.549565	5.766245	5.585372	-12.375518	8.601568	-9.779477	-6.454519	-11.079448	-5.751869	-10.893771	-5.941743	-9.779473	2.721141	-15.923341	-6.695467	6.486441	-5.979567	5.779414	2.903070	0.469546	5.546692	5.004182	8.244788	6.158957
6923	4	-17.519920	-5.928505	-0.919133	-10.879313	-9.325888	-9.298050	-13.452367	2.521444	3.709626	-12.627366	-1.322624	-9.298050	-15.974179	7.968005	7.949470	-15.231373	4.466162	-9.298050	3.236108	2.148286	3.709622	3.944648	-1.323217	8.102990
6943	4	-18.306374	-9.384830	-4.961577	-11.113853	-12.640033	-12.805071	-16.983974	7.100568	6.301185	-16.089027	6.628187	-12.805075	2.424234	6.110023	6.297585	2.698702	6.627910	5.110587	1.087027	-9.914691	-5.014642	6.695955	-12.640063	3.763367
6959	4	-12.012140	4.239868	2.554127	-12.001823	-3.960798	-9.927636	-17.543591	-4.649291	-1.652068	-12.001144	-13.195870	-9.927636	2.154202	2.688470	2.549991	4.972458	-3.964265	6.662601	-15.667731	6.251287	7.044312	-15.572553	2.303268	-9.927636
6969	4	-12.583533	-14.536741	-2.778299	-5.531456	-10.398899	-5.747889	-6.069033	-14.536741	-2.778299	2.018695	-10.398899	5.319231	-10.435568	2.836138	8.611090	-8.440251	8.147288	-5.764490	-1.553681	2.833873	8.611090	2.386597	8.147283	5.415253
6981	4	-19.396304	-8.027657	-7.257396	-5.042278	-9.987581	-3.919778	-6.681822	-8.027661	-7.257396	5.155819	-9.987581	2.795377	-2.786171	7.673924	5.084764	1.278021	6.934697	4.787193	-15.569472	7.674859	5.084764	-8.973201	6.934697	-3.917857
6997	4	-10.829332	7.123001	4.641165	-4.882478	6.871290	-6.245214	-1.996699	-11.407540	-5.518207	5.874916	-4.833454	2.837007	-12.719454	-11.407513	-5.518207	-3.866782	-4.833454	-6.124407	2.983456	3.193941	4.641148	6.326533	6.866130	7.667758
