18	4	-4.544961	-16.315383	-5.007400	-9.319556	-10.682773	-9.442085	3.456473	-21.979797	-5.007400	5.859784	-10.682773	2.674006	-1.314862	-16.316835	-5.007400	1.392276	-10.682773	1.316638	-3.959767	2.671627	7.050405	-14.004496	5.447267	-9.441905
59	4	-13.998739	-7.786661	-5.622826	-6.248136	-11.828358	-14.544096	-12.535998	7.865365	5.682518	-7.996477	6.841434	-14.544326	2.906521	-10.312773	-5.715795	7.489722	-11.828360	3.741374	4.714336	1.799249	5.094380	6.560609	6.807687	4.034868
133	4	-8.073538	4.031206	0.522197	-9.849180	-5.235555	-14.605631	-14.139129	-3.954062	-4.430095	-9.794859	-11.712189	-14.605631	2.798693	1.655004	0.494796	2.850611	-5.249840	-4.221142	-10.728877	9.613782	5.285246	-13.535342	4.662706	-14.605631
138	4	-13.588649	5.565775	8.447766	-11.031582	7.197869	-8.508430	3.126284	-13.349903	-1.810810	5.874405	-7.585049	3.714154	-13.146820	-11.079590	-1.787917	-7.011667	-7.585049	-8.508430	3.480494	3.022548	8.213335	1.634227	7.197833	3.587949
146	4	-6.504115	-2.883724	-0.148569	-8.460582	-9.850991	-11.739865	1.734054	-4.044563	-0.148570	1.328462	-11.993499	-4.838668	-12.384956	6.886151	5.894680	-12.097515	5.978140	-13.607859	-6.368403	3.135558	0.013005	-8.432356	-6.162109	-11.644595
152	4	-10.592607	-2.362963	-3.378878	-8.761645	1.131470	-13.930607	-11.804027	5.291876	5.210447	-13.864189	8.568488	-14.099247	5.139168	-3.822088	-3.461000	9.052143	1.123610	1.947964	3.792386	3.834112	5.208400	3.837609	8.568331	1.790499
153	4	-6.835583	-7.451157	-3.739910	-8.284522	-8.932957	-9.929327	-10.813988	7.556395	8.325159	-14.275652	8.329570	-9.929327	-5.618789	0.904531	2.105410	-8.338434	-3.591877	-9.929327	3.729022	-12.727487	-3.739910	3.880104	-8.932960	-1.406280
204	4	4.202630	-9.391749	2.099605	5.795434	-8.262689	3.001115	-5.769074	6.166046	8.018430	-11.127956	6.376902	-11.204820	-6.251169	-7.287370	2.099625	-3.783321	-8.262303	-5.029937	6.803877	2.029006	7.892214	1.097749	6.376899	3.001696
206	4	-9.897487	8.403804	5.987388	-16.416597	5.205538	-13.823448	-9.959736	-9.757870	-4.590532	-12.143900	-5.461299	-13.823448	4.532386	-15.300050	-4.590532	6.696956	-5.461299	4.258959	4.591493	2.809267	5.984440	2.424581	5.203952	4.250345
249	4	-8.431144	-11.445085	-7.252162	-7.494758	-2.863405	-17.228706	-0.076458	3.903110	1.379462	2.958634	4.696286	-10.218653	5.766776	2.419654	1.168372	4.038631	4.543635	-5.338696	-2.093454	3.903131	1.379463	-4.502126	4.696288	-17.221279
271	4	-7.369307	-6.390004	-2.879910	0.311200	-12.466704	-9.263103	-6.618431	1.794094	3.174310	-5.598577	-3.199166	-14.992446	-6.545338	-1.159784	-2.838084	-5.088408	-9.495644	-14.943297	-11.548873	5.946771	7.470492	-8.123533	2.874527	-15.040429
279	4	6.627078	-13.289694	-1.564901	3.379553	-10.957215	-2.959977	-3.161274	-6.824130	-1.386493	-9.136959	-10.957133	-15.566693	4.857530	1.252215	4.968494	3.016084	6.885536	-2.961068	-5.692218	7.721348	5.489183	-9.535521	7.382534	-15.566699
281	4	-11.517900	-10.715599	-4.037092	-11.382555	-7.175999	-12.432493	-9.456155	6.599393	5.892786	-13.598110	6.508589	-12.432493	1.457969	-11.613475	-4.037092	4.027529	-7.175999	1.556755	4.086105	3.477124	5.892783	2.046711	6.508589	1.555412
290	4	-8.115823	-12.570578	-3.624646	-9.656548	-8.502504	-13.824040	-4.931463	5.844091	5.778183	-13.554800	6.443844	-13.363110	6.826223	-16.419729	-3.624646	7.452536	-8.502525	3.298479	9.979631	1.468241	5.741312	3.671900	6.413149	3.338019
303	4	-8.433583	5.768475	6.577397	-17.519202	6.186087	-12.780096	-9.033177	-8.529892	-2.159197	-13.866100	-8.327220	-12.775097	6.136954	-3.531483	2.918103	3.793403	5.303766	2.365130	3.703435	-11.283147	-2.216477	3.770664	-8.353378	2.222438
313	4	-11.926012	-9.098765	-4.735415	-7.545298	-8.114294	-11.467102	-9.708852	5.726919	6.686637	-10.439995	4.574020	-11.467274	1.786920	-13.419949	-4.997883	3.771058	-8.114295	3.876786	3.853502	1.263236	6.311999	1.339839	4.562421	3.772146
321	4	4.512319	-13.389293	-3.542905	8.779373	-9.917102	3.300063	-9.965480	-10.970852	-3.542905	-2.188549	-9.917086	-11.788573	-10.397227	6.920176	7.484578	-11.800525	6.433175	-15.374151	7.812136	2.375145	7.480891	2.481491	6.401354	2.885167
354	4	1.285300	-7.905880	-3.891902	-7.329119	-8.977510	-16.394468	1.213115	7.861835	6.302293	-12.907032	8.934421	-16.403702	-2.240771	8.391843	6.302294	-15.023099	8.937348	-16.449088	-1.998228	-7.362958	-3.891894	-9.347600	-8.876786	-16.449085
379	4	-0.554173	-10.281624	-5.914504	2.518074	-9.882688	-7.631713	2.733697	3.416919	7.118904	2.568783	5.624658	-3.034033	-2.149522	7.199197	7.119108	-6.411535	5.624674	-13.673945	-3.258025	-10.279197	-5.914504	-3.323583	-9.882688	-13.673406
382	4	-9.964040	7.923622	8.289298	-15.172396	5.450700	-15.203143	-11.499595	-7.413000	-3.259051	-11.765217	-8.503956	-15.185505	7.337859	4.156033	8.289286	3.981771	5.450700	2.757196	5.802406	-11.582830	-3.259311	7.525817	-8.503960	2.972634
384	4	-13.303876	-14.383945	-5.678564	-7.012702	-7.035042	-15.467911	4.231003	-16.517941	-5.686010	8.535525	-7.035118	2.198165	-10.953412	3.465957	5.540107	-12.911648	6.563239	-15.476684	4.224995	0.430189	5.222735	2.644901	6.272383	2.170092
392	4	-10.321379	6.423619	6.631126	-12.536197	4.874568	-11.811666	3.636379	3.437215	6.626147	3.272530	4.873756	3.994709	-9.731202	-11.271205	-5.871833	-8.624019	-9.980919	-11.784820	4.170481	-15.037818	-5.871880	7.312205	-9.980920	4.008962
433	4	-14.901974	-9.270894	-5.067150	-9.502444	-13.227142	-18.069867	-13.611327	6.995786	7.391534	-13.724160	4.969402	-18.069867	-9.494780	1.131207	1.565229	-9.969534	-4.514268	-18.069857	-9.227167	4.793754	3.506246	-10.801771	-0.592990	-18.069852
472	4	-6.806711	6.602601	6.768462	-14.750485	8.173099	-9.773878	-7.719503	-8.691215	-4.237865	-9.345370	-6.307636	-9.773880	-4.071943	5.284964	2.244166	-9.365590	-1.003380	-9.769580	5.686399	-11.875749	-4.238560	2.756021	-6.307636	3.249224
496	4	-7.183573	6.849642	1.775158	-7.143499	5.272564	-13.071593	4.076934	4.863152	1.755312	1.646094	5.265679	-2.459821	-11.060412	-7.480149	-9.102820	-6.873929	-7.199306	-13.037568	3.759028	-2.290327	-0.040766	1.841957	4.009063	-2.415959
583	4	-8.822779	1.841336	1.648205	-10.538643	-3.465877	-14.077981	-13.241633	-6.412321	-4.848433	-10.144782	-12.746225	-14.077975	-15.012586	8.735032	7.365210	-14.009220	4.108859	-14.077989	5.152496	-11.847127	-4.848433	5.977982	-13.274095	3.801124
595	4	-4.412376	5.734083	7.199341	-15.156916	5.411926	-11.245524	-4.382912	-7.767846	-2.567659	-12.097472	-11.811468	-11.243331	6.520674	4.673150	7.199339	3.414525	5.411926	3.644312	6.555694	-8.834358	-3.094290	6.480378	-11.961304	3.645866
610	4	5.487543	-13.574383	-5.559061	9.233111	-12.054374	4.072749	3.779638	2.425701	6.442918	5.739174	5.977267	4.072746	-10.823991	-7.294170	-5.559055	-8.208005	-11.101254	-13.189969	-12.587059	8.631406	6.472311	-11.706516	6.066273	-13.189969
690	4	-14.782679	5.944138	5.984532	-15.545633	5.353293	-13.053403	-8.738388	-7.192491	-5.034240	-12.545213	-12.736675	-13.026598	1.756302	5.069691	5.984532	3.203000	5.353293	2.875160	8.201702	-12.156320	-5.127686	6.526683	-12.736691	3.890749
705	4	-8.260608	-12.594020	-3.977985	-7.112220	-11.127869	-15.030224	3.405278	-18.753987	-3.977985	3.808489	-11.127869	-4.963269	-6.206484	4.027972	5.570763	-7.377304	6.579206	-15.030214	2.395254	-18.753987	-3.977985	-1.513244	-11.127869	-9.922607
752	4	-8.074709	7.241957	7.390755	-10.758160	6.845753	-13.262380	-6.271916	-10.648066	-1.042088	-3.832448	-11.675467	-13.261757	5.485217	-15.548135	-1.060538	7.148874	-11.675467	3.758745	2.107258	-0.261659	2.599805	2.956666	-8.296974	-3.815968
770	4	-12.796062	8.602831	7.045328	-16.652537	8.416948	-13.732027	-12.777237	-5.394058	-5.302555	-11.890962	-7.881146	-13.455217	5.152791	6.401486	7.045321	1.611742	8.416947	3.179206	5.507548	-7.595856	-5.302939	6.374092	-7.881168	3.204521
796	4	6.068406	-11.417392	-5.365783	3.629387	-6.895702	-0.917736	0.884033	6.644325	7.095707	-10.893205	7.852374	-12.190875	-3.209991	-7.143922	-5.363284	-4.524823	-6.895699	-13.604045	-5.268237	6.653265	7.095712	-10.915201	7.852374	-13.730546
797	4	-9.488349	8.495474	7.381843	-9.788810	6.915358	-16.919110	2.760619	7.086332	7.381843	1.468922	6.915358	-5.436318	-6.270783	-6.746880	0.382452	2.109381	-6.170137	-10.666071	0.456886	-6.747048	0.382452	5.550538	-6.170137	-10.382957
801	4	-12.024552	-5.662191	-5.835766	-8.116208	-7.517636	-9.097150	4.609708	-11.241952	-5.836553	8.231895	-7.517636	3.598903	-12.396546	8.869481	5.627934	-11.903861	7.357550	-9.097151	4.237896	3.289638	5.627932	4.558268	7.357544	3.596047
813	4	-10.005488	-6.657341	-5.501395	-9.804772	-7.332347	-9.236135	-10.622066	6.821570	7.177398	-12.655767	7.271015	-9.244116	7.135726	-12.943848	-5.501396	5.419618	-7.347860	3.587127	6.022670	0.902904	7.174050	2.568822	7.155291	3.582078
826	4	-3.636474	-6.149408	-8.139393	0.847372	-11.675461	-16.903741	-10.005716	-6.100540	-8.139382	-4.286507	-11.675461	-22.197860	3.120054	-8.094154	-8.139467	2.909288	-11.675461	-10.565993	-5.942986	2.346027	2.512873	-4.474759	5.515736	-22.197682
842	4	-4.484817	2.865045	2.827453	-11.253349	-2.253676	-9.027867	-10.175481	-7.666049	-3.528972	-12.519053	-11.258521	-9.474347	-9.299535	7.322682	6.845897	-15.840125	6.354695	-9.465676	5.658194	-14.239358	-3.528974	4.663172	-11.258521	3.021913
862	4	7.188797	-13.512546	0.195892	6.108017	-9.166613	4.394490	-9.903788	-7.112545	0.195892	-9.989190	-9.166612	-10.475705	-11.976168	5.081293	5.976573	-13.097251	-2.583125	-10.475705	-11.977682	8.397611	7.195956	-14.070331	3.273335	-10.475705
887	4	-9.778141	8.153346	7.199052	-15.205100	6.084406	-12.407234	1.999870	7.826097	7.199052	-0.486837	6.084406	3.160935	-12.198611	-8.103167	1.007398	-8.341061	-8.883873	-12.188539	3.597501	-13.373235	1.007398	7.349381	-8.883873	3.706845
889	4	-6.744988	7.189074	6.886279	-14.539168	7.399286	-13.765918	2.171114	-7.716274	-4.517328	3.368921	-6.207105	-3.908528	0.789967	-3.337825	-2.966450	-3.307714	-5.195794	-9.529633	-9.131786	-6.236542	-4.273196	-9.155661	-6.070285	-13.941427
894	4	-9.279997	-11.103260	-6.611925	-4.863374	-8.742384	-10.566022	5.887049	-16.928714	-6.611925	3.457963	-8.742402	-0.592780	-11.024180	5.674995	6.226731	-9.966555	0.293763	-10.666087	-11.024182	5.674996	6.226785	-9.966555	6.727665	-10.666087
904	4	-5.298725	-6.939675	-3.181888	-9.433373	-11.872822	-11.216033	-6.023435	4.619660	8.076084	-16.020271	5.834059	-12.770282	6.004281	-10.773051	-3.181891	-0.534815	-11.872822	-2.034585	-2.616119	-0.268644	3.326257	-11.017591	-5.600663	-10.838153
951	4	4.917603	-17.151175	-5.586191	2.673083	-11.098394	-6.159870	2.738558	-12.639495	-5.586191	-4.173215	-11.098394	-13.222730	-2.906218	5.545921	6.895943	-12.642633	7.304509	-17.508434	-1.007589	-11.264295	-5.586191	-10.404099	-11.098394	-17.504340
977	4	-7.043219	3.638208	3.866209	-2.092728	5.598152	-11.043582	-8.950226	-3.125499	-5.218179	-1.249457	-5.674192	-10.668615	3.542791	1.235603	3.264512	4.488651	5.499910	-2.748919	3.959837	-5.995277	-5.638527	6.889894	-8.960850	3.408750
1002	4	-8.549917	-5.877718	-4.799543	-2.727265	-8.370350	-11.614840	-11.542491	5.963021	6.260083	-12.997449	6.326966	-11.621170	4.792408	-9.509483	-4.799543	8.767548	-8.613216	3.091737	3.768381	2.557744	6.259310	2.890974	5.990906	3.089349
1049	4	3.284728	-21.036411	-2.994141	3.684018	-12.776868	-2.215641	-8.686413	-16.461410	-2.994141	-5.486898	-12.776261	-12.295998	6.140469	-22.412685	-2.994141	6.366063	-12.776884	3.729798	-3.805668	2.745549	4.948121	-8.945029	4.332397	-12.297670
1058	4	-7.623135	-11.026912	-5.013260	-8.028479	-13.466550	-9.727911	5.087225	-15.015928	-5.013260	6.961503	-13.466550	2.187573	-9.369243	7.424898	6.737119	-13.480907	4.145713	-9.733888	2.640040	5.579843	6.737119	0.997219	4.145701	1.619372
1061	4	-15.902866	7.156556	8.171081	-16.729887	6.853356	-7.356166	-9.507853	2.393016	2.586569	-14.042532	-1.066704	-7.356166	4.025293	-7.918960	-3.310730	5.442793	-7.333334	3.174506	2.369724	1.212035	8.171042	2.268752	6.837162	2.551389
1170	4	-5.748872	-8.450087	-6.128686	1.676494	-9.707586	-3.165092	-9.567422	-8.438755	-6.128686	-4.868382	-9.707586	-7.435061	3.982991	2.033513	4.556509	4.310429	3.971733	1.169168	-4.743622	4.950132	4.556649	-5.909766	3.978088	-7.817802
1182	4	-7.409726	-15.415276	-6.513076	-6.300673	-9.864125	-11.949318	5.455753	-18.672220	-6.513076	3.747794	-9.864125	-0.291293	-9.807640	3.671820	5.722683	-9.702492	8.402212	-11.950184	7.896936	-18.672220	-6.513076	6.309444	-9.864125	4.285839
1199	4	-8.164602	-8.665460	-1.412341	-13.896521	-11.925166	-11.722315	-6.095813	4.161821	6.285324	-20.495738	0.503540	-11.722315	-6.506939	6.474296	6.809471	-20.501683	6.546114	-11.722315	-2.336988	2.129473	3.717598	-19.089905	-2.080892	-11.722315
1230	4	3.770787	-10.718284	-5.614530	4.442962	-10.326197	3.825916	-8.933762	-0.112026	-0.982311	-13.731353	-5.271567	-11.361642	-9.941504	7.483196	3.601962	-14.903346	5.321516	-11.361642	9.391302	0.833164	3.027990	3.609075	4.332846	3.825067
1241	4	-12.611172	-9.534371	-7.098977	-9.721109	-11.708128	-13.163318	-12.013876	7.732900	5.843252	-11.431998	6.310633	-13.163318	5.015816	-15.464055	-7.098977	5.546908	-11.708128	3.704892	5.571330	1.802892	5.843210	3.849436	6.271629	3.712970
1242	4	4.179127	-7.498922	-6.774800	4.710172	-13.041623	0.745239	-8.843345	0.155871	-3.709041	-6.640320	-10.994546	-11.984851	-9.042047	8.146444	5.962116	-10.950146	4.600336	-11.984873	4.384668	2.351994	5.949083	0.448432	4.571526	0.745368
1248	4	-8.802420	6.610838	7.514428	-10.654438	6.734782	-10.433255	-13.849969	-6.748762	-3.599697	-4.213403	-12.176524	-10.231221	-8.653636	0.191225	1.166613	-4.213429	-6.822990	-10.231231	1.552117	-0.262513	0.962813	4.987356	-7.373863	0.550153
1259	4	-11.377154	-9.465672	-3.757857	-7.005419	-7.306902	-15.384653	-6.057910	7.057520	4.888697	-8.901889	6.116258	-15.385435	-4.347026	0.192758	2.332393	-7.563040	-2.691205	-15.385358	5.378488	1.514586	4.886380	1.544957	5.824759	-4.370469
1260	4	-3.751187	-3.486894	-5.077960	-10.053446	-9.312025	-16.765055	-7.579478	8.218464	7.772633	-14.505595	7.327825	-16.765055	2.120678	-3.728655	-5.078021	-3.758005	-9.369101	-11.529822	2.508255	-4.242714	-5.078060	1.839625	-9.446023	-5.496919
1274	4	-12.002945	-10.406327	-3.721416	-8.757215	-12.308590	-10.665244	-9.800251	2.450720	1.921949	-9.492145	-7.413292	-10.665445	-10.542886	6.690064	8.218839	-15.023583	4.741960	-10.665559	4.641976	-16.215995	-3.721416	4.526687	-12.331101	4.444526
1286	4	-13.969290	-5.379238	-4.649868	-11.606232	-7.420045	-7.788160	-9.609911	9.372312	7.008190	-16.440866	7.004075	-7.788160	4.472565	-8.187339	-4.649868	7.224977	-7.425527	3.744896	8.831265	4.007413	7.008190	2.392533	7.004030	3.745149
1333	4	-12.791526	-9.449659	-3.500652	-13.031494	-12.208735	-13.123707	-10.534814	5.891319	7.857524	-16.097000	5.604377	-13.136475	-6.178751	2.443143	2.774596	-13.442522	-2.235924	-13.127289	4.708002	-14.663878	-3.500652	4.797491	-12.209117	3.860800
1358	4	-7.928824	-11.521678	-4.902814	-9.037999	-10.362822	-14.480427	-7.170756	7.098675	5.926482	-14.015719	5.092306	-14.507505	6.858150	2.022293	5.875627	2.620995	4.690162	0.989305	6.218632	-16.394792	-4.902836	7.660195	-10.367992	1.333893
1368	4	3.750902	-15.669725	-7.353388	-0.064456	-6.083466	-3.389489	-3.183410	-10.913283	-7.353377	-9.029521	-6.083466	-13.662966	3.808067	-15.671225	-7.353388	-0.037419	-6.083466	0.874049	-6.479911	4.898224	5.649797	-12.461833	7.039025	-14.535928
1371	4	-15.820357	6.056085	6.895635	-15.437404	6.307561	-11.178355	-13.248254	-9.438810	-4.027435	-9.503671	-9.007104	-11.171966	5.944417	-14.792174	-4.112710	7.215224	-9.007104	4.084440	2.274806	5.610349	6.880479	1.115395	6.307559	3.733032
1379	4	-8.830391	6.777484	6.825497	-16.394044	6.343698	-12.538832	-12.053077	-6.058568	-2.221177	-10.778337	-6.390543	-12.743282	3.764276	-1.686431	5.238465	2.838754	3.663661	3.661971	5.008663	-12.314511	-3.105919	6.332087	-6.856989	3.714847
1392	4	6.089121	-12.814230	-1.385400	3.107347	3.965892	1.965186	-10.201458	-6.434071	-1.384775	-10.906556	4.000113	-13.623034	-9.214792	4.428387	5.045709	-16.377590	9.051574	-13.623034	-10.201472	-8.764766	-7.473184	-10.906553	-1.421292	-13.623034
1449	4	-10.531164	-7.840166	-3.394107	-4.914657	-8.789956	-14.425524	-10.361894	7.081496	6.941669	-9.337665	5.671865	-14.425525	-3.386341	2.345814	2.611833	-4.956611	-6.987166	-14.425524	6.351177	-11.727114	-3.394108	6.159575	-8.789956	2.755214
1477	4	-2.188877	7.735124	7.083773	-14.536198	6.956101	-14.367176	-5.734288	-7.356160	-4.933652	-9.797963	-10.968505	-14.430312	1.612338	3.520135	7.082439	-13.056207	6.951760	-10.234324	2.380282	-12.511067	-4.933652	4.140705	-10.978209	1.713668
1481	4	-7.934172	-12.123156	-4.409663	-6.623995	-6.964066	-13.879237	3.025954	3.175377	7.662027	-4.389362	6.676021	-8.480824	-3.458980	4.195161	7.662305	-11.521010	6.695592	-12.752641	5.795125	1.929799	7.652835	0.172984	6.562446	1.168109
1577	4	-1.178239	-9.710352	-4.047544	1.222037	-10.537119	-7.443502	-4.338591	-8.141494	-4.047544	-1.153712	-10.537119	-8.295407	7.460144	-14.631507	-4.047544	8.133533	-10.537119	1.888891	-6.805597	4.455242	7.356439	-12.737489	7.988344	-13.710604
1593	4	-12.307179	-7.924994	-7.073064	-9.658172	-5.392494	-12.186995	-9.114155	5.342604	4.197471	-12.891175	7.001841	-12.170206	4.183652	-11.150136	-7.073064	4.467836	-5.392494	3.600459	6.994987	0.861404	4.195126	1.329447	6.552334	3.808779
1606	4	-9.563860	3.669357	5.882126	-15.784498	4.867749	-13.683135	-7.126298	-13.393213	-3.046625	-10.790738	-11.393546	-13.607955	2.878684	-14.612270	-3.046625	1.032477	-11.393546	-3.558490	8.937886	-14.612484	-3.046625	6.645244	-11.393546	3.603725
1622	4	3.166784	7.798291	4.829149	2.027466	6.631591	-3.734829	-7.248685	8.142177	4.829149	-8.022097	6.631636	-12.962865	7.409546	7.750837	4.829148	6.594693	6.631583	2.737097	-12.795145	-4.849466	-4.019817	-6.870663	-11.704720	-13.053332
1637	4	-6.739520	-6.262280	-2.278059	-10.997830	-7.887410	-15.715562	1.077796	4.482841	3.281469	-8.657809	-3.006544	-9.126566	-10.519436	8.665953	8.829264	-14.146367	6.363194	-16.055836	-5.423698	5.019558	3.281469	-11.009895	-3.006544	-15.686695
1643	4	-6.713065	-11.969951	-6.293431	-9.613022	-8.022694	-16.402072	5.707760	-18.327778	-6.293433	2.305765	-8.022694	-3.698296	-8.269685	6.364485	3.388999	-12.050407	6.236128	-16.402379	5.948872	-18.327779	-6.293433	3.808677	-8.022694	2.138147
1648	4	-12.191663	-9.881115	-6.409497	-8.487588	-6.817248	-14.242617	-10.760994	6.045652	4.974307	-12.359531	3.601376	-14.242617	4.009015	0.843371	3.927005	3.132341	2.895355	2.409650	2.710708	-14.843060	-6.461481	3.263854	-6.817248	2.409661
1649	4	3.158752	-17.311231	-6.277027	5.160738	-11.508703	-6.007800	4.680270	0.239171	4.090171	4.379420	5.575849	-5.965171	-9.142861	-11.236755	-6.238086	-6.034459	-11.508703	-17.445852	-8.136968	7.839628	5.070205	-10.559508	6.446158	-17.445516
1664	4	5.655873	-19.531547	-1.271661	4.822092	-8.840612	1.791342	3.433044	2.526884	4.852124	2.339474	6.088438	1.772371	-6.705471	4.931003	4.852795	-11.723388	6.347652	-12.667112	-4.585462	-14.459394	-1.271661	-9.246316	-8.836950	-12.667111
1685	4	-12.281385	9.428528	5.812868	-12.212454	8.769505	-9.745467	-10.710620	-6.243670	-3.629129	-10.429329	-7.934356	-9.744184	2.176868	8.522014	5.812867	4.808673	8.766636	3.945306	3.083303	-7.632045	-3.629166	6.648160	-8.225318	4.058977
1695	4	-12.884953	2.750609	5.793704	-9.296131	6.480594	-10.588473	-12.594741	-4.012497	-0.259873	-6.941534	-7.983901	-10.588465	4.096427	-9.901024	-0.260800	8.258549	-9.969895	4.416193	2.421704	-1.810557	4.526689	3.545030	5.609648	-1.809870
1718	4	4.882849	-11.518804	-6.534151	1.420963	-9.623842	-4.032619	-7.930317	5.992273	6.553800	-16.879298	8.491018	-10.680288	0.619814	-11.380037	-6.534099	-6.551672	-9.621013	-10.383587	-3.849281	-7.698418	-6.527388	-9.862574	-9.297273	-10.651418
1758	4	1.426174	-11.087074	-6.005206	-9.878805	-7.555695	-10.666482	-5.479446	6.718412	6.468761	-18.078519	6.537971	-11.124835	-3.307749	-9.108506	-6.005197	-15.147400	-7.555695	-11.121146	4.150052	-15.614479	-6.005206	2.268929	-7.555695	3.889335
1780	4	-11.543669	-7.947748	-1.780521	-9.243432	-8.033327	-10.346251	-5.284848	-7.973795	-1.780521	0.736635	-8.033347	1.645870	-8.805676	6.305602	6.468004	-13.572677	8.032296	-10.346251	5.291057	-12.396607	-1.780521	7.287456	-8.033883	4.249974
1796	4	-8.346854	-11.105234	-1.892600	-7.287594	-13.061702	-14.552591	-3.774057	-0.673471	3.112693	-7.416231	-6.733526	-14.544240	-3.856013	6.337252	3.286645	-7.468019	5.687250	-14.546647	5.011631	3.405911	3.286643	4.601463	5.685239	-3.379568
1814	4	-13.187251	-8.633083	-7.055958	-6.185225	-12.772775	-7.545526	4.242899	-11.702940	-7.055959	7.603733	-12.772776	3.928256	-3.030480	6.576208	4.429155	-0.606294	5.325933	-7.540302	-7.565904	-8.633084	-7.055958	0.364173	-12.772775	-7.290007
1815	4	-10.709141	-6.560787	-6.550975	-6.245502	-10.031584	-13.871328	-9.436293	6.200465	4.818181	-7.499702	5.161372	-13.871351	3.205733	-8.644871	-6.553520	7.323564	-10.733032	3.556608	5.192685	1.696383	4.528047	6.393078	4.922912	3.640510
1830	4	-10.131568	-12.865210	-3.526662	-10.891608	-13.977805	-11.435742	-1.781591	-12.878621	-3.526662	2.183820	-13.977805	1.927176	-11.235386	3.180477	6.205366	-14.433077	4.939341	-11.439635	4.592850	-17.078984	-3.526662	6.456103	-13.977841	2.273984
1844	4	0.286459	-14.806586	-5.809546	2.934935	-11.580036	-2.814605	-10.433491	-12.397654	-5.683619	-5.997670	-11.580036	-12.097889	5.262042	-18.521073	-5.838059	8.138666	-11.580036	3.570299	-8.694458	5.437453	6.134794	-8.214985	6.783896	-12.096383
1849	4	-6.383902	-8.537224	-4.793077	1.171059	-10.950630	-13.122961	-9.930871	-8.537224	-4.793077	-4.955410	-10.950630	-18.090612	-7.045558	8.166026	7.203378	-9.893011	5.167800	-18.090616	-6.182755	3.560536	5.408693	-9.888700	-0.497184	-18.090616
1885	4	2.970232	-15.142675	-3.029805	-4.189691	-8.742318	-7.789740	3.681727	-16.711211	-3.029805	1.670834	-8.742318	-3.113629	6.291041	-19.067052	-3.029805	7.915537	-8.742318	3.539821	2.797569	0.418938	4.264192	-5.247970	4.997968	-7.991982
1888	4	-10.693332	-7.315859	-4.920140	-8.750955	-9.192509	-8.115982	8.144805	3.699149	6.182751	2.420089	7.225509	4.114524	-8.369326	7.972908	6.185624	-13.295763	7.225514	-8.149545	5.901680	-10.416540	-4.920143	6.995718	-9.192509	4.428566
1890	4	-9.446190	5.347547	4.491269	-9.175722	6.193284	-15.238079	-13.269883	-9.896923	-7.556950	-8.363513	-7.535274	-15.238076	4.544458	-1.554471	2.586587	5.106303	5.682459	2.755328	3.494811	-13.347398	-7.630495	5.099785	-7.535350	2.732971
1894	4	-7.185960	7.144263	5.224939	-9.811160	6.953720	-11.537711	8.599229	1.656315	5.224919	5.669942	6.631921	3.396307	-10.651636	-7.353291	-2.029041	-8.268514	-9.770628	-11.643868	4.980004	-10.238635	-2.029041	7.212421	-10.017899	3.210605
1895	4	-10.053009	-12.217414	-6.937968	-10.686445	-10.090580	-15.644770	5.518067	-17.555303	-6.938241	4.432398	-10.119856	0.760544	-7.890024	-1.390292	2.849603	-10.768028	2.545187	-15.644752	-6.602215	3.994170	2.950794	-10.786461	3.926060	-15.644659
2043	4	-0.553519	6.842101	4.787686	-12.000443	7.325774	-14.386313	-6.446875	-6.902894	-6.996845	-10.325612	-7.521830	-18.024621	3.912241	-8.581484	-7.009264	2.101685	-7.696591	-6.967738	1.235424	-1.445268	-6.470689	-7.116998	-4.785819	-13.192367
2051	4	-10.515599	-11.107078	-4.338515	-13.579956	-9.306412	-11.114252	-5.103481	6.941432	4.360477	-16.714984	7.478386	-11.133712	5.039669	-17.949895	-4.343246	3.832331	-9.323742	2.669518	9.031980	0.306082	3.214116	2.357807	4.066313	2.602849
2063	4	-10.492332	2.405421	5.379445	-15.622182	0.580048	-13.743672	-12.406226	6.792144	7.379552	-16.839273	5.959494	-13.743672	-12.671760	-6.645787	-3.337991	-10.730092	-7.847848	-13.743672	-6.657900	0.267501	2.463071	-10.733005	-3.791277	-13.743672
2073	4	-9.527850	-9.371368	-1.648525	-1.596811	-9.286779	-12.833815	-8.224412	7.184320	6.163819	-3.430802	7.735760	-12.964129	3.856346	4.443446	6.163819	1.064530	7.643760	-2.149977	6.487545	4.403950	6.163819	6.402740	7.640856	3.088137
2089	4	-9.121239	-11.681256	-1.332199	-10.749228	-9.566392	-10.468587	-9.784747	7.415811	6.127638	-11.979585	6.926877	-10.468593	3.628462	-15.903608	-1.333099	6.334869	-9.566392	3.887361	2.789712	5.757055	6.114328	4.978392	6.926796	3.438190
2123	4	-6.685759	-8.367329	-6.099410	-9.195236	-11.911471	-10.463342	5.711090	-11.971340	-6.100596	6.430164	-11.911472	1.152238	-4.879142	7.249501	5.847784	-13.615038	5.443792	-10.463342	7.413578	2.371571	5.811503	2.031027	5.419863	1.151296
2146	4	-11.477754	-11.928291	-3.216536	-5.378983	-12.070343	-14.626242	-12.591420	5.879793	7.096222	-9.895543	6.594472	-14.640892	-7.235279	0.314528	2.208896	-5.624925	-8.932583	-14.390610	3.118391	-17.905195	-3.216536	6.175053	-12.070343	3.732823
2222	4	3.384039	-14.800762	-7.299745	1.545899	-11.282249	-4.389227	-6.930651	-10.252023	-7.279087	-5.223029	-11.282249	-11.993679	-6.912881	6.062434	3.247876	-5.230327	4.596702	-11.995808	-2.581553	-10.252023	-7.279087	1.228372	-11.282249	-9.861198
2248	4	7.233104	-17.230700	-4.812614	5.371803	-8.302025	-1.048632	-6.494704	-10.763050	-4.812605	-8.883243	-8.302024	-10.191093	-8.047130	6.747792	6.254778	-10.796397	7.400942	-10.193936	7.233861	-17.230700	-4.812614	6.363104	-8.302025	4.242309
2260	4	-10.865265	6.780679	6.435257	-14.357548	7.098503	-13.485891	-12.657101	-9.902916	-5.552880	-9.703344	-10.073477	-13.485891	4.731033	-12.896364	-5.600990	8.266895	-10.073878	2.611856	6.888685	2.321128	6.028009	3.670557	7.061265	2.611976
2286	4	0.474043	5.186583	4.811843	4.588478	6.841236	-6.346459	-3.309296	-6.457999	-6.425707	1.020380	-10.362268	-7.776545	-7.892800	5.507184	4.812685	-5.155748	6.841401	-13.629876	4.480014	-8.692705	-6.428059	6.763133	-10.362457	4.162865
2318	4	-7.380296	6.644195	7.630021	-14.359914	5.790344	-13.724191	3.470609	0.429736	7.239624	3.016609	5.741435	2.858612	2.935229	-8.142763	-3.896519	7.026235	-11.039284	2.861718	5.446013	-4.112604	1.936951	6.757963	3.118492	2.861718
2326	4	-5.166925	5.418581	7.729129	-14.902085	6.610927	-15.541360	-8.072384	-10.901007	-2.587672	-8.927828	-6.327250	-15.545150	-1.891859	0.260825	1.998610	-11.837944	-0.398639	-15.223191	2.054879	-0.340068	-0.145395	2.066510	-2.501129	-4.213161
2337	4	-13.123479	-8.473762	0.738674	-5.559679	-9.855977	-13.820459	-8.418523	7.991806	6.398537	-7.375060	6.399454	-13.816789	5.140091	-14.002599	0.738674	7.708707	-9.855977	2.815746	3.394089	2.797615	6.390072	0.759959	6.392045	-3.148781
2367	4	3.947615	-11.153640	-1.310340	5.567749	-11.114457	-4.359320	-2.388090	-9.446287	-1.310340	1.717453	-11.114457	-10.553765	-6.743301	6.637188	5.868219	-1.298194	6.616798	-14.309443	-6.756452	3.438305	5.662472	-1.298193	0.246838	-14.309443
2372	4	-11.569665	6.057380	6.290425	-14.323594	7.060269	-14.097734	-12.444797	-10.748602	-2.383335	-9.922083	-8.787549	-14.097734	4.509740	-15.316828	-2.383335	7.013930	-8.787549	3.497103	5.252584	1.421516	6.289840	2.625480	7.041886	3.497104
2375	4	-11.523856	-4.149338	-0.411712	-10.615669	-10.667345	-7.846402	6.851925	-7.840030	-0.550283	6.786730	-10.667578	4.591802	-9.083219	7.415961	7.520298	-14.820690	6.820987	-7.846407	9.450374	3.833908	7.510636	2.572266	6.820675	4.591772
2379	4	-8.093351	4.844881	7.410083	-10.138321	7.136024	-11.423453	-9.996574	-7.267452	-2.082427	-5.576802	-9.070298	-11.423449	-4.905764	-7.274759	-2.082824	2.795102	-9.070302	-6.330027	5.417180	1.970919	7.403879	2.664062	6.881124	4.243559
2404	4	-14.830130	-2.478817	-7.829514	-6.666647	-8.648007	-7.531334	4.243992	5.278378	4.018393	6.236897	7.000596	2.338891	-12.802213	9.777938	4.020627	-7.298712	7.003583	-7.531334	2.114316	-3.401848	-8.473917	5.724140	-9.555251	2.337442
2416	4	-12.787129	6.686165	6.558860	-12.012416	5.788988	-15.718028	-15.355839	-6.066918	-5.358601	-4.873484	-5.211253	-15.717060	-9.830805	0.434773	0.062215	-4.809119	-2.281447	-15.716922	5.223934	3.202316	6.558860	2.073739	5.788986	2.055360
2452	4	-4.648702	3.058421	2.254899	-11.993222	-2.329113	-4.988955	3.226139	-12.334098	-3.556174	5.909301	-8.929180	2.184733	-7.446866	7.558387	7.928305	-16.300852	7.411078	-4.989233	-9.397285	-8.675668	-3.448091	-10.897853	-8.929180	-4.988705
2487	4	-7.632612	-11.557541	-9.070034	-9.016822	-6.448285	-15.480475	0.109112	5.038148	3.676007	1.317438	6.566892	-7.888752	-4.436540	5.143407	3.676294	-7.657890	6.567171	-14.878037	2.417700	0.994334	3.173497	3.707250	5.148309	-4.658372
2516	4	5.906033	-14.427786	-6.321802	6.302424	-8.388741	2.262372	-6.946063	-8.068587	-6.320336	-6.262023	-8.388741	-12.296436	7.428076	0.253788	4.709000	5.158025	6.838081	2.262369	-9.049676	6.745915	5.654857	-8.004914	6.852395	-12.296437
2524	4	-4.360315	2.551885	2.035757	-6.369131	-5.404569	-16.803311	-9.760505	-7.958608	-3.816938	-6.382506	-11.838229	-16.827597	1.726897	0.070460	1.130952	2.753555	-7.616298	-5.914638	-9.687219	7.367235	8.428153	-12.384783	7.560231	-16.827596
2535	4	-9.741517	6.842061	8.174561	-11.298495	9.161570	-13.239915	-8.469277	-5.126888	-1.068171	0.614367	-5.457099	-9.497978	6.351674	4.296380	8.168520	2.486704	9.161563	3.712011	3.925514	-7.681739	-1.108863	8.234731	-5.457102	3.715737
2555	4	4.081602	-11.806678	-5.252779	2.810065	-7.178287	-4.905486	2.940680	-11.801737	-5.252779	-2.396806	-7.178270	-7.757411	-3.385439	-4.247265	-5.252283	-7.817804	-6.505140	-16.569687	-3.051211	7.408736	5.473267	-12.043696	8.438431	-16.766195
2569	4	0.847952	-13.289285	-1.885893	3.684691	-12.336706	-8.843087	3.874238	-18.350325	-1.885893	6.312495	-12.342944	0.205176	-8.702518	-12.739059	-1.885893	-4.051897	-12.333730	-17.768127	-10.081105	2.382164	7.695309	-5.431192	4.470522	-18.000761
2575	4	3.146171	-14.211119	-2.770300	2.906593	-11.547133	-2.651541	2.228896	5.284582	7.943919	-5.004436	5.725083	-9.368127	4.713537	-15.297156	-2.770300	7.961321	-11.547133	3.166798	5.268558	2.088584	7.943881	4.579432	5.721342	3.165115
2577	4	-8.420322	-9.605279	-6.283875	-12.336554	-11.771446	-11.631778	-6.963849	5.854240	6.114954	-15.206903	5.289107	-11.631778	5.891499	-14.164381	-6.283886	6.631419	-11.771446	4.606616	7.243461	0.808835	6.109734	3.757977	5.289004	4.605647
2590	4	0.924779	7.710212	5.495168	-10.471558	6.363324	-7.092506	-4.946420	7.716722	5.495196	-13.236406	6.363324	-7.390710	6.342160	-12.127493	-3.368615	5.282847	-9.796544	0.546829	-6.207518	-8.973697	-3.123146	-9.053102	-9.733428	-7.390801
2599	4	-10.161774	-10.949427	-4.553592	-9.952362	-10.945167	-13.157298	-12.300373	7.041558	7.118267	-14.322105	5.308080	-13.157302	7.135095	-17.228744	-4.553592	7.209028	-10.945167	3.792551	5.161967	0.813355	6.814620	3.003592	5.225483	3.776740
2602	4	-8.005195	-3.217086	0.444760	-8.046822	-6.025500	-13.970976	-3.914749	1.991629	2.457289	-8.258155	-2.120903	-13.966782	-5.906878	5.712569	4.718688	-9.000886	5.407655	-13.970886	6.307952	-9.163988	-3.562642	7.138755	-9.715947	2.963466
2667	4	-4.536911	0.539510	0.462045	-9.241864	-7.038263	-11.663445	-7.143591	-11.313096	-4.613220	-9.741667	-9.336074	-11.966544	-7.946733	7.117705	6.542002	-16.250549	4.105157	-11.995530	5.689308	-16.671278	-4.613220	7.951739	-9.338527	4.144059
2672	4	-8.013006	-8.242766	-1.723904	-0.120182	-8.704099	-9.429364	4.556920	6.400117	3.945918	1.058777	0.856293	-3.536790	-8.416980	6.518049	7.397828	-8.343254	7.703777	-13.592478	-7.459462	6.424045	3.945918	-3.927149	0.856293	-13.469137
2677	4	5.880209	-11.991925	-0.074958	6.036381	-6.617127	3.633402	7.864446	3.783972	9.187479	3.396635	7.400230	3.617485	-9.782112	7.115728	9.189306	-13.261938	7.400248	-4.903806	-11.766869	-7.155614	-0.063794	-10.627361	-6.608528	-4.903806
2680	4	-12.467837	-12.223155	-3.461611	-7.973416	-8.976947	-10.939525	5.245592	3.006807	7.712682	0.178774	6.245958	2.588862	-12.134637	5.751787	7.715177	-14.587428	6.245958	-12.277720	4.810134	-14.943447	-3.461611	6.750502	-8.976947	2.552361
2746	4	-5.873321	-10.822966	-3.519520	-10.978513	-12.055645	-13.972513	-7.835917	6.983173	4.991040	-15.309287	5.746976	-14.083626	7.129398	-14.867119	-3.519520	6.307330	-12.055645	3.330440	5.097858	3.041722	4.990578	1.885668	5.746299	3.124300
2784	4	-9.330090	7.330002	6.516328	-8.853760	6.231093	-15.718944	-11.552900	-9.057755	-5.974948	-6.171870	-7.988456	-15.719092	4.998644	-13.573981	-5.975014	6.939651	-7.988456	2.003745	6.773221	1.479379	6.515792	4.258442	6.110430	2.006810
2805	4	2.164776	-0.270173	-0.974896	5.438206	-9.735416	1.147897	-3.424131	1.169801	0.218041	-6.420903	-5.803574	-6.093428	4.720734	1.452670	5.243839	2.871899	5.916572	2.385155	-7.921981	7.651749	5.308470	-10.728457	6.019560	-7.056449
2819	4	-9.371587	9.369006	6.761749	-10.230872	9.256291	-12.177208	-7.222031	2.899932	0.857374	-4.188962	-1.633305	-12.175930	4.061969	-7.009077	-5.515226	7.768130	-7.029343	3.727362	7.341466	3.185713	6.761610	1.345660	9.256283	3.757851
2832	4	-9.262595	-9.067995	-7.741458	-5.067015	-9.579291	-9.864697	-8.244749	6.557286	5.377313	-6.820510	8.997935	-9.864697	2.742735	-11.476032	-7.741458	2.966171	-9.579292	-1.650196	3.597601	2.111103	5.376711	1.204669	8.986068	-0.908972
2874	4	-11.942264	-14.595312	-1.230397	-7.770538	-7.145863	-13.929554	-9.428847	3.058784	5.463060	-10.794202	6.750981	-13.929554	3.306143	-16.214784	-1.230397	8.695921	-7.145863	4.450701	4.877787	0.137655	4.579390	8.173220	4.651097	4.655533
2886	4	4.549159	-16.984482	-3.555437	3.826184	-12.157983	-2.681137	-6.713286	4.474572	5.415488	-12.998539	-0.666875	-13.655901	-10.823017	-12.843527	-3.549283	-11.571067	-12.156405	-13.656346	-10.049871	4.498245	8.172262	-14.869103	5.194413	-13.656346
2895	4	-12.150112	7.341427	5.282875	-12.129336	6.453979	-13.978301	-10.613027	-5.512243	-6.880664	-8.691217	-4.310980	-13.978301	4.929673	1.907255	5.280907	5.374648	6.453979	2.465955	6.461021	-11.931025	-6.880777	8.808536	-4.314274	2.465977
2923	4	-13.687164	-7.302298	-1.459171	-7.069911	-10.946819	-8.476688	-9.544563	6.990582	4.260479	-8.177766	6.381858	-8.478444	-8.437885	0.823729	3.424612	-8.174633	-2.995148	-8.478442	6.656289	0.408197	4.199584	4.459794	4.822814	2.703600
2930	4	-7.772450	7.710629	5.787593	-14.285088	7.879958	-12.516455	-8.882549	-9.895540	-4.302738	-11.037088	-4.334713	-12.517440	6.036497	-13.733396	-4.302738	7.349132	-4.334714	3.773552	7.163632	3.833122	5.786738	4.101522	7.879922	3.773827
2979	4	-11.728884	6.977201	6.037054	-10.569571	7.029195	-11.598443	3.408599	-16.327559	-6.709879	4.469543	-4.914018	-1.015560	-9.058332	-10.350427	-6.709879	-5.208512	-4.914018	-11.442924	8.557950	-16.328428	-6.709879	6.863104	-4.914018	2.397951
2991	4	-11.033226	-5.855625	0.711517	-9.731338	2.852623	-19.588926	-11.033854	-11.318201	-5.442096	-9.731329	-6.774962	-19.588926	-11.033888	-11.316148	0.690526	-9.731338	-1.265409	-19.588926	-13.930202	7.277496	6.468124	-9.928942	8.695242	-19.589311
3022	4	-14.044494	7.226254	7.577453	-10.833504	6.294215	-13.099276	-15.385914	-10.085060	-3.649976	-6.307312	-9.539026	-13.099276	4.086584	-13.788098	-3.695704	6.951034	-9.539026	4.622766	5.157372	1.968773	7.249745	2.420892	6.291606	4.638251
3035	4	-3.811563	-7.483059	-9.051276	-8.976784	-5.293838	-13.005073	0.739420	-11.461791	-9.053414	-7.168245	-5.293838	-9.316091	7.254027	-12.243510	-9.053420	7.306877	-5.293838	2.347812	-3.076542	2.573204	2.231709	-9.357742	3.865516	-12.972941
3046	4	-4.943983	6.302923	5.173849	-12.584459	5.906346	-10.219037	-7.004839	-11.477991	-5.673929	-8.097865	-7.569443	-10.200866	3.155428	-14.026149	-5.674003	6.544208	-7.573046	3.708625	5.123005	2.256306	5.153566	2.570264	5.674091	3.480682
3120	4	-9.990845	-10.982003	-5.159523	-8.775286	-8.871584	-14.634721	-12.436034	7.428559	5.738457	-13.033012	7.676787	-14.634721	4.862475	3.408321	5.738119	2.332130	7.675073	3.169257	7.497429	-14.939694	-5.159523	6.694329	-8.871584	3.215707
3176	4	-10.906363	-6.270972	-7.187692	-7.151958	-5.021080	-14.608435	-0.663648	8.380367	4.228263	0.152447	7.396430	-11.625156	2.763911	7.088845	4.228117	2.048689	7.396140	-6.196807	-6.300977	8.399204	4.228263	-9.178480	7.396432	-14.687040
3182	4	-10.006369	-8.066192	-6.313497	-7.607900	-8.235722	-13.134278	2.657282	-9.719593	-6.313497	3.554661	-8.235728	1.497712	1.036188	-8.369862	-6.313497	2.850780	-8.235725	-3.052023	-11.645707	4.180359	6.483948	-13.733909	5.989915	-13.135160
3221	4	8.621017	1.031881	6.061199	3.445847	7.867104	3.242509	-5.032671	-11.016965	-3.605840	-0.433753	-6.030287	-13.277585	-5.553129	6.599290	6.919509	-11.994960	8.846523	-15.214268	5.537341	-16.115398	-3.640314	8.376183	-6.046179	3.216019
3227	4	-10.483759	7.227895	6.312942	-13.705479	6.239387	-13.377801	-7.472357	-9.103485	-4.664436	-6.091806	-10.331151	-13.377801	-7.898424	0.084928	4.647630	-8.942958	-0.297561	-13.377801	6.496443	-10.698928	-4.667698	6.831876	-10.369073	4.024981
3229	4	-10.802074	-7.572285	-4.260916	-6.284772	-6.551107	-9.491740	-10.369841	7.427245	6.777655	-11.336190	6.886112	-9.492085	4.676128	2.824085	6.728918	3.390521	6.854771	2.986054	4.321183	-12.057873	-4.978129	8.453035	-6.551108	3.015030
3248	4	-10.628939	-9.762910	-2.558310	-12.070528	-8.105278	-15.245363	-11.561723	5.046295	8.044424	-16.299697	6.563550	-15.263513	5.259637	-11.906976	3.899820	3.667958	0.953190	2.071618	7.198044	-16.399881	-2.558414	4.987544	-8.125922	2.103710
3256	4	-9.653649	-1.160863	-1.996359	-8.803719	-6.767808	-12.338499	-11.911329	7.298743	4.980889	-12.104639	7.691290	-12.338529	4.492985	5.026752	4.980681	1.330649	7.686830	2.889864	5.679039	-5.203290	-5.102110	4.666013	-8.948918	2.895544
3268	4	-8.565847	7.217143	9.455401	-14.166731	5.899929	-14.039676	-5.111740	-2.290473	-1.531216	-8.192133	-7.691418	-14.039676	-8.566635	7.111395	9.439621	-14.166398	-0.269741	-14.039676	-2.959283	2.559290	3.084672	-7.215565	-5.885404	-14.039675
3356	4	-7.909435	-9.176096	-1.008742	-5.679397	-6.835389	-15.063513	-8.007747	7.982915	8.341544	-10.063752	6.013142	-15.063582	5.182932	-14.396627	-1.008742	9.296833	-6.835389	2.166190	5.056028	2.785379	8.341404	4.939900	6.012004	2.165235
3360	4	-4.492035	5.344102	6.442368	-13.424275	6.371523	-11.082725	8.623973	-14.846209	-2.792687	4.592202	-12.671718	2.583642	-2.575241	-9.771938	-2.792659	-9.863253	-12.542836	-9.560645	4.567572	0.237890	5.159244	1.990259	5.694809	2.582438
3368	4	-4.323303	-9.211913	-3.083075	0.527497	-10.314008	-10.287789	-12.005164	4.540321	7.443889	-8.556201	5.972972	-14.492682	-8.836915	-9.211746	-3.083075	-4.892297	-10.314008	-14.492671	6.270393	-14.358954	-3.083158	7.266391	-10.314008	0.863875
3423	4	-9.396128	0.283766	0.451279	-7.466273	-5.153292	-15.774303	-14.086993	9.415718	6.611835	-9.652681	7.404141	-15.774305	-14.146586	-8.993631	-5.643172	-7.378236	-10.048853	-15.774305	2.215834	-0.143271	0.368457	2.023760	-5.761485	-6.039829
3427	4	-10.350525	7.362403	6.325779	-13.071648	6.539615	-9.080193	2.486899	-10.608520	-4.112100	3.992791	-9.378638	0.857033	-4.965260	3.789563	1.840643	-7.608833	-3.117419	-9.080191	-9.729717	-4.621022	-4.112091	-8.217834	-9.378500	-9.080193
3431	4	-14.142969	-7.767510	-3.157093	-9.439960	-10.084450	-15.012719	-10.510675	6.956593	7.141513	-12.240211	5.484355	-15.012719	-8.108734	2.776394	1.614985	-9.619880	-0.306310	-15.012719	2.894495	0.812794	1.051726	2.478085	-0.811836	-5.524518
3439	4	-3.308037	-12.700574	-8.132310	-9.348554	-10.490251	-8.638157	9.841117	-15.668035	-8.132520	6.718102	-10.520551	4.220031	5.398968	-14.769233	-8.132494	1.622616	-10.516674	-0.441807	-2.356876	2.476629	4.288599	-11.046798	7.144863	-8.638004
3443	4	-10.266537	5.876710	7.156386	-12.420868	7.312190	-15.572073	3.124936	-12.283356	-3.540070	6.411596	-6.873186	0.802378	-3.987888	-4.469148	-3.479113	-8.884598	-6.873064	-15.482739	3.966102	0.914878	6.557328	2.844853	7.269491	0.493405
3450	4	-0.234823	7.509789	6.932182	-13.339557	6.424359	-12.805839	-10.752800	-7.567019	-1.988255	-8.300908	-6.668103	-12.805184	3.247459	-12.740596	-1.988255	6.583583	-6.668103	2.465824	-6.671912	7.516324	6.932182	-13.394237	6.424359	-12.807067
3481	4	-3.319865	-8.723389	-5.778624	-10.607180	-11.272292	-12.564353	3.561717	-10.459779	-5.778632	3.186836	-11.272293	-0.403955	-4.569003	7.360793	6.375748	-16.815712	4.820781	-12.564359	7.405818	-13.074464	-5.778632	6.644188	-11.272293	3.563898
3492	4	-13.690147	-13.814128	-0.257524	-9.772348	-6.393667	-16.218147	-13.301338	3.160166	7.204347	-15.042823	6.669305	-16.217588	1.667401	-3.400297	4.730875	4.660673	5.383373	1.845338	3.261719	-20.102108	-0.270106	7.245144	-6.434268	2.508917
3513	4	-11.236099	9.064729	7.938013	-15.648800	9.281486	-12.393446	-9.445761	-8.581169	-1.961045	-10.559777	-4.718294	-12.365749	8.502016	-13.376650	-1.961045	7.822874	-4.718294	2.955593	6.697124	5.368866	7.938005	2.715714	9.281486	2.939844
3528	4	-8.778531	-6.592305	-4.508117	-11.821310	-11.160356	-14.269116	3.460588	-12.755306	-4.508119	0.834728	-11.160612	-0.397919	-8.328215	4.617101	5.482506	-15.526986	0.527467	-14.269183	-9.381249	7.783259	6.855471	-18.390506	6.441353	-14.269183
3579	4	-3.140498	-10.025479	-6.212766	3.026841	-8.698675	-8.839276	6.655976	-14.036198	-6.212824	5.955317	-8.699057	3.355102	-12.723158	8.609435	6.063167	-12.954234	5.792324	-11.627376	-9.328960	-10.025479	-6.212766	-7.289094	-8.698675	-11.593601
3602	4	-8.005450	-7.546361	-2.873127	-10.898999	-9.560757	-15.427668	-9.781559	7.631779	6.894120	-15.905833	6.633725	-15.427668	-9.787809	3.324955	2.762521	-11.644675	0.269626	-15.427668	7.233011	-10.302346	-2.905881	6.201671	-9.968280	2.460000
3616	4	-2.909884	5.897453	1.298932	-8.744097	-6.572409	-15.731100	-8.540684	7.201366	6.589878	-11.323607	3.926508	-15.731208	-7.259331	-4.313760	-5.074103	-8.496638	-10.085954	-15.731208	-6.451764	6.441078	4.005622	-9.631921	-0.617460	-15.731208
3656	4	4.392794	-14.990597	-4.281037	1.863893	-11.307352	-3.432860	-1.602962	3.486893	7.635342	-7.382806	7.294998	-15.237573	-5.115406	-9.287149	-4.281037	-6.292495	-11.307352	-13.943637	1.887624	3.212166	7.633756	-4.593406	7.294954	-3.837596
3664	4	-11.560433	-11.567867	-4.163229	-11.933286	-10.752336	-17.352390	-10.270717	5.344038	7.515292	-15.590776	5.815797	-17.289347	5.242611	-18.016777	-4.163234	7.399157	-10.752337	1.658902	-2.221967	-11.567867	-4.163229	2.546024	-10.752336	-0.064015
3670	4	-1.423251	3.506742	-3.632826	-3.570635	-4.438159	-12.407708	-1.778174	7.143556	2.821484	-4.358825	4.554144	-12.658801	5.673693	-6.715373	-9.899354	6.882267	-10.963309	2.463118	3.009877	-6.699292	-9.899287	3.208972	-10.963308	-4.180051
3683	4	-8.899558	7.648455	5.536140	-9.703493	9.510136	-14.822109	-11.336497	-6.979773	-4.770293	-7.567758	-5.045405	-14.822092	6.525333	1.293297	5.441939	3.426113	9.209884	2.888990	3.903758	-12.882367	-4.770301	5.506345	-5.045407	2.869327
3707	4	2.924665	-14.678329	-8.151430	-0.727727	-7.837270	-6.528572	4.060997	1.281070	4.047752	-0.807127	7.241008	-6.483042	-5.412070	-12.983126	-8.151430	-10.860550	-7.837270	-15.103447	-4.330548	4.311179	4.091332	-10.936675	7.375029	-15.097992
3726	4	-10.916174	-6.336285	-2.476334	-12.622870	-10.549197	-11.042806	-13.664856	2.380007	5.138148	-16.603591	-1.587137	-11.042806	-8.788845	2.105385	2.179373	-12.623107	-4.533743	-11.042806	-13.724308	8.386726	5.562325	-17.168196	4.236162	-11.042806
3764	4	-4.851532	4.235558	4.456648	-13.240810	6.196662	-13.630911	-10.389334	-13.176026	-4.288031	-12.836873	-2.370224	-13.630911	10.291544	3.552847	4.427617	4.145312	6.173336	3.741584	4.709003	-13.876421	-4.289963	4.509008	-2.370224	3.736305
3797	4	-8.101044	6.717509	3.712395	-11.644170	5.112487	-13.401496	-12.882601	-5.484260	-4.815200	-11.276292	-10.095994	-13.398185	8.815435	-0.182638	3.124051	5.151207	4.731194	3.491125	3.770629	-11.102400	-5.573955	5.323377	-11.904050	3.314815
3824	4	-7.358240	4.016271	4.458076	-8.031319	-0.678509	-13.584469	-11.421734	-11.487523	-1.002830	-7.616424	-7.727800	-13.584469	-9.059294	4.582190	6.870797	-8.547788	5.349958	-13.584469	2.537384	-0.405194	3.316382	3.108458	-0.894686	-4.941944
3830	4	-12.883213	4.188317	7.955780	-7.920543	9.111625	-12.148874	-10.608468	-14.502282	-2.643412	-2.505234	-7.127972	-9.518531	-8.166308	-14.502282	-2.643412	2.991633	-7.127972	-6.593231	4.408512	-19.732372	-2.643901	7.956578	-7.131776	-1.066706
3832	4	3.482638	4.586011	5.613030	4.472029	4.264404	3.199155	-5.689949	-9.015692	-5.902552	-9.589964	-10.623596	-9.672574	-8.726019	6.731947	5.634079	-14.330257	4.264407	-11.486957	6.693502	-13.576556	-6.097949	9.250479	-10.623596	3.335678
3835	4	-4.384747	-7.651358	-2.540802	-8.795790	-8.609310	-14.670994	2.861786	-14.119372	-2.540972	3.988860	-8.609310	-2.958802	5.493435	-14.142857	-2.540972	7.101178	-8.609310	2.045470	-4.853462	7.710577	6.302521	-11.878389	5.099195	-14.671065
3895	4	-7.071050	8.042289	5.672697	-9.923295	7.228030	-14.057000	-8.691364	-8.110508	-4.152715	-5.517072	-11.384834	-13.669577	5.538452	-14.002950	-4.152715	7.381374	-11.660980	1.813087	6.668942	2.082438	5.658910	2.953703	6.881931	1.619261
3974	4	-5.509202	-6.097081	-6.483249	-8.675860	-9.021594	-14.508125	-4.695665	7.188673	6.253232	-14.521089	6.451699	-14.412661	-0.501197	-6.630344	-6.483567	1.987922	-9.021594	-5.174012	3.618699	-9.150437	-6.483723	2.055931	-9.021594	-3.802013
3995	4	4.284648	-14.486649	-3.896237	6.421208	-11.936869	1.905421	-0.323918	7.770152	6.042476	-10.706478	5.694590	-12.261173	4.954882	3.057049	6.042272	2.893610	5.694562	1.895068	-1.000613	-9.731413	-3.896237	-7.210126	-11.936869	-13.626716
4003	4	8.624607	4.304986	6.736457	1.308009	6.442043	3.157372	-0.896186	6.933434	6.738854	-15.918255	6.515203	-9.122649	-6.674049	-5.091827	-2.576161	-10.321912	-0.909262	-11.141914	6.836145	-8.602483	-2.870978	7.007253	-2.049334	3.160445
4049	4	-8.231802	-11.860162	-3.442522	-12.133255	-3.363424	-16.100509	-11.788374	4.959088	7.382623	-16.609915	6.739893	-16.100509	-10.310838	3.052771	5.251479	-14.119691	0.160381	-16.100509	-8.229843	-5.911863	0.735788	-12.142194	3.356554	-16.100509
4112	4	-9.751183	-4.808904	-3.585546	-7.548144	-7.677949	-12.903201	-9.914457	6.585564	5.287323	-13.384951	7.817080	-12.903254	3.939814	-7.432407	-6.522297	7.853388	-8.583838	2.292634	5.020602	3.299459	5.287323	1.912441	7.667628	2.290689
4116	4	-8.113486	5.394412	5.980420	-11.460278	6.062847	-14.385097	-9.568457	-13.077117	-5.239188	-7.534009	-12.713453	-14.222489	4.049741	-15.031200	-5.239188	8.076509	-12.713453	2.013123	5.673438	2.180411	5.914350	4.266586	6.062486	2.133527
4122	4	-7.553393	6.197210	4.332610	-11.407218	8.267523	-11.203377	5.140059	-15.898371	-3.301828	6.385793	-7.919570	2.508515	-8.301959	-9.982683	-3.285470	-9.936383	-7.919570	-11.203377	5.233593	-0.184586	3.493180	6.242382	4.998544	2.508514
4135	4	-8.681291	7.799758	8.223893	-14.137497	8.166413	-10.831912	4.042015	1.697447	7.925811	1.645116	8.093408	2.150742	-6.050384	-9.101598	-3.675845	-8.300129	-5.082402	-10.830315	6.775502	-15.277366	-3.878675	7.612766	-5.082403	2.244446
4175	4	-7.026457	-5.387963	-4.846130	-5.152796	-10.067196	-8.725006	-9.301489	7.744772	7.400324	-11.241548	5.920466	-11.069773	-4.140762	-5.387964	-4.846130	1.590102	-10.067196	-5.012903	5.564139	-11.247870	-4.846130	7.264618	-10.068949	2.683217
4192	4	-4.335239	8.411177	9.168878	-16.005741	7.268047	-14.457062	4.902430	-2.342490	-2.718492	4.829419	-4.981847	2.439758	6.988127	4.583875	9.161957	0.537030	7.265998	2.440006	4.398276	-1.703429	-1.913586	-0.116629	-4.899953	-1.756116
4252	4	1.429657	-9.996074	-7.133901	3.929707	-5.017700	-4.644398	-8.837957	-9.948689	-7.133901	-6.422435	-5.017700	-15.087490	-5.591666	6.825308	5.164924	-9.197742	7.220810	-14.571209	4.719948	0.913741	5.139135	2.170766	6.391363	-3.627288
4276	4	-6.038394	-8.856667	-4.385910	-6.212341	-6.502434	-10.757368	-1.753554	6.855526	5.921885	-11.794502	6.985882	-10.757221	4.315650	-12.949326	-4.388766	5.373656	-6.576764	3.455714	4.618381	2.317452	5.879066	-6.894128	6.718413	-7.282411
4288	4	-8.612721	7.393217	3.814659	-16.434825	7.704632	-13.700881	-9.608844	-2.286769	-6.167732	-11.331583	-5.068769	-13.700765	-8.135058	1.927660	-2.620252	-11.331717	-2.315974	-13.700765	8.807330	-7.981291	-7.567745	1.101576	-5.199387	1.294164
4310	4	-15.845217	-6.213263	-2.550025	-12.291323	-11.774364	-14.369713	-11.528318	6.493306	6.895404	-14.585030	5.551563	-14.369716	1.787101	-6.634094	-2.550241	3.719240	-11.776894	4.580305	5.052073	0.347288	6.779492	0.643923	5.519974	4.058473
4317	4	-6.430920	-5.515108	-4.487085	-9.880648	-11.586227	-21.816936	1.967324	4.290958	5.611858	-10.782656	6.003786	-18.683385	-3.778821	6.906706	5.620183	-14.509751	6.004014	-21.817011	5.222783	-10.729710	-4.493479	0.791850	-11.586227	-9.814114
4339	4	-13.545973	-9.447100	-3.804843	-10.555339	-8.965651	-9.412756	-13.830467	6.969879	6.565696	-13.744329	6.025317	-9.412756	2.752368	-13.569227	-3.805160	5.555916	-8.965822	3.538838	-3.446744	-9.447101	-3.804843	1.922534	-8.965651	3.146554
4351	4	-11.164700	6.813520	8.377640	-10.922676	6.020215	-8.231635	-10.711438	-7.729593	-1.123554	-4.634811	-10.159393	-8.231630	3.922048	-12.047891	-1.124358	8.773094	-10.159394	4.100022	3.256468	3.748628	8.367343	2.365815	6.020215	4.028061
4352	4	3.030147	-2.067679	-4.951652	-0.861236	-11.115869	-9.320864	-3.690790	0.654935	-0.461571	-7.128708	-5.084966	-18.315443	-4.628552	6.250721	4.672346	-8.443547	0.845827	-18.837185	-6.392418	8.176275	5.370831	-9.866476	5.638889	-18.943836
4370	4	-8.437867	7.472974	8.046138	-20.141421	3.471643	-15.690557	-10.535048	-6.350271	-0.884132	-13.596737	-12.880059	-15.685412	-5.504336	1.086440	5.086145	-20.125423	-2.411527	-15.690557	4.901151	-12.076170	-1.367377	5.308148	-12.883530	3.075267
4402	4	-10.607434	-4.614573	-4.760502	-1.975504	-7.674081	-19.972084	-4.394695	5.716572	1.282648	-2.488715	-1.221233	-19.966390	-13.042233	8.406212	7.087537	-6.608489	8.077610	-19.973458	3.463580	1.593944	0.994032	4.808814	-1.350007	-7.710946
4408	4	3.759939	-16.080859	-4.319720	7.202599	-11.799821	3.516181	-9.279296	3.930698	4.351823	-11.993963	6.437080	-9.138033	-9.091230	-11.740741	-4.319720	-11.310574	-11.799821	-9.138033	-3.653075	1.651435	1.181083	-9.281062	-1.886950	-9.138032
4458	4	-9.100751	9.353224	3.800753	-13.933927	4.389973	-15.226700	3.669317	-5.034061	-7.752775	2.162062	-10.118517	-3.603286	-7.960283	-2.411323	-5.431026	-10.151948	-8.117716	-15.226700	7.873709	-8.381269	-7.779238	6.823341	-11.421844	1.623771
4475	4	4.572706	-11.575656	-5.230308	5.649364	-6.431158	0.091877	-13.071472	-8.906357	-5.146640	-5.002674	-6.427855	-14.802959	-7.869196	5.892636	5.739978	-8.827018	5.792369	-14.383127	9.655642	3.208698	5.647013	2.938757	5.763094	0.127861
4519	4	-11.481042	-6.840824	-3.373527	-10.775650	-11.721011	-8.311448	5.502188	-11.488982	-3.673957	5.326323	-11.721011	4.370033	1.699863	5.521579	6.521861	-3.622906	5.879033	3.290762	-9.148507	5.909938	6.528278	-13.096468	5.879044	-8.311671
4523	4	3.693088	-13.920273	-3.572333	7.430111	-10.379371	4.285590	-13.544422	5.091730	6.949103	-11.010699	6.413037	-12.499485	-13.638109	-9.098975	-3.253914	-5.536522	-10.377445	-10.242928	4.444601	-0.086418	6.097091	2.612757	3.835365	4.198727
4586	4	-8.766935	7.413910	6.540280	-12.418474	6.850011	-13.621000	4.815677	2.168529	6.540196	2.716888	6.826675	3.658132	-9.747703	-10.535533	-2.538335	-10.552992	-10.977876	-13.656514	3.962187	-15.697804	-2.538335	4.581775	-10.977876	3.576219
4589	4	-14.295552	7.706200	7.660682	-16.272627	5.832779	-10.975425	-11.956276	-5.069030	-2.384386	-9.692049	-8.913403	-10.975417	-7.763687	2.173402	1.974670	-11.213284	-3.539181	-10.975425	5.004957	-10.201388	-2.384386	8.749153	-8.913404	3.385252
4595	4	-9.686808	-5.759183	-4.157792	3.358498	-14.555532	-6.876463	-7.336126	1.302266	2.308953	-2.974202	-8.884941	-12.798682	-3.836000	1.301701	2.308952	3.354646	-8.885559	-6.876333	-13.184841	-5.759183	-4.157792	-2.970347	-14.555532	-12.798469
4607	4	-9.156320	-7.856267	-2.081194	-8.409628	-7.250495	-12.570209	5.529352	-13.161436	-2.081270	5.913217	-7.624685	2.618605	-12.395393	7.385127	6.679727	-9.729884	6.541217	-12.571162	5.992874	-3.792839	3.994013	5.704494	3.081224	2.618671
4608	4	-8.026000	-3.640742	-2.684481	-6.951683	-12.751184	-15.137377	3.793406	-8.961029	-2.692543	4.119678	-12.752792	-3.056709	-11.745679	1.082196	3.607741	-7.808321	-8.131574	-15.137377	8.564798	-9.441647	-2.692543	8.368486	-12.752792	3.381738
4609	4	7.652268	-16.222751	-4.420853	2.596227	-10.082460	-1.105428	-8.422273	8.133416	7.435383	-12.754428	5.214734	-11.905519	-5.772649	-10.673103	-4.420853	-6.822682	-10.082460	-11.903069	8.684588	-16.224710	-4.420853	7.535134	-10.082460	4.006311
4636	4	-12.234839	-9.936619	-1.181047	-7.034525	-11.021490	-7.207477	-14.398249	7.064169	9.166922	-12.476228	5.648637	-1.229252	-10.419117	-9.936777	-1.181047	-2.937882	-11.021501	0.969852	6.605153	-14.063096	-1.181047	6.518732	-11.122259	2.106560
4695	4	-8.913577	-7.931514	-3.826577	-8.720673	-10.405995	-12.476986	-9.833049	6.972484	6.847731	-12.786048	6.105529	-12.477087	4.235861	4.433643	6.847731	1.566992	6.105529	2.240528	5.556121	-11.338289	-3.826577	5.822215	-10.405995	2.285666
4713	4	7.573329	-11.888523	-3.074904	7.828827	-9.091999	3.003949	-10.422745	-6.430015	-1.956327	-6.862051	-8.407841	-13.682911	-11.265880	7.715935	7.049449	-11.893337	8.116919	-15.555917	6.732022	2.586072	6.874462	3.773559	8.114822	2.986749
4714	4	-7.314011	0.923998	-2.740565	-7.615045	-2.351388	-15.304425	-8.201615	6.531559	3.783527	-8.342644	6.579397	-15.531793	3.624913	-1.730636	-6.822264	6.525560	-6.738822	-3.464825	-12.698806	-5.737108	-7.878516	-7.604494	-6.772461	-15.300544
4721	4	-9.206750	-10.603843	-1.384747	-4.718577	-12.518013	-8.443255	-14.332482	6.758012	7.076821	-9.334780	4.210338	-9.923954	2.811696	-14.578310	-1.384983	6.062894	-12.563292	4.317911	3.821854	2.433564	7.070531	1.611916	4.105658	3.799709
4744	4	-2.616114	0.828417	2.113547	-6.489651	-6.778091	-12.171907	-6.575510	5.738757	8.774123	-14.676190	6.523590	-15.840516	5.062526	-10.561998	0.840307	3.796267	-10.610291	-4.204763	-3.205371	-5.813757	0.840307	-6.843080	-10.610291	-12.783096
4748	4	-7.263547	1.122484	0.687811	-11.283659	-4.472407	-11.348309	-11.714675	-7.105542	-3.135337	-10.977111	-11.372134	-11.348309	-10.690054	6.915288	7.563147	-15.684490	7.023289	-11.348309	2.397231	-10.867712	-3.135339	5.759999	-11.372134	4.331481
4830	4	3.493555	-7.846262	1.140841	7.091556	-7.430364	-0.011258	-11.668680	-2.293527	3.568343	-9.490695	-4.384084	-10.676629	4.394627	1.600367	4.576847	4.315508	5.430022	-0.001906	-12.495208	6.981032	4.592525	-11.909815	5.575665	-10.676629
4911	4	-5.873143	3.733858	3.773927	-6.380345	-0.661512	-9.221108	-12.257035	5.729065	7.219272	-8.505637	4.781609	-9.223817	-5.477270	-11.292635	-3.138146	-2.039969	-10.483339	-8.377020	3.598166	-14.071128	-3.138165	5.990352	-10.483339	-0.160483
4927	4	-11.320750	-10.384435	-5.528750	-7.650423	-9.958842	-14.655135	-7.563839	6.490830	6.515809	-13.846315	6.251846	-14.648856	3.204123	-12.092268	-5.528750	7.793724	-9.958842	2.957000	6.849011	1.963196	6.514969	1.310239	6.251676	2.938620
4942	4	-7.010711	5.733380	5.796428	-15.266390	9.614349	-12.782347	4.114969	-13.850892	-2.695801	5.907797	0.336208	2.093609	-7.133557	-9.097341	-6.158895	-9.667504	-6.103217	-12.804862	-7.114824	-8.557526	-2.590981	-9.667503	0.336222	-12.801528
4945	4	-8.182490	-8.975829	-4.224353	-9.872722	-9.120476	-6.253072	-8.637151	5.040204	6.723345	-16.249551	5.409562	-6.253084	5.728757	-12.328644	-4.224353	7.353869	-9.120501	4.299831	4.458352	1.686555	6.673501	0.862189	4.996828	4.219904
4960	4	10.148121	0.273869	1.424468	8.535230	-6.595122	3.795819	-10.350786	6.898751	6.378471	-9.142190	4.459839	-4.398905	4.601399	3.803536	6.378470	3.545471	4.459822	3.791369	6.192208	-5.965296	-0.362257	8.533962	-12.833245	3.795814
4994	4	3.688862	-15.347714	-4.583404	5.733187	-6.380851	0.439945	-11.803789	3.775632	5.774993	-6.376547	8.334015	-17.030611	-7.984455	-10.935718	-4.547656	1.097241	-6.380851	-12.655102	-12.282164	-10.935718	-4.547656	-4.427768	-6.380851	-17.030611
5034	4	-12.929395	8.317002	6.790043	-14.592381	8.948573	-11.156277	-13.269794	-6.459253	-1.621874	-11.886066	-3.675654	-11.156277	3.201900	-12.147224	-1.621874	6.639036	-3.675654	4.393361	4.358678	2.610858	6.789253	3.938930	8.948570	4.459407
5134	4	-6.095301	-10.476530	-2.884927	-9.570205	-12.662907	-14.916603	6.913830	-12.780255	-2.884927	3.119858	-12.662907	-4.145182	0.390476	-11.152895	-2.884927	2.345186	-12.662907	-8.388110	-9.621241	6.371839	6.544877	-14.968284	4.383643	-14.916603
5137	4	-8.268554	-9.709794	-6.650718	-3.325472	-13.007706	-10.931052	-6.985960	4.210245	5.531963	-8.029223	5.748495	-10.931062	5.915389	-15.724476	-6.650718	4.590488	-13.007706	2.297325	-3.543612	-9.709798	-6.650718	2.033167	-13.007706	-4.174104
5157	4	3.258965	2.923169	6.441508	3.164651	8.576321	-3.881151	-12.272575	-7.045817	-6.667135	-9.114114	-8.071868	-13.266324	-7.794164	5.627725	6.441517	-10.190705	8.583566	-13.285668	6.073099	0.652632	6.436887	5.898395	8.420822	2.076440
5167	4	-11.600872	6.772680	7.381276	-12.749324	5.288180	-16.927583	-13.624954	-6.778632	0.056599	-3.933058	-5.862325	-16.833084	-9.838696	3.925808	4.842506	-6.588223	-1.245179	-16.927192	0.677865	3.879665	4.842506	1.633908	-1.245193	-10.379795
5195	4	-10.883880	-8.913615	-4.404290	-7.966649	-10.615294	-13.520730	5.901874	3.814560	5.894352	-0.961181	6.395799	3.940412	-7.002358	6.922931	5.894352	-12.340992	6.428571	-13.559329	4.508040	-12.021665	-4.404290	4.558036	-10.799829	4.053593
5248	4	7.457608	-13.894466	-9.358062	2.525868	-6.678352	-1.308754	-4.848647	-9.443520	-9.252952	-9.762432	-6.678352	-11.602339	-4.849684	-2.838029	0.176485	-9.765023	2.870226	-11.602341	-5.819272	5.089160	3.685266	-10.632611	6.289376	-11.602811
5272	4	-12.334503	7.449494	4.577486	-15.929869	5.314656	-14.080543	3.862585	-13.725733	-6.210046	7.908998	-11.835118	3.380687	-12.258815	-9.569284	-6.210046	-9.895897	-11.835066	-14.080473	3.776578	3.526233	4.573711	1.877865	5.282876	3.285530
5279	4	-12.019486	-8.875843	-5.934873	-8.045283	-10.356123	-10.853250	2.590709	2.815446	4.467361	1.541116	5.255775	-1.663017	-8.550774	3.599992	3.616420	-9.532986	-1.153492	-10.823983	-9.223492	6.616367	4.637868	-10.145649	5.265190	-10.838497
5289	4	-7.640153	-9.892413	-2.068615	-8.130252	-9.040845	-12.980429	2.815601	-11.154858	-2.068615	5.848696	-9.040845	4.426000	-2.578546	7.986896	4.958960	-10.671030	6.308685	-12.802479	8.046673	2.697728	4.949456	3.886648	6.302679	4.749581
5373	4	-4.412815	-6.694248	-6.866486	-11.710479	-13.764623	-14.996842	7.243759	-10.537747	-6.866488	-0.434756	-13.764623	-5.466728	-2.753442	8.061713	5.313322	-14.062389	4.653622	-14.984417	3.324783	4.751504	5.313322	-7.160335	4.653621	-8.711609
5435	4	8.003185	-15.781474	-7.416612	5.684376	-9.273708	3.178699	-7.830382	-9.958376	-7.416487	-2.641776	-9.273708	-11.767186	-8.515808	7.310417	5.507437	-7.070361	6.549997	-11.767434	-0.778319	-9.961599	-7.416488	0.353508	-9.273708	-8.979589
5438	4	-0.793290	8.169424	5.957134	2.631490	8.196558	-9.645821	-1.639903	-9.247748	-6.471132	2.538268	-8.768460	-10.810373	-7.061238	8.180284	5.957134	-7.595991	8.196558	-16.210746	-7.846223	-9.245874	-6.471132	-8.090124	-8.768460	-16.210747
5444	4	-10.375726	-10.198050	-4.749920	-7.592993	-11.544551	-16.405928	3.413795	-14.855862	-4.749920	9.026724	-11.544551	1.945512	-8.693528	6.363163	5.269221	-10.071835	7.101579	-16.406104	5.223266	1.841256	5.228662	6.570960	7.101420	1.946833
5448	4	-7.260119	5.740832	9.008253	-10.238171	5.379426	-14.742691	-10.309560	-7.477354	-0.675518	-4.938256	-9.097761	-14.742503	2.519944	-8.648760	-0.675518	6.410144	-9.097762	2.303938	5.436014	2.443706	9.007319	1.412611	5.329985	2.307069
5496	4	2.123452	-14.237228	-3.767111	3.530784	-8.990186	-2.572777	-1.463256	-11.939933	-3.759583	-3.009435	-8.988468	-10.707400	7.983384	-18.367277	-3.768930	6.385520	-8.990595	2.433592	-9.751254	2.669872	6.640578	-6.354023	8.045821	-14.274732
5514	4	-10.012407	-10.619594	-5.431628	-8.343667	-10.551023	-14.353951	-8.475817	3.835940	5.578973	-11.780165	7.939128	-14.314476	6.013679	-10.757364	-5.431628	6.153639	-10.551023	3.474695	7.413580	3.697130	5.578961	2.717961	7.939120	3.542970
5529	4	-6.107869	6.626428	6.728795	-10.897307	5.838458	-17.465627	-9.339080	-10.498514	-5.422883	-8.062467	-12.351172	-17.465630	2.808917	2.499226	0.482805	-3.280311	-0.668980	-13.105101	-3.728452	3.702214	0.482808	-8.062480	-0.668979	-17.465315
5633	4	2.452268	-9.381685	-6.615119	6.775945	-10.744992	2.287239	-10.471283	-8.438681	-6.525438	-9.173322	-10.641451	-14.564842	-8.927363	8.221678	5.802823	-14.699028	6.343117	-14.564849	4.102631	6.406367	5.779617	2.037883	6.324021	2.476882
5639	4	5.619746	3.679240	6.424282	4.196199	7.595483	2.526555	5.932969	-12.040067	-1.491141	6.528491	-7.627757	2.543846	-9.733040	8.423841	6.424317	-13.035461	7.600246	-14.578703	-9.426055	-5.427924	-1.491141	-10.710050	-7.627604	-14.567871
5670	4	-9.936704	-7.528991	-1.334262	-10.169499	-9.140323	-14.508645	-10.161618	7.138353	6.355595	-14.992408	8.210119	-14.508645	8.015269	-13.032475	-1.694893	7.249634	-9.149405	4.456870	7.550520	1.563492	5.780643	3.226391	8.209598	4.456812
5732	4	-8.147352	-10.874455	-0.216606	-0.151698	-13.247306	-3.464049	-11.257996	6.291420	8.081172	-10.411488	6.039147	-8.037105	4.483123	2.235464	8.074673	2.620724	6.039098	3.695325	4.520573	-15.497292	-0.216606	6.962904	-13.247311	3.725429
5770	4	-10.615646	6.368274	4.465359	-8.979621	6.259226	-13.582146	-11.096973	-9.426610	-7.739202	-7.906251	-10.634567	-13.550492	4.330374	-15.192383	-7.739202	5.829940	-10.634567	1.709257	7.663425	0.521673	2.974116	5.802828	5.765566	1.708362
5828	4	-10.377941	-8.832569	-4.600659	-8.601197	-11.790050	-15.205335	-6.087820	7.245684	7.086683	-13.753424	3.702334	-15.205335	0.308554	7.239399	7.086682	-9.786457	3.702333	-14.933368	4.075135	-11.900284	-4.600876	5.795900	-11.790540	2.373690
5834	4	-11.046845	-12.575997	-4.427597	-9.487454	-11.493996	-12.935406	-9.327435	4.211551	6.909066	-15.247217	5.790448	-12.992498	-14.128378	-1.009753	5.726996	-13.646602	5.789740	-12.990272	4.151462	-18.588233	-4.427608	6.342551	-11.493996	4.191239
5847	4	-6.179575	5.963968	6.283060	-15.783109	8.000241	-17.186109	-6.863159	-13.151818	-4.555556	-9.379708	-3.449610	-17.186109	2.444082	-16.782970	-4.555730	0.655644	-3.452642	-7.680798	-2.552203	-13.152480	-4.555556	0.463171	-3.449611	-11.591712
5873	4	3.450837	-10.409673	-6.039384	2.466562	-6.527767	-4.456402	-6.056453	-8.984301	-6.039384	-5.413287	-6.527767	-13.543237	-4.382660	4.605732	3.940881	-5.704326	6.029135	-13.553187	5.184740	1.439839	3.940842	2.175747	6.017276	-4.492518
5883	4	-13.137965	-11.097609	-6.592763	-10.303429	-11.479973	-9.592317	4.038942	-13.687946	-6.592763	7.190173	-11.479973	3.047510	-11.090935	7.497655	5.510792	-12.281527	6.807355	-9.592317	6.409892	4.903601	5.510792	5.212083	6.807070	3.047506
5935	4	-11.113864	6.756951	5.540013	-18.836643	7.641204	-13.948535	-6.176070	1.627862	0.773570	-13.056307	-3.302891	-13.948304	-11.055738	-7.642585	-4.012264	-13.057302	-7.515991	-13.948304	-5.729246	5.391023	1.596678	-13.054796	1.730722	-13.948303
5948	4	-10.775823	-4.772408	-5.529990	-10.366867	-7.435637	-11.574617	-7.644888	9.712604	6.047514	-13.164741	4.886613	-11.395334	-0.703351	0.443629	0.966069	-10.364228	-4.533851	-7.599472	-4.952272	1.128541	1.218189	-10.367690	-3.981836	-10.619832
5969	4	-9.593171	-11.415040	-5.327873	-8.443015	-7.871515	-9.774267	-8.894428	2.756696	6.989233	-10.214086	6.676737	-9.774268	5.177594	-16.637215	-5.327873	8.703641	-7.871515	2.476731	1.976117	0.303238	6.883455	6.156319	5.746269	2.340283
6014	4	-11.501634	-9.789153	-8.200301	-3.901528	-11.047190	-15.821343	-6.854744	-9.789153	-8.200301	2.088977	-11.047190	-9.848509	4.073778	1.469786	4.002273	3.200807	6.011885	-5.585545	-6.558304	8.077766	4.047368	-4.806709	6.034549	-15.821353
6034	4	-6.330210	7.411918	6.222189	-14.031047	5.220592	-13.034834	-12.004718	-9.614920	-3.169436	-10.909391	-6.583759	-13.034834	3.932802	-15.672772	-3.169466	5.344924	-6.583759	2.189341	2.739596	-5.422140	2.656772	3.219372	3.804373	2.189142
6051	4	-8.762352	-8.482748	-3.148002	-8.987259	-14.883582	-15.962001	-9.193341	7.574483	8.108723	-15.561244	3.152516	-15.962001	-8.753895	3.545645	6.080760	-15.561243	-3.297596	-15.962001	-5.188636	2.062444	3.187745	-15.554299	-9.489613	-15.961958
6055	4	9.379706	2.346516	4.596404	3.153234	5.440528	2.794231	6.624232	-16.729968	-6.476875	7.329620	-8.609086	2.797488	-7.112070	-13.010914	-6.476875	-5.744550	-8.607415	-9.490948	-4.335267	6.066806	4.597895	-9.931223	5.831060	-9.696303
6058	4	-6.770392	-9.849433	-9.857622	1.731766	-9.338934	-7.160465	-12.561929	-9.846690	-9.857523	-4.165923	-9.338934	-13.024197	-9.754045	3.669754	1.879695	-4.177445	3.675168	-13.011642	-3.963862	3.643254	1.876805	1.720549	3.673062	-6.617066
6075	4	-11.788651	6.224502	7.295488	-10.758265	5.210522	-15.665159	-11.619031	-9.806939	0.021642	-8.213723	-11.837993	-15.665159	5.073702	-14.230546	0.021642	8.520094	-11.837993	1.615286	5.196807	0.862417	7.238936	5.988071	5.208846	1.615287
6076	4	-11.362856	7.434503	5.864041	-9.684201	6.663718	-16.430088	-9.359607	-9.230427	-5.546148	-7.405589	-9.520449	-16.400681	3.748398	-13.483050	-5.546237	6.861058	-9.520486	0.894282	1.660931	7.310154	5.864024	4.549625	6.663718	0.894038
6092	4	-12.516326	7.673425	9.042098	-12.604192	7.260349	-9.093256	-12.965902	-10.691065	-0.885733	-7.444264	-5.971356	-9.078768	1.950970	-12.122448	-0.885741	6.843818	-6.007860	3.297569	2.643044	4.203689	9.036054	3.040685	7.201798	3.117480
6098	4	7.443130	-16.841703	-3.744023	2.911173	-7.055239	-0.413091	-10.386616	5.382586	6.863712	-10.770814	7.086738	-10.552814	-0.234664	-10.210357	-3.744023	2.299249	-7.055239	-5.802238	-7.083236	-10.205815	-3.744023	-4.499199	-7.055239	-10.551964
6109	4	-14.190229	-3.537125	5.257713	-13.087182	0.439334	-9.711921	-13.986376	7.285326	7.618823	-13.792175	7.393821	-9.711921	-13.061267	-9.105057	-0.749008	-8.921192	-4.290503	-9.711921	2.525913	-10.617363	-0.749008	4.981630	-4.290503	3.799128
6114	4	-12.224172	-8.981245	-5.125032	-9.673850	-4.927480	-10.856071	-12.223207	8.368955	5.033695	-11.992471	6.320802	-10.856071	5.574123	-14.794274	-5.125032	7.741984	-4.927484	2.817183	5.574997	2.543711	5.033611	5.423725	6.308932	2.817147
6172	4	-10.631927	-10.677666	2.322496	-9.889896	-7.632427	-11.623966	-9.385219	6.109011	7.244357	-15.130056	5.323523	-11.623966	-9.427477	0.596267	6.221438	-15.121826	-0.608278	-11.623966	4.368528	-13.019802	2.322496	3.425378	-7.632428	2.833204
6197	4	-5.909607	7.971701	2.091441	-10.085201	-6.905237	-14.606260	-11.159933	8.174940	6.953983	-16.268441	4.802458	-14.614424	9.753900	-7.140023	-3.515383	6.690687	-13.452926	2.781741	11.766301	1.088644	2.091439	6.615188	-7.361401	2.781741
6235	4	2.826817	5.355652	9.153614	2.815146	8.499329	-2.297387	0.848497	-10.717356	-3.544310	2.144741	-5.121500	-2.401830	-8.250194	6.777203	9.153614	-7.790294	8.499329	-14.058580	-10.004188	-10.553876	-3.544310	-7.037652	-5.121500	-13.906235
6259	4	-3.405561	7.200800	8.154360	-9.129887	8.516860	-10.525474	-6.506951	-7.964067	-3.699622	2.678510	-4.141831	-9.640642	-6.625583	-7.964067	-3.699622	-3.645655	-4.141831	-10.526865	2.592637	6.182677	8.154351	-7.884465	8.516836	-4.827326
6263	4	-6.518637	-10.890902	-4.159188	-9.253412	-10.451945	-12.690536	3.660046	-12.117610	-4.159188	6.762960	-10.461298	1.332969	-5.157663	7.258217	7.874175	-13.918670	4.799382	-12.690908	5.023591	6.031505	7.873993	2.099003	4.786779	1.347402
6300	4	-7.754410	4.811921	5.627529	-12.446398	6.018258	-12.340602	-10.664033	-12.998509	-1.943790	-9.020774	-9.130585	-12.340602	-7.682558	4.238349	5.576785	-12.418648	-0.180869	-12.340602	4.993093	-19.395170	-1.945919	4.875447	-9.130585	1.906024
6313	4	5.973925	-16.102184	-4.105671	6.378747	-8.034053	3.456685	-7.564542	-10.445500	-4.105671	-9.003750	-8.034053	-10.369510	-8.227409	6.772431	7.736776	-13.229424	7.351084	-10.479983	4.895345	2.286628	7.736676	1.990095	7.349916	2.961419
6331	4	-5.720338	-4.284487	-0.811590	-1.221260	-10.129692	-13.294914	5.297885	-6.174225	-0.812046	8.640734	-10.129717	0.053640	-6.023473	5.763230	7.202771	-7.075912	7.445098	-15.681300	5.609361	4.159403	7.201427	2.785484	7.445096	-0.344587
6353	4	6.119196	-13.621646	-2.005666	7.499275	-11.775862	2.756760	-7.695680	-8.387477	-2.003843	-8.511954	-11.775862	-15.671481	-5.768353	8.680853	7.645724	-12.423788	5.240354	-15.663897	8.044484	3.446650	7.643607	3.556966	5.240354	2.729214
6390	4	-11.204869	5.452484	4.241246	-9.506213	-3.570209	-13.567252	-11.421039	7.317188	6.911753	-11.221926	5.732995	-13.567252	-14.627540	-8.994219	2.330421	-8.924762	-11.972432	-13.567252	4.581852	3.991888	6.873406	3.770411	5.707429	3.189301
6458	4	6.509628	-10.588277	-5.353784	8.866118	-9.720475	2.878113	-12.712349	-7.043112	-5.353783	-4.753960	-9.301213	-12.076902	-11.500293	5.312457	6.111045	-8.530570	6.380743	-12.162123	7.787963	0.246473	5.943662	5.277049	5.268721	2.877589
6471	4	-6.677821	-8.809944	-0.897302	-9.452286	-11.781787	-11.195638	6.236434	-15.094964	-0.897451	5.985005	-11.781788	1.921031	-6.477482	5.857073	7.908525	-15.600000	5.223180	-11.303215	0.934408	-0.140961	2.433849	-9.372110	-5.653790	-10.087181
6514	4	-12.667084	8.721584	5.915064	-10.731523	7.478705	-16.903996	-13.481411	-5.530603	-5.988752	-7.648891	-7.908082	-16.903982	-7.527656	2.787794	-0.147707	-7.653568	-2.048240	-16.903982	3.196951	0.400007	-0.413666	2.372501	-2.157068	-6.037775
6552	4	-4.627286	-10.646072	-3.480090	-2.505910	-6.992029	-18.183219	-10.832911	7.093361	7.204978	-7.977777	6.116985	-18.200394	3.550643	-14.343039	-3.489226	3.153053	-6.992029	-6.412614	-3.009332	-0.243450	2.906720	-2.094277	-3.168093	-18.138618
6560	4	-10.320505	-8.839032	-5.699798	-10.358704	-10.628305	-13.238108	-8.998329	9.539977	5.332322	-11.056533	6.132899	-13.211564	5.179353	-14.873716	-5.704374	5.657259	-10.628305	1.839130	6.590123	3.261269	5.330687	5.016192	6.128659	1.904284
6592	4	-4.355468	-10.242558	-4.259808	1.155829	-9.368320	-9.822384	-10.346784	-10.242558	-4.259808	-4.242834	-9.368320	-15.891691	-6.269811	6.529244	5.706530	-8.928271	5.645648	-15.741628	1.834537	6.306466	5.706419	2.856221	5.642351	-5.153748
6608	4	-12.642882	-10.542632	-9.933878	-6.881745	-2.498971	-17.073870	5.303426	1.738633	3.228625	2.856442	6.482696	-4.773236	-6.831625	5.192528	3.232612	-8.485142	6.514747	-17.073869	8.573973	1.673791	3.228050	2.929122	6.474821	1.169674
6612	4	-0.159613	-9.130598	-2.247265	1.654092	-12.977541	-10.716048	-3.361168	-9.130516	-2.247265	-5.776713	-12.977541	-14.695289	4.003416	-14.707650	-2.247265	3.625109	-12.977541	-5.553176	-3.555419	3.602602	6.721864	-8.271677	5.472883	-14.695352
6643	4	0.728750	-4.034164	-4.235104	5.136552	-4.655766	-9.980766	-10.489068	9.565041	4.624198	-10.344953	5.665310	-16.805806	-11.598604	-4.030551	-4.234444	-5.095917	-4.651001	-16.805806	-5.990097	-4.030551	-4.234444	0.125289	-4.651001	-12.622017
6652	4	2.842781	-16.570120	-3.269414	1.213138	-9.331899	-5.536915	-9.053471	-11.178144	-3.269414	-6.851752	-9.331893	-14.116941	-10.844305	4.668416	6.189102	-9.066187	3.954496	-14.116955	2.842859	-16.570122	-3.269414	2.348589	-9.331899	-0.789229
6679	4	-10.068930	-6.837569	-3.476120	-11.441772	-1.573047	-6.222594	6.936561	-13.007287	-3.476123	6.559860	-1.573081	2.585249	-5.130553	7.044936	7.122340	-18.054703	7.318845	-6.222594	6.936558	-7.511516	0.208256	5.807581	3.540543	2.585246
6684	4	3.297188	-14.029598	-5.675401	4.403817	-13.554984	3.613891	-11.247570	7.738195	4.266648	-8.164340	4.646838	-12.154955	-14.954195	-8.814378	-5.675401	-6.410963	-13.554984	-12.154932	7.327147	2.052987	4.248082	3.220883	4.645357	4.120080
6771	4	-14.922640	-12.992625	-4.992245	-8.786844	-9.218745	-10.825941	4.677836	1.093889	5.710974	4.525173	5.693490	4.029407	-13.781935	5.918626	6.438917	-12.780527	6.040983	-10.825941	2.734928	-16.985921	-4.997399	8.314980	-9.221082	3.997045
6799	4	-14.132770	6.986621	7.183272	-10.589599	6.246046	-8.619634	-11.045826	-1.075611	0.820097	-7.101911	-9.193811	-8.619634	-13.663209	-8.197408	-3.727055	-7.101908	-9.768125	-8.619634	0.645887	-8.219027	-3.727064	4.033487	-9.768125	3.040179
6807	4	-9.019156	-7.339113	-5.443851	-3.872786	-5.247256	-10.250644	-10.670604	5.399333	6.819169	-11.676451	5.492046	-11.961736	7.542138	2.386343	6.818368	0.827422	5.491724	3.780909	3.611672	-10.345152	-5.443851	6.262492	-5.247256	4.478655
6815	4	-10.547018	7.068661	5.660360	-14.652948	6.826716	-14.829270	-8.720828	0.001678	-3.043849	-8.664813	-6.452044	-14.829270	1.915072	-0.934562	-5.177443	8.184838	-8.244043	3.883179	3.110603	0.173692	-0.745844	2.682867	-0.867604	-2.625983
6819	4	-3.449412	-9.362486	-5.408491	-8.942013	-10.742501	-16.411001	3.993569	-15.169014	-5.408491	1.678256	-10.934118	-4.689985	8.800546	-15.299684	-5.408491	6.615912	-10.934442	1.930923	-10.222111	5.127698	5.650571	-13.773748	6.186180	-16.424141
6844	4	-14.522041	-8.320714	-5.558708	-5.395784	-5.024414	-12.306049	-6.375896	-8.320714	-5.558708	4.518103	-5.024414	0.267493	-12.626771	7.233226	6.907781	-9.082906	4.314008	-12.519141	-4.459629	7.233226	6.907781	2.199058	4.314008	0.248631
6845	4	-12.308560	7.707631	5.895927	-14.219687	8.125455	-10.584327	8.715511	-13.193182	-6.648187	8.390364	-6.978597	3.939138	-7.070627	-6.906850	-6.307608	-2.859998	-6.003657	-10.575312	3.457843	3.150267	5.872055	2.050924	8.067550	3.918812
6901	4	3.465865	-14.726863	-5.396212	-4.117877	-6.752447	-8.062701	-3.168735	-11.922939	-5.396212	-10.340976	-6.752447	-14.004935	5.771787	-14.954996	-5.396212	1.985794	-6.752447	-1.821825	-4.047960	4.168722	5.975621	-17.057104	8.049932	-14.004964
6940	4	-10.332730	-8.079627	-5.988602	-7.270144	-12.981204	-7.989255	-7.891025	8.506394	6.511746	-12.449604	5.807410	-7.989262	7.463630	4.819792	6.511746	3.403296	5.807410	1.773922	5.026262	-10.892107	-5.988602	8.529502	-12.981204	1.779164
6948	4	-13.443993	5.042015	5.479555	-9.697831	6.599221	-14.543827	-5.596814	-7.813714	-4.299703	2.364641	-3.419744	-10.351377	6.546715	-14.376231	-4.346808	3.836025	-3.433907	-1.655831	-11.428677	-7.813714	-4.299703	-3.825914	-3.419744	-14.536491
6953	4	-12.411420	-6.462441	-5.521823	-4.707077	-10.349996	-8.742281	-7.218687	1.780427	1.013023	-5.122354	-4.287240	-8.742286	2.704038	-7.182381	-5.521823	2.176065	-10.350261	-2.669916	-13.339179	9.115217	6.399109	-10.934008	5.721448	-8.742289
