23	1	-11.466355	-12.929434	-6.587141	-16.181906	-10.757462	-11.390736
31	1	-13.655040	-8.446515	-4.618446	-14.176589	-13.406706	-14.343297
33	1	-15.687548	-12.576159	-10.941182	-9.695651	-9.839066	-14.591265
53	1	-10.252125	-13.097180	-7.495759	-9.410306	-12.953569	-12.575313
61	1	-8.304841	-12.748633	-4.406476	-11.541535	-11.407664	-13.609309
63	1	-11.774365	-8.263364	-10.158167	-6.757044	-8.249397	-16.874458
66	1	-4.911745	-7.842195	-7.140762	-10.190955	-11.158273	-16.808436
90	1	-13.190018	-9.943401	-6.280682	-6.094317	-13.033982	-18.927345
94	1	-6.007339	-10.457360	-9.696503	-9.853552	-11.662279	-17.358744
102	1	-8.324788	-9.759110	-0.883495	-6.486929	-11.613155	-15.947202
130	1	-8.130444	-7.361212	-7.283123	-5.983019	-12.715368	-15.232379
140	1	-14.231508	6.636942	7.233419	-15.036969	7.193986	-16.813060
147	1	-11.836553	-17.077549	-6.447664	-12.419875	-9.970936	-14.526011
150	1	-4.626956	-10.633954	-6.014361	-0.212232	-12.263527	-8.882105
176	1	-11.794799	-9.954920	-5.475378	-4.212247	-15.773466	-10.319823
193	1	-7.937853	-11.391779	-5.717656	-11.694821	-14.523829	-16.037953
198	1	-8.032723	8.881942	7.215764	-11.437306	6.199836	-15.946419
199	1	-9.969747	8.006064	7.407783	-16.497102	7.278075	-14.992757
207	1	-10.216628	6.694121	4.975675	-11.922395	6.487295	-16.601650
227	1	-8.969011	-13.399952	-4.623246	-8.683680	-8.360088	-14.338835
246	1	-10.541911	8.710753	7.277371	-11.722496	6.088463	-15.612020
255	1	-12.631326	-15.880857	-3.458753	-10.170305	-13.919215	-10.945536
261	1	-5.950041	-11.889746	-5.737912	-11.221378	-14.394472	-17.234153
280	1	-13.002578	-15.624610	-0.243301	-13.726462	-9.441157	-14.636271
288	1	-13.168064	-10.994128	-5.563634	-9.921933	-6.273328	-18.420764
301	1	-12.274504	-12.294091	-5.276480	-6.354996	-12.052693	-15.858167
318	1	-5.160735	-10.771146	-8.531643	-3.463794	-8.851783	-15.284675
333	1	-9.939532	-14.300310	-6.222006	-10.307337	-11.061894	-14.120413
337	1	-12.226784	-6.881357	-3.344582	-11.007818	-14.011823	-13.915286
401	1	-13.743537	7.567024	6.537759	-12.286284	9.321421	-18.243417
413	1	-1.282608	-8.302176	-5.127678	-6.733729	-12.950495	-14.674004
419	1	-5.912211	-2.010850	-5.981369	-5.814348	-8.990696	-12.467845
422	1	-9.271848	-9.006142	-5.608916	-8.466334	-14.899870	-15.948791
427	1	-11.851291	6.168493	5.653919	-11.850972	7.288798	-12.766194
438	1	-10.960047	6.413984	6.542825	-14.483071	7.508278	-15.646102
439	1	-13.811539	-11.038933	-6.234575	-7.636185	-15.780842	-15.071657
445	1	-13.335608	8.135410	5.537710	-12.904484	6.466007	-12.831721
450	1	-9.828772	-10.210616	-8.920769	-11.577535	-10.591263	-13.237427
471	1	-11.489609	-4.298006	-10.354463	-8.638149	-10.035849	-14.583035
475	1	-10.688427	-7.128084	-9.459844	-15.806744	-9.662153	-16.274979
524	1	-13.772361	-10.799825	-7.263820	-9.462886	-10.382018	-14.286663
571	1	-9.126716	6.306607	6.767238	-19.265324	6.549075	-13.409956
572	1	-14.958189	-14.519005	-8.081335	-7.505270	-9.078139	-7.002370
599	1	-8.585989	-11.720674	-9.488424	-13.453652	-10.710146	-13.079369
601	1	-12.512597	9.782251	7.766043	-17.778943	6.056349	-13.860543
609	1	-10.412616	-11.215954	-5.411584	-10.920705	-10.480399	-10.045025
624	1	-7.760023	5.836227	6.395449	-14.806614	7.242177	-14.620501
649	1	-10.524443	8.579750	8.701420	-16.586613	4.552194	-13.082419
659	1	-10.332536	-7.856974	-4.088187	-8.588643	-14.043703	-13.207469
665	1	-12.647538	5.407204	9.273597	-14.515129	5.577386	-18.182176
670	1	-5.735939	-0.003731	-2.494847	-8.305803	-4.393014	-17.558203
682	1	-13.498626	-8.367908	-6.683667	-12.717778	-13.848938	-12.065899
699	1	-11.248084	-4.859375	-9.387483	-12.074217	-12.778484	-14.090622
741	1	-11.789156	-11.253154	-8.429736	-11.122231	-10.047219	-16.802735
742	1	-14.943650	-8.840642	-6.077928	-9.636277	-18.235293	-13.651121
755	1	-12.664270	-16.598158	-5.385157	-9.888038	-9.729226	-16.709342
764	1	-12.473820	8.515156	7.206415	-16.243194	8.393896	-12.265071
772	1	-6.996159	-7.984832	-7.381218	-0.523434	-14.648468	-13.500102
773	1	-8.929074	-12.146799	-8.062418	-8.627281	-9.201671	-16.170001
794	1	-8.797708	-9.240839	-6.243038	-12.900914	-8.068042	-11.696477
804	1	-14.657159	-14.940487	-5.137468	-9.357471	-11.727455	-20.379688
820	1	-15.814690	-11.522137	-5.961057	-9.639553	-14.242470	-16.300943
827	1	-10.145955	-11.437074	-1.048199	-9.349046	-14.371409	-16.661472
830	1	-11.130914	9.007837	7.797394	-12.243380	6.776340	-13.397131
832	1	-10.042422	-12.111859	-1.854463	-8.812700	-12.179919	-15.024623
833	1	-12.631177	-5.977637	-8.157407	-7.545525	-9.690492	-14.895698
849	1	-11.586360	-10.006184	-8.555825	-6.020934	-7.771368	-10.000879
850	1	-9.519504	-0.594184	-3.337502	-9.041066	-11.709639	-14.919037
868	1	-13.365487	-7.104108	-6.471251	-9.535910	-8.995873	-16.233959
909	1	-9.822689	-13.639028	-2.320364	-11.513582	-11.760173	-14.406130
913	1	-11.846404	7.240732	7.111082	-16.417521	6.887212	-14.436928
914	1	-14.344615	-11.802537	-3.982278	-11.156920	-12.480214	-18.352562
917	1	-12.539817	-11.883410	-7.268795	-7.834249	-10.073016	-14.001484
939	1	-8.377011	-9.346733	-8.165099	-10.220247	-9.052061	-15.641598
941	1	-12.145470	-12.747317	-3.474487	-6.082311	-12.017933	-15.622053
971	1	-10.185592	-11.022702	-5.991955	-14.558924	-10.397978	-18.707908
988	1	-14.813626	-5.183590	-6.084450	-7.594886	-10.993626	-13.229197
1006	1	-12.060748	-10.219954	-3.550955	-14.996464	-11.722815	-14.678825
1016	1	-9.851370	-6.529027	-5.776760	-5.589503	-11.323952	-14.089065
1024	1	-12.504515	-15.334832	-4.832764	-8.662144	-14.041008	-10.849664
1026	1	-10.880597	-3.810079	-3.636335	-13.347428	-9.102419	-13.201735
1029	1	-7.663047	-8.434575	-6.832946	-8.886196	-16.057763	-13.486819
1047	1	-4.251464	-4.373764	-7.286414	-8.673956	-10.994018	-14.025663
1054	1	-12.194171	7.017115	8.146542	-19.598387	6.754942	-12.397407
1059	1	-9.065773	-11.738164	-0.039526	-7.736909	-11.787709	-9.778381
1067	1	-12.077065	-12.099358	-5.053629	-8.939860	-16.944384	-19.604294
1079	1	-7.823952	-11.695507	-7.799383	-6.722384	-7.665292	-10.674707
1127	1	-6.936751	-13.791688	-4.286534	-9.681032	-12.937482	-10.639250
1142	1	-11.355466	-12.677023	-9.020342	-4.109304	-7.025407	-12.980677
1162	1	-16.557914	-11.495438	-4.979339	-10.472928	-10.584200	-18.000429
1167	1	-14.069220	-13.436568	-6.504287	-5.354750	-11.015717	-15.831807
1187	1	-15.032432	-7.496540	-6.119551	-12.922500	-8.583262	-11.767731
1192	1	-14.709379	-9.864678	-4.434604	-7.121053	-10.919699	-16.417589
1234	1	-8.707422	-9.433599	-7.436507	-9.175021	-11.071955	-15.857513
1239	1	-9.439564	6.213496	7.403031	-16.631901	7.571746	-16.469372
1244	1	-14.958569	7.612963	6.491596	-13.209222	6.483375	-16.487750
1249	1	-6.722206	-12.763150	-5.689412	0.615367	-11.440676	-11.401573
1293	1	-11.724709	7.438382	6.414185	-18.142005	6.695700	-12.326591
1295	1	-9.228830	-9.867660	-5.697017	-14.894636	-13.143314	-17.441505
1304	1	-6.068719	-15.263526	-4.374536	1.707921	-15.817573	-9.765843
1307	1	-11.856249	-6.794378	-3.584628	-8.564759	-13.434306	-18.208014
1315	1	-10.463700	-8.870047	-5.405042	-12.846586	-15.640430	-14.288363
1316	1	-6.972820	8.737763	6.295259	-15.123364	7.730660	-12.743688
1325	1	-3.603976	-13.826604	-5.165557	-12.384135	-13.253310	-18.001583
1335	1	-9.727392	-9.338350	-3.979919	-12.243673	-13.017561	-20.542263
1340	1	-10.608339	-5.153506	-4.752294	-10.166946	-7.117279	-13.212672
1367	1	-10.280333	-10.814112	-3.994960	-11.273834	-12.936258	-12.905158
1385	1	-11.901458	-12.419311	-2.529514	-6.455100	-13.016783	-15.184526
1402	1	-13.857377	-12.884044	-7.028278	-7.272460	-16.640784	-21.005136
1411	1	-1.482346	-11.834053	0.447011	0.099899	-15.284316	-12.019130
1415	1	-11.206961	-6.671830	-3.871066	-7.794552	-11.961972	-15.696281
1425	1	-11.804540	-7.549261	-1.451915	-10.778751	-11.271432	-14.579173
1437	1	-10.522670	4.127073	7.333039	-15.012309	8.989584	-18.702831
1443	1	-14.128710	8.073394	7.006337	-12.991730	7.581933	-15.873060
1448	1	-14.926080	6.407404	7.556975	-17.152119	5.535488	-16.397480
1471	1	-12.733798	7.839245	7.789645	-17.520345	7.879600	-13.889752
1486	1	-11.920032	8.175091	6.705443	-10.890113	6.188828	-15.685558
1492	1	-14.508131	-10.586012	-10.031805	-14.427192	-11.192149	-18.245916
1496	1	-17.099322	-14.721154	-5.484454	-11.238672	-14.449539	-16.518721
1498	1	-12.748265	-12.044883	-4.930779	-9.817009	-9.227202	-14.884019
1502	1	-11.785753	-7.115110	-5.176529	-10.397895	-13.397054	-14.051073
1513	1	-7.072566	-12.269223	-6.288556	2.386503	-14.268782	-6.492193
1521	1	-8.642151	6.095246	8.375062	-15.658667	8.169599	-14.378729
1529	1	-14.518163	-17.331580	-8.244626	-3.786703	-11.244328	-13.893976
1589	1	-10.214814	-6.035238	-1.778207	-3.786745	-13.604281	-11.711878
1621	1	-12.871303	-7.426717	-7.735568	-11.701193	-13.540402	-16.438095
1628	1	-10.764732	-10.128462	-4.596018	-9.964960	-11.956000	-15.316959
1632	1	-13.938107	6.453676	6.694468	-13.382273	5.839421	-14.747529
1647	1	-8.187312	7.143570	7.168863	-14.590024	5.641843	-13.254224
1660	1	-5.594555	-10.857183	-4.839819	-13.452842	-14.650725	-13.222631
1680	1	-12.405062	-11.842146	-9.734409	-7.211394	-7.637311	-15.214947
1681	1	-8.515037	-13.374879	-9.128343	-8.824774	-9.855584	-9.905494
1683	1	-10.609167	8.015564	6.819499	-15.900943	7.316961	-17.039779
1705	1	-11.022195	-8.056804	-6.765433	-6.423242	-16.889702	-15.816358
1725	1	-8.473510	-10.721664	-7.063908	-5.704489	-12.531729	-16.405020
1728	1	-9.898854	-8.364218	-3.856444	-10.149557	-15.172132	-16.504310
1744	1	-8.269689	-11.603085	0.208314	-11.181955	-15.534527	-16.702986
1792	1	-9.862575	-9.661887	-5.850530	-14.945738	-11.133799	-15.889388
1795	1	-8.044206	5.954352	8.037262	-15.733624	7.697118	-11.109664
1823	1	-1.334821	-10.380695	-4.947157	-3.249046	-15.376240	-15.985350
1829	1	-13.597104	-10.077855	-0.791180	-10.403009	-12.560393	-14.828050
1840	1	-13.314756	-13.494742	-3.067981	-6.503601	-13.403130	-15.456146
1845	1	-10.417254	-6.873728	-4.538171	-8.182610	-11.921594	-20.192841
1862	1	-2.550146	-7.481083	-6.423543	-11.406508	-10.469153	-16.672420
1867	1	-9.882280	5.690041	6.826482	-10.070451	6.133793	-14.065201
1868	1	-11.233617	-7.856690	-6.512565	-7.190995	-13.019301	-15.328157
1877	1	-9.918632	-11.048607	-3.523055	-8.730835	-10.505396	-15.419279
1910	1	-16.150267	-14.803111	-2.464716	-10.237872	-12.111636	-17.769429
1922	1	-12.991977	-7.764542	-6.370401	-12.271459	-11.211574	-19.555294
1924	1	-11.174690	7.091293	8.127973	-20.000095	6.979501	-11.630055
1941	1	-8.703659	-8.402365	-3.939141	-10.793508	-14.555314	-14.229748
1969	1	-10.213150	-14.332174	-8.096993	-9.012622	-12.514499	-13.739994
1988	1	-16.086832	-9.673055	-9.732145	-11.484436	-10.745137	-11.490664
1996	1	-11.355022	-6.214003	-8.954512	-8.546557	-11.868576	-13.664459
2002	1	-14.354646	2.922691	6.978420	-9.003621	2.999901	-18.191202
2015	1	-15.372949	5.482136	6.191497	-17.599538	8.547458	-16.731076
2026	1	-9.055773	-10.765869	-8.153336	-9.150725	-11.370077	-10.273847
2040	1	-4.121541	-11.542518	-6.449405	-11.512205	-10.636118	-21.475783
2056	1	-10.829523	-9.630478	-4.132798	-9.036525	-9.894218	-16.231736
2057	1	-6.484452	-11.579412	-5.525859	-6.400804	-8.208162	-14.004105
2069	1	-14.676530	-11.057131	-0.766449	-9.086632	-14.516093	-17.898909
2070	1	-12.277653	6.803328	7.032475	-12.007993	9.238712	-15.046397
2078	1	-11.194531	8.067273	8.086758	-17.592967	7.831179	-9.806885
2081	1	-8.091084	-10.916712	-9.056582	-14.557084	-11.714906	-17.488953
2100	1	-4.770442	-6.895862	-6.969353	0.057804	-8.649996	-11.845377
2109	1	-14.874722	-14.287598	-5.559207	-9.658248	-8.711358	-11.809781
2115	1	-9.762480	-6.889719	0.066085	-13.818483	-11.330291	-10.271251
2133	1	-12.978514	-12.978604	-2.912127	-10.415018	-10.865610	-16.835350
2135	1	-15.160115	-6.106771	-5.619133	-10.720103	-10.026472	-16.665346
2144	1	-13.482497	-12.710073	-9.442482	-9.746473	-9.607598	-17.215640
2164	1	-9.741774	-9.777221	-9.490587	-11.965225	-12.854127	-17.609113
2170	1	-4.399931	-13.818691	-5.166345	-13.174945	-13.546894	-13.724429
2172	1	-13.651032	-8.487232	-4.741097	-12.934112	-11.326191	-15.271360
2179	1	-18.451925	-13.101268	-9.727383	-11.009551	-11.187940	-15.881616
2187	1	-8.281292	-13.848051	-7.082152	-7.961935	-8.523573	-16.200335
2247	1	-13.416664	9.056815	8.444439	-11.409920	6.922128	-15.457813
2252	1	-16.551424	-11.141359	-4.869266	-7.670771	-9.972051	-16.817738
2303	1	-9.316364	-16.308240	-4.796744	-10.720156	-10.473486	-17.845099
2316	1	-11.364680	-6.558414	-5.938479	-12.142314	-9.552538	-14.257409
2324	1	-11.263636	-11.898323	-2.504020	-10.406319	-7.709382	-16.130448
2333	1	-5.787935	-15.637757	-2.143301	-0.360148	-7.932247	-9.712058
2335	1	-12.774831	4.748449	8.478210	-8.239966	6.021305	-16.000537
2359	1	-14.127144	-14.586976	-2.991047	-8.137688	-12.269329	-16.067881
2363	1	-10.526494	-8.501943	-5.910155	-12.178117	-8.792850	-12.438492
2364	1	-14.804925	-15.556345	-6.243819	-4.499635	-10.959258	-16.927242
2376	1	-9.673406	-12.004008	-7.916604	-11.636184	-10.339516	-15.572198
2381	1	-12.472307	-5.228681	-7.699254	-9.453927	-9.579950	-15.664267
2429	1	-10.229700	-4.310921	-5.701346	-13.333865	-11.815402	-17.128640
2430	1	-11.218888	6.126400	6.197462	-12.449578	8.079334	-13.480522
2444	1	-14.498930	9.088676	8.497578	-19.777931	7.484379	-14.310414
2475	1	-9.775831	-15.855221	-2.085649	-14.583217	-9.458810	-16.265611
2494	1	-10.594416	-11.262541	-1.706064	-9.853578	-8.592269	-16.768815
2503	1	-13.567916	-11.041511	-5.882482	-10.250191	-12.373951	-13.372387
2507	1	-5.680319	-9.442121	-9.094175	-11.988612	-9.688749	-18.214480
2509	1	-10.625162	-8.422289	-4.744038	-11.213182	-13.171141	-11.974241
2513	1	-15.032167	-9.906891	-4.540812	-7.926278	-8.184485	-12.407540
2552	1	-10.837831	-7.671070	-7.007980	-10.123846	-13.404113	-14.713288
2578	1	-8.546506	6.701287	9.149711	-18.538997	7.228964	-12.324370
2589	1	-14.522082	-11.422275	-5.948242	-9.572220	-9.245685	-17.647596
2621	1	-16.130571	8.499025	8.069232	-14.972467	7.279247	-14.137130
2671	1	-6.785664	-13.211805	-10.070902	-5.561035	-10.552348	-16.920846
2678	1	-12.818346	-9.351585	-5.299590	-16.857609	-14.840151	-14.698629
2691	1	-11.463576	-11.155562	-3.963311	-11.525448	-15.338114	-17.010954
2711	1	-9.255569	8.061831	7.031920	-15.917236	5.754732	-15.661627
2713	1	-4.304269	-8.495472	-8.309743	-13.083328	-6.078450	-16.826430
2757	1	-12.286212	-8.135479	-6.245945	-4.329644	-13.383393	-11.185672
2783	1	-14.594041	-13.062077	-7.991492	-7.359010	-12.599015	-8.044014
2807	1	-12.201086	-10.115815	-7.424308	-4.598680	-14.159771	-12.253407
2834	1	-11.767811	-10.057627	-10.882736	-7.882780	-7.407302	-16.946705
2850	1	-9.493212	-7.820637	-8.510494	-11.756294	-7.981649	-17.851115
2860	1	-7.568957	-7.644561	-6.317470	-10.877797	-7.096904	-15.935045
2864	1	-9.044326	-13.806772	-5.803668	-8.988990	-7.207117	-14.314363
2866	1	-10.907429	7.937882	8.068926	-13.391422	6.819546	-17.165109
2875	1	-5.703051	8.815086	3.478775	-15.769678	5.337732	-14.816244
2890	1	-8.794762	-15.033049	-1.751179	-7.805192	-10.853713	-14.090178
2898	1	-14.466053	7.121776	6.352217	-17.363931	5.732670	-10.738898
2903	1	-7.314429	-5.846009	-1.784123	0.047476	-15.129408	-12.616683
2905	1	-13.638647	6.094654	7.872946	-16.970213	8.324683	-15.474427
2919	1	-10.257537	8.238733	6.960315	-13.558550	5.592686	-12.871777
2926	1	-12.480697	-8.362623	-9.106716	-6.095303	-11.383629	-11.582966
2929	1	-14.119179	-9.440246	-9.882140	-8.767626	-6.835401	-13.880256
2935	1	-7.903854	-6.368420	-6.689219	-10.843488	-14.674294	-16.233647
2950	1	-11.890508	-12.112333	-3.216637	-5.378238	-13.094582	-10.632203
2963	1	-12.783432	-9.935462	-5.816651	-8.030794	-13.782130	-15.142384
2971	1	-8.665346	-10.221349	-7.243995	-11.352310	-12.296612	-17.176521
2993	1	-5.631188	-13.693336	-6.323456	-5.066546	-4.229642	-16.625236
3004	1	-10.479602	-11.149069	-6.995974	-12.411411	-5.866566	-19.878806
3008	1	-10.113243	9.016346	7.477252	-18.730283	7.178883	-18.524046
3015	1	-9.501635	6.746999	6.416721	-13.874032	6.760116	-16.656448
3032	1	-9.100565	-9.521962	-7.493200	-10.114915	-13.890653	-19.050120
3040	1	-16.906789	7.371402	6.355386	-12.115290	8.560564	-16.224848
3056	1	-16.189409	-9.272241	-1.256749	-10.704808	-14.197775	-12.972903
3085	1	-11.875450	-9.267297	-6.330235	-11.387707	-11.046621	-17.338970
3096	1	-16.663332	-10.163284	-1.480203	-7.879472	-12.432133	-10.629999
3109	1	-2.827042	-1.709178	-4.791110	-12.573789	-9.313839	-15.039521
3111	1	-13.569573	-12.888663	-6.593081	-11.093299	-8.358407	-13.697866
3133	1	-11.121165	6.454166	7.937394	-10.333865	5.792952	-14.257991
3145	1	-13.696474	-13.627694	-10.277187	-10.807665	-9.342245	-11.677975
3170	1	-12.000934	-10.281725	-8.224608	-4.539864	-11.462922	-11.984582
3180	1	-11.590098	-8.185481	-10.835560	-6.057272	-10.006928	-12.751708
3185	1	-12.353370	-12.091039	-7.205900	-10.658115	-11.201056	-16.342204
3214	1	-3.905448	-11.494480	-9.291575	-10.473436	-7.498903	-16.439691
3249	1	-11.466930	-14.203357	0.427815	-0.865642	-12.035469	-7.124031
3262	1	-12.696181	-13.869103	-8.483780	-14.357396	-8.425933	-16.488399
3264	1	-11.248260	6.728121	8.510764	-16.117139	5.680279	-15.932082
3266	1	-7.365459	-13.000268	-7.684133	-10.895501	-10.952073	-14.615381
3295	1	-9.717694	7.734754	7.487255	-17.178979	8.517594	-12.526085
3305	1	-14.531171	-10.678960	-3.431514	-3.078770	-14.321629	-11.708657
3343	1	-11.666398	-13.336729	-5.699411	-5.887944	-12.057007	-15.430541
3371	1	-9.091699	-11.131264	-7.636848	-4.392962	-12.523649	-13.208965
3372	1	-13.905152	-10.063756	-7.399516	-12.482329	-12.924308	-14.462451
3376	1	-11.256969	4.882313	7.921970	-16.284207	7.445999	-13.952327
3379	1	-13.428669	-10.893003	-4.554720	-8.798326	-14.969898	-10.382990
3397	1	-13.735849	-11.233212	-7.822209	-8.361299	-16.266156	-12.208065
3442	1	-13.481378	-8.309652	-5.641139	-8.789061	-11.137831	-16.513106
3460	1	-14.458103	-9.951085	-8.263274	-9.413017	-10.576596	-12.389105
3505	1	-8.359995	-12.363827	-8.505000	-8.901808	-8.916114	-15.727825
3514	1	-13.218511	-11.701085	-6.609563	-6.940421	-10.760354	-13.126687
3517	1	-4.616432	-10.346115	-8.638900	0.344280	-9.737934	-12.331080
3542	1	-10.038442	8.273388	6.334153	-18.649634	7.065694	-16.740928
3547	1	-11.672657	-11.374178	-5.425288	-13.023466	-11.806580	-15.014392
3563	1	-12.761917	-9.517784	-5.248522	-8.405420	-14.189769	-18.893661
3578	1	-11.380647	-10.866187	-6.239202	-10.130801	-10.630966	-16.796682
3586	1	-4.001613	-12.468888	-9.480776	-14.315757	-9.097558	-16.377922
3591	1	-6.922943	-11.675763	-3.595723	-7.211859	-8.044383	-16.494940
3599	1	-15.054974	-11.550443	-8.571482	-12.344844	-9.220812	-9.781831
3612	1	-11.577794	-13.671982	-7.226863	-9.196935	-10.634650	-15.686156
3619	1	-8.258454	-17.029042	-7.159092	-10.497087	-11.306872	-7.942506
3629	1	-11.568204	-8.075657	-2.469937	-10.259842	-11.686065	-15.294663
3636	1	-15.576955	-7.419074	-7.456919	-6.105747	-11.389751	-13.288431
3655	1	-14.631211	5.855598	8.388746	-16.529027	6.660930	-13.934746
3661	1	-10.172103	5.873103	7.703718	-15.480692	9.458851	-15.161683
3671	1	-14.347991	8.279644	6.861138	-15.211041	6.047521	-15.378773
3677	1	-11.924848	-8.428154	-6.485016	-6.368917	-6.172928	-18.590857
3682	1	-7.804235	-10.297905	-5.072522	-4.212200	-11.821759	-14.956593
3700	1	-10.689282	7.203242	7.099344	-15.270739	7.950286	-13.629231
3714	1	-15.497344	-9.571374	-5.244599	-7.699279	-10.055949	-11.558931
3720	1	-12.182389	-11.059118	-8.630782	-7.368797	-12.323013	-13.297558
3722	1	-13.649809	-6.541075	-9.358189	-6.910494	-9.904295	-15.368153
3732	1	-13.251727	-9.893989	-6.500450	-11.480374	-9.121439	-13.203957
3739	1	-11.729176	-13.104487	-1.646287	-12.784116	-9.356684	-14.167167
3800	1	-10.356698	4.697327	9.526630	-15.714711	8.385091	-15.113375
3814	1	-11.416620	-10.246935	-11.069269	-9.519143	-11.762148	-10.661974
3826	1	-7.073966	-16.684299	-7.127545	-7.376292	-12.946076	-14.946518
3863	1	-15.505211	-11.286792	-9.361350	-12.265918	-11.387982	-13.223149
3887	1	-7.926413	6.604758	6.906246	-11.269870	6.638188	-14.556904
3904	1	-17.195042	-12.726710	-4.670502	-10.318046	-10.199544	-12.121057
3908	1	-15.424169	-7.694431	-4.788295	-6.349779	-9.604342	-17.175120
3909	1	0.012771	-9.403622	-6.181867	-14.519543	-9.629000	-12.704998
3913	1	-8.818506	-11.307317	-6.582753	-8.251646	-14.049139	-17.163279
3923	1	-14.324316	7.755329	6.930277	-18.086850	7.790462	-11.947814
3938	1	-14.711980	8.226399	7.749730	-17.114163	8.541875	-12.514984
3939	1	-12.833503	-10.860922	-6.536104	-11.366372	-11.038931	-14.703022
3952	1	-10.298047	7.930751	7.764312	-7.860645	8.258047	-16.640105
4015	1	-6.489278	-8.746110	-8.650381	-3.922034	-13.557755	-14.687012
4017	1	-9.489739	-13.713977	-5.831585	-13.960852	-7.688404	-14.756901
4038	1	-11.948397	-8.952585	-8.492767	-3.848023	-8.595439	-16.468314
4045	1	-14.600491	-11.367820	-3.533419	-7.572970	-7.282150	-15.947202
4087	1	-8.208652	-10.231801	-4.862523	-9.192180	-12.505858	-15.671052
4090	1	-12.881070	6.710448	8.201124	-16.830914	7.667141	-14.453450
4091	1	-14.371030	-10.827417	-10.416717	-10.756434	-10.862669	-17.129835
4099	1	-16.682832	-12.912304	-8.443704	-11.767294	-10.199658	-14.563163
4104	1	-13.712820	-6.352117	-5.076741	-9.662846	-10.496844	-9.300356
4108	1	-12.794725	-11.745223	-0.325941	-15.354488	-7.424146	-5.136418
4110	1	-19.822526	-2.596384	-2.871926	-7.039379	-11.281936	-13.134141
4118	1	-12.090632	8.452242	8.974906	-14.937723	5.676827	-16.043111
4119	1	-10.659143	-15.647971	-5.192234	-8.155920	-10.368899	-16.836443
4143	1	-14.773480	-6.362166	-8.165848	-13.122298	-11.020515	-15.937246
4145	1	-13.417973	-8.855098	-4.201415	-9.806290	-15.855464	-12.147016
4159	1	-13.005352	8.990480	6.044174	-12.378291	6.055864	-13.511543
4167	1	-4.993960	3.517703	0.965031	-11.981912	-5.639167	-17.545048
4170	1	-9.220397	-11.114702	-6.924625	-1.477578	-10.222991	-11.581798
4171	1	-12.908989	-11.107202	-8.539377	-8.803629	-14.449446	-14.457803
4255	1	-14.855681	7.266411	7.283373	-15.741583	8.098591	-14.695777
4259	1	-9.866301	-8.499552	-8.154183	-9.846544	-11.568262	-15.410427
4315	1	-7.747695	7.331297	7.083130	-17.710552	6.976145	-19.705161
4325	1	-11.033690	-7.148688	-3.884715	-13.849368	-13.870386	-14.539763
4341	1	-12.103834	-10.883544	-6.969811	-5.971890	-11.209603	-16.672198
4373	1	-8.725398	-12.994555	-3.811090	-9.323399	-8.113130	-16.535750
4378	1	-14.091097	-12.189295	-10.841195	-9.379080	-6.484191	-15.894679
4380	1	-13.946727	-15.745584	-4.957370	-7.316474	-10.022627	-13.051345
4386	1	-11.475832	-11.646331	-7.348110	-14.102390	-13.143493	-13.444185
4405	1	-10.422448	-10.445852	-3.609411	-10.683947	-11.382271	-11.470074
4433	1	-17.049732	-12.082970	-6.026970	-8.436689	-12.434859	-13.017725
4443	1	-15.133177	-5.479353	-6.073755	-9.761864	-15.402882	-16.085019
4457	1	-14.363205	-10.305038	-3.819939	-9.015380	-16.079211	-12.545000
4485	1	-10.957827	8.841157	8.241774	-11.426687	8.469161	-12.823808
4527	1	-12.080972	-8.680166	-2.228743	-10.285109	-12.282727	-17.754160
4531	1	-13.938070	5.996891	6.741718	-10.983476	7.083795	-16.614677
4532	1	-13.929593	-13.590989	-3.692479	-6.851229	-8.727457	-17.067025
4535	1	-17.128532	-6.874833	-6.517227	-10.297432	-11.736236	-13.076477
4551	1	-6.872593	-7.829859	-8.710210	-9.907507	-12.439482	-15.844694
4560	1	-12.642789	-14.905129	-8.873750	-8.298593	-7.370303	-13.994318
4570	1	-6.553016	-5.511033	-8.375269	-8.549273	-11.120562	-11.729236
4577	1	-15.148239	-14.742214	-11.412527	-9.777622	-8.307526	-16.336857
4578	1	-13.211776	-9.006903	-4.745292	-7.990248	-9.362018	-12.754079
4580	1	-12.335837	-10.440806	-6.883937	-8.864479	-14.634515	-11.401244
4598	1	-14.175468	-14.202424	-6.997253	-10.358021	-11.172565	-19.759918
4599	1	-10.112709	-11.427823	-0.765806	-11.357413	-14.222284	-17.847014
4618	1	-11.257882	-10.007148	-8.201246	-10.857692	-15.835717	-17.127648
4638	1	-13.260879	-6.138658	-8.406455	-8.768451	-7.139540	-15.722079
4639	1	-14.347127	-13.577048	-9.947735	-6.406882	-7.356799	-12.260505
4674	1	-12.837611	-5.523399	-3.920487	-9.583882	-9.794600	-15.612477
4680	1	-16.395712	-9.515483	-8.153168	-12.478298	-8.691665	-16.291648
4687	1	-11.457352	9.411578	8.096941	-12.459079	7.172707	-21.180749
4691	1	-13.736989	-14.302508	-9.447055	-10.027535	-8.623470	-9.280696
4698	1	-15.666375	7.381986	9.110447	-14.643553	7.461297	-15.846540
4716	1	-14.612555	-14.087318	-4.693398	-11.644672	-11.798211	-14.164518
4724	1	-15.248770	-6.794480	-12.725090	-7.948930	-12.742637	-15.045370
4726	1	-11.863641	-15.130139	-6.435990	-13.479268	-10.642008	-15.045704
4729	1	-8.275258	-14.396827	-6.850284	-2.363838	-4.868594	-13.369902
4752	1	-2.930168	-9.844070	-7.187810	-11.601043	-13.713724	-13.674254
4765	1	-11.851909	-11.464177	-6.577712	-13.248615	-13.163842	-12.066724
4766	1	-11.971809	-6.985417	-7.749169	-10.427380	-8.072710	-15.261771
4770	1	-4.102326	9.006970	6.011557	-11.499429	9.539890	-11.757972
4772	1	-8.069109	-10.853510	-2.823206	-10.013576	-11.556254	-18.454886
4782	1	-10.566330	-11.298195	-9.081019	-12.784032	-15.334507	-15.759837
4783	1	-8.629424	6.613354	9.054865	-13.363175	7.295881	-15.601581
4806	1	-11.610470	-10.139761	-7.917969	-13.098502	-11.601571	-14.513405
4811	1	-17.328005	-12.081043	-6.273824	-10.446852	-16.127443	-16.026618
4814	1	-8.540831	-5.568295	-0.092083	-14.205129	-12.084885	-11.488981
4841	1	-11.025364	-7.410415	-5.377746	-9.471493	-15.446787	-12.965695
4872	1	-7.730327	-16.884820	-7.850691	-14.031853	-11.000866	-13.678780
4888	1	-10.351141	-14.252638	-9.087323	-9.668201	-8.566171	-16.316354
4896	1	-12.826443	-14.897668	-3.833007	-11.155854	-14.169273	-12.242387
4898	1	-16.339608	-11.702408	-2.113389	-13.736520	-9.996735	-16.614513
4914	1	-14.360463	-10.371273	-5.699289	-12.994228	-14.041240	-10.750720
4917	1	-14.307193	-9.648362	-8.353785	-11.897222	-11.283788	-14.867994
4923	1	-12.993630	7.276657	8.373120	-17.950969	8.215232	-11.845536
4936	1	-14.805344	-7.236729	-8.810971	-13.713601	-10.032229	-15.096134
4988	1	-11.400025	-9.531232	-7.526941	-4.672811	-12.838740	-13.974449
4996	1	-15.444532	7.650238	7.656053	-17.913108	8.404405	-10.566043
4998	1	-11.846516	-11.794375	-4.351070	-9.879584	-14.373474	-15.423691
4999	1	-11.559590	7.429779	7.366539	-14.064352	7.717940	-13.549049
5001	1	-13.659566	-5.453623	-6.146897	-9.325060	-13.655336	-17.801137
5003	1	-6.094805	-13.750851	-6.742197	-9.952069	-6.492055	-12.238146
5017	1	-12.941568	-12.819418	-3.848999	-10.427392	-9.540120	-17.816560
5024	1	-14.788825	8.056230	8.865116	-14.270550	6.332729	-16.568818
5047	1	-13.525512	6.056842	8.010918	-9.077118	9.440394	-12.541960
5051	1	-10.746972	-11.595553	-8.238430	-12.359533	-12.847815	-10.907586
5052	1	-16.100340	-16.704718	-1.455369	-15.477395	-9.062979	-16.548505
5059	1	-13.891932	-9.908239	-1.680951	-10.013567	-15.132920	-10.902799
5063	1	-13.396315	6.211523	6.312230	-15.389467	6.115169	-13.493114
5068	1	-13.344379	7.382585	8.595827	-14.443143	6.491291	-9.711611
5088	1	-11.903735	-7.449566	-4.046791	-5.961568	-11.678728	-15.487015
5094	1	-9.327826	-9.901438	-10.540221	-2.645604	-9.932207	-13.092612
5121	1	-15.587736	7.404601	6.765289	-13.272636	9.412565	-15.087352
5128	1	-10.744652	-12.027939	-8.877043	-10.821003	-13.579655	-13.576925
5150	1	-10.306801	-8.276925	-7.643362	-9.689751	-9.180471	-10.554239
5161	1	-16.883860	-14.527729	-3.429182	-13.273455	-10.975459	-11.507352
5163	1	-7.173415	-9.898502	-3.337632	-9.310764	-10.572042	-10.762604
5179	1	-16.488376	-9.161017	-0.493704	-8.830225	-9.953948	-20.338769
5183	1	-9.977787	-7.854553	-11.275316	-8.057710	-7.920839	-17.359066
5192	1	-11.333469	-7.892194	-6.402897	-8.633767	-9.032569	-12.416318
5231	1	-13.733641	-6.077926	-9.874873	-14.424124	-8.076221	-16.370788
5236	1	-11.783869	-10.258261	-7.872545	-9.462419	-10.338022	-15.072171
5267	1	-8.944603	7.253660	6.758093	-15.882403	7.103265	-14.431290
5268	1	-8.357325	-10.707523	-10.107158	-6.532229	-13.299944	-11.302244
5282	1	-12.885203	7.818575	8.677089	-11.615548	7.012408	-16.086018
5298	1	-12.011219	-9.176116	-4.203194	-8.168910	-17.182879	-7.302268
5309	1	-15.803292	6.002704	7.569276	-12.995435	7.451714	-13.672948
5332	1	-12.060831	7.787383	7.324025	-18.446197	5.825500	-13.942145
5344	1	-14.442096	-9.602281	-9.154385	-10.485756	-8.943172	-16.851058
5387	1	-12.090865	-11.805025	-2.573820	-10.135644	-8.853600	-10.698017
5390	1	-12.262537	-8.487859	-7.026858	-9.615178	-14.888283	-15.047146
5392	1	-10.922656	-10.494494	-8.940615	-11.189434	-10.935432	-18.538357
5393	1	-11.520727	-5.744507	-10.583956	-8.276208	-5.679086	-16.738598
5394	1	-10.357523	-10.676304	-4.259534	-12.051394	-9.801588	-11.680380
5395	1	-13.037017	-10.400971	-10.441170	-4.801847	-12.445616	-12.811301
5446	1	-11.833016	-10.965538	-1.716576	-10.794171	-13.546462	-16.912662
5468	1	-7.681112	-10.548616	-10.954187	-5.439432	-3.749716	-12.956693
5480	1	-12.767151	7.177850	7.366893	-16.817091	7.317228	-17.172426
5486	1	-7.214863	-11.677659	-4.212647	-0.752174	-15.116995	-9.456689
5487	1	-14.494518	-9.766143	-9.037434	-3.972144	-11.646619	-13.098283
5489	1	-14.980024	-14.545259	-5.592550	-7.452241	-5.405783	-15.753417
5502	1	-13.445201	-12.272258	-2.868815	-9.430743	-12.433085	-15.824772
5511	1	-13.289464	-10.328221	-5.853802	-9.901821	-11.243462	-12.694692
5532	1	-11.441042	-9.026548	-3.419716	-7.554170	-11.340366	-17.156046
5558	1	-11.940019	4.859621	6.573019	-12.003807	6.534144	-16.183485
5562	1	-10.885032	6.937385	8.391290	-21.983175	7.690560	-17.175286
5567	1	-10.545008	-12.025221	-8.228239	-8.415326	-11.103832	-17.014389
5571	1	-11.435240	-9.512779	-6.185003	-10.791316	-11.642494	-12.357783
5576	1	-14.164394	7.508195	5.587850	-14.931628	6.663265	-13.382388
5590	1	-9.387043	-10.265319	-9.534946	-12.517237	-12.930935	-11.856162
5601	1	-17.876966	9.282161	7.354199	-10.669581	6.378786	-17.520453
5621	1	-6.294916	-8.259957	-5.584676	-14.965669	-13.906537	-11.676224
5623	1	-5.591432	-3.860800	-8.719110	-9.001460	-9.053922	-17.626943
5632	1	-6.980026	-11.214660	-9.310719	-6.115452	-10.071407	-8.908034
5652	1	-10.223055	-3.480584	-6.561417	-3.684271	-11.329474	-13.232490
5665	1	-11.472408	-13.576579	-8.789808	-8.590763	-10.212453	-14.722042
5673	1	-8.957150	5.516863	7.923760	-13.142790	5.317794	-12.725649
5685	1	-14.645435	-8.780469	-9.123431	-9.687838	-10.712896	-10.798656
5699	1	-10.302808	-16.131842	-3.170515	-5.607655	-12.434376	-12.208574
5703	1	-13.700223	-13.478654	-2.922180	-9.559909	-11.214987	-8.850375
5718	1	-13.645881	-9.367517	-4.322797	-13.903660	-15.354562	-15.974687
5733	1	-13.131486	-6.034016	-5.934957	-8.297273	-12.548818	-8.671942
5763	1	-15.318579	-12.938517	-9.419278	-10.371464	-11.893733	-15.112767
5783	1	-8.281595	4.386647	7.199549	-13.803042	7.095303	-12.559571
5784	1	-7.727341	-14.443328	-8.684981	-3.695815	-10.116268	-14.547359
5788	1	-14.753074	-10.189184	-5.097689	-8.486639	-10.242294	-15.446187
5796	1	-12.387877	-10.888862	-3.773439	-9.149130	-11.191806	-16.005327
5804	1	-9.682545	-6.315581	-4.765810	-8.016251	-11.551768	-12.880103
5805	1	-11.421594	-9.790584	0.800308	-12.190752	-11.271833	-18.935752
5806	1	-10.290420	-11.218495	-4.464855	-6.287680	-17.495667	-15.641513
5808	1	-14.760788	-11.518890	-9.352275	-10.543189	-8.038147	-13.178636
5809	1	-6.192111	2.161986	0.011759	-9.695220	-8.893215	-18.148131
5814	1	-11.643828	-9.614714	-3.531996	-13.006840	-14.346001	-16.261509
5815	1	-5.342325	-10.334488	-5.179131	1.381720	-10.617402	-8.427076
5825	1	-12.808084	7.500496	6.935851	-16.106318	6.862155	-12.064885
5830	1	-14.625637	-9.380484	-5.529330	-8.139522	-12.562085	-11.419082
5861	1	-10.379367	-13.054089	-8.938212	-9.576459	-5.440779	-15.378000
5862	1	-12.091312	6.788923	7.152109	-14.536088	7.078173	-11.651370
5866	1	-10.806047	-9.013494	-5.410284	-8.471368	-14.418310	-12.638947
5868	1	-13.575218	6.434412	5.834012	-16.194892	6.746736	-17.623134
5870	1	-11.519006	-4.227030	-3.908747	-14.562121	-15.095451	-14.469575
5891	1	-5.892659	-7.974135	-10.123194	-12.473798	-7.585187	-14.791358
5917	1	-9.876198	-10.416132	-6.146991	-8.934599	-9.832347	-21.857688
5932	1	-10.255030	7.231818	5.947111	-22.935194	8.396812	-11.219223
5953	1	-11.841082	9.547684	6.899346	-16.033091	6.588776	-16.678516
5957	1	-15.820008	-6.710558	-5.038969	-11.317805	-9.497723	-14.810766
5971	1	-14.007364	-8.218495	-7.916270	-10.327582	-7.612963	-14.532553
5973	1	-16.694552	-15.795426	-5.490353	-4.800893	-9.972693	-13.105170
5974	1	-11.325757	6.533388	8.452765	-16.893325	8.082819	-12.850306
5975	1	-12.495031	-11.746105	-8.180743	-10.211618	-8.584144	-17.702347
5978	1	-9.130419	7.160300	7.471153	-15.012383	7.391929	-15.682784
5984	1	-10.453648	7.411917	6.185852	-16.432121	6.565138	-16.731628
5986	1	-11.777992	-8.193978	-8.763402	-8.889677	-16.448246	-14.102384
5987	1	-14.000454	-8.732783	-4.610126	-6.330569	-11.592440	-12.019108
5992	1	-13.833104	-10.421500	-0.855386	-7.470610	-14.804184	-10.939388
6019	1	-8.342982	-8.868846	-1.776764	-7.905580	-11.164460	-15.539958
6032	1	-6.730117	-1.327877	-3.862571	-8.584189	-10.941528	-15.907065
6073	1	-13.489763	-12.748594	-6.843928	-9.356061	-8.433037	-15.641737
6090	1	-9.756296	-14.270172	-2.143921	-1.281386	-12.300131	-12.481222
6095	1	-10.285663	8.709339	6.694745	-16.572306	7.574972	-14.358419
6113	1	-8.335193	-13.686294	-6.819664	-5.975328	-7.497625	-10.387978
6123	1	-11.248898	7.290794	6.134650	-14.703321	7.154521	-17.374278
6152	1	-13.951375	-13.229592	-2.471887	-10.486193	-14.748503	-10.945332
6155	1	-16.801530	8.512261	5.995276	-15.117791	6.242314	-15.451955
6161	1	-8.025172	-11.509343	-2.198609	-13.539137	-13.614833	-11.881910
6167	1	-13.581357	-13.203436	-8.630305	-10.900558	-11.520229	-18.003022
6177	1	-13.527691	-12.996020	-8.274356	-4.939538	-8.627647	-13.468902
6181	1	-9.798412	-10.089222	-9.140390	-13.289281	-12.713914	-14.912936
6183	1	-15.584202	-5.430859	-3.044483	-12.015396	-11.162401	-15.408422
6184	1	-14.570773	-8.177086	-7.688387	-11.159964	-13.685907	-11.024106
6191	1	-13.205709	-13.688945	-4.292815	-13.540168	-14.163603	-15.264210
6244	1	-12.488759	-11.945609	-8.034861	-11.067463	-10.123584	-14.730420
6316	1	-11.237670	-8.481002	-6.657236	-9.425542	-13.162719	-10.356079
6339	1	-12.176907	-11.911890	-8.971287	-8.420800	-11.925477	-16.814073
6347	1	-11.370494	7.611894	4.894292	-14.181000	7.045991	-15.491203
6355	1	-9.647658	-8.325514	0.162601	-14.902752	-12.487939	-14.834230
6363	1	-13.224246	6.954086	8.746710	-14.861682	6.276874	-14.495505
6375	1	-12.805608	-8.670424	-3.527805	-9.855190	-14.411834	-13.931582
6405	1	-11.696212	-10.531814	-5.759996	-7.093358	-14.631340	-12.779014
6414	1	-12.737435	-8.096793	-9.468780	-3.362158	-10.637393	-18.007614
6428	1	-11.283316	-11.723591	-4.636545	-12.721437	-12.776022	-17.227227
6433	1	-6.582868	-12.903580	-7.706332	-11.906391	-15.828010	-15.791052
6440	1	-13.055750	-7.837195	-2.950213	-10.481840	-15.392812	-9.903728
6461	1	-15.529038	-15.477872	-3.189241	-11.766548	-13.487283	-15.554949
6470	1	-11.954311	-13.170709	-5.586896	-9.556101	-2.174762	-14.929008
6479	1	-11.960952	-13.540681	-3.287152	-5.850253	-8.367084	-13.042292
6500	1	-13.436155	-10.726309	-1.156960	-10.519507	-14.543931	-12.138700
6506	1	-13.491848	-10.681809	-5.502156	-9.285985	-6.810356	-12.788842
6513	1	-11.336361	-9.675939	-4.496598	-7.738367	-12.738268	-13.301234
6523	1	-8.545719	8.809995	8.198686	-12.788406	8.047270	-15.777396
6543	1	-10.549139	9.332725	7.927722	-16.003931	8.718902	-9.976450
6572	1	-12.098765	-12.469282	-10.550744	-12.697235	-13.908599	-13.621374
6586	1	-11.927881	-13.351510	-9.693944	-10.544038	-15.349522	-14.729479
6596	1	-14.147588	-15.625243	-0.556888	-9.248515	-11.667229	-17.429360
6597	1	-8.986773	5.728465	6.602634	-14.520173	9.109683	-11.185168
6600	1	-10.047455	-16.616185	-3.064869	-12.587074	-9.257561	-17.621640
6604	1	-7.548249	9.145386	6.460247	-15.555956	5.931355	-14.481718
6610	1	-13.269144	6.691815	7.802839	-17.624873	6.398293	-13.099235
6613	1	-13.182557	-6.180849	-8.698792	-11.160990	-13.700090	-14.015111
6633	1	-9.216017	6.660447	7.632173	-12.282930	8.184446	-19.308597
6649	1	-17.156967	-12.797934	-7.798303	-11.997127	-11.625999	-11.734621
6659	1	-13.739720	-12.281670	-7.332561	-7.358060	-11.794724	-18.712451
6660	1	-13.646406	-11.098891	-5.230229	-10.838404	-13.045213	-16.279470
6662	1	-11.973009	-15.376480	-5.179881	-10.345097	-9.773064	-14.525881
6665	1	-8.495135	8.196072	6.181415	-19.970737	6.137424	-15.169996
6675	1	-9.455907	-9.921937	-6.923464	-9.088443	-9.175447	-12.233679
6696	1	-6.899134	-9.305556	-6.148811	-6.290842	-13.638918	-11.999312
6721	1	-13.552135	-9.825258	-8.794212	-12.468908	-12.938301	-18.420134
6756	1	-13.380067	-3.076180	-9.158234	-10.461407	-10.499484	-14.004624
6759	1	-14.214070	-10.968468	-8.532734	-7.057846	-10.183479	-16.155954
6806	1	-13.824215	-4.318100	-6.447291	-14.253455	-8.974384	-17.833549
6811	1	-13.086870	-8.121597	-11.412903	-6.476368	-6.040075	-19.167479
6834	1	-6.716867	-1.252155	-3.715967	-12.060892	-10.959494	-11.801075
6836	1	-9.284310	-11.451627	-4.058572	-7.710861	-12.073113	-13.254120
6838	1	-12.357682	-9.136550	-10.857089	-14.102662	-6.540708	-16.691609
6874	1	-9.562249	-9.398969	-9.560619	-8.040758	-7.491017	-16.145979
6875	1	-12.391269	-6.203552	-4.683117	-12.080223	-15.255887	-14.941281
6890	1	-13.723946	-11.167564	-6.516542	-13.417532	-15.602503	-16.632063
6897	1	-15.552743	5.793884	5.803271	-14.608222	6.182621	-15.813807
6902	1	-13.681215	-13.581167	-5.428212	-7.593655	-10.143734	-10.317230
6908	1	-16.462227	7.722230	9.271688	-14.344586	8.501762	-13.121521
6916	1	-4.867115	6.954538	6.940909	-13.927261	8.432597	-12.699089
6920	1	-12.094618	-13.098154	-6.628155	-10.584194	-8.766762	-11.050828
6927	1	-14.478069	-6.352448	-6.212282	-12.939481	-14.436712	-10.497886
6931	1	-10.779820	-11.380891	-5.205542	-12.353109	-11.630836	-13.406881
6946	1	-13.916941	-9.684606	-9.909147	-8.326482	-15.382879	-14.172925
6957	1	-5.828300	7.829252	7.645897	-17.995021	5.008931	-9.016278
6978	1	-12.527775	-10.885527	-3.877015	-5.266520	-7.938498	-13.851029
6983	1	-18.102526	-13.305640	-6.463027	-6.100718	-10.928617	-17.644681
6984	1	-13.463782	-10.013581	-6.191334	-12.577232	-5.724753	-10.343792
6991	1	-8.995741	-7.493253	-7.396987	-8.620162	-10.412017	-14.980425
6995	1	-13.391785	-7.163786	-6.444515	-11.111205	-9.931747	-18.362879
6997	1	-10.241051	-8.495881	-4.409494	-15.582458	-13.557971	-12.978677
6998	1	-9.189483	-8.808009	-5.387648	-14.149888	-12.658341	-10.744266
