25	5	-11.558880	-10.538173	-5.084878	-1.714163	-11.292252	-7.862174	3.236315	-16.325734	-5.084878	5.267592	-11.292260	-1.275364	5.240623	-16.330060	-5.084878	7.495271	-11.292260	3.296200	-7.965141	8.118137	7.262600	-7.950127	5.728542	-7.998522	8.683322	2.002425	7.233910	1.286864	5.728447	3.296180
29	5	-9.046249	-9.290983	-2.075270	-11.476005	-9.787985	-8.780140	-9.668899	7.711399	6.938820	-16.821831	7.257412	-8.780140	6.324762	2.232683	6.938104	1.465027	7.257359	3.199903	7.022599	-14.764393	-2.075272	6.829214	-9.787985	3.411215	2.623765	-12.318367	-2.075272	5.037149	-9.787985	1.132136
82	5	-6.762033	6.448966	7.815620	-13.702945	6.892313	-14.448836	5.761934	0.148385	7.599845	3.019045	6.875242	2.021315	-6.880494	-6.174848	-1.419386	-7.929348	-10.091582	-14.402886	5.352723	-7.556799	3.168823	8.500668	2.226952	2.022050	5.505599	-12.487594	-1.419386	8.788206	-10.091583	2.022050
104	5	0.395456	-1.714553	1.070934	3.844973	2.038436	-5.228768	-9.885707	-11.026877	-5.241951	-3.976361	-10.040862	-16.506068	-8.910094	4.344022	6.936235	-9.579635	5.446185	-16.506068	1.192846	-1.956440	1.084691	3.855401	2.168472	-5.229020	1.471536	-1.098434	1.082523	3.768416	2.216286	-5.234262
237	5	-10.078767	-5.760285	-2.514355	-8.796100	-3.823393	-12.158167	-9.689496	-2.845282	0.473423	-8.824752	3.211744	-12.158169	-7.959038	6.373524	5.249584	-12.507637	6.867045	-12.158222	5.411452	-5.257878	0.473419	3.734175	3.211742	3.360018	5.408824	-8.170695	-2.514355	3.762829	-3.823393	3.361090
435	5	-7.614525	-12.391503	-3.613313	2.208090	-7.393858	-6.900666	-13.247086	-12.388741	-3.613313	-3.410265	-7.393858	-11.551954	-12.648115	6.312990	8.821592	-7.189132	5.226453	-11.554189	3.614522	-14.757838	-3.613313	6.928759	-7.393862	3.872667	4.234879	3.497275	8.821587	3.166417	5.215369	3.943996
499	5	-12.405187	3.584771	6.972242	-6.443422	-0.065355	-16.823810	-12.527070	9.393014	7.111627	-6.443422	6.332690	-16.823810	3.190723	-10.470561	-3.042649	1.496693	-8.510391	-4.410841	-8.337473	-8.418610	-3.042649	-3.140601	-8.509230	-16.816676	-2.873730	-8.418629	-3.042649	0.281228	-8.509230	-10.305825
514	5	-12.566570	8.357444	5.735954	-9.200046	8.667125	-11.581994	-7.472978	4.138981	0.727937	-7.660663	-2.547146	-11.444386	-13.575400	-7.081582	-3.837828	-7.652757	-6.159044	-11.584185	4.336400	-11.768281	-3.849428	7.562128	-6.241591	3.916172	5.335438	3.643558	5.734592	6.018893	8.516522	4.050377
519	5	-11.211933	5.544028	6.809025	-11.318181	5.312684	-14.071449	6.168531	-17.331542	-5.104458	7.886227	-6.382065	3.341193	-13.383922	-10.933065	-5.104458	-8.390244	-6.382065	-14.080199	-13.441716	-9.369412	0.371703	-8.580437	-0.082202	-14.080514	6.109834	-15.755318	0.371703	7.693161	-0.082202	3.337668
606	5	-6.015494	8.298359	5.508496	-8.461784	6.131520	-13.698418	-8.907288	-5.216997	-6.154108	-3.603320	-12.175877	-13.686793	-3.851632	2.381842	-0.301298	-3.603188	-4.101179	-13.686786	2.529305	0.272621	-0.526125	1.757249	-8.657615	-4.043534	2.087839	2.108497	-0.303650	-2.244338	-4.116248	-5.976248
761	5	-6.609198	-13.813774	1.018367	2.301767	-0.932458	-5.487272	-11.163560	-2.606168	4.376791	1.220411	4.513722	-6.104035	-11.125658	-13.813748	1.018367	-4.136180	-0.932458	-11.073407	-15.622930	-2.606168	4.376791	-5.122820	4.513722	-11.181855	-10.377472	2.721825	8.677212	-7.560340	7.814236	-11.182627
911	5	-12.234433	6.618312	6.440547	-6.682022	5.860863	-11.126768	-6.974984	-10.684446	-5.131449	2.741782	-12.336750	-6.301659	-10.326056	-10.684446	-5.131449	-2.743738	-12.336750	-11.092859	1.922203	-16.380028	-5.131449	7.831283	-12.336750	-1.178740	4.642917	-16.609241	-5.131449	7.859914	-12.336750	2.970529
1000	5	-6.367140	2.336970	-0.586108	-12.660637	-5.440708	-6.674946	5.130259	-10.608237	-5.770651	6.927021	-10.978110	4.763628	-7.858509	7.336454	5.332930	-18.231873	5.853335	-6.754421	8.136571	1.775794	5.223730	1.364920	5.266539	4.554097	-11.710708	-4.980501	-5.714951	-12.660560	-9.923752	-6.797200
1073	5	-9.533866	6.934560	7.038176	-6.724384	6.476793	-15.441943	5.888117	-12.086177	-4.922344	7.287968	-7.788992	2.666139	-9.478385	6.536262	6.962676	-6.724175	0.014957	-15.438507	-5.727243	-5.843104	-4.922334	-1.411787	-7.788992	-14.187528	6.136935	0.662967	6.901377	4.470311	6.468873	2.672940
1436	5	-8.765583	6.950965	6.691685	-12.783625	6.908761	-13.776826	-4.860453	0.195824	1.269082	-9.032245	-4.234761	-13.776824	-9.274760	-5.904383	-1.957916	-8.616185	-8.247905	-13.776826	4.741622	1.389860	6.072599	1.910872	6.723275	3.410829	3.442330	-10.632079	-2.293154	5.853920	-8.258918	3.413883
1667	5	-6.987618	-7.461012	-5.471447	-8.320575	-10.027469	-12.223226	6.259897	3.881769	3.994237	1.647991	5.362088	-1.740297	-3.447672	8.857054	4.169468	-9.798037	5.448221	-12.223208	6.404239	-12.536595	-5.632414	5.332485	-10.031389	2.867054	10.926636	2.310202	3.694528	4.453711	5.202755	2.866893
1754	5	-7.535185	-4.973688	-9.388401	-6.775101	-4.375161	-14.388441	-6.384017	5.544575	2.579636	-7.795753	6.528175	-14.388201	7.681239	-10.613501	-4.388559	7.448967	1.880096	1.760440	7.702595	-11.582688	-9.388401	7.449040	-4.375161	1.760474	-7.556372	-3.636686	-4.388542	-6.786008	1.880099	-14.388443
1852	5	-15.169416	-7.405209	-1.449097	-5.184873	-12.396195	-14.319365	-14.741938	5.347818	8.196441	-9.730115	4.522843	-14.319365	-9.652882	-7.405209	-1.449097	1.219856	-12.396195	-8.079231	-10.348708	-0.197577	3.269576	-5.446117	-6.473828	-14.319365	-5.367483	-0.197578	3.269576	0.958466	-6.473830	-8.127085
1913	5	-10.907180	8.113632	3.610483	-5.971496	7.516925	-11.338267	5.644008	-8.084299	-8.697710	6.282499	-7.165234	1.444431	-10.013069	-4.664740	-8.697693	-5.639679	-7.165234	-11.337844	0.818182	-4.730055	-8.697697	2.086497	-7.165234	-4.419130	4.725248	4.778946	3.610483	5.950203	7.516925	1.443917
1947	5	-12.333867	1.824054	7.872516	-13.214907	0.164553	-8.126459	3.423122	-12.585494	0.538508	5.780205	-12.197475	3.015761	-12.662697	-6.357415	0.885232	-9.194740	-12.186919	-8.126459	3.113835	0.191890	7.450040	1.251009	4.009335	2.960925	-12.304469	6.729194	8.501766	-13.214920	5.123536	-8.126459
2227	5	-8.321061	6.759745	9.235388	-9.816024	5.770812	-15.647059	7.003147	2.731550	9.235379	2.262520	5.445569	1.992537	4.475532	-14.392600	-1.499795	7.324368	-7.852390	1.995933	-10.887081	-12.226804	-1.499795	-4.755125	-7.850979	-15.647059	-8.079937	0.029998	2.926249	-4.761157	-4.344694	-15.647059
2238	5	-0.195609	-11.851994	-3.064475	0.158951	-1.965635	-10.913858	-10.707416	-11.851485	-3.064460	-7.343721	-1.965635	-15.322884	3.963365	3.700587	7.206269	0.247538	6.777043	0.439916	-7.759446	6.037570	7.270759	-9.430166	6.777054	-16.483119	3.443328	4.048282	7.223202	0.096472	6.777051	-4.740025
2255	5	3.342310	3.968707	5.026425	2.171956	6.277757	0.996687	2.469557	-5.911082	0.641102	5.163845	-10.406983	1.000719	-8.068216	8.655654	5.026473	-9.863121	6.287876	-16.188797	-7.956490	-4.472706	0.641461	-6.898718	-10.371188	-16.188797	-1.396697	-4.472709	0.641461	1.046934	-10.371189	-9.926333
2267	5	-9.560479	6.364891	6.702612	-12.494143	6.319054	-15.750275	-14.689671	-7.392043	3.666174	-8.534312	1.068362	-15.590794	-13.541896	-8.797541	-2.224097	-7.616126	-5.290287	-15.453904	4.415871	-10.590925	-2.224173	7.797742	-5.290307	2.920662	8.327255	3.003049	6.690377	2.559690	6.318939	2.505171
2565	5	-10.243032	7.095101	2.658546	-8.345608	3.740062	-12.233164	-9.666550	2.399693	-1.482594	-8.127342	-2.688418	-12.233057	-13.044371	-8.702726	-6.335261	-8.126581	-6.982649	-12.233057	4.095098	3.015851	2.658494	3.164545	3.740054	-1.293440	4.447129	-13.489575	-6.335261	5.991458	-6.982649	4.071827
2583	5	6.328026	-14.553471	-2.303763	7.077657	-12.869291	2.491392	-9.193197	-8.053047	-2.301714	-10.745819	-12.604463	-15.107349	-10.164196	7.096931	5.592986	-15.001433	5.672223	-15.107349	-6.067821	-0.144475	1.908352	-10.934958	-7.723395	-15.107267	4.866995	0.576526	5.318882	3.231359	4.256920	2.474112
2622	5	-10.166799	-13.109628	-3.209581	-7.232463	-6.103532	-12.324489	-10.076938	-6.473609	2.364328	-7.289326	1.721815	-12.338249	-10.126059	6.305690	7.127823	-11.789111	6.032688	-12.714675	4.146890	-12.274611	2.359660	9.309780	1.665450	4.279662	4.147408	-18.805809	-3.209581	9.366273	-6.103830	4.279731
3203	5	2.810311	6.624893	5.745027	0.515304	4.834407	-4.334234	1.905191	-6.529999	-6.493711	2.132090	-5.692988	-4.418541	-3.411438	0.906921	-0.403172	-10.040290	-4.362767	-13.341410	-8.051378	-5.978550	-6.493711	-10.339749	-5.692988	-14.117948	-7.239191	8.010529	5.745027	-12.055334	4.834407	-14.084655
3324	5	-6.469044	-5.590184	-5.211808	1.429698	-10.398355	-8.833008	-6.380978	2.244374	0.949852	-3.140930	-2.192808	-14.958017	-9.876445	6.980714	5.034985	-5.319698	5.374128	-14.958253	-12.072073	-5.590184	-5.211808	-3.140878	-10.398355	-14.958016	-0.743783	2.243263	0.949747	1.478052	-2.193055	-8.831207
3329	5	-5.423607	8.706035	5.879335	-13.674453	6.976897	-11.054356	-3.752198	-6.049421	-4.337270	-11.013583	-9.740455	-11.054232	8.935914	-8.503601	-4.337270	2.948518	-10.719124	1.674341	5.364034	-8.444849	-4.337270	-3.649390	-10.705925	-0.329167	5.692620	6.290424	5.879335	0.205091	6.968216	1.529366
3509	5	-13.182618	7.851687	5.266258	-12.054186	7.089417	-14.218730	-10.475262	-3.655084	-6.615858	-8.937365	-8.725084	-14.218722	6.591602	-10.294945	-7.614876	6.856496	-11.577290	4.018927	-8.899266	2.359944	-1.050885	-8.939773	-5.480862	-14.218680	2.762577	-10.293250	-7.614876	1.173060	-11.577173	-2.355817
3526	5	-9.654508	8.298265	5.398896	-10.152682	0.834457	-13.974361	-12.144414	-7.505704	-1.232659	-7.518215	-6.723941	-13.971709	-9.925095	8.955743	8.676164	-13.786572	6.988356	-13.974432	4.224346	-9.587410	-1.232659	8.036853	-6.723941	4.174396	6.726688	4.881746	5.398894	5.414371	0.834457	4.174550
3660	5	-5.262876	4.663497	4.750943	-11.949195	-0.724010	-15.382421	-8.895671	-8.386331	-0.793348	-10.380780	-10.681380	-15.382421	-8.594879	6.619288	6.025479	-16.667025	6.054685	-15.382421	3.024517	-14.644315	-0.793619	1.188121	-10.681602	-4.683564	3.669862	-14.687375	-0.793619	3.946433	-10.681602	1.595427
3746	5	9.876672	-9.530645	-4.594810	6.989737	-11.492382	4.647897	-7.659836	-6.815464	-4.594779	-8.444675	-10.774076	-8.049983	5.282958	2.823306	4.760461	4.114368	4.885864	4.569971	-12.253272	5.535679	4.771114	-11.327432	5.050235	-8.120407	3.596179	-9.240156	-4.594810	4.430353	-11.455292	-0.620082
3816	5	-6.479097	-8.455805	-3.757319	-9.568238	-11.705059	-15.912593	1.999756	3.776154	7.819507	-9.401997	4.965929	-10.604054	2.479670	-13.210486	-4.066531	6.161931	-11.705089	0.233959	-4.311399	6.673764	7.861633	-12.412600	4.965947	-15.912124	3.463918	0.617976	7.484226	3.821236	4.965672	0.465957
3914	5	7.411583	-0.824780	3.286184	6.851899	4.344416	3.478501	-9.091053	-5.941784	-4.042303	-7.509661	-7.722364	-7.321257	-9.089975	6.243645	4.526493	-12.213318	7.042800	-8.997089	3.000479	0.617708	3.951983	1.062947	6.614429	-0.971600	7.482968	-12.554960	-4.768709	7.193966	-7.723365	3.478501
3921	5	2.223136	-10.906299	-4.016273	4.424119	-10.637069	-4.256707	-6.805990	-8.382310	-4.001083	-7.566856	-10.634330	-12.004060	-3.158539	6.843114	4.472579	-8.050117	3.332742	-12.004534	5.961266	3.807498	4.360793	3.908417	3.297508	-3.757054	3.391002	3.832398	4.362873	-1.515361	3.298181	-7.353622
4011	5	-8.476395	-8.288778	-3.761203	-6.900263	-7.702820	-7.425900	-6.346107	8.023543	6.415172	-9.053463	4.155915	-7.425905	3.778592	-10.436440	-3.761203	6.896419	-7.702820	3.549113	5.991893	4.788477	6.415170	4.762996	4.155911	3.605900	3.842635	5.981768	6.415172	2.460665	4.155915	1.273430
4080	5	-10.377225	-8.537582	-0.619085	-9.811502	-10.417644	-14.304835	-13.857655	-3.232283	4.616862	-10.663382	-6.839170	-14.324728	-10.681647	8.415976	6.019342	-12.336772	5.169815	-14.308968	4.005979	4.890033	6.019342	3.450481	5.169815	2.654095	4.292950	-12.067338	-0.619266	6.047978	-10.417742	2.691025
4264	5	-3.118255	-11.198907	-4.476353	-0.941217	-9.555649	-13.977061	-9.390730	5.675534	6.652721	-11.075137	7.803486	-14.107833	4.050610	3.353549	6.652687	1.453424	7.803421	3.493304	5.407728	-14.290197	-4.476353	6.590349	-9.555650	3.898473	5.397272	-14.283118	-4.476353	3.253281	-9.555650	-1.200927
4420	5	-5.298022	2.500907	-0.196692	-11.511056	-2.167465	-7.905422	4.627542	4.310456	6.056150	2.365563	9.287717	3.195499	-8.200608	-6.394892	-6.319031	-11.513739	-7.437743	-7.906569	-10.779627	8.273093	6.056156	-14.796603	9.287786	-7.906589	7.226787	-10.410180	-6.319031	5.704734	-7.839737	3.228715
4427	5	-2.909710	-11.442431	-2.903438	2.343325	-12.522884	-5.636427	2.709918	-16.247509	-2.903453	8.912316	-12.522891	0.874866	4.617898	-16.578498	-2.903453	8.933306	-12.522891	3.539469	-6.829886	6.530263	7.762483	-6.811664	4.763073	-10.959873	2.862268	1.297234	7.541149	2.873569	4.241265	0.896523
4455	5	-3.789826	2.486353	0.506541	-6.936058	-5.352923	-14.001014	-8.725240	9.517643	4.855106	-8.555781	4.834100	-14.002483	6.555788	6.572465	4.855103	4.704053	4.812424	3.860418	5.486171	-9.830793	-5.446823	6.954834	-11.381417	3.859821	-3.382092	-7.332272	-5.446783	-1.384592	-11.055711	-7.812040
4478	5	-10.982173	-11.709890	-0.182544	-7.238142	1.927261	-12.985488	-10.974532	-14.637019	-2.986053	-7.238142	-3.714321	-12.985488	3.407402	-18.364647	-2.986053	5.720636	-3.714321	2.080210	3.399333	-15.414305	-0.182544	5.719374	1.927261	2.080210	-9.936144	4.817590	7.075887	-13.797689	7.859399	-13.026609
4544	5	2.310517	2.540919	6.655730	-3.964745	5.214821	1.381641	-5.848134	5.926223	6.810366	-12.051438	5.355801	-8.955472	-4.633018	-10.614842	0.691224	-9.364842	-10.865011	-8.853931	6.660647	-15.593428	0.691219	4.393602	-10.865022	2.174302	5.018713	0.929716	5.783683	2.481401	4.382158	2.136508
4633	5	-11.563837	-5.829898	-5.891700	-7.637571	-12.266725	-12.170988	-7.909096	7.984294	4.310656	-8.514296	0.331431	-12.171023	-7.909097	7.984583	4.310657	-8.514298	4.170903	-12.171023	6.552207	4.605071	4.274849	3.798465	0.330890	1.371008	6.552206	4.605363	4.274857	3.798449	4.170746	1.371008
4696	5	-11.919948	-4.223995	-4.455225	-6.738626	-11.241645	-12.156405	-10.835946	6.216976	6.794161	-10.288595	6.695294	-12.146852	4.949150	-9.653612	-4.455229	7.336304	-11.241671	2.727381	-8.878589	0.081968	-1.442435	-6.791899	-6.735697	-12.095817	7.055372	0.730245	6.255897	4.634747	6.600983	2.846117
4743	5	-6.896879	-4.174356	1.248943	-9.358129	-7.162074	-12.160587	2.623600	-5.085307	-1.937523	1.575450	-8.910342	-2.172053	-5.056825	7.718330	8.533613	-15.458903	7.000022	-12.160588	9.048891	3.681000	8.533613	1.337814	6.994115	2.971436	7.468735	-8.194230	-4.500620	7.984261	-9.415797	3.079422
5069	5	-8.220591	6.980447	5.234069	-12.262928	6.873136	-11.499011	-10.867254	-7.570794	-5.078777	-9.350990	-9.356642	-11.499841	0.902485	-8.035833	-5.078777	7.030217	-9.356642	3.401979	4.874135	-10.265613	-5.078777	7.739777	-9.356642	3.499581	7.390539	2.335050	5.233381	4.830253	6.859926	3.499308
5205	5	1.510193	6.597466	6.252657	-12.311156	6.543124	-11.818746	6.590795	-11.248866	-1.665638	3.648120	-8.144270	-5.073535	-2.821195	-10.279651	-1.665638	-8.178715	-8.127080	-12.084058	-3.499903	6.611921	6.252657	-13.036288	6.543210	-12.092182	2.236573	-10.507851	-1.665638	-4.492461	-8.132197	-11.718731
5321	5	-9.216100	-13.973093	-3.248370	-4.794879	-7.510350	-6.848367	-8.315151	4.603896	6.798346	-10.379168	4.271994	-8.784308	2.265322	-15.329374	-3.248370	1.936901	-7.510350	-2.588853	5.629210	1.380758	6.707971	5.604784	4.221054	4.282726	4.728448	-16.767042	-3.248370	8.642320	-7.510350	4.272742
5336	5	-11.942913	6.984496	7.361338	-12.559612	5.338850	-14.473848	-9.789894	-9.950298	-4.891121	-7.109939	-5.815107	-13.799277	0.746653	-15.875026	-5.193130	1.448326	-5.871119	-9.463825	6.132455	-15.875057	-5.193130	7.512425	-5.871119	2.354696	5.229113	-3.723805	4.271738	6.898696	3.067515	2.352984
5407	5	-8.290263	-12.946291	-4.278046	-6.693515	-11.898056	-12.961784	3.409468	-16.371783	-4.328537	4.885493	-11.925760	-2.966089	-11.685555	5.344791	8.242531	-13.082405	7.273594	-12.961785	7.099808	-17.705429	-4.331723	7.435288	-11.927492	3.406678	3.439806	1.182941	8.127970	0.878145	7.029857	3.367483
5692	5	-3.181978	6.352402	7.883535	-13.306922	6.867854	-11.176647	-6.911551	-9.931069	-3.062389	-8.128725	-8.891723	-11.883553	5.950595	-15.721559	-3.062389	7.019620	-8.891724	4.320824	4.798836	-15.660127	-3.062389	1.730728	-8.891724	-1.478840	2.576339	3.012215	7.883204	-8.876636	6.867694	-6.732821
5740	5	-7.701024	-3.362795	3.549644	0.976894	3.106395	-11.323622	-13.100725	-3.362793	3.549644	-5.554754	3.106395	-17.779558	-8.458746	-14.216992	-1.952498	1.138309	-9.159446	-11.365877	-13.891900	-14.216991	-1.952498	-5.410284	-9.159446	-17.780304	-12.685033	3.733361	7.633778	-6.179324	8.735634	-17.779302
6002	5	5.419049	1.199008	4.698923	-1.754980	6.377177	0.641393	-12.920405	-6.258784	-2.732147	-6.109696	-6.262907	-13.694761	-8.077604	7.792497	4.791760	-8.481635	6.382642	-14.391882	8.318611	1.198516	4.698892	4.271000	6.377174	2.804429	3.077249	-12.557449	-5.524899	5.927068	-6.262908	2.745732
6057	5	-9.458516	6.378382	5.287492	-13.651038	9.372175	-13.374737	4.381424	-2.974433	3.700432	4.927361	4.520352	1.969497	3.267182	-13.039095	-2.967404	5.155568	-5.536951	1.958511	-12.995889	-11.105581	-2.951256	-9.904406	-5.536930	-13.374734	7.371447	0.640277	5.035154	2.212248	8.898919	1.969734
6097	5	-4.739516	1.282197	-0.134734	-9.299042	-5.203469	-16.577606	-10.153579	-5.475232	-2.683121	-10.778571	-9.866292	-17.232909	-8.541696	7.055596	5.896906	-12.186169	5.215753	-17.339046	3.746114	1.820738	5.875440	-0.250453	5.173483	-4.856623	2.030202	-10.703278	-2.683227	1.095114	-9.866292	-4.588576
6217	5	-10.408540	4.819210	7.461380	-9.663947	6.641615	-18.560449	-8.718894	-8.360498	-0.724908	0.897720	-8.527857	-12.793016	-6.475604	1.477896	3.333554	-3.990412	-0.499679	-18.560437	-3.713340	1.477889	3.333554	1.149610	-0.499687	-12.784012	-11.096897	-8.360498	-0.724908	-4.030653	-8.527857	-18.560439
6324	5	1.346493	-7.878803	-5.715868	3.039350	-10.947689	-3.759867	-4.118161	-6.367095	-5.715866	-5.219098	-10.947227	-15.944219	5.716076	4.137961	4.154482	2.994870	5.616042	-3.685957	9.785500	3.140755	4.154477	7.694419	5.616038	1.985239	5.119445	-10.557457	-5.715868	9.107968	-10.947691	1.985210
6639	5	-9.558310	-4.566776	-4.376836	-10.053895	-10.653236	-13.954643	-4.887445	4.772059	2.729570	-9.817067	3.922146	-13.954643	1.367819	-5.921451	-4.376885	1.342422	-10.686928	-8.017332	6.040663	2.204181	2.689642	1.660026	3.847186	-3.788528	1.113193	4.014145	2.728833	-5.748002	3.920756	-13.674581
6729	5	-11.338097	6.959910	6.457718	-14.515597	7.673422	-14.934311	-12.952344	-2.669666	1.923953	-9.891978	2.504363	-14.950030	-13.054233	-7.195613	-3.280435	-9.882982	-5.948491	-14.950553	3.120516	-5.879363	1.655033	6.199549	2.181430	2.272721	3.120474	-10.344702	-3.280647	6.202489	-5.948603	2.272711
6734	5	1.072355	-10.227203	-8.536338	2.803435	-9.276881	-7.911287	-1.151164	-10.164109	-8.536311	-6.874280	-9.275790	-16.503793	2.720307	4.056568	3.970048	2.258782	7.767179	-4.377571	-5.910267	6.303613	3.973328	-7.884861	7.894347	-16.603281	0.967372	6.256022	3.973298	-4.472093	7.893155	-13.929346
