28	6	-10.125870	6.798044	5.541870	-10.486380	0.753611	-5.966364	-12.868370	-9.497686	-0.504957	-6.527187	-10.437033	-5.966364	-12.478479	7.135788	7.353245	-12.948234	6.841849	-5.966364	4.054481	-12.219495	-0.647779	6.509165	-10.437054	8.021796	-2.632641	-9.497687	-0.504957	3.102972	-10.437033	1.970957	6.881236	4.052043	5.483866	2.572203	0.737834	8.021668
44	6	2.693686	-11.835664	-6.090818	8.453193	-12.077013	0.970260	4.723192	-12.440532	-6.090818	8.501779	-12.077013	6.786416	-3.090905	-10.070508	-6.090818	3.397423	-12.077013	-5.429677	2.105285	5.363822	6.922929	3.424234	5.847805	0.462719	4.307912	4.135226	6.922929	3.610906	5.847805	6.772970	-8.510959	6.487895	6.922929	-7.634665	5.847805	-7.473065
171	6	-10.839189	-7.215395	-9.758586	-5.459491	-10.436750	-9.111736	-5.512809	7.605543	2.487701	-5.464310	3.924638	-9.113748	5.637107	-12.499534	-9.758587	5.594414	-10.908793	5.863940	5.598298	-12.499279	-9.758587	5.245921	-10.908790	0.220768	10.924750	2.519926	2.432280	5.242493	3.705952	0.220598	10.963576	2.519926	2.432280	5.590947	3.705952	5.863804
190	6	3.607898	-11.973590	-3.541664	2.125111	-9.338745	0.030443	4.960762	0.670168	3.952917	-4.933770	6.493028	-6.329191	10.826608	0.669780	3.952833	7.106627	6.492169	6.628614	-0.984446	-6.368022	-3.504959	-10.492161	-9.338745	-10.412690	5.206476	-12.064441	-3.541712	7.813234	-9.338745	6.608736	9.141446	0.669780	3.952833	1.359870	6.492169	-0.097321
256	6	-2.383649	-9.620397	-4.173297	6.651134	-11.507638	5.375224	3.478045	-13.086027	-4.173297	8.531626	-11.507638	6.822893	-9.507100	5.364407	6.186566	-11.460557	6.817083	-2.899430	-13.238815	-9.620355	-4.173297	-6.232186	-11.507638	-2.904153	7.123169	1.851874	6.084758	3.196680	6.654948	6.927206	-4.334146	5.364407	6.186566	-4.092756	6.817083	3.292140
257	6	-13.122760	8.349981	5.322355	-11.922355	6.959477	-6.220906	-13.107628	-5.263395	-6.381667	-9.776717	-9.249336	-6.220906	3.967885	3.823723	5.322355	4.966998	6.938815	6.598558	2.244891	-6.626575	-6.967127	6.931214	-9.274353	6.032030	-1.130039	-5.265705	-6.385517	3.970392	-9.249429	5.357026	-1.156040	8.348056	5.322355	1.801357	6.959477	5.350362
360	6	-6.278500	-9.399123	-5.160065	-2.561639	-6.085017	4.987072	-2.332097	-9.399128	-5.160065	2.979474	-6.085017	5.521566	-10.653275	-9.399123	-5.160065	-6.350099	-6.085017	-1.608607	4.176713	-14.032265	-5.160065	8.131475	-6.085017	5.899523	-8.852075	7.141465	5.543991	-11.776130	7.031595	-1.651257	5.968330	2.347314	5.543584	2.742611	7.014064	5.899654
369	6	-0.229717	-8.402097	-0.228816	4.043328	-4.337157	4.765377	6.419479	2.584196	8.486684	2.352800	7.578724	9.626013	-9.462795	-8.211291	-0.228816	-10.277064	-4.337157	-5.769276	-7.792009	6.204711	8.499887	-14.788023	7.611911	-5.769276	4.019235	4.381716	8.499578	-4.388294	7.611129	4.754657	5.028241	-10.754194	-0.228816	6.754849	-4.337157	9.617068
490	6	4.018156	-12.242617	-3.961845	7.763551	-8.605343	7.383354	-14.762190	-5.789675	-3.961845	-10.010596	-8.594024	-5.864995	-14.759567	5.580861	8.157920	-13.348575	8.368773	-5.864993	1.458133	1.204702	6.616609	4.336785	6.355301	6.553395	1.679846	-1.682607	6.876549	4.437305	6.509518	6.672692	2.035524	-0.939124	7.249216	4.444025	6.621327	6.671245
593	6	3.611908	-15.444033	-3.719808	-2.432826	-9.657328	1.679024	6.958408	-15.607122	-3.719808	6.566886	-9.657328	6.606719	-5.708927	-10.567811	-3.719808	-9.538203	-9.657308	-6.676662	-5.320420	7.211857	6.618333	-14.249078	6.581143	-6.676662	7.236647	1.812867	6.579193	1.804538	6.467736	6.601426	3.931353	1.932084	6.594156	-7.351327	6.484549	1.611758
596	6	5.241443	2.196928	7.711957	-1.243634	6.579084	6.385961	-2.304712	-6.543988	-1.305509	-11.901256	-9.695934	-5.229381	10.613696	-12.818329	-1.305509	7.257407	-9.697426	7.259972	-6.550782	6.768383	7.711957	-14.016582	6.580063	-9.543838	0.976263	6.647387	7.711957	4.190032	6.580063	7.236208	6.296560	1.060602	7.711950	5.142230	6.569695	7.249201
721	6	-8.231805	-6.090861	-0.388231	-5.298896	-11.401456	-7.400682	8.188865	-8.514695	-1.743340	9.295074	-11.989698	7.346675	8.026609	0.539492	3.635900	8.499241	-4.465860	7.346560	-7.007895	2.152558	3.848774	-6.149125	-3.137992	-6.607439	-7.065897	5.654173	7.045359	-8.234127	5.736385	-6.649237	9.315568	4.106470	7.025049	6.334826	5.638065	7.347197
750	6	-8.533203	6.688896	6.600037	-7.893217	8.379376	-8.286818	6.254328	6.566042	6.598744	1.778105	8.378818	5.912017	6.181186	6.566042	6.598744	1.615316	8.378818	1.408073	-8.526089	-8.881403	-4.271509	-0.539519	-6.076479	-5.583504	3.821393	-9.003859	-4.276947	6.083212	-6.109472	1.392541	3.871451	-9.003916	-4.276950	6.256398	-6.109487	5.898971
765	6	-13.346139	1.768117	7.879334	-10.815359	0.452022	-11.245999	4.766677	0.955253	7.774588	1.493338	5.468446	6.987586	1.323704	0.272372	7.015316	1.520236	-0.925393	6.083711	-15.624455	-8.009531	-2.527469	-5.481237	-8.977618	-11.217567	-13.431059	6.746067	8.271584	-10.818516	5.667556	-11.245999	3.358689	-13.923178	-2.772594	6.848135	-9.174180	7.230720
798	6	4.282309	-14.037024	-4.571135	7.490706	-12.351974	8.113683	-13.244408	-11.604421	-4.571135	-8.819174	-12.351974	-8.735158	4.772881	3.407050	6.802330	-4.369336	4.895912	1.603752	-11.202000	6.214840	6.802330	-13.915791	4.895912	-8.735158	7.064864	1.714716	6.802330	2.407169	4.895912	8.113052	-1.701930	-11.708560	-4.571135	2.637869	-12.351974	4.109892
868	6	-13.791863	-6.635676	-4.955752	-8.058504	-8.578891	-6.691522	-12.853305	3.603323	2.491030	-9.193216	-1.967295	-6.692426	-13.820472	8.707867	4.067595	-13.353350	6.262498	-6.693141	2.159085	5.788042	4.067594	2.751346	6.262399	4.737108	1.830284	0.716419	2.418658	6.720000	-2.086054	4.612259	2.202049	-9.652723	-4.960345	8.085696	-8.642713	4.841552
912	6	4.108896	-12.223753	0.533168	7.635968	2.221142	8.369647	-12.275497	7.392674	6.853106	-13.555026	5.675660	-4.752605	-11.271794	-6.200726	0.643709	-8.550700	2.405431	-4.749218	5.542521	1.503768	6.788620	2.615963	5.516906	8.502983	5.048233	1.503768	6.788620	-1.518915	5.516906	5.898749	-1.304110	-6.354159	0.634058	2.712810	2.388035	4.921962
923	6	-6.635096	-0.080420	-3.797834	-8.790082	-3.791643	-10.441060	3.158718	-11.910441	-6.565173	9.180748	-10.191456	7.014511	-8.626074	7.596801	6.269891	-14.287722	4.740837	-10.443833	6.502696	1.776933	6.243043	3.683865	4.732814	7.013078	-2.424855	-0.080420	-3.797834	2.338736	-3.791643	-0.084850	5.690153	1.776939	6.243044	-2.941998	4.732814	3.782174
927	6	-10.174554	6.663852	5.994110	-10.486675	9.394652	-8.806013	-11.223113	-10.709909	-2.442355	-8.048587	-10.015937	-8.506279	1.981121	4.463605	5.942235	0.728306	9.394652	0.770089	1.958560	-12.830353	-2.443550	3.797285	-10.015937	1.185413	4.210893	-17.043601	-2.443888	6.624505	-10.015937	5.167469	2.484118	-1.162234	5.040782	4.858806	6.716931	5.147557
1108	6	-5.122695	-8.838699	-2.883171	0.804136	-7.166296	3.730267	-10.326024	8.186476	7.457916	-12.404820	8.399608	0.237257	4.111969	2.471192	7.457915	3.095026	8.391171	9.532704	-13.325378	-8.838698	-2.883171	-11.918552	-7.166296	-5.428696	-13.299340	-8.838698	-2.883171	-9.557047	-7.166296	0.237257	-10.352255	8.186476	7.457916	-14.766321	8.399608	-5.428696
1120	6	-6.259052	-9.892310	-3.789117	-6.802880	-9.590001	1.592751	3.554986	-13.419320	-3.789117	8.013050	-9.590001	6.791139	-5.517805	6.352955	6.619896	-12.272724	6.084806	1.280662	4.507979	1.565131	6.617566	3.131425	5.906299	6.721445	-10.940100	6.352955	6.619896	-13.808734	6.084806	-4.629426	-11.897824	-9.892310	-3.789117	-8.926162	-9.590001	-4.547343
1160	6	3.989782	-9.381195	-4.477954	7.356048	-7.913521	6.602255	-14.548918	7.147544	7.131475	-7.015957	9.670698	-9.272198	3.280393	4.114134	7.131475	7.219699	9.670698	6.546619	-1.591350	-6.200523	-2.483815	4.946298	-7.913316	4.676380	-12.998444	-6.196929	-2.471321	-6.959719	-7.913311	-9.263069	-9.015891	1.243064	0.955070	-6.835215	-1.646606	-9.072675
1209	6	-12.063279	5.002150	6.799220	-15.208740	8.410965	-9.188837	3.431694	-13.822033	-4.718205	7.649761	-3.614843	6.326512	3.431277	-9.089020	0.390241	7.648830	6.422922	6.326385	-12.729220	-7.537203	0.390244	-9.272053	6.422923	-9.190942	-12.728923	-12.270133	-4.718205	-9.271223	-3.614843	-9.190941	4.085617	3.007067	6.782726	1.706015	8.410965	6.482901
1218	6	-8.808377	7.076163	6.822082	-13.313117	7.687001	-8.044761	6.281758	-12.030242	-4.041332	7.928090	-4.261179	5.967929	-7.172674	-5.432626	-2.595405	-6.908626	-4.260984	-8.014047	3.913992	0.505798	6.822078	1.507077	7.658295	5.764325	6.588364	-6.406209	0.931764	7.913303	2.606161	5.969809	0.207281	-5.443268	-2.621508	1.851077	-4.260997	5.403936
1222	6	-12.592621	8.011923	5.470449	-11.465187	6.426968	-10.456341	-11.885941	-7.066736	-2.207069	-5.708401	-7.590484	-10.450094	-9.780033	2.882136	3.392512	-5.914698	-1.670772	-10.451646	5.049187	-9.244479	-2.644371	8.272957	-8.164511	5.556477	4.582296	5.847153	5.447057	2.544825	6.405773	5.379753	-5.537110	-7.066736	-2.207069	0.554338	-7.590484	-4.908513
1313	6	-10.969096	7.842786	8.300004	-14.863846	6.143273	-8.842369	-10.859259	-8.229087	-4.569276	-9.657263	-4.680409	-8.842369	5.423273	4.762910	8.299993	1.846309	6.139395	6.005011	5.553880	-11.357690	-4.569278	7.311540	-4.680471	6.176756	5.562737	-8.414269	1.403367	7.309008	2.355774	6.176765	-10.139158	-5.053785	1.407169	-9.659814	2.364935	-8.842369
1348	6	0.218375	1.982910	0.789082	-5.656803	-6.359552	-4.659295	5.720537	-6.820487	-0.764543	5.543550	-12.404686	6.705218	-5.208580	-3.075379	0.006457	-5.932277	-12.404672	-10.935078	-8.834928	6.361376	6.549424	-11.341786	3.964763	-10.935081	-3.368042	3.518289	0.789082	-5.932165	-6.350878	-10.928800	4.275194	2.717014	6.549417	0.376726	3.964330	5.843057
1350	6	-8.966195	-9.377413	-3.496828	-10.172728	-12.658503	-12.039124	-5.479588	2.602192	3.095825	-11.157519	-3.523901	-11.762005	-1.090577	-10.622382	-3.496959	5.106912	-12.706096	5.700352	5.059285	-15.870738	-3.496963	8.208501	-12.740929	6.578778	-8.791798	7.255928	7.619117	-13.655848	3.900848	-12.038452	-0.790034	5.028751	7.618722	1.857025	3.873514	5.819230
1387	6	-10.305739	-9.811154	-3.386164	-10.737618	-10.284059	-8.154018	-8.565044	6.788804	6.637605	-15.713869	7.259950	-8.154018	6.001596	-16.071189	-3.386873	6.315964	-10.284060	7.348654	7.714929	-0.815437	6.635052	1.318872	4.728636	7.347989	-4.678064	1.671102	3.182318	-15.711299	-1.885149	-8.154018	3.834406	2.981580	6.637605	-4.485214	7.259738	2.729589
1403	6	5.477007	-14.344134	-7.666274	7.191321	-9.190931	6.563416	5.463254	-14.344122	-7.666274	2.414113	-9.190931	0.529118	-9.048841	-12.029343	-7.666274	-7.311147	-9.190930	-6.449066	-2.976369	5.355192	2.424153	-7.097360	4.674299	-6.448371	11.373816	3.040273	2.424050	2.462563	4.658260	0.529355	11.387440	3.040273	2.424050	7.237751	4.658260	6.563554
1414	6	-10.212249	-8.226499	0.717563	-9.261569	-0.068716	-4.293827	-6.211351	5.518639	5.980649	-11.474577	7.965086	-4.294500	6.541092	0.861965	5.786385	5.402992	7.938980	7.423886	-10.212005	-9.738103	-1.799788	-9.129877	-5.534141	-4.293685	-1.435211	-8.394357	0.717340	1.953314	-0.068716	5.198113	-1.433844	-9.906093	-1.799816	2.085674	-5.534141	5.202689
1482	6	3.498506	3.349851	7.394254	4.237845	8.239958	6.050252	-13.196217	6.456071	7.394264	-7.870876	8.240087	-9.922701	4.621875	-6.897134	-1.862682	6.944014	-10.332896	6.344667	-7.300726	1.294625	3.150931	-5.609950	-3.994315	-9.920926	-4.572617	-3.752501	-1.844556	1.075576	-10.332875	-3.437020	-10.162691	-3.752501	-1.844556	-5.166888	-10.332875	-9.918483
1530	6	-12.037033	8.337997	6.272563	-16.427627	6.945473	-11.820067	-7.472328	3.326492	0.104467	-12.784006	-1.104041	-11.820067	-12.299049	-9.466457	-4.686312	-14.274767	-8.771199	-11.820067	10.949529	2.946578	0.104347	4.473959	-1.105973	6.697279	6.177442	-9.825329	-4.693501	4.469581	-8.773939	6.697279	6.414843	7.979154	6.272563	2.282923	6.945472	6.692867
1586	6	-12.476546	8.432145	6.902656	-12.261942	7.052916	-12.236816	-12.319172	-4.594133	-2.306038	-7.857346	-7.024959	-12.236603	4.242088	-8.267588	-3.463691	5.752630	-7.026355	4.679943	2.736746	0.565042	0.468097	-2.560431	-5.173684	-6.554512	-6.453277	2.764740	0.805338	-7.587833	-3.712346	-12.236507	3.951912	5.683531	6.889627	1.193852	7.052847	3.731518
1679	6	1.886229	-6.114752	1.094587	-2.706587	3.083355	-7.949036	6.353626	-10.442134	0.589351	8.150781	-0.531806	5.353784	7.478153	-8.281340	1.014324	8.150764	3.080679	5.356669	1.168929	6.097751	7.542221	-8.646636	8.885249	-8.700042	8.411060	1.996179	7.514306	2.187582	8.882479	5.357208	1.320331	-6.776199	0.623674	-2.707459	-0.531647	-8.525944
1761	6	2.032508	7.521441	6.674595	-10.973299	6.351954	-7.227491	9.230320	-15.215853	-2.319516	6.083839	-12.025483	4.448931	1.584275	-9.298865	-2.319516	-7.763441	-12.025483	-7.488856	-4.860869	-8.621676	-2.319516	-10.978877	-12.025483	-11.928772	-4.466622	8.847309	6.674595	-15.264997	6.351954	-11.774934	9.286735	2.251265	6.658946	1.395427	6.308765	4.395132
1803	6	6.018850	2.730239	3.731441	3.491502	4.503946	5.396420	1.120173	0.129968	-4.433848	-8.196080	-9.490793	-9.706681	-7.188941	7.705582	3.738584	-10.960367	4.504291	-10.348670	-2.926170	1.319846	-1.810746	-10.373103	-6.508190	-10.348670	4.307656	-9.448325	-7.801108	4.091862	-11.541889	5.396006	5.448351	-3.780750	-7.800809	4.091920	-11.541889	5.396438
1838	6	4.315052	-12.573041	-2.756355	5.744824	-7.414945	8.013842	-6.181185	-3.672534	2.763289	-11.575842	6.588109	-7.843569	5.952144	4.293296	8.353779	-5.267666	7.924092	4.112734	4.512901	-5.912870	2.749847	5.743421	3.822189	8.013862	-5.355310	7.619129	8.353779	-17.923779	7.924092	-7.843569	-8.285470	-10.511877	-2.756355	-11.574373	-7.414945	-7.843569
1860	6	-2.164323	-0.228145	-3.566975	-11.552930	-5.547050	-10.182910	9.540476	1.074067	3.005934	5.922592	4.909987	5.069245	6.687262	-8.409666	-9.503812	6.446734	-8.316197	5.068897	7.160936	-4.268810	-8.801248	6.446773	-8.286609	5.069124	-1.177089	4.876118	3.126881	-12.286205	5.835723	-10.158018	3.752923	1.602930	3.067812	-5.007846	5.321670	-4.455940
1872	6	-10.039159	-10.161352	-4.657663	-6.297282	-11.521717	-8.247395	5.497730	-13.115095	-4.657764	8.280579	-11.521717	7.116174	-12.128719	6.600431	7.785704	-12.227488	6.338630	-8.247396	-6.314918	1.652645	1.256327	-6.469124	-5.084901	-8.247395	-0.193946	-10.353916	-4.657687	1.851115	-11.521717	3.351886	3.350674	5.202326	7.785095	2.338088	6.338629	7.072772
1976	6	7.193489	-14.083952	0.132390	6.769680	-11.438882	-1.028827	-4.505958	7.447801	6.986289	-11.830128	6.388466	-9.580910	-2.005871	-9.112832	0.148396	0.065243	-11.436239	-4.634466	-5.958221	-9.112832	0.148396	-6.063652	-11.436239	-9.581064	7.360142	-14.083952	0.132390	7.820530	-11.438882	5.350743	7.930989	2.483432	6.910573	1.018696	6.381184	-1.028843
2054	6	-10.564067	-7.664365	-0.997437	-8.054696	-12.375354	-5.715183	-8.422054	8.868924	6.287117	-11.431859	5.913391	-5.715179	3.408200	-9.451557	-0.997437	5.642374	-12.375354	1.128464	5.202468	6.488430	6.287117	2.325365	5.913391	1.128221	7.077699	6.204692	6.287117	3.732831	5.913391	5.234208	5.044681	-10.008231	-0.997437	6.945476	-12.375354	5.234209
2057	6	-8.743015	-11.640938	-3.210487	-11.587961	-10.466839	-8.460355	-5.997341	6.273426	5.153701	-15.382306	-0.558231	-8.459816	3.084482	-16.248148	-3.237493	7.659138	-10.466875	8.680628	2.814353	2.188898	7.564631	1.682838	6.010538	8.584771	-3.526023	-12.188676	-3.219324	1.285844	-10.466851	4.448813	-8.948929	6.771430	7.698513	-17.532355	6.061817	-8.460358
2081	6	3.539745	-16.761941	-4.021402	7.003272	-10.449957	8.642222	-8.574486	7.140872	7.803010	-8.026559	5.939475	4.519998	3.092008	0.692912	7.602044	4.152831	4.916194	8.627808	-8.671063	-10.229102	-4.021297	-5.160354	-10.384526	4.520303	-6.161463	0.629116	1.150538	-5.477076	-4.886903	4.520193	-8.885509	0.805028	5.155681	-7.076134	0.229302	4.520014
2108	6	-6.115017	-4.940819	-4.280612	-7.634680	-8.533566	-6.314114	8.633066	0.966034	6.564105	5.815586	6.997776	6.242358	5.622156	-10.869672	-4.280613	8.427138	-8.534058	6.242358	-3.104899	7.040694	7.144825	-9.776762	7.355874	-6.256397	3.388330	3.849240	7.144792	-5.673905	7.354854	-5.554892	-1.576654	2.361295	2.208193	-5.915639	-3.914841	-5.570906
2116	6	-10.338427	7.670464	7.495335	-13.116693	5.634534	-9.230234	5.297892	2.504693	7.324824	1.966203	5.615745	7.381091	7.031757	-10.944761	-3.083674	6.799764	-7.441739	7.473007	3.531529	-10.597847	-3.073219	0.309582	-7.439225	-2.956690	0.139095	-0.390543	1.406123	-1.228800	-1.454053	-6.370629	-5.181626	-0.390339	1.406251	-6.396685	-1.453930	-8.949534
2123	6	-11.002972	-7.222007	-4.622304	-14.120727	-10.176980	-2.602544	4.809998	-10.407786	-4.622306	5.200421	-10.177041	6.796906	-8.292780	1.654222	5.078002	-16.667923	-0.661482	-2.602544	-8.726763	8.137537	7.214040	-16.669403	5.503161	-2.602544	-7.124755	1.202934	2.021712	-14.884920	-4.700962	-2.602544	7.630853	4.957674	7.214039	2.651160	5.503147	6.795581
2137	6	5.799795	-15.088419	-1.769969	8.253834	-7.880785	6.780969	-11.991332	6.279593	6.688302	-11.464949	6.095723	-8.527515	-11.044551	-9.190514	-1.750319	-8.768440	-7.880566	-8.527515	-1.332883	6.279211	6.688301	1.110909	6.095723	3.701257	-0.374604	-9.193311	-1.750357	5.355414	-7.880567	3.824006	4.356253	0.551681	6.467170	5.684327	5.765133	6.757789
2347	6	4.378516	-0.403132	2.257181	6.412344	5.045547	5.195207	-13.770609	6.577231	6.511729	-8.368454	7.341795	-5.059671	-2.922682	-10.308884	-5.746618	4.119535	-8.058380	3.975067	-14.756101	-10.305886	-5.746618	-2.957850	-8.058380	-4.563358	2.715204	4.024270	6.511565	0.782482	7.341791	4.114238	2.250496	-12.164411	-5.746618	6.094080	-8.058383	4.846832
2396	6	-10.187273	7.141230	6.909648	-13.917664	6.017504	-6.357242	4.420019	-14.956430	1.640200	8.261775	-7.323288	5.767925	4.381845	-13.159719	3.540375	8.144724	-0.626567	5.767925	-10.530107	-8.298832	3.568280	-8.682899	-0.612602	-6.357241	-10.488117	-10.113720	1.648311	-8.543779	-7.318823	-6.357240	4.832036	1.199811	6.349590	3.845690	5.952276	5.767929
2460	6	-8.598052	-8.498346	1.337467	-7.901746	1.610733	-11.834975	5.617824	-20.201802	-4.729879	7.290797	-8.189513	5.737323	5.429598	-14.582828	1.337467	7.285738	1.610732	5.711841	0.380283	3.176579	6.447878	-5.899267	8.133265	-7.958783	-8.462578	-14.102337	-4.729879	-7.895545	-8.189513	-11.830489	-7.565541	-2.675282	3.428624	-8.187510	1.931009	-11.788053
2546	6	-12.055022	6.972811	7.591999	-17.570117	5.112619	-9.213320	-12.002944	-12.224061	0.650831	-12.123219	-0.890632	-9.213320	3.630282	-13.636263	0.650831	6.016628	-0.890632	7.879055	3.630235	-13.667947	-1.518353	6.016684	-6.396933	7.879055	3.576391	5.588708	7.591999	0.565275	5.112619	7.626183	-12.003353	-12.255770	-1.518353	-12.123159	-6.396933	-9.213320
2627	6	-8.411976	5.877013	7.044785	-13.262082	7.374523	-12.390263	2.794586	4.329182	7.044437	-0.248660	7.332114	-4.534700	4.169162	-13.265888	-4.340495	3.446448	-10.937042	-1.101191	-11.238252	-10.718529	-4.340495	-9.607276	-10.885772	-12.457280	5.992355	-14.622011	-4.340495	8.551588	-10.943624	3.712295	8.360073	0.457264	6.215970	4.946019	6.636973	3.779572
2658	6	2.508331	-13.863458	-4.302471	9.263376	-12.668174	0.848083	-13.465022	-9.990412	-4.145966	-8.435633	-12.666482	-11.154983	-11.576941	6.106307	6.498214	-14.836676	3.412019	-11.154983	2.797161	-14.016813	-4.303696	9.282252	-12.668185	6.250988	4.495539	1.924948	6.357813	2.903423	3.408847	6.495358	4.329111	1.925748	6.357892	2.903052	3.408851	1.295892
2688	6	-5.423022	-12.125400	-5.728141	-6.882820	-9.350490	-8.245678	4.431272	-15.638569	-5.728141	7.744656	-9.350490	7.046326	4.855740	2.189228	5.341610	-5.745648	3.548637	-5.080489	8.708081	2.189225	5.341610	3.202826	3.548637	6.765914	-0.947587	-12.829388	-5.728141	2.950249	-9.350490	4.102891	-4.056041	5.702526	5.341611	-11.359893	3.548681	-8.695237
2704	6	1.205709	5.292758	5.057912	6.937239	-0.498258	5.803255	-9.938363	6.280334	7.176083	-8.746564	5.834965	-7.026898	-10.394666	-11.378297	-4.576696	-4.518687	-10.645414	-6.397949	0.522341	-11.378504	-4.576696	9.251983	-10.645414	5.723861	1.205645	6.276797	7.176083	5.040693	5.834965	5.789555	-9.938332	5.296299	5.057913	-6.850255	-0.498258	-6.902905
2759	6	-8.837440	-6.064290	-8.610200	-9.067717	-6.788638	-14.471845	7.377426	2.787938	4.099933	2.890947	7.024961	-2.408912	4.806934	2.787938	4.099933	-3.424791	7.024961	-5.682774	1.613749	-11.980636	-8.618623	2.027317	-7.854699	-3.346908	9.612190	2.787938	4.099933	7.836059	7.024961	3.889224	4.419759	-11.980861	-8.618623	8.516765	-7.854703	3.687003
2871	6	-8.212477	-8.541700	-4.771436	-2.320507	-5.753150	-8.709035	5.837863	-13.229079	-4.771437	7.408729	-5.807595	0.740659	5.988163	-13.306356	-4.771437	8.651402	-5.807712	5.464801	6.033679	-0.231617	4.305626	6.785385	7.262704	5.464802	-6.676186	5.944740	6.290784	-9.913038	9.140087	-8.709056	5.986646	-0.100694	4.569906	5.542719	7.527048	0.740671
2904	6	-14.326631	6.882456	7.708777	-10.149480	6.169445	-10.467482	-13.267771	-6.180298	-3.867560	-6.078514	-0.419376	-10.374337	5.036873	-10.837026	-3.867572	8.316991	-0.419509	4.851450	3.973157	2.194099	7.688596	4.254994	6.093631	4.775563	10.460662	1.919922	2.648547	7.608243	0.592518	4.849001	4.337771	1.930651	2.653518	4.153270	0.594566	-1.696123
2975	6	4.197885	-9.884636	-0.686640	8.155390	3.244016	7.461251	4.292874	-16.354172	-6.847050	8.155473	-5.001872	7.467379	-6.807962	6.342191	4.885492	-9.426851	5.631749	-5.467901	-11.112373	-11.464763	-6.847050	-6.758142	-5.001872	-5.522424	8.810495	1.398801	4.487367	6.331863	5.598543	7.557282	-11.170123	-4.989922	-0.686633	-6.758225	3.244101	-5.522541
3089	6	-9.757919	-9.489452	-4.077468	-8.675574	-8.780949	-8.581726	-9.557086	7.180871	6.125491	-13.300640	8.639540	-8.696575	5.296164	4.036298	6.124410	2.276339	8.639001	6.518507	5.104471	-12.479082	-4.077468	6.896303	-8.780949	6.657986	7.411288	-1.700118	0.923972	6.914776	3.683677	6.658070	2.522623	6.018089	6.125475	-5.116125	8.639532	3.221377
3092	6	-4.846971	6.361032	7.802501	-13.641603	7.414424	-9.569729	11.370396	-12.581496	-3.788849	5.942492	-8.351875	5.615915	-2.951237	-6.620092	-2.823179	-9.133490	-6.948343	-9.394862	9.908322	-2.960613	5.474371	2.380967	3.992362	5.615182	11.049503	-12.581496	-3.788849	2.996482	-8.351875	-0.596453	9.327492	0.393543	7.306968	2.376721	6.498401	5.615162
3106	6	-10.265237	-3.983734	3.202599	-11.829485	5.301922	-9.221129	7.950438	-4.391194	3.202207	4.407122	5.255693	8.192043	8.012662	-10.576053	-2.225618	4.966629	-4.432819	8.192043	-12.982372	6.407162	5.952191	-13.265939	6.452737	-9.221129	5.137309	6.008342	5.952188	2.720792	6.451206	8.191789	-10.204398	-10.177235	-2.225593	-11.308255	-4.431925	-9.221129
3138	6	6.205621	-16.835427	-4.413870	6.148933	-12.034811	8.015243	-5.545781	-10.693760	-4.321395	-8.664350	-12.018857	-7.003421	9.384448	1.493353	7.076945	3.201687	5.372375	8.015471	-2.453470	7.734928	7.302543	-11.744477	6.088470	-7.000186	4.240097	2.290409	7.169645	-8.671656	5.635252	-1.871158	-0.147256	-10.709290	-4.322367	2.656694	-12.019029	2.704997
3158	6	-6.506502	-6.585195	-4.180724	0.903279	-6.833000	-4.452387	-1.260159	-0.010686	-0.765980	5.303446	-2.157859	2.060504	-2.909222	0.101971	-0.708973	0.702036	-2.010148	-4.543445	-7.151240	5.667075	6.267749	-8.227325	8.377173	-9.312310	-4.706735	-6.586066	-4.180893	5.405741	-6.833284	2.065295	7.581350	1.489033	5.849943	3.165761	7.656347	4.539313
3175	6	-7.138680	-7.393542	-3.990614	-3.117328	-10.279165	2.985980	4.332662	-10.886822	-3.992196	7.630041	-10.280056	8.154153	-7.156123	7.334507	6.951894	-8.703359	7.587493	2.738608	4.390999	3.837459	6.944272	2.162854	7.558448	7.851201	-8.530677	-7.393542	-3.990614	-3.948284	-10.279165	-2.457858	-8.487200	7.334507	6.951894	-9.415279	7.587493	-2.717504
3191	6	-7.494250	-7.154356	-5.903883	-12.324316	-6.203417	-8.479965	-5.642738	7.053385	6.343872	-18.140553	8.025015	-8.479965	4.656677	-10.071267	-5.905642	5.200779	-6.203428	6.539038	2.089878	5.935292	6.342819	-7.140199	8.024977	3.838627	-0.870132	6.855086	6.343782	-18.048230	8.025012	-7.587130	0.246748	-7.567402	-5.904663	-3.063302	-6.203424	5.511831
3205	6	9.491260	0.613895	4.932136	5.439293	-3.208988	7.187558	-7.408713	2.380226	5.079810	-13.170932	-2.410291	-10.879422	8.235572	5.115304	6.970071	4.010741	4.326527	7.095408	-8.620150	6.815974	6.970075	-14.495880	4.326527	-10.883730	7.698479	-8.727821	-0.293029	6.585279	-14.950839	7.218755	-8.544097	-7.028183	-0.292846	-11.921322	-14.950839	-10.869593
3256	6	-10.130356	5.788948	5.396556	-5.998718	5.277411	-9.058753	-7.549640	-7.917230	-4.092131	3.994043	-10.416042	-3.756337	5.086450	-9.437805	-4.092651	7.240311	-10.416361	5.869290	-9.611645	2.780508	2.159576	-1.299719	-0.830998	-7.520886	-6.065860	2.777351	2.159161	3.811975	-0.831104	-3.761391	-11.086849	-7.916223	-4.092130	-1.041024	-10.416041	-7.183174
3283	6	6.592979	-9.898452	1.287466	6.485913	5.285567	6.097007	-6.989518	6.252542	7.887194	-12.119993	6.103308	-7.705426	8.108406	1.056076	7.631785	2.642669	5.992029	6.129414	6.593430	-14.699281	-5.151021	6.486003	-6.964401	6.097022	-8.777072	-6.089193	1.322076	-8.455360	5.299748	-7.805922	-8.776676	-10.907226	-5.150977	-8.455253	-6.964401	-7.805910
3303	6	-12.409612	-8.511615	-6.626506	-10.996979	-5.207383	-10.526418	-0.130051	7.117344	3.974274	0.783611	5.328759	0.742100	3.679357	-12.024546	-6.626507	6.601285	-5.208653	6.542750	-8.210339	7.980795	3.974274	-11.631057	5.328771	-10.526418	-4.098931	-8.586095	-6.626506	1.326215	-5.207509	0.675499	7.953855	1.843259	3.894699	6.044483	5.278917	6.591846
3366	6	-8.018303	8.570730	8.796342	-15.585057	6.449974	-9.322025	-5.701293	4.521014	2.518739	-10.540232	-3.970369	-9.321690	6.305470	3.817256	2.518731	2.426109	-3.976230	-0.036389	-9.457360	-3.392180	-2.488538	-9.156588	-12.071515	-9.321692	11.962842	3.760371	2.518729	4.575789	-3.977186	4.141928	8.755383	-4.209386	-2.488721	5.960161	-12.084175	4.143607
3376	6	-9.966009	-11.368254	-6.652206	-10.658230	-9.480351	-10.226271	1.191204	5.959675	4.442993	-12.964684	6.866928	-5.578042	4.486792	-14.906032	-6.652206	5.020279	-9.487639	0.306205	5.430185	-14.949435	-6.652206	7.131821	-9.487660	6.007633	10.150657	2.304033	4.442461	4.452116	6.583943	5.921948	-4.874229	6.006045	4.442993	-13.332323	6.867793	-10.239339
3402	6	-8.085219	-9.358816	-4.488775	-9.576930	-6.806796	-13.155183	7.946394	-14.195825	-4.488777	5.751265	-6.814056	4.975916	-5.478975	-0.378862	1.898810	-9.809845	-5.276033	-13.155625	-11.463677	7.659234	6.643583	-12.015707	6.697044	-13.156731	3.241153	-14.056092	-4.488777	2.290688	-6.814029	-0.926134	4.539886	2.822889	6.642675	3.313028	6.406612	4.974634
3461	6	-12.319938	-10.214495	-1.512474	-10.303025	-10.898945	-9.978457	-12.740661	5.433473	5.648681	-15.202117	2.093521	-9.986225	4.374204	-12.133538	-1.512474	6.330374	-10.956112	7.407164	-0.104757	-10.402956	-1.512474	3.541269	-10.908303	6.742644	-12.098137	2.155204	2.692179	-10.434410	-1.487289	-9.973377	3.886624	3.802144	5.646303	1.357160	1.936507	7.387876
3484	6	6.825895	-8.553719	-5.929869	3.374206	-8.105257	8.860364	-4.719756	9.289535	3.948214	-8.876237	6.388475	-6.149843	-6.884429	-5.318561	-4.997774	-9.073039	-8.078743	-6.152891	3.911466	-7.371504	-5.742475	-2.211635	-8.102271	7.952324	6.110868	6.259676	3.924525	-2.075654	6.388247	8.106732	8.996443	5.775974	3.913903	3.273239	6.388110	8.860298
3514	6	-14.308097	-11.896485	-0.853273	-11.175196	-9.643812	-8.589088	-11.485042	6.144479	7.423743	-15.117563	6.707971	-8.589088	4.594024	-0.671883	7.307581	3.208229	5.720073	6.955660	2.972887	-13.707617	-0.853273	7.185179	-9.643812	6.730364	5.612828	0.331784	7.288765	3.207843	6.294761	6.939894	5.730987	0.970248	7.226270	3.207346	6.205376	6.905618
3551	6	-10.932102	-8.692025	0.071013	-7.323110	-9.239483	-9.533898	6.063074	2.952291	8.482878	1.912067	7.197733	8.942093	-9.299975	6.082984	8.658002	-11.505167	7.198205	-9.486911	-2.172103	-8.739026	0.070766	3.736854	-9.239484	5.272626	4.272112	-10.567484	0.065388	5.742975	-9.239509	8.792218	-0.817042	5.965914	8.655896	-0.131514	7.198205	6.241680
3598	6	-10.658468	-9.784489	-3.937032	-11.715390	-6.913935	-2.813643	-9.249684	6.152581	6.540241	-17.359456	6.531799	-2.813643	2.854298	4.985434	6.540240	-5.193306	6.531798	4.203510	-3.079342	-9.814445	-3.937032	1.181292	-6.913935	3.253435	4.520254	-12.058222	-3.937032	6.939957	-6.913937	9.497508	5.562825	2.995647	6.540230	1.294214	6.531678	9.363603
3604	6	5.112865	-17.184047	-6.734708	8.993872	-7.977954	9.135094	-9.932281	-12.180835	-6.734708	-7.152170	-7.977954	-8.424485	-9.451806	6.277349	4.611305	-8.619314	5.193452	-8.424399	0.044547	-12.181177	-6.734708	8.990274	-7.977954	8.448390	0.645393	6.274609	4.611305	7.525626	5.193452	8.793683	5.250823	1.260732	4.366705	7.667631	4.470262	9.135233
3637	6	4.225520	4.955547	7.116527	1.961283	4.186945	7.254880	-2.523987	-12.251757	-3.527439	6.216747	-10.310164	3.368755	-12.280863	-12.222462	-3.527439	-5.567319	-10.310164	-9.212707	-11.874793	6.204402	7.116527	-10.233680	4.186945	-10.798808	3.811432	-13.303045	-3.527439	6.622937	-10.310164	7.173104	-2.085923	6.164627	7.116527	1.597098	4.186945	3.684101
3654	6	3.662461	-13.983140	-2.545942	6.159939	-13.984794	7.382206	-13.743479	-8.967224	-2.545545	-12.683846	-13.984786	-9.401731	-12.340340	5.569106	8.612527	-13.796317	5.269786	-9.401731	1.430578	-1.113646	8.586451	4.288596	4.154298	4.336786	1.711817	-0.750482	8.588772	4.274680	4.561775	4.050945	1.433529	-1.162545	8.586497	4.304607	4.142693	4.457966
3665	6	5.068059	-11.245152	-9.165453	7.853965	-9.397692	7.524107	10.124754	2.427784	2.871992	7.551746	7.884419	7.524610	5.268490	2.459477	2.872007	2.851298	7.884516	0.957296	-7.841310	-6.885481	-9.165453	-4.550512	-9.397692	-10.906275	-2.636274	6.837547	2.872130	-4.439044	7.885351	-10.888552	1.618458	6.319860	2.872130	-2.358979	7.885351	-4.467012
3673	6	-9.045037	-10.653847	-8.025374	-2.852874	-7.811540	4.331141	-12.316554	5.434373	4.362010	-6.472499	7.146935	-6.140359	2.602607	-13.036993	-8.025376	6.543017	-7.811551	9.021590	-15.285310	-10.651888	-8.025374	-5.933447	-7.811540	-5.390945	5.102462	0.970969	4.321001	6.388592	6.471861	9.379485	-6.076721	5.419111	4.362008	-3.401607	7.146897	4.087508
3687	6	-12.404599	-5.634220	-5.349496	-10.545593	-7.872484	-8.986960	4.923082	-10.063007	-5.379771	7.443674	-7.872484	6.052474	7.537518	2.042552	6.525637	3.565109	6.214773	6.053972	-9.923664	6.585361	6.672830	-14.528000	6.217704	-8.986960	3.541379	-9.865378	-5.379751	1.019875	-7.872484	-0.467186	0.013554	-8.311316	-5.379088	1.744893	-7.872484	3.890342
3692	6	-7.503608	-5.469036	2.115792	-4.154634	4.722971	-10.938142	-9.214874	-8.217211	-1.620538	-4.115724	-2.597513	-10.938203	-11.430625	5.953037	5.533642	-8.807073	8.807110	-10.938410	3.335367	-10.607158	2.115640	8.646908	4.604808	4.971014	1.485470	-5.510465	2.115786	5.512765	4.716711	-1.450389	3.232933	-12.981148	-1.620538	8.681062	-2.602628	4.932946
3878	6	-8.680875	9.274150	7.579665	-12.240649	4.184130	-9.495444	-6.661455	-6.696942	-3.167588	-9.392772	-13.566614	-9.480880	7.028302	-11.495450	-3.167643	7.278866	-13.566614	7.788442	5.018707	5.718197	7.579658	4.432745	4.184130	7.788266	-1.689493	9.100988	7.579665	2.709426	4.184130	6.584074	0.475997	-7.345055	-3.167629	7.240397	-13.566614	7.690597
3880	6	-5.126695	4.406911	3.880209	-4.005954	4.454774	-9.527147	-6.487867	-9.589355	-4.952545	-3.528830	-7.331910	-9.456774	2.564501	-11.707193	-4.952549	2.908117	-7.331911	-3.932589	4.142613	1.825491	3.879789	2.697122	4.250640	-2.531012	3.705134	-12.121847	-4.952549	9.418099	-7.331911	3.680376	5.229177	1.822954	3.879787	9.234601	4.249630	3.710315
4102	6	3.900683	-9.464097	-3.816638	7.733880	-10.225329	4.676584	-10.234172	8.223616	7.039308	-14.774191	7.059259	-10.923884	-5.374507	3.683247	1.331206	-8.245167	-2.823459	-10.559321	-11.563844	-6.008739	-2.832522	-8.247353	-10.218826	-10.924295	5.238753	3.795294	6.991783	1.273638	7.057428	4.677466	-0.163413	-6.764408	-3.188108	3.888098	-10.222223	4.405980
4147	6	-9.274410	6.612216	4.314322	-9.319325	6.360390	-12.546376	-9.734335	-6.574606	-5.159417	-5.057587	-4.589160	-12.546376	3.974140	-12.679731	-5.159765	4.368918	-4.589615	0.207832	7.728223	-12.681776	-5.159765	7.054305	-4.589615	5.620454	6.936515	0.452524	4.314098	2.789845	5.295316	5.619407	-5.204825	-6.574606	-5.159417	1.491609	-4.589160	-6.406876
4207	6	-5.987553	4.190298	2.061115	-8.269271	-6.874186	-5.463947	-10.509807	-6.914872	-4.495482	-8.060131	-13.097829	-5.463947	-6.299890	-6.914872	-4.495482	2.502295	-13.097829	-0.264777	-8.779968	7.351649	4.910928	-14.085976	4.883486	-5.463947	4.997237	-11.083059	-4.495482	5.314549	-13.579975	6.414636	-1.625636	4.190293	2.061115	2.474682	-6.874187	-0.264968
4279	6	-6.041329	5.390609	6.820474	-15.432263	4.727313	1.281151	-10.557150	-8.464354	0.882078	-11.037488	-10.297675	-5.083212	-9.808886	-8.464354	0.882078	-9.691143	-10.297675	1.281148	4.836537	-14.252769	0.839755	7.357841	-10.297680	7.211549	-6.789600	5.390610	6.820474	-16.778617	4.727313	-5.083212	3.624372	1.129170	6.747744	-4.280222	4.632385	6.484274
4280	6	6.599549	4.551883	6.724989	1.458243	5.626276	8.035804	6.934191	-13.145613	-3.333889	6.634987	-11.871186	8.039019	-2.585324	8.923404	6.809936	-10.300278	5.720554	1.465256	-9.373879	-8.629604	-3.289507	-9.463121	-11.699650	-2.281574	-9.155453	8.923408	6.809936	-14.634470	5.720554	-2.281574	-5.857198	-8.629604	-3.289507	-5.426259	-11.699650	1.439459
4325	6	7.448437	1.709357	4.166273	0.349184	5.586356	8.180422	3.798451	-13.727323	-7.590196	5.799503	-7.388050	9.043263	-6.707866	-8.626599	-7.590196	-6.096252	-7.388024	-6.453117	4.659870	1.709377	4.166273	-5.393077	5.586357	5.558124	-1.696637	6.810776	4.166273	-11.151763	5.589103	-6.219196	-1.681740	4.211577	4.139053	-11.061545	1.192923	-6.214676
4327	6	5.491533	2.190578	6.428227	5.496432	8.253847	6.774791	-10.725135	-8.965997	-2.169134	-6.248968	-9.002639	-5.549082	2.863661	-2.307091	1.145475	7.816286	-8.798386	6.167670	-7.168875	8.283063	6.428227	-8.980036	8.257485	-5.539492	-1.156007	-8.966038	-2.169134	1.677013	-9.002639	4.133854	-7.198747	-0.501075	1.248770	-6.461421	-8.274539	-5.536480
4329	6	-12.749281	-8.682140	-4.492224	-11.381408	-9.837009	-12.551417	7.718851	1.079370	5.012549	2.693024	5.335561	6.039559	-9.043335	7.369577	5.147710	-14.023080	-0.084800	-12.551417	-9.079106	7.377432	5.390210	-14.499046	6.143275	-12.551417	4.539478	-14.050970	-4.806537	5.041927	-10.006525	6.039309	7.789946	1.058751	4.597404	3.678309	-0.944459	6.039750
4340	6	4.140971	-16.090043	-3.622657	8.213489	-10.732172	7.968402	-1.276501	6.421080	6.514302	4.330492	5.982596	3.105029	-7.578111	-10.752387	-3.622657	-3.545895	-10.732172	-7.884948	-1.798928	-10.752387	-3.622657	4.742105	-10.732172	2.464645	4.490888	0.845365	5.605239	7.024763	5.127263	7.980410	-7.231567	6.421082	6.514302	-6.011694	5.982596	-7.914221
4408	6	3.871992	-13.506165	-1.034746	6.468028	-10.659498	6.181888	-11.164516	5.902393	6.569811	-10.706265	6.078203	-9.505845	-6.771296	0.734937	2.416179	-9.466552	-4.458676	-9.505789	-12.832092	-10.036364	-1.034746	-8.447661	-10.659498	-9.505844	-11.078200	1.773279	5.901110	-10.691667	-0.499318	-9.505845	5.552700	1.482339	6.350604	4.225945	6.062164	6.234190
4442	6	-6.086121	-9.446714	-3.015348	-9.310064	-9.277309	-10.063464	-0.638150	-9.447498	-3.015348	1.572035	-9.277309	-1.617702	5.619285	-12.443060	-3.015348	8.258667	-9.277309	5.503021	4.944963	5.629214	6.915659	4.502684	5.088968	5.402073	-6.954698	8.622071	6.915659	-13.086252	5.088970	-10.108417	-4.796517	3.230007	5.156344	-11.130871	-0.516209	-10.097824
4483	6	-10.163196	7.096677	4.413156	-14.096043	5.479112	-8.209392	-13.559776	-7.564028	-3.595947	-10.938275	-8.446702	-8.213314	-7.472351	1.938362	-0.144418	-10.939441	-3.287351	-8.185918	3.146818	-9.859442	-3.642162	6.900033	-8.446776	6.945242	-3.287865	-7.564028	-3.595947	2.135446	-8.446702	3.475805	8.190604	2.030047	3.922236	4.765236	5.304101	7.552587
4581	6	3.566329	-3.468485	-4.626212	6.690283	-11.522692	0.237211	-3.107143	4.171966	1.120624	-10.169411	-6.911426	-8.895031	4.018952	-5.783563	-4.650412	7.057372	-11.531387	5.389749	2.038268	3.637282	1.119481	-3.837387	-6.911472	-2.292108	5.234487	2.666555	6.914700	3.655493	3.626369	0.315287	-5.796298	6.377865	6.927462	-13.387235	3.626382	-11.003678
4582	6	-12.138822	9.217193	7.389520	-13.416904	7.542146	-7.470448	-10.589953	-3.828510	-4.662451	-10.564840	-10.281522	-7.470448	3.384238	8.461246	7.389520	3.466713	7.542146	6.016319	-6.366567	2.286491	1.150808	-10.687534	-4.906670	-7.470448	9.172487	1.433262	1.150406	6.281740	-4.906805	6.017072	5.110169	-4.662066	-4.772384	6.404121	-10.295583	6.017071
4603	6	-7.866405	-10.046568	-3.145097	-11.905026	-10.923161	-12.468716	6.056040	-14.158922	-3.145113	7.017654	-10.923161	0.451519	7.883668	-15.166276	-3.145113	7.050429	-10.923161	6.322434	-8.788036	6.654039	7.931665	-15.359827	7.878745	-12.468716	5.074270	3.250145	7.877199	3.562287	7.878740	0.451158	6.904287	1.997769	7.645885	3.596861	7.878691	6.322426
4821	6	-9.123206	4.677476	8.454988	-15.726728	7.365213	-5.962251	-11.312262	-6.561411	1.904985	-12.482765	3.192767	-5.962251	4.125860	2.153757	8.451361	1.185558	7.364836	6.729829	2.416579	-15.327326	-4.495524	5.311104	-6.313137	7.057180	-11.112325	-13.297384	-4.495524	-12.289089	-6.313137	-5.962251	2.214371	-8.464716	1.904985	5.061934	3.192767	7.039045
4839	6	5.363206	-11.026714	-3.734334	7.027296	-5.645364	5.672049	-10.921080	-6.343583	-3.683197	-7.409754	-5.629159	-7.426237	3.933925	6.775508	7.361685	4.261403	5.153082	5.505109	-12.346490	9.541676	7.361698	-10.210423	5.153104	-7.430093	0.771390	-6.458742	-3.690632	6.411121	-5.631541	4.305537	-6.853690	2.250400	1.541720	-7.590795	-1.557044	-7.333293
4881	6	-3.531564	-10.334285	-4.133784	1.761314	-8.280140	0.850402	-0.068838	-14.273104	-4.133904	5.906033	-8.280188	6.639824	5.393786	-16.025545	-4.133905	8.204280	-8.280189	7.744115	-5.038111	-10.107212	-4.133740	-7.620942	-8.280122	-9.481067	-1.574244	1.462403	5.928750	-10.266893	7.617282	-9.394597	-1.284632	0.462937	5.699945	1.771490	7.144833	1.543556
4885	6	-10.060489	7.461765	7.989099	-16.699684	5.777752	-8.377673	-10.980333	-8.325141	-3.553666	-13.342308	-10.436458	-8.377673	-9.144880	5.927990	6.535967	-15.624399	-0.159649	-8.377673	5.493843	4.681649	6.535967	3.705964	-0.159649	7.922073	3.662341	-9.540585	-3.553678	5.688061	-10.436458	7.917406	4.561679	6.216756	7.989099	2.556871	5.777752	7.910183
4910	6	8.252450	-13.384005	-2.525411	7.532013	-4.162447	7.137843	-9.867383	6.121597	5.732254	-10.633901	7.184291	-9.538833	-9.884209	-8.432888	-2.525411	-7.032358	-4.162297	-9.538833	7.990560	1.188752	5.655774	4.045444	7.141846	7.137833	8.238554	-10.296914	0.478449	7.531465	3.666632	7.137843	-9.898001	-5.299277	0.479394	-7.032906	3.679561	-9.538833
4968	6	-5.459354	-6.643967	-0.275396	-8.711173	-7.916822	-8.732849	-3.673546	9.452824	8.540133	-13.631131	7.744540	-8.732849	3.485771	3.454501	8.402112	-8.505177	7.597598	1.074800	1.954144	6.502423	8.524704	-9.132618	7.728086	-6.669464	6.182868	-13.280756	-0.834549	5.629150	-8.791438	7.068741	7.975949	2.817801	8.329946	0.555922	7.520969	7.065263
5136	6	-9.527724	-11.712761	-3.834288	-5.612300	-9.648967	-13.629132	2.405437	1.063083	7.345062	1.564507	5.310344	-1.538656	1.848505	-18.279193	-3.834288	3.974877	-9.648967	-1.358255	-9.101568	7.638895	7.706013	-8.624027	5.379513	-13.655968	5.793156	1.061582	7.344068	4.983019	5.309992	5.044828	5.327563	-18.286151	-3.834288	7.608263	-9.648967	5.047003
5178	6	4.192408	6.263556	6.739099	4.570177	-1.038192	5.240926	-8.033508	8.789155	8.916596	-7.650740	5.014568	-8.933664	4.091768	7.397205	8.916592	4.553963	5.014452	5.233853	-7.943839	7.693716	6.739141	-7.643554	-1.037565	-8.933664	5.142599	-4.693747	1.684615	9.565477	-8.051402	5.261516	1.253385	-3.361950	1.684651	4.629920	-7.914605	-3.835300
5253	6	3.331873	-8.219969	-3.309138	7.113263	-11.601656	9.585260	-12.755276	-4.945173	-3.309138	-9.612155	-10.333042	-7.271177	5.476888	3.022408	5.768757	1.707684	4.276186	9.222671	-2.580764	-4.945174	-3.309138	-3.626057	-10.333043	4.418997	1.500733	8.072123	5.769724	-5.130131	4.469514	5.398753	-10.631337	8.172515	5.769725	-15.096443	4.469947	-7.190977
5271	6	3.056221	5.063790	5.508349	4.490246	0.715248	5.895328	2.930369	-11.363373	-5.375587	8.684286	-7.838563	5.872847	-12.029758	-10.056193	-5.362088	-10.441850	-7.838563	-6.601120	-11.955682	6.584538	5.549491	-14.769275	0.715878	-6.618441	-12.252589	6.584539	5.891369	-14.947565	4.275140	-6.618779	2.719728	5.628510	5.870660	3.865174	4.275026	5.748953
5301	6	-12.368648	4.633584	8.721137	-7.065040	6.564306	-9.278741	5.823555	2.539229	8.629312	7.039359	6.535057	7.050920	-10.586634	-12.507733	-3.786621	-5.355096	-4.871992	-9.278738	6.820514	-14.599374	-3.786622	8.290433	-4.872924	7.052259	6.696062	-7.215782	2.657785	8.259370	3.421835	7.052202	-10.751045	-4.937658	2.698028	-5.413176	3.706601	-9.278738
5305	6	3.996201	-16.045567	-6.338871	5.712988	-11.704003	8.752882	-2.117460	-10.030471	-6.338871	2.570519	-11.704003	7.540087	-14.740335	-10.030471	-6.338871	-6.421350	-11.704003	-2.590906	-8.418741	7.049414	5.945289	-8.938209	5.996618	3.714057	7.476580	0.513546	4.909844	3.029425	5.996384	8.814920	-14.546268	7.049414	5.945289	-11.587859	5.996618	-2.789174
5322	6	-12.042512	-7.785524	0.830974	-7.595107	-11.572689	-10.453893	-12.593519	2.691652	7.205008	-13.731659	-1.010719	-11.441340	3.736557	-9.416683	0.830974	8.228508	-11.572878	6.874384	-12.615496	6.483059	8.254682	-13.731663	5.603804	-11.441410	2.831399	5.384134	8.254682	2.087077	5.601641	6.475638	2.843539	1.554512	7.053319	2.087286	-1.377488	6.480209
5325	6	-11.288232	-6.457349	-7.749873	-6.066436	-11.686082	-9.230490	-0.216256	-6.542927	-7.751090	1.689003	-11.686082	8.409888	-9.354642	5.129275	5.009530	-12.127964	6.530846	-8.980285	-2.999398	-6.459211	-7.749901	-1.259888	-11.686082	6.877899	6.398160	-12.156944	-7.760784	4.131543	-11.686083	8.980895	3.519621	1.727048	4.844938	-3.940964	6.431062	6.412166
5478	6	-10.635725	7.210996	6.620227	-7.983795	8.157509	-7.488622	-11.968657	-5.259129	-4.477964	-6.256970	-5.889768	-7.488622	3.473590	-0.088487	5.299800	7.617382	5.160911	6.946013	4.676967	-12.258952	-4.500474	9.323982	-5.889768	6.969905	-0.064678	7.196018	6.620226	5.874086	8.157509	4.624071	-1.553416	-5.259173	-4.477966	3.527313	-5.889768	4.622654
5576	6	-13.085903	5.523680	8.624067	-14.773840	6.909620	-12.230351	6.914740	-11.155365	-2.898115	6.660998	-7.533822	6.748898	-11.233742	-5.740959	-2.898111	-10.519196	-7.489638	-12.230350	-9.332090	2.200773	2.560683	-10.519610	-1.667639	-12.230343	4.937596	0.074098	8.585892	2.402946	6.895069	6.689298	3.542512	0.074428	8.585935	2.376238	6.895079	0.115362
5701	6	-9.102209	6.956497	6.143905	-15.350712	5.857768	-9.914105	-7.270272	1.508277	-0.745704	-9.188466	-1.487131	-9.914105	-11.392194	-5.401685	-4.789758	-9.188466	-8.277817	-9.914105	5.593339	-8.453647	-5.319119	3.438466	-8.277818	0.577344	7.602547	2.362092	5.768841	0.449465	5.857482	4.747663	6.070242	-8.839532	-5.340115	6.560163	-8.277818	6.684715
5765	6	-11.163471	-6.375621	1.371798	-12.442525	2.152720	-13.447727	3.899339	5.495810	7.240311	1.840874	9.015639	4.946874	-11.762653	-10.606499	-5.037310	-12.068227	-3.870785	-13.447727	-11.127903	6.205247	7.241120	-16.046914	9.028910	-13.447727	3.511230	-11.300702	-5.037337	5.705293	-3.872965	5.001619	3.872546	-7.208975	1.347506	5.467328	2.096274	5.001697
5794	6	-9.638559	-8.470515	-3.918728	-9.695548	-7.698839	-12.371543	6.541642	-13.999100	-3.918734	8.342486	-7.698902	4.834401	-11.965629	6.928548	5.572274	-14.340367	-0.072612	-12.371917	-11.995897	7.217416	7.348773	-15.570849	5.311198	-12.371917	4.084414	1.865916	7.347476	2.151962	5.290505	4.807037	4.214466	1.490281	5.533629	3.771803	-0.128042	4.826543
5795	6	4.324646	-8.947608	3.056313	6.665113	0.655985	7.966888	-10.042325	5.203424	7.914072	-14.729428	7.442238	-8.716322	-10.826414	-10.216136	-0.795628	-10.365722	-1.826964	-8.716322	5.016247	2.092674	7.867081	2.313006	7.439373	7.937634	-11.083363	-5.697333	3.080650	-10.379251	0.746455	-8.716322	4.573896	-13.271586	-0.795672	6.678892	-1.826964	7.967257
5805	6	-10.136608	-10.935162	1.420200	-3.494848	-10.548793	-4.887203	3.699653	-14.417602	1.420200	7.180476	-10.590087	6.198284	5.398607	2.120921	7.462885	2.968694	7.630977	6.198284	0.655786	-10.940389	1.420200	2.604568	-10.548954	6.198273	-8.500338	6.865816	7.467462	-7.791003	7.949100	-8.807176	-10.097930	-10.935162	1.420200	-3.492691	-10.548793	0.682876
5812	6	7.521986	-13.840732	-6.230632	9.467769	-9.376860	5.013973	5.456504	-13.120528	-6.230632	9.231754	-9.376860	0.681140	-9.759754	-8.761489	-6.230632	-4.183485	-9.376860	-5.694987	-10.507876	6.364736	6.009495	-5.500294	4.398638	-6.707119	4.780187	2.695046	5.996378	7.909325	4.390901	0.639354	7.340484	1.117765	5.229651	8.164652	4.089778	5.013520
5858	6	3.554685	-11.557708	-7.472591	6.121645	-6.170017	6.803905	5.404719	3.233586	4.825497	3.637013	7.930411	6.810661	-13.262611	9.504036	5.013896	-12.355500	7.990467	-10.165502	-14.165570	-4.673550	-6.025576	-9.737012	-6.115779	-10.230790	3.374736	3.902112	4.893333	2.882176	7.952955	0.183183	1.397716	-5.852610	-6.651905	5.014585	-6.150275	0.151912
5889	6	-9.941355	6.319807	6.507812	-11.325592	6.216777	-6.574059	-8.665508	-7.933204	-3.235387	-8.817860	-11.769336	-6.574059	5.349847	-12.772685	-3.700893	7.832594	-11.773630	9.009439	-7.805861	-0.583672	1.420064	-9.017029	-6.966409	-6.574059	4.233042	2.463084	6.344039	5.442373	6.052593	9.007965	-9.672022	3.865480	6.280264	-11.158880	-0.217324	-6.574059
5899	6	-8.932177	-0.314643	-1.065096	-7.585567	-8.282548	-8.282038	4.398261	-9.468948	-4.848816	7.171194	-11.313533	7.498648	-13.330228	8.240260	5.342853	-11.059410	7.038574	-8.282046	-1.079799	-9.442948	-4.847821	5.359727	-11.313533	7.493446	4.945930	4.132965	5.258564	3.955097	7.035299	7.498578	-0.491639	4.136268	5.258762	2.198815	7.035311	7.488606
5908	6	6.120650	-14.647217	-1.568932	7.156697	-6.286044	6.098604	-12.135197	-10.494176	-1.568932	-7.418682	-6.286044	-12.703147	-12.116016	6.995357	8.364313	-13.734106	7.009068	-12.703148	6.120377	-14.139016	1.618425	7.147322	0.603514	6.098604	-12.135469	-9.985975	1.618425	-7.428057	0.603514	-12.703147	5.451557	2.843093	8.363787	0.841103	7.005910	6.078017
5986	6	-2.856133	5.962670	4.559748	-6.471660	7.726081	2.987479	-13.735408	-11.099374	-7.203504	-10.396086	-6.842268	-3.287144	-7.337541	-11.099376	-7.203504	-5.144960	-6.842268	2.993263	3.924484	-14.099416	-7.203563	5.868236	-6.842270	5.946045	-9.360234	5.963584	4.559748	-11.709475	7.726081	-3.287245	4.894967	0.208507	4.559577	4.572617	7.724457	5.951431
6147	6	3.739324	-14.643524	0.293148	5.127076	-6.905886	-0.411164	-7.839955	7.205763	7.314435	-2.991771	6.818476	-11.693164	4.566219	1.467906	7.313017	0.959878	6.738529	-0.420569	-8.769885	-9.127719	0.293148	2.094968	-6.905834	-5.691178	4.568886	1.467788	7.313016	2.759328	6.738516	6.140978	3.741921	-14.644912	0.293148	6.883773	-6.905886	5.968407
6150	6	-1.773597	-6.402272	-5.365559	3.466895	-12.687121	-1.529490	8.510585	-10.843080	-5.955238	9.489595	-12.840584	8.593148	-7.626846	-5.898638	-5.169493	-3.764421	-12.625433	-4.794054	-6.253293	7.665569	6.704971	0.579889	5.475499	-1.550176	3.978537	2.692821	6.379929	6.855154	5.458363	8.593041	-12.104061	7.665569	6.704971	-6.500369	5.475499	-4.794065
6295	6	6.287949	-15.527417	-1.022999	6.272997	-9.828289	8.457391	6.264962	3.186193	8.934494	3.179825	7.549980	8.430903	4.659139	-3.444034	5.096247	3.271892	1.922381	8.359330	-8.603065	6.828717	8.934494	-11.707868	7.559839	-7.427392	-8.062589	-11.886997	-1.022999	-8.676709	-9.828279	-7.368621	11.429805	2.750798	2.898415	6.258222	-1.613169	8.493760
6347	6	-9.694801	-11.079697	-2.450835	-11.539508	-7.988127	-8.411801	-10.353605	7.100276	7.688894	-16.944531	6.638677	-8.510374	4.624087	-17.349719	-2.450835	6.515719	-7.988127	7.854273	3.483997	2.031450	7.662554	1.056764	6.573879	7.662150	2.678493	0.847102	7.521262	1.062765	5.434482	7.663910	2.839767	0.812958	7.535196	1.064862	5.477496	7.663952
6384	6	-11.512501	-5.213192	-6.237543	-10.487375	-6.320541	-7.459310	3.393615	-9.846535	-6.368205	5.853331	-9.482093	6.787415	-10.856684	-1.127710	0.499962	-10.600671	5.400154	-7.456963	-5.123618	3.030800	1.938692	-10.144723	6.637411	-7.157738	-1.672923	-1.138172	0.495190	2.294035	5.393504	4.472335	-2.306293	-5.215966	-6.237789	1.846429	-6.323230	4.043605
6417	6	-4.952009	8.116784	8.320109	-11.984738	4.795963	-6.959301	-4.724815	-6.432692	0.609832	-8.400637	-7.164358	-6.879703	7.147188	3.383054	8.320097	2.830592	4.795960	6.616692	7.596671	-11.159408	0.609832	6.446040	-7.164364	6.624323	5.129880	3.388478	8.320097	-2.593901	4.795960	3.654379	4.205993	-11.122816	0.609832	-1.902230	-7.164364	-2.165743
6445	6	-12.212078	7.261016	6.332860	-12.559933	9.310753	-6.974635	4.826223	0.661886	6.332819	5.096644	8.261737	8.003259	-12.444301	-10.872319	-2.881305	-10.280592	-0.606035	-6.974635	4.693058	-17.459972	-2.881305	7.368372	-0.606035	8.003413	3.676959	0.661887	6.332819	-0.982944	8.261740	5.425560	-3.646392	-10.872330	-2.881305	2.156785	-0.606035	2.083923
6471	6	-8.523366	2.887207	0.180289	-10.319980	-4.117303	-10.232460	-13.384059	-8.645712	-4.476409	-10.319960	-8.365993	-10.232459	-9.792315	9.435029	6.187931	-14.661763	5.241456	-10.341189	5.322060	-11.549447	-4.597814	3.603977	-8.366011	0.042494	5.524203	-11.658229	-4.599239	6.726687	-8.366011	5.069171	9.115284	5.371805	6.166398	2.389611	5.237213	4.889020
6478	6	7.517201	-15.674883	-2.596548	8.280019	-6.132858	9.235373	8.199382	2.450056	7.008036	7.514972	7.053759	9.235365	-8.046615	6.586404	7.013701	-10.551035	7.163095	-6.941592	-8.746627	-11.540222	-2.596548	-9.785738	-6.132854	-6.941525	-1.482989	-11.540247	-2.596548	-3.452217	-6.132854	5.259039	-1.164189	6.586308	7.013701	-4.219062	7.163095	4.909926
6547	6	-10.126380	-1.514141	7.522567	-12.141473	4.297891	-6.451701	4.954703	3.528488	7.932977	2.005154	7.004546	8.032445	3.973755	-4.443172	3.220269	4.539960	2.086154	7.999899	3.508044	-10.073665	-1.436857	7.602941	-7.882630	7.858135	-8.121796	4.942488	7.933097	-12.069221	7.012207	-6.451590	-9.515192	-8.659690	-1.436845	-6.102999	-7.882469	-6.432395
6595	6	5.455011	-9.612374	-3.393125	6.130528	-9.182693	5.651248	5.809596	4.916364	6.653437	-1.281475	0.581459	5.507900	-2.427009	-6.547046	-3.259325	3.754358	-9.137084	-3.754918	5.806287	4.938864	6.655905	-1.283497	5.656927	5.506747	-5.554097	8.319934	6.732886	-4.020311	5.663028	-9.849234	-5.551455	8.300441	6.731652	-4.019286	0.593815	-9.849190
6738	6	-9.737154	-10.771529	-5.522485	-6.802816	-9.124008	-1.981928	4.504166	1.188176	6.647398	-4.556294	4.875911	5.849848	-8.748716	7.517524	6.981942	-13.246124	4.876852	-1.979971	5.504014	-17.131978	-5.522505	8.550898	-9.124008	8.010906	-0.642724	-10.771621	-5.522485	3.870659	-9.124008	6.042355	6.847390	1.155989	6.633897	2.127215	4.875776	7.941640
6776	6	-12.027958	6.392050	5.252838	-7.157355	0.943640	-5.953529	-2.812512	-4.798798	-5.288504	4.860593	-7.902424	3.876404	-1.444087	6.615021	6.111794	1.722101	6.519722	4.192695	-13.374959	6.626280	6.111798	-8.462420	6.519949	-5.954137	3.615508	3.466068	6.107717	3.857926	6.306820	6.769331	-13.659599	-4.797092	-5.288357	-5.263885	-7.901488	-5.954052
6790	6	-3.119696	5.619757	8.394036	-10.516032	7.066617	-9.429384	4.604466	1.944659	8.394036	1.695304	7.066528	9.295249	-0.298294	-8.199440	1.278504	2.536757	-8.144260	-1.855297	4.237245	-11.340602	1.278501	8.075299	-8.144260	9.249095	-3.852360	-8.173349	1.278505	-1.485541	-8.144260	-2.815448	-4.071425	-3.058920	5.968246	-9.464226	-1.827753	-9.449801
6952	6	-11.898577	8.812651	7.559380	-9.502136	6.724091	-4.144494	-8.375207	8.812650	7.559380	-4.761709	6.724091	2.352435	3.680342	-11.532957	-3.958275	7.043024	-9.575303	6.964835	-1.998307	-5.485560	-3.958275	4.047393	-9.575303	3.445816	3.904784	1.582159	7.519781	3.374095	6.711948	6.964637	-12.128053	-4.775270	-3.958275	-5.826798	-9.575300	-4.144490
