1	1	-16.041120	-13.759101	-11.515861	-11.765569	-9.420598	-10.483987
6	1	-13.176554	-12.828733	-11.038179	-6.459385	-5.681439	-9.263722
13	1	-10.144368	-12.408627	-9.617900	-12.346411	-8.930435	-11.721765
14	1	-13.244419	-8.587352	-10.119483	-8.438767	-11.138195	-12.956477
16	1	-16.374041	-11.218787	-10.666097	-13.992207	-9.512090	-10.255883
26	1	-2.456733	-4.167427	-9.097795	-9.096913	-9.529301	-14.420946
39	1	-13.418300	-10.885998	-8.736687	-9.278008	-8.469195	-13.908863
42	1	5.466129	-14.991794	-13.016082	6.294179	-8.716708	8.412515
46	1	-15.911311	-10.378331	-8.461922	-5.307087	-11.275406	-7.489273
56	1	-17.487144	-11.526304	-8.193824	-9.231260	-12.896987	-9.038416
74	1	-15.283227	-10.510262	-11.074912	-7.469607	-8.496270	-5.314306
75	1	-14.554080	-8.880854	-14.291474	-6.256239	-10.095037	-10.559552
111	1	8.794999	-15.461836	-8.633556	7.950944	-7.066334	8.846698
113	1	-13.309699	-6.561554	-12.803282	-15.511143	-9.562835	-8.957272
123	1	-8.486661	-6.225159	-9.571752	-9.138831	-10.335519	-15.982394
127	1	-15.696586	-6.484306	-5.002697	-8.158847	-9.009625	-9.117417
141	1	-8.629406	-12.398963	-11.625953	-7.506474	-10.266373	-11.624909
160	1	-12.639550	-8.874127	-9.806425	-12.700182	-9.475592	-12.450695
168	1	-9.873182	-14.659516	-10.747394	-8.618993	-9.025362	-14.245253
175	1	-12.337037	-9.363149	-7.063048	-6.918567	-15.900137	-11.339752
193	1	-16.874716	-12.310449	-10.154888	-6.324547	-9.719901	-11.770310
200	1	-9.644810	-7.250400	-12.428618	-11.623628	-11.242757	-14.598288
204	1	-15.554559	-11.349318	-5.493124	-7.819055	-10.955834	-15.151950
205	1	-11.021136	-6.646645	-7.648432	-12.339223	-11.716835	-9.405744
208	1	-8.316602	-9.338920	-10.050976	-12.207819	-11.265150	-10.215946
216	1	-13.661382	-4.991870	-8.618201	-9.402094	-11.779817	-10.791930
217	1	-15.349461	-11.839291	-4.388198	-10.619819	-9.878105	-12.552286
218	1	-16.736012	-12.989990	-11.930638	-6.508477	-14.838516	-10.385241
222	1	3.585479	-17.144057	-9.621328	8.470271	-9.087469	6.609055
235	1	-7.894560	-8.344464	-11.137557	-12.623615	-7.520320	-9.822032
236	1	-16.248679	-11.278286	-9.471048	-9.801811	-10.356496	-11.527675
237	1	-12.748626	-17.062060	-10.319030	-9.440411	-9.158464	-13.934431
268	1	-13.221590	-12.122194	-15.463937	-6.795508	-8.326993	-8.122714
269	1	-14.265235	-12.727128	-9.436728	-11.413169	-11.033170	-12.283712
276	1	-12.048058	-10.726818	-11.071144	-6.423889	-9.958341	-9.079418
283	1	-17.350279	-7.483952	-11.926253	-16.328983	-17.259324	-11.626258
285	1	-14.556190	-12.116082	-10.538495	-8.343804	-10.225789	-9.354330
302	1	-12.986065	-8.652429	-7.017507	-11.913512	-11.221346	-10.400162
307	1	-14.367686	-7.337102	-9.849852	-9.803605	-8.706496	-11.488074
314	1	-12.848374	-7.440355	-7.614486	-7.648805	-11.516052	-12.495258
339	1	-13.664604	-9.321180	-12.467683	-10.539161	-11.627088	-6.475685
347	1	-2.977381	-9.000326	-7.055472	-15.753456	-11.987127	-14.515003
356	1	-10.048951	-10.542541	-11.249817	-12.655214	-9.268611	-9.622148
363	1	-13.797724	-11.167658	-10.935621	-11.521911	-11.650584	-9.952653
364	1	-13.902280	-14.504427	-9.271251	-7.476416	-14.315187	-10.731647
368	1	-15.589567	-10.818485	-8.603693	-4.917235	-9.348447	-10.532054
374	1	-16.478396	-5.026789	-10.508203	-2.426735	-13.967417	-4.666751
381	1	-14.693298	-7.240629	-11.052068	-11.558914	-9.708957	-9.001759
386	1	-15.069293	-9.103790	-9.803569	-8.704810	-9.908177	-7.893895
405	1	-15.635312	-12.351941	-11.974541	-6.926592	-10.624300	-4.483467
407	1	-15.472915	-12.677244	-7.109891	-9.064284	-12.167469	-8.694351
408	1	-12.779633	-10.862458	-8.979228	-9.422495	-5.629719	-8.827075
411	1	-13.733530	-6.581044	-9.124612	-10.176224	-11.713683	-13.444034
415	1	-12.018671	-9.181455	-12.006570	-3.850617	-12.965468	-4.791722
423	1	-8.769679	-6.842034	-12.476829	-16.323870	-10.773939	-9.485106
425	1	-10.308445	-6.154330	-10.393147	-7.377204	-11.893164	-14.119107
449	1	-12.487815	-11.078530	-9.592107	-7.806197	-11.715091	-9.015539
468	1	-9.655110	-14.881361	-7.448380	-9.135205	-8.005915	-11.547434
475	1	-8.137682	-7.140431	-8.756681	-11.192506	-5.063741	-14.741325
476	1	-17.590736	-12.274037	-8.971657	-10.733953	-9.701511	-8.494835
478	1	-14.276086	-9.844580	-5.964243	-8.000439	-10.370902	-16.482047
482	1	-13.703644	-6.667200	-6.470811	-8.317826	-9.154196	-6.857041
483	1	-15.029212	-7.757799	-12.629928	-6.566630	-10.965766	-1.123102
502	1	-10.768022	-10.447200	-10.096186	-11.544150	-10.665810	-2.280195
506	1	-10.899811	-8.662632	-10.909826	-8.354194	-14.206793	-6.188720
507	1	-13.543496	-9.598086	-10.544747	-7.783591	-8.293103	-10.701238
546	1	-16.587121	-14.062873	-11.504319	-13.461669	-11.833095	-7.659616
551	1	-14.491765	-10.387697	-12.193846	-2.669887	-7.517440	-11.151613
562	1	-14.352903	-9.176596	-7.406792	-13.719219	-10.713016	-10.002407
579	1	-15.839866	-8.500969	-8.793310	-10.977442	-10.242994	-7.216209
627	1	6.959544	-12.771009	-7.268628	8.457487	-6.897870	4.087044
628	1	-13.497570	-9.361182	-8.650981	-10.284698	-12.359124	-9.334693
633	1	-9.909763	-11.329178	-10.802519	-10.413388	-7.995133	-11.225593
635	1	-12.712767	-11.613531	-13.273706	-8.973349	-11.165760	-9.194033
640	1	-11.330670	-5.718177	-9.717438	-6.256717	-7.224303	-11.572282
654	1	-12.062749	-7.043755	-6.010893	-13.026071	-10.573389	-9.659043
661	1	-11.405565	-7.626732	-5.161104	-9.285442	-6.602273	-9.362766
670	1	-15.425682	-9.008493	-13.881159	-11.653829	-8.893595	-7.434329
679	1	-11.222559	-4.784156	-15.948694	-7.579748	-9.739333	-14.895898
682	1	-13.289666	-11.017946	-9.268784	-9.025612	-11.801180	-7.239532
689	1	-17.486980	-10.882690	-10.994553	-6.348697	-8.739450	-7.372079
692	1	-13.708751	-8.020961	-9.592943	-10.866763	-7.648332	-11.743129
701	1	-13.193462	-5.397459	-8.399708	-9.605755	-8.457550	-11.528483
713	1	-13.689463	-13.396295	-11.127046	-10.448652	-12.599068	-12.398511
733	1	-13.208710	-9.454250	-6.535762	-14.276258	-6.682045	-8.998018
734	1	-16.270147	-12.071428	-10.674419	-11.714394	-11.177131	-4.429969
741	1	-14.201842	-12.109786	-10.839104	-11.976405	-13.799244	-5.353777
742	1	-17.900449	-7.967355	-13.693702	-5.444598	-6.591995	-8.975251
748	1	-14.209420	-9.298496	-12.538399	-7.506514	-13.287119	-8.213440
754	1	-12.921236	-12.941514	-10.751920	-8.977405	-10.317224	-11.976888
770	1	-12.018796	-10.768309	-8.916741	-8.186886	-6.230655	-12.411814
776	1	-11.704615	-8.923827	-15.228383	-9.111848	-10.595330	-13.987168
777	1	-11.120286	-10.162034	-10.162335	-2.238788	-12.329624	-7.680248
795	1	-10.054521	-8.662630	-7.998682	-8.183785	-13.257949	-10.874141
805	1	-16.066702	-11.910653	-8.631658	-7.503895	-11.418044	-14.999085
806	1	-16.414318	-7.730682	-2.491613	-2.589589	-10.270984	-3.089124
816	1	6.006186	-16.270668	-7.415254	6.252664	-13.280808	7.478880
818	1	-18.250603	-11.775175	-6.560101	-11.396869	-9.289080	-9.189720
823	1	-17.268459	-13.273721	-10.333745	-9.944417	-9.498346	-5.689352
826	1	-16.863029	-11.105022	-7.057712	-13.115341	-8.785808	-9.028133
831	1	-15.668863	-10.134413	-9.047295	-12.273211	-8.870571	-8.565101
832	1	-11.573620	-11.444333	-10.343468	-10.352072	-10.833387	-12.049199
840	1	-10.963377	-9.411575	-10.476486	-9.349982	-6.197639	-8.270522
847	1	-18.394118	-12.897156	-10.514716	-12.476473	-11.390442	-1.806911
864	1	-13.338614	-6.784130	-12.999214	-7.299049	-12.886796	-13.751018
873	1	-11.139523	-9.774398	-9.745450	-14.191166	-10.828399	-9.225880
900	1	-18.216355	-9.003159	-12.900444	-11.821843	-9.295187	-9.104791
907	1	-13.070309	-6.255361	-11.094906	-10.645754	-8.563905	-5.130623
909	1	-15.553540	-14.637629	-8.534004	-13.970497	-9.042836	-8.997209
910	1	-18.165260	-9.960902	-9.939132	-10.545479	-8.775141	-8.835999
913	1	-9.787765	-8.554436	-9.440344	-10.812084	-11.830103	-15.098846
916	1	-15.946760	-9.255957	-10.328093	-11.881946	-12.889103	-10.872256
919	1	-14.030759	-10.538437	-6.746270	-10.320482	-7.665576	-4.675709
920	1	-11.496214	-11.804686	-9.230220	-9.698650	-9.475151	-10.882279
921	1	7.579256	-14.686217	-9.040654	6.622148	-8.401011	6.696806
945	1	-11.422016	-12.097937	-12.796763	-2.850873	-7.890873	-12.576167
951	1	-14.691324	-12.294892	-10.150373	-9.300116	-10.274309	-9.936650
962	1	-10.819963	-6.397831	-11.799868	-9.179146	-10.440576	-9.224465
979	1	-16.469697	-10.799358	-9.631172	-11.258044	-10.396096	-9.168325
987	1	-11.502384	-8.598986	-9.664327	-12.057562	-12.754074	-8.338302
997	1	-15.160611	-5.361233	-7.402250	-12.505181	-7.478319	-10.732317
1000	1	-15.036292	-12.316322	-9.514320	-7.372028	-10.789883	-10.347187
1006	1	-14.453823	-11.717699	-10.390443	-8.360236	-9.825803	-9.445265
1023	1	-15.716576	-6.321455	-9.468101	-12.202511	-6.945387	-13.601678
1026	1	-11.575616	-7.353341	-7.551023	-1.325929	-10.538129	-5.557099
1027	1	-16.900702	-10.218869	-7.897534	-11.120833	-5.443166	-9.832447
1029	1	7.352752	-13.626572	-9.981054	8.697068	-5.945771	9.060164
1041	1	-12.199738	-9.273279	-5.554407	-11.410277	-14.536977	-12.201489
1057	1	-11.120430	-8.442623	-7.240507	-13.445496	-8.074477	-9.286141
1065	1	-15.501799	-11.867888	-11.737540	-7.177460	-9.005260	-7.646318
1068	1	-14.932384	-10.487918	-12.458104	-8.260599	-10.637194	-10.475237
1073	1	-15.246522	-6.100795	-7.295629	-7.819583	-14.818694	-10.412856
1079	1	-17.107502	-11.178993	-8.626756	-10.808404	-8.864108	-6.359293
1082	1	-9.380623	-7.672745	-12.592271	-8.690908	-12.844547	-13.403089
1087	1	-18.755916	-8.618633	-12.501972	-9.140724	-8.744399	-6.241447
1091	1	-15.905555	-11.115044	-5.812373	-6.378527	-11.297580	-5.760660
1109	1	-13.141320	-8.246763	-9.038686	-8.778600	-5.274351	-6.989073
1121	1	-17.274426	-8.794709	-5.411329	-9.967395	-16.124003	-10.572339
1127	1	-8.566747	-9.519660	-12.165051	-10.916024	-12.358714	-11.330205
1130	1	-14.411336	-9.533074	-9.533120	-13.617699	-8.931789	-11.430723
1159	1	-15.872615	-6.836344	-11.078994	-8.636408	-12.598971	-8.909743
1160	1	-14.893421	-11.719653	-9.425509	-8.693468	-6.264693	-10.086315
1161	1	-14.309855	-8.151034	-6.826465	-6.539124	-4.761049	-7.885047
1163	1	-14.441706	-9.997173	-9.208679	-6.985324	-13.451670	-3.076030
1166	1	-13.634323	-6.387489	-8.053595	-11.390369	-8.775090	-9.436230
1178	1	-11.150820	-8.759397	-8.790046	-8.803311	-10.490597	-7.821642
1185	1	-14.478019	-10.444378	-10.720726	-7.391426	-7.939837	-10.231988
1213	1	-6.897617	-11.078375	-7.954596	-1.031164	-10.850578	-10.965906
1222	1	-16.912061	-8.775081	-8.606096	-12.231192	-10.964648	-5.630047
1223	1	-11.300219	-10.505849	-8.431770	-11.008156	-9.193947	-10.707839
1234	1	-12.189030	-7.515842	-6.966165	-9.755050	-12.910381	-9.522127
1270	1	-17.170540	-7.298890	-11.857071	-10.895366	-5.437517	-11.298091
1282	1	-12.736998	-9.846301	-6.177539	-14.598345	-8.507423	-9.175414
1284	1	-11.859263	-9.697091	-11.267371	-12.599522	-14.772380	-10.151602
1285	1	-13.386251	-11.931858	-6.363105	-12.274666	-8.824257	-13.647073
1289	1	-11.635568	-10.843079	-9.848317	-5.248860	-10.513175	-11.709275
1291	1	-12.875822	-15.698117	-8.618851	-6.682577	-2.770974	-11.128127
1298	1	-16.078392	-4.674050	-14.566393	-8.164486	-12.451164	-10.515641
1300	1	-12.285701	-10.056447	-8.459176	-13.213231	-6.583789	-10.393031
1320	1	-8.725440	-7.998247	-12.649509	-11.937479	-6.702050	-13.906292
1329	1	-9.707232	-5.990399	-7.806308	-4.096507	-8.601486	-11.534258
1332	1	-9.906300	-11.540720	-6.214030	-11.782007	-12.868869	-8.113661
1334	1	-17.274098	-6.910596	-12.071622	-10.288996	-4.913089	-11.564969
1348	1	-10.976524	-10.203673	-12.176310	-9.269112	-10.311292	-9.415349
1353	1	-19.999542	-8.881424	-8.489397	-8.985077	-11.457864	-4.677506
1359	1	-11.276501	-12.610649	-11.049338	-6.327271	-16.220388	-13.848650
1360	1	-13.759296	-12.920427	-10.687915	-8.969321	-11.388567	-7.931700
1383	1	-12.372752	-11.827430	-8.978443	-12.739826	-8.904934	-8.003866
1389	1	-13.350795	-8.200034	-6.400135	-9.404483	-11.185085	-10.056522
1392	1	-11.606008	-10.331742	-9.505101	-11.883970	-12.252484	-8.776134
1398	1	-13.926374	-10.207299	-8.596790	-13.072042	-10.582559	-7.616947
1401	1	-16.186285	-8.031390	-12.025068	-9.944821	-14.272463	-11.264853
1408	1	-16.031208	-8.144421	-10.041081	-2.936123	-8.650396	-7.863148
1410	1	-15.663373	-12.360819	-8.916296	-13.356268	-8.609176	-12.546971
1435	1	-12.103909	-11.633918	-13.354528	-9.906151	-7.054009	-9.051262
1448	1	-9.531019	-3.288479	-7.386687	-7.389941	-17.505724	-8.259441
1458	1	-7.578040	-9.352869	-3.588742	-12.241624	-10.011070	-10.908059
1461	1	-16.938156	-8.589498	-6.206734	-7.621803	1.471635	-10.029149
1470	1	-8.610563	-13.069685	-8.253950	-9.824499	-14.131159	-15.650292
1471	1	-17.932109	-5.758787	-7.164806	-13.027201	-14.136555	-12.319764
1476	1	-14.325158	-3.044796	-5.207095	-3.138934	-9.233261	-8.367009
1479	1	-12.191196	-7.498255	-12.657027	-8.082133	-4.676998	-11.469166
1506	1	-14.326220	-13.728085	-9.592157	-12.976780	-7.274572	-10.717491
1514	1	-12.092392	-7.746963	-8.151759	-5.783632	-6.172095	-10.937521
1533	1	-7.561677	-5.540920	-2.866532	2.569476	-9.378551	-4.008008
1534	1	-17.701785	-7.781798	-6.715530	-11.836527	-12.000367	-9.483137
1539	1	-8.537229	-9.753520	-9.866456	-9.715843	-10.637962	-13.872758
1545	1	5.011343	-12.245448	-9.389200	8.135350	-11.940484	6.090498
1547	1	-11.445050	-11.482548	-9.072945	-2.161962	-6.782634	-16.855112
1556	1	-17.999964	-15.584606	-8.539987	-11.614951	-12.172408	-4.702519
1563	1	-15.697102	-13.212108	-7.857357	-11.178364	-7.974743	-7.344747
1582	1	-13.767390	-9.608118	-9.142342	-10.681515	-10.149860	-9.567897
1586	1	-11.804490	-13.901698	-11.375675	-8.397716	-11.827134	-7.268085
1612	1	-8.402956	-10.557862	-9.362391	-0.975488	-10.838368	-5.480842
1613	1	-13.502234	-10.435738	-7.777663	-9.235630	-6.402818	-7.831516
1618	1	-15.432018	-7.773707	-8.802657	-7.556520	-9.772564	-13.662057
1637	1	-15.556787	-10.957676	-9.213145	-6.577588	-9.863691	-8.938225
1641	1	-18.021922	-10.786171	-3.577491	-10.953737	-5.548605	-11.080958
1642	1	-10.157983	-8.633035	-10.335529	-9.490111	-10.498749	-11.174977
1670	1	-15.025796	-8.825132	-3.781767	-1.844309	-12.730713	-6.844414
1678	1	-13.815564	-11.549307	-8.995684	-9.489685	-10.439381	-10.850440
1684	1	-11.652330	-7.036818	-10.518198	-8.181010	-9.947949	-6.081370
1685	1	-10.678265	-11.024825	-7.887430	-8.677358	-4.334971	-12.259483
1697	1	-5.622629	-10.298709	-7.448538	-7.558259	-7.146190	-11.379042
1702	1	-13.396234	-9.605294	-10.985561	-10.781435	-11.831858	-13.105626
1703	1	-10.720565	-16.324116	-13.883113	-12.337281	-5.079240	-10.981309
1706	1	-17.155298	-10.949962	-10.164609	-11.427210	-12.961107	-11.447407
1708	1	-18.479591	-9.129604	-9.229419	-12.139813	-11.327323	-10.262958
1714	1	-15.198900	-10.899704	-7.332703	-16.746550	-10.985799	-9.251871
1719	1	-14.684823	-10.321383	-9.320602	-9.435855	-9.626239	-9.423484
1735	1	-14.606741	-8.043533	-5.244344	-8.897009	-9.675888	-9.669288
1741	1	-13.640219	-8.471957	-8.961100	-4.746928	-12.664695	-8.034121
1743	1	-6.493872	3.839980	-1.040235	-11.267899	-0.137684	-15.603169
1749	1	-11.792364	-10.302800	-8.848599	-9.488279	-12.031627	-11.846891
1750	1	-11.172981	-7.139345	-10.966054	-12.199924	-8.820480	-7.771308
1753	1	6.447293	-12.352861	-4.810884	8.610899	-1.571422	4.708138
1756	1	-10.974737	-8.682466	-4.891780	-10.493568	-8.476028	-11.303012
1760	1	-9.308290	-7.543416	-8.820013	-12.050394	-11.670670	-6.090798
1762	1	-14.247767	-8.850494	-10.769438	-10.817511	-11.831844	-12.608436
1764	1	-14.007133	-10.606742	-10.020629	-8.556876	-11.226183	-9.156070
1765	1	-13.941002	-5.743180	-10.584198	-6.202131	-10.095959	-10.982784
1766	1	-13.607815	-13.499063	-11.469233	-9.947550	-12.914132	-5.098468
1776	1	7.762703	-15.257961	-10.528197	6.934722	-10.994939	6.796295
1784	1	-10.391457	-7.610610	-11.086773	-5.738349	-11.460451	-11.498938
1794	1	-14.447017	-10.137259	-12.574150	-12.519347	-6.807078	-13.170384
1802	1	6.832666	-17.372123	-11.383780	8.079119	-12.175686	5.530822
1817	1	-12.307836	-11.550928	-11.995909	-10.406465	-6.509520	-12.992893
1841	1	-14.333785	-9.489267	-5.189745	-8.438941	-11.089853	-10.104951
1842	1	-13.196224	-12.137422	-10.742913	-11.410888	-9.112873	-13.993369
1853	1	-12.828395	-14.400918	-8.596752	-17.504887	-9.482041	-9.109873
1861	1	-13.317189	-13.945221	-10.975181	-1.906883	-9.983976	-9.835790
1865	1	-15.260437	-9.435822	-8.797015	-11.012345	-9.115590	-10.909747
1868	1	6.751790	-8.916895	-12.882230	7.274676	-12.528634	7.661582
1886	1	-12.456786	-7.004742	-11.348259	-6.397810	-13.429525	-10.127134
1887	1	-7.572877	-3.242747	-13.381017	-11.907581	-10.472823	-15.767385
1888	1	-14.211646	-12.517924	-9.244999	-11.279989	-10.736081	-13.658794
1894	1	-15.677340	-9.806482	-6.757854	-11.230556	-8.438158	-10.127334
1898	1	-13.308337	-2.634778	-8.023575	-6.650214	-11.325426	-13.729448
1905	1	4.060982	-14.272410	-10.287410	6.565956	-7.925410	8.517857
1911	1	-12.106683	-13.760878	-8.824382	-15.095190	-8.616789	-8.401878
1915	1	-14.299632	-4.498017	-8.592440	-9.977840	-11.531009	-11.385618
1921	1	-12.276616	-9.999129	-9.527377	-11.521442	-6.681020	-13.224822
1923	1	-15.604878	-3.180817	-8.106947	-10.166072	-8.002690	-13.445527
1924	1	-14.300373	-6.709528	-8.087537	-9.368339	-11.500635	-9.743846
1925	1	-12.945758	-14.325299	-7.957135	-9.047596	-11.802418	-10.846778
1927	1	-12.372040	-8.792460	-7.359594	-9.692143	-10.508245	-10.170630
1928	1	-12.606013	-9.616003	-9.374460	-10.327284	-13.303433	-5.345045
1929	1	-15.251926	-11.678959	-9.354548	-10.407972	-8.687913	-9.102294
1968	1	-17.175752	-13.040671	-7.378674	-10.293603	-16.422940	-9.381473
1978	1	-15.711563	-11.222059	-14.685647	-8.170490	-9.509533	-8.697617
1980	1	-10.363566	-8.727056	-6.323548	-6.459922	-10.639779	-8.212671
1984	1	-14.718788	-12.444407	-11.866967	-6.717035	-6.761205	-8.868501
1989	1	-16.921095	-10.929105	-3.898293	-11.562356	-8.832233	-12.499050
2010	1	-15.064742	-6.526735	-9.432209	-11.694414	-9.697745	-10.304770
2013	1	-10.950657	-6.019550	-12.116236	-10.462455	-9.684928	-7.713201
2022	1	-14.957063	-8.281615	-9.831928	-9.581499	-9.642223	-10.613501
2027	1	-13.299335	-9.409523	-12.167302	-9.785423	-7.395252	-11.016917
2035	1	-7.287562	-11.848295	-10.195396	-3.240230	-9.604416	-11.858999
2053	1	-12.763935	-5.904272	-7.285625	-11.358247	-10.467652	-11.798090
2057	1	-14.735650	-10.031072	-10.196079	-7.031736	-7.976757	-12.423191
2075	1	-10.145109	-13.520583	-11.097867	-8.916201	-9.272090	-13.694332
2080	1	-10.937590	-11.350948	-9.600809	-5.808673	-12.331232	-11.254990
2093	1	-15.006487	-7.899441	-6.137478	-9.747434	-11.746872	-9.029313
2102	1	6.545941	-13.094060	-11.627382	8.013588	-7.890852	6.026265
2109	1	-17.258502	-10.708230	-12.888239	-11.680371	-10.240176	-9.953284
2119	1	-13.437619	-8.994454	-9.492808	-10.664559	-7.596999	-15.246538
2125	1	-16.589040	-13.309861	-10.648993	-9.137048	-11.042340	-9.011570
2134	1	-16.585115	-11.125385	-10.906361	-7.309347	-10.587963	-9.465463
2135	1	-11.720249	-10.248579	-10.548154	-8.843294	-9.960930	-11.397834
2152	1	-14.183485	-10.964573	-7.199677	-10.137808	-11.724812	-7.503120
2155	1	-15.105949	-9.220333	-10.747873	-12.295126	-10.391775	-12.457711
2158	1	-14.683979	-7.424884	-8.824940	-11.606413	-11.912123	-14.911949
2161	1	-14.805189	-11.044851	-5.718920	-9.936765	-4.662651	-5.347372
2162	1	-18.000986	-8.871576	-11.106205	-11.620244	-11.585746	-8.013142
2170	1	-7.869947	-4.990829	-12.069622	-2.823657	-9.602981	-9.528979
2171	1	7.937096	-4.330460	-8.443430	8.241706	-11.715183	8.020464
2174	1	-15.581968	-8.739615	-6.230328	-10.066705	-9.772166	-9.604652
2177	1	-14.295625	-13.542657	-5.182679	-7.493300	-7.359049	-13.485260
2189	1	-9.610999	-10.541138	-9.958409	-11.947500	-7.884821	-15.463442
2214	1	-13.946397	-10.201678	-5.221224	-17.681272	-10.979043	-5.773384
2215	1	-15.309649	-13.154206	-9.200174	-8.837188	-8.564465	-9.230804
2222	1	-12.431762	-6.419636	-10.934714	-11.739846	-10.316183	-10.636620
2225	1	-13.960599	-9.077734	-8.943710	-8.123047	-4.934502	-0.917743
2227	1	-15.550546	-9.154697	-8.190678	-9.388718	-10.728157	-10.288337
2276	1	-13.529886	-13.993256	-11.279868	-13.362067	-10.660825	-13.949321
2277	1	-16.937304	-10.968735	-11.152940	-12.911724	-9.957007	-8.469137
2279	1	-13.994998	-8.125727	-5.384570	-7.049226	-14.424718	-7.577495
2284	1	-14.630331	-9.108819	-10.420711	-9.534459	-10.003850	-15.367374
2290	1	-15.067560	-11.467711	-10.529817	-4.893589	-9.761768	-6.815661
2305	1	-13.050355	-9.981049	-9.351962	-8.223274	-11.803556	-10.643820
2316	1	-14.521514	-15.657216	-5.596778	-8.595304	-12.341177	-8.603507
2325	1	-11.203090	-3.056928	-6.379986	-14.269473	-8.380473	-13.623477
2331	1	-14.222545	-11.270651	-9.212457	-12.184650	-6.031016	-7.271464
2334	1	-8.870761	-0.427387	-8.308563	-16.797394	-9.007715	-9.809935
2340	1	-6.909188	-10.387936	-8.643123	-9.657923	-2.959658	-12.609244
2341	1	-13.533732	-14.131476	-9.916335	-14.147053	-9.876080	-11.726392
2343	1	-15.130545	-10.007216	-10.792719	-6.616911	-10.048938	-9.763892
2349	1	-14.052521	-6.474033	-9.814661	-14.225977	-11.049892	-7.448499
2353	1	-17.385698	-11.154648	-8.979802	-8.776083	-10.865601	-13.139417
2362	1	-13.730634	-16.636456	-11.771358	-3.405367	-11.580496	-8.684757
2374	1	-7.351500	-5.064382	-9.235351	-12.781302	-8.656605	-6.465440
2379	1	-15.488317	-12.142570	-12.044516	-9.727258	-11.660918	-10.043599
2395	1	-12.741501	-14.219929	-10.319071	-4.839970	-12.868166	-5.924139
2406	1	-17.248863	-5.358117	-11.472881	-4.832229	-11.261699	-10.835253
2411	1	-13.197795	-11.134965	-11.112573	-13.059874	-9.909427	-13.560003
2431	1	-16.952063	-10.631152	-9.714202	-8.426044	-11.078547	-10.830516
2433	1	-11.007193	-11.363541	-11.175328	-9.815680	-6.943841	-7.989997
2457	1	-14.378069	-8.525085	-8.577595	-11.522032	-11.033570	-1.739528
2461	1	-15.592999	-11.743578	-9.649887	-6.651398	-9.714341	-5.820199
2463	1	-14.900650	-10.330577	-10.086893	-6.708783	-3.183403	-9.996396
2467	1	-16.303510	-8.760674	-9.107808	-12.480440	-9.965901	-17.205006
2472	1	-16.130838	-12.326462	-11.493310	-7.503749	-11.549614	-5.688749
2474	1	-14.963367	-8.278960	-8.095911	-9.956547	-9.072552	-15.160862
2475	1	-16.804732	-11.466861	-9.575990	-7.031568	-6.644801	-12.051353
2479	1	-13.000553	-7.730144	-9.924818	-7.663862	-8.496940	-5.226001
2484	1	-15.029352	-12.890077	-10.741599	-9.130143	-9.389153	-10.142821
2493	1	-14.466033	-8.736119	-10.053647	-11.514286	-10.862793	-11.014236
2494	1	-9.224035	-5.430063	-7.808504	-3.445238	-9.752288	-9.682689
2500	1	-17.560090	-8.121995	-9.105859	-12.633134	-8.371774	-8.118833
2501	1	-14.125468	-10.572822	-7.135114	-3.774112	-9.712859	-9.679299
2507	1	-13.272358	-7.239037	-13.920713	-10.150421	-12.007236	-7.479095
2510	1	-13.565334	-7.925126	-10.017131	-11.664326	-12.655162	-12.797312
2512	1	-13.865463	-7.287064	-12.198170	-13.903378	-7.964581	-14.089119
2522	1	-14.877802	-2.460063	-4.635516	-10.439250	-4.843407	-9.419107
2546	1	-15.269364	-11.879566	-7.648043	-11.367028	-7.946016	-7.658916
2563	1	-11.773974	-8.274391	-12.253703	-4.044762	-10.946333	-6.182773
2579	1	-13.067894	-9.304235	-9.812691	-11.306834	-10.123811	-9.628300
2588	1	-13.377281	-7.712276	-11.226461	-10.751788	-9.375381	-12.679405
2590	1	-14.510339	-5.644725	-12.238898	-6.782189	-8.705006	-9.813714
2594	1	-9.684800	-6.144189	-7.993436	-7.670132	-9.727208	-6.425170
2596	1	-11.254823	-11.060732	-9.541761	-0.487523	-7.153104	-7.540111
2604	1	-13.445631	-9.371330	-9.915858	-10.622464	-10.778637	-10.090168
2617	1	-14.291674	-12.538866	-8.422240	-6.923701	-11.768279	-9.234957
2619	1	-15.774813	-11.300501	-8.352366	-7.956788	-13.696846	-8.999098
2624	1	-9.952112	-11.472094	-12.772974	-0.499045	-8.859983	-9.416118
2636	1	-13.920947	-11.907576	-11.288168	-8.925480	-3.604112	-10.297178
2638	1	-7.126791	-0.131613	-6.042593	-8.271337	-3.706450	-14.160054
2645	1	-16.687039	-8.041435	-9.889730	-8.402247	-11.991708	-10.235582
2652	1	-11.442759	-10.661813	-11.228014	-12.959025	-4.761662	-12.573441
2654	1	-7.760841	-7.786244	-4.751946	-7.077682	-13.159693	1.309656
2658	1	-14.049045	-10.165013	-10.349995	-10.159526	-12.317552	-7.520338
2659	1	-16.859307	-9.674668	-8.741223	-8.510933	-0.703766	-8.023938
2663	1	-10.150932	-2.134938	-7.935355	-10.952611	-1.742813	-13.689260
2666	1	-14.772042	-8.421534	-6.236096	-7.431241	-13.870290	-11.411339
2667	1	-13.503386	-10.825274	-7.630650	-10.856150	-9.144603	-10.624467
2675	1	6.889540	-14.854599	-6.798281	6.737707	-7.443820	7.634389
2688	1	-11.817343	-10.746698	-5.111002	-12.323474	-11.181805	-11.788977
2691	1	-9.479574	-11.460883	-7.861040	-10.500114	-2.711210	-11.956643
2702	1	-16.871824	-13.594564	-10.785514	-12.329770	-8.478376	-7.473198
2717	1	-13.845142	-11.675075	-9.156728	-12.236223	-8.966209	-6.495841
2718	1	-13.854055	-8.048789	-11.482199	-13.352818	-12.105289	-12.622661
2751	1	-12.707816	-12.762008	-11.871681	-11.235422	-4.637167	-6.250648
2752	1	-14.728855	-9.414386	-9.972301	-8.986832	-8.055110	-9.413113
2758	1	-11.393978	-10.783805	-10.141921	-7.461336	-11.591924	-7.595596
2764	1	-15.792811	-8.941584	-9.165498	-9.402123	-10.167086	-10.337563
2769	1	-7.352349	-12.976075	-12.543746	-6.190365	-4.489090	-12.533402
2789	1	-14.136467	-5.742345	-13.368657	-9.921235	-9.427066	-15.436991
2802	1	-11.938615	-7.870927	-9.819073	-5.158690	-7.845419	-11.016349
2814	1	-18.017972	-11.116197	-9.616559	-9.355953	-9.684118	-5.516804
2817	1	-12.812525	-11.487288	-9.851287	-10.305186	-13.789014	-14.232815
2818	1	-8.830538	5.932870	3.666225	-9.768732	9.038483	-13.345638
2819	1	-12.959800	-14.459325	-6.685248	-18.038859	-8.897171	-8.460378
2821	1	-13.662454	-7.914409	-11.860411	-8.958653	-11.278235	-14.123505
2834	1	-17.490503	-9.049958	-11.024522	-9.055569	-7.577835	-8.538070
2842	1	-13.867514	-2.160311	-5.333590	-9.181410	-6.248575	-7.784217
2844	1	-9.003830	-13.201504	-9.698030	-9.851313	-10.896465	-10.378558
2862	1	-10.755417	-10.349088	-9.771912	-11.417047	-12.418841	-13.574423
2885	1	-13.206482	-13.018745	-9.250414	-8.745131	-4.920157	-9.032839
2902	1	-9.551436	-4.931622	-7.438361	-11.808499	-9.551515	-10.615577
2924	1	-14.698711	-11.009353	-7.967207	-14.235101	-6.768785	-13.882699
2946	1	-12.619129	-10.905310	-11.445926	-6.432908	-9.315493	-7.369763
2949	1	-15.678083	-10.474942	-8.980284	-8.888575	-7.889103	-15.408321
2950	1	-15.071641	-11.578818	-9.206590	-6.621634	-7.391253	-12.205928
2993	1	-13.804482	-10.571473	-9.862372	-10.324556	-10.507500	-10.131883
2994	1	-14.292650	-8.090221	-9.732497	-12.664242	-9.121805	-11.726037
2995	1	-17.318934	-7.641998	-6.850687	-7.524095	-11.532269	-9.355309
2998	1	11.186147	-17.768816	-10.550834	7.766115	-5.674516	7.333058
3003	1	-15.123953	-11.970940	-9.995294	-15.230297	-4.030469	-15.613646
3004	1	-14.496385	-12.426754	-8.883781	-8.298779	-11.620334	-5.830425
3007	1	-12.957958	-11.426771	-11.094690	-10.426653	-10.150428	-16.986238
3016	1	-12.833564	-5.958005	-8.799120	-12.860482	-11.262294	-9.093814
3023	1	-15.329358	-15.438943	-8.204414	-9.599043	-12.394950	-10.672663
3028	1	-15.311735	-7.909477	-12.201241	-9.009647	-9.874107	-11.572895
3060	1	-11.551219	-11.394754	-11.398915	-10.411993	-10.125729	-12.434789
3072	1	-9.712943	-9.901711	-9.991429	-3.930108	-10.671943	-10.348883
3078	1	-11.696442	-7.955101	-10.609648	-9.505572	-10.283199	-8.680406
3080	1	-14.850116	-10.160293	-9.947932	-7.342303	-11.287924	-13.153863
3085	1	-15.215419	-9.488034	-12.257309	-13.787388	-12.028240	-13.198976
3107	1	-17.411224	-10.823879	-12.302310	-6.596558	-12.052545	-7.583169
3109	1	6.975674	-14.291237	-11.619567	7.169557	-6.377987	6.137547
3110	1	-11.801079	-8.554862	-10.075035	-12.344344	-8.702761	-8.665895
3122	1	-11.366493	-11.522487	-8.764467	-8.190247	-13.016328	-14.994911
3126	1	-11.309663	-6.622156	-9.042257	-12.423742	-11.805011	-13.259207
3130	1	-13.450898	-10.360075	-8.774383	-7.680975	-8.226018	-8.412396
3151	1	-13.075684	-9.161581	-10.288021	-9.980401	-13.000167	-11.492547
3155	1	-12.990829	-17.665692	-3.032206	-8.793437	-6.064795	-11.950102
3175	1	-14.580599	-11.704850	-11.932920	-8.408385	-8.800215	-11.381141
3180	1	-14.484522	-9.172601	-8.733869	-12.333691	-14.201418	-6.661500
3182	1	-14.438879	-6.786111	-9.240266	-10.891909	-11.985668	-10.277425
3195	1	-14.749770	-7.493632	-10.182859	-11.931089	-8.115255	-6.796030
3197	1	-14.502694	-9.755347	-11.703732	-7.937285	-10.670215	-9.712848
3203	1	-14.679224	-9.473645	-10.637288	-9.288734	-9.268325	-12.020144
3204	1	-16.458105	-12.610545	-11.301707	-8.549663	-6.026041	-11.101204
3223	1	-12.896094	-8.039074	-6.603795	-8.960590	-12.091371	-10.734616
3228	1	-16.108709	-10.507038	-7.112781	-8.439521	-14.277607	-13.092112
3232	1	-13.949896	-10.523253	-12.176280	-6.668219	-11.026544	-6.466406
3239	1	-15.429902	-11.575339	-10.807386	-5.506358	-3.418947	-9.945952
3245	1	-13.546990	-8.882038	-11.732576	-5.468665	-8.394065	-5.932876
3251	1	-5.040185	-11.465018	-4.506289	-12.208121	-9.756230	-13.992390
3253	1	-10.616070	-8.254320	-9.537878	-13.417087	-5.513495	-15.287184
3258	1	-16.053884	-10.743117	-10.153202	-12.076203	-14.140005	-8.875574
3259	1	-11.880749	-11.605997	-7.432861	-11.597230	-12.338917	-13.476297
3271	1	-13.388370	-9.463172	-8.437679	-9.470050	-7.332384	-12.496196
3285	1	-11.659049	-11.223382	-10.873661	-13.062598	-14.906745	-8.483140
3297	1	-10.144795	-11.679900	-8.175051	-8.683307	-11.288849	-15.093772
3307	1	-11.223662	-9.583146	-10.127846	-11.625976	-13.517988	-7.596931
3332	1	-13.100413	-8.361475	-6.118434	-6.540897	-8.029934	-9.718433
3333	1	-13.959278	-4.641943	-7.775488	-4.739313	-9.849341	-10.696167
3345	1	-16.785078	-8.236013	-10.553562	-11.550341	-15.029530	-11.091980
3346	1	-16.446512	-9.737706	-4.641257	-8.688634	-9.088923	-11.601006
3347	1	-5.476974	-14.158141	-9.609568	-10.532132	-9.277258	-7.738034
3357	1	-11.587199	-14.150806	-8.121828	-9.610153	-10.521002	-11.273773
3361	1	-13.794711	-9.107569	-10.062347	-10.963188	-4.642979	-9.792899
3386	1	-14.490222	-11.517777	-9.768252	-5.777180	-9.800277	-5.220985
3391	1	-10.205002	-8.332179	-7.742711	-10.822091	-11.323730	-8.179130
3429	1	-12.289101	-15.090927	-8.473928	-10.351849	-8.937416	-11.527115
3431	1	-11.346290	-7.004571	-10.269888	-12.245919	0.185564	-10.328604
3450	1	-6.834091	-10.115596	-6.444147	-12.775189	-12.076094	-8.111204
3451	1	-16.567056	-8.957353	-8.934071	-12.584926	-6.727710	-6.588522
3453	1	-13.834821	-8.822643	-11.597616	-8.759591	-6.327827	-10.211211
3455	1	-14.866565	-9.327361	-9.686231	-14.695643	-9.830266	-8.443532
3460	1	-15.976011	-8.229220	-10.273666	-3.903405	-6.860762	-7.864805
3470	1	-16.664621	-7.405359	-3.584079	-11.038810	-13.160186	-7.668037
3471	1	-17.175944	-11.018898	-11.026422	-9.181925	-7.574991	-13.068386
3472	1	-17.232802	-8.104916	-10.844270	-7.130484	-11.079882	-10.801814
3496	1	-12.871451	-13.647644	-11.971558	-7.723425	-11.746630	-12.284837
3500	1	-14.695882	-11.688266	-2.615741	-8.345464	-10.496785	-8.703065
3506	1	-12.213860	-4.986561	-12.536409	-1.015250	-15.663962	-2.489343
3507	1	-16.614952	-9.239862	-10.545089	-11.507157	-8.363466	-9.361550
3509	1	-12.257503	-7.034869	-9.783723	-8.596633	-9.158031	-8.451145
3529	1	-12.815472	-9.414764	-7.898067	-11.227624	-6.953470	-7.224168
3556	1	-9.443784	-10.061393	-9.530811	-4.373289	-5.746701	-12.004128
3564	1	-8.474302	-8.205192	-6.824757	-14.488017	-10.911538	-12.990054
3567	1	-16.252643	-12.092024	-4.639379	-6.470682	-10.522199	-11.350278
3573	1	-8.460951	-5.500418	-10.625152	-11.657829	-11.460657	-9.336482
3578	1	-10.758355	-11.764783	-8.796250	-10.402582	-8.902584	-9.180019
3596	1	-15.013985	-7.123373	-9.280360	-13.266675	-7.811930	-9.979635
3597	1	-10.052420	-14.740524	-7.428369	-11.827333	-14.498401	-8.567040
3604	1	-9.104483	-7.796003	-12.890647	-14.389274	-7.194274	-11.131800
3607	1	-12.750465	-9.646173	-5.835992	-8.794775	-6.716222	-10.511336
3624	1	-12.298598	-9.688009	-9.921058	-8.017079	-10.486708	-13.325276
3626	1	-11.903160	-11.678287	-8.357311	-8.241510	-6.589442	-11.057709
3632	1	-16.198682	-12.732651	-5.454186	-11.608773	-9.698336	-4.728103
3643	1	-12.886215	-16.674277	-5.411016	-4.576875	-11.332179	-14.199065
3646	1	-13.505262	-11.652667	-6.278842	-6.695478	-9.618923	-3.175748
3650	1	-14.023652	-9.983423	-6.526234	-11.812301	-7.549809	-8.651618
3667	1	-8.825920	-11.045992	-9.958659	-10.910738	-8.869827	-15.092249
3676	1	-9.975963	-10.871822	-8.947131	-10.854466	-9.351128	-13.707539
3690	1	-14.973639	-9.648762	-10.080774	-5.290687	-10.881940	-15.011952
3702	1	-13.084021	-8.683066	-13.349392	-12.932159	-9.926279	-16.664578
3704	1	-19.244754	-5.011555	-7.207351	-10.757900	-7.873001	-6.625282
3711	1	-12.475983	-3.764947	-8.410697	-7.552206	-12.298316	-6.164887
3720	1	-14.936569	-11.138559	-11.651042	-9.757696	-6.898087	-3.532133
3739	1	-12.410773	-10.104078	-6.920102	-8.168704	-13.154264	-13.322642
3741	1	-15.632794	-8.131030	-8.045962	-10.201712	-9.614499	-9.839612
3755	1	-12.198064	-6.563395	-6.317618	-11.592532	-7.977410	-10.443415
3758	1	-13.657091	-6.477076	-6.000829	-9.883144	-7.916094	-8.648480
3760	1	-13.515911	-9.152505	-9.940923	-8.497522	-7.595405	-8.859459
3771	1	-14.580044	-12.708145	-13.961513	-6.710133	-7.092451	-12.935316
3791	1	-12.426404	-12.270816	-4.821944	-9.874888	-10.709414	-18.668053
3808	1	-12.267801	-8.157107	-9.481385	-9.762434	-14.289163	-9.377915
3809	1	-15.682791	-11.123118	-11.904871	-10.375519	-2.916264	-13.641355
3817	1	-11.483684	-12.622201	-8.296764	-12.228131	-8.882644	-9.560254
3818	1	-13.594749	-9.819986	-7.623300	-11.999816	-13.101822	-9.816184
3820	1	-12.603602	-9.993774	-9.675374	-7.188431	-10.943602	-5.624189
3823	1	-14.521542	-8.511884	-10.932068	-8.884221	-5.141313	-9.424656
3828	1	-13.442206	-11.785447	-9.483117	-14.704714	-8.326907	-14.563109
3839	1	-14.834508	-12.913836	-9.263355	-8.244222	-8.357690	-6.671175
3841	1	-6.693683	-6.973485	-11.674698	-11.627754	-9.465029	-12.659377
3859	1	-11.517722	-10.356744	-11.576628	-4.931022	-7.660648	-11.549185
3861	1	-14.907272	-10.018303	-10.539793	-8.647795	-10.091975	-8.677738
3874	1	-12.348789	-5.426109	-9.038445	-16.127773	-9.336726	-15.926653
3883	1	-13.454225	-9.061933	-6.206211	-10.798990	-9.100385	-11.432287
3884	1	-16.016494	-11.008524	-7.978146	-11.095769	-8.560194	-9.812466
3887	1	-12.330190	-8.239723	-10.103745	-10.890885	-10.067052	-9.309828
3892	1	-13.566745	-10.419456	-7.666806	-11.172252	-8.905079	-13.727003
3895	1	-16.538785	-8.396887	-13.538212	-12.110131	-8.530079	-10.468920
3907	1	-15.306979	-9.693694	-10.267156	-13.252538	-6.624677	-8.522505
3911	1	-12.154161	-9.138706	-11.534642	-9.124988	-7.818863	-8.921659
3913	1	-14.439904	-9.771483	-9.830131	-11.897976	-11.161784	-6.012581
3915	1	-11.743004	-9.123787	-11.533507	-11.573168	-10.916265	-13.933800
3936	1	-13.233887	-11.788939	-9.633937	-13.392996	-5.308252	-10.691864
3938	1	-12.340334	-7.673182	-10.269704	-7.621903	-11.050999	-9.699301
3939	1	4.700784	-18.435674	-10.956266	6.761885	-11.442655	6.201577
3943	1	-17.605724	-6.799491	-8.747919	-10.596566	-6.905398	-10.270571
3946	1	-12.011078	-11.680349	-10.674325	-5.186978	-9.421571	-12.322669
3959	1	-15.409519	-9.627952	-9.698867	-11.123923	-10.643471	-11.228987
3968	1	-11.675354	-9.630393	-9.953488	-16.988175	-12.386403	-8.439166
3979	1	-10.014442	-4.880597	-12.846369	-8.781930	-11.586079	-12.007912
3984	1	-13.770478	-11.554804	-10.614305	-10.486043	-9.188561	-11.510686
3985	1	-13.607061	-4.599489	-8.787142	-13.468600	-8.777383	-9.663929
3987	1	-15.098430	-7.150227	-6.065599	-10.804191	-10.570748	-9.353354
3990	1	-3.091183	-10.134375	-4.244177	4.887318	-10.223148	2.971762
3992	1	-10.991364	-12.516379	-10.584388	-5.326751	-9.242476	-7.571672
3993	1	6.257767	-14.988400	-9.620601	6.647932	-9.839593	7.735699
3999	1	-16.197963	-13.268423	-9.845041	-5.711259	-4.910387	-8.318652
4004	1	-14.836451	-4.455044	-6.955940	-10.479510	-10.186961	-10.959827
4007	1	-10.489168	-10.101976	-9.836955	2.219387	-10.868913	-8.294108
4012	1	-15.407434	-11.804727	-7.522102	-9.609371	-8.472279	-9.362908
4014	1	-13.083339	-12.990449	-10.135390	-10.537366	-6.068408	-9.703496
4037	1	-16.219672	-10.035701	-4.871435	-8.377482	-7.187303	-12.041911
4069	1	-8.928295	-12.217965	-10.408649	-0.257694	-5.251138	-10.096834
4087	1	-12.043433	-11.913194	-6.373907	-4.048798	-5.346389	-8.753137
4091	1	-15.421357	-11.824369	-12.505109	-8.253979	-10.322985	-10.187127
4103	1	-15.534444	-10.347828	-12.872047	-14.567404	-10.716281	-14.378731
4115	1	-19.305689	-5.179798	-9.301707	-10.784476	-10.940783	-5.456139
4117	1	-10.489361	-7.159647	-12.162521	-10.669584	-12.552264	-9.516606
4125	1	-2.775788	-8.073449	-5.317963	2.999024	-7.883946	-6.457407
4127	1	-12.186518	-14.446801	-5.210414	-9.574987	-11.860355	-7.332570
4128	1	-9.959700	-3.895712	-6.290570	-10.537019	-11.029303	-10.879461
4144	1	-15.518976	-7.303907	-11.683124	-13.165502	-10.712435	-10.235817
4146	1	-12.402480	-7.186392	-7.818797	-11.294119	-9.820500	-14.514476
4153	1	-16.544890	-12.753002	-8.658416	-12.601427	-7.362720	-10.135879
4159	1	-10.186580	-0.087302	-7.094968	-8.895807	-2.268540	-16.155772
4160	1	-16.745972	-13.177401	-8.705567	-7.899846	-15.001438	-10.877834
4184	1	-12.507666	-10.816414	-11.187858	-8.928448	-7.292791	-10.321065
4196	1	-16.593537	-8.339833	-5.128928	-8.191166	-7.902164	-13.923318
4200	1	-10.440512	-7.334605	-7.325919	-14.760553	-7.428830	-9.586957
4209	1	-14.615587	-9.925443	-10.367970	-14.144124	-12.918949	-9.754464
4231	1	-15.904937	-12.155490	-7.779330	-9.910539	-10.877286	-6.325349
4244	1	-14.519746	-13.736380	-10.557482	-11.942931	-12.192201	-12.120027
4245	1	-13.862686	-8.832390	-10.752132	-8.573829	-8.324739	-9.622869
4247	1	-14.710536	-12.639467	-6.796201	-12.037998	-3.816197	-9.949108
4250	1	3.522201	-17.292229	-9.253761	9.570122	-11.421757	8.415804
4260	1	-9.739562	-10.976034	-6.561461	-11.771221	-12.072695	-16.604861
4269	1	-8.874976	-8.939174	-9.196638	-10.708574	-10.926950	-8.168630
4274	1	-12.653866	-8.795859	-4.405741	-11.525345	-8.361898	-11.420158
4277	1	-16.228687	-12.434807	-6.610897	-12.301617	-10.804478	-10.167555
4295	1	-10.096526	-11.399740	-4.755293	-7.272281	-9.074441	-10.701964
4309	1	-16.652808	-14.203116	-8.365787	-11.372804	-7.982766	-10.547237
4321	1	-14.671793	-10.115365	-6.364064	-10.250187	-11.701728	-9.874724
4333	1	-11.580927	-10.454012	-10.087795	-8.962416	-10.280842	-14.407766
4334	1	-5.134599	-12.357431	-12.207091	-0.417736	-5.220553	-12.828490
4339	1	-16.787266	-12.321162	-7.925295	-11.610085	-8.426103	-10.725918
4347	1	-13.195665	-4.259847	-7.304730	-11.247888	-14.407427	-9.141179
4351	1	-13.296760	-12.833704	-8.847404	-8.203814	-8.087395	-5.990775
4370	1	-13.746106	-12.670805	-11.049641	-10.958116	-12.652702	-8.814711
4377	1	-14.743745	-8.447102	-9.291920	-6.934081	-11.834454	-7.019528
4381	1	5.494793	-7.546840	-10.158744	6.893595	0.097481	8.224810
4385	1	-17.249351	-14.223002	-7.062034	-11.355206	-9.451302	-13.122627
4411	1	-10.898145	-10.763441	-5.158446	-11.810196	-12.166627	-12.820960
4422	1	-13.609115	-9.236718	-8.375444	-3.461572	-8.630237	-8.679265
4425	1	-15.007605	-9.617713	-5.909900	-7.886378	-13.090414	-13.215070
4430	1	-11.187633	-3.682015	-10.252158	-9.905495	-9.617577	-11.030881
4439	1	-13.572773	-9.561136	-4.306714	-6.651083	-13.168181	-11.367772
4471	1	-13.582671	-10.548739	-9.716475	-10.265470	-7.116238	-11.648723
4479	1	-13.078122	-7.622871	-5.741122	-8.305941	-10.041463	-13.220906
4483	1	-8.806633	-12.965114	-5.853731	-10.790205	-9.658916	-12.959035
4489	1	-11.247265	-10.126673	-4.206445	-11.040116	-5.183152	-13.195760
4515	1	-8.909333	-12.094667	-5.807876	-7.169491	-11.519890	-10.757035
4522	1	-13.134509	-9.688165	-10.394049	-7.143924	-6.299882	-7.465881
4528	1	-14.363396	-6.245077	-11.896989	-12.248426	-11.936070	-5.534400
4536	1	-16.427831	-12.186813	-4.386061	-13.557634	-11.657855	-11.632842
4541	1	-12.691243	-11.092834	-8.631977	-12.846441	-11.306711	-8.657950
4547	1	-12.240156	-10.007426	-10.092170	-8.198861	-6.262625	-16.349602
4548	1	-15.587796	-10.986772	-9.443237	-4.068149	-5.722890	-7.920372
4567	1	-14.143306	-8.771357	-7.856104	-10.912868	-10.474554	-12.760066
4573	1	-11.265651	-9.284918	-3.580272	-13.366300	-13.525767	-12.032207
4578	1	-13.570423	-9.397111	-11.655693	-8.116388	-10.084972	-10.578314
4581	1	-7.180879	-12.627752	-12.117178	-0.503845	-12.313461	-3.058256
4587	1	-13.118295	-10.182255	-13.099280	-13.211509	-8.527012	-8.776365
4597	1	-12.990046	-7.666563	-8.542408	-12.532789	-9.405999	-4.519928
4601	1	-17.054752	-10.430630	-9.742332	-11.332245	-11.454074	-7.125154
4603	1	5.247653	-14.869474	-11.532706	5.954884	-8.382648	8.123783
4634	1	-12.742983	-11.124410	-8.735023	-11.130930	-11.331830	-11.150017
4643	1	3.856843	-9.864763	-9.558643	7.331319	-6.226308	6.167628
4644	1	-16.636201	-11.461080	-12.281048	-9.047259	-11.658730	-10.559589
4646	1	-16.776784	-10.307895	-6.877694	-12.771406	-14.043635	-11.312882
4665	1	5.190403	-16.568714	-7.811076	6.983688	-12.491445	7.344527
4673	1	-17.490478	-7.472391	-10.313426	-11.808690	-12.205718	-9.013878
4679	1	-18.675465	-6.134834	-10.229071	-5.581036	-9.774447	-6.772861
4687	1	-14.416122	-13.224515	-12.660936	-12.795865	-7.088131	-12.758529
4691	1	-15.533297	-5.815931	-10.014056	-8.310776	-10.393771	-11.876452
4728	1	-13.861051	-6.396255	-9.351138	-11.390126	-11.586289	-6.330182
4729	1	-11.370295	-11.549038	-7.380960	-13.321483	-10.876451	-13.857479
4743	1	-13.351933	-9.478822	-11.814470	-14.595334	-10.746979	-11.464915
4745	1	-11.504207	-10.497513	-5.400400	-8.535176	-12.716882	-10.872132
4747	1	-15.655245	-10.703367	-12.408903	-7.594614	-8.836347	-12.165888
4766	1	-11.122352	-12.397680	-8.923080	-10.366022	-9.892641	-9.759682
4770	1	8.844181	-19.217387	-8.672453	8.327734	-8.043030	7.749461
4780	1	-8.582708	-7.887906	-10.126732	-0.720790	-16.821661	-8.422020
4793	1	4.334435	-9.428148	-12.667347	6.556159	-6.806496	7.006042
4800	1	-18.668366	-12.843331	-7.064598	-8.965709	-11.229572	-10.706478
4804	1	-13.459505	-8.684800	-9.893515	-11.041218	0.047828	-11.532505
4818	1	-15.694590	-8.421176	-9.680668	-11.993659	-10.288901	-7.623162
4839	1	-15.186207	-9.083152	-8.527277	-5.572351	-7.709974	-9.495927
4855	1	-15.218140	-8.781899	-14.545365	-9.023006	-9.338087	-7.638028
4857	1	-13.595142	-7.272665	-9.940873	-6.753250	-3.751645	-9.198592
4874	1	-13.121411	-6.887302	-8.640611	-10.784541	-13.797581	-11.269694
4888	1	-16.456728	-11.387365	-15.116331	-8.741053	-12.635453	-11.515303
4889	1	-15.606608	-10.808335	-12.252852	-14.026655	-7.165548	-12.482284
4903	1	-6.512065	-7.587773	-5.525539	-11.454189	-5.510856	-11.875597
4909	1	-13.075995	-9.377392	-11.083721	-12.235708	-6.673320	-14.962418
4928	1	-14.350155	-12.298727	-7.165000	-7.814365	-9.678388	-8.827535
4930	1	-16.429134	-8.832269	-9.170868	-13.029160	-15.646024	-11.028779
4942	1	-14.043226	-11.891321	-11.089289	-8.036028	-14.020115	-8.473982
4943	1	4.161583	-14.813152	-7.575119	9.199818	-10.081572	6.762232
4951	1	-17.423081	-4.930738	-8.611345	-10.020941	-7.013672	-7.963378
4962	1	-16.576826	-9.598222	-7.927922	-4.988680	-7.799113	-6.491676
4972	1	-17.674680	-12.820537	-10.896315	-10.492917	-10.736903	-7.892997
4976	1	-12.170343	-5.239728	-6.835772	-12.104596	-9.582699	-10.053688
4978	1	-15.043832	-9.870446	-12.083904	-5.988647	-10.727638	-11.885327
4983	1	-1.088859	-12.163516	-9.623356	5.884065	-9.129680	4.581114
4984	1	-8.877310	-10.316207	-9.970586	-0.688523	-10.883481	-1.997518
4994	1	6.125658	-8.136969	-9.218669	7.852534	-11.478104	7.736368
4996	1	-14.626956	-11.765970	-6.109060	-14.789769	-13.027479	-9.753538
4999	1	-14.317364	-12.452475	-6.615953	-9.348023	-5.501597	-5.789398
5014	1	-11.658553	-10.463753	-9.897351	-10.645599	-15.591942	-10.029244
5021	1	-12.899825	-12.360732	-8.084057	-7.392606	-5.592578	-11.358513
5022	1	7.829356	-15.754077	-7.862997	8.031534	-8.751067	7.310714
5025	1	-15.472911	-7.441712	-6.448432	-12.247545	-8.979771	-10.603922
5033	1	-16.725730	-9.683466	-10.824599	-4.784223	-8.392406	-7.569504
5036	1	-12.125726	-11.226022	-11.019942	-14.445188	-4.894405	-17.116189
5068	1	-18.251259	-7.075167	-8.029298	-8.489129	-10.588808	-6.701328
5082	1	-7.574143	-11.141629	-8.723469	3.461147	-8.638796	-6.013201
5090	1	-14.989601	-8.812320	-10.572326	-9.750866	-8.115147	-7.654927
5095	1	-11.730836	-8.437744	-10.279402	-13.290340	-8.587383	-10.973922
5105	1	-14.353558	-10.585629	-12.530400	-9.705044	-9.075263	-6.036546
5112	1	-12.869182	-12.804935	-11.337015	-9.583595	-11.323864	-7.419800
5125	1	-13.987712	-5.640720	-10.078376	-4.382739	-15.361066	-13.315096
5134	1	-13.535708	-11.281921	-11.113558	-6.949074	-7.426550	-10.282793
5135	1	-10.089635	-7.118094	-10.413943	0.555993	-11.170094	-4.214642
5139	1	6.794546	-10.290032	-10.450870	7.634521	-9.935316	7.629298
5143	1	-6.673168	-7.436940	-7.524096	0.975756	-15.901724	-7.342675
5160	1	-16.265290	-12.532190	-9.843106	-10.337307	-10.014912	-10.630479
5190	1	-16.288755	-9.851901	-10.864800	-10.402331	-9.647897	-9.446067
5195	1	-16.643225	-8.423726	-11.504362	-8.998078	-11.909427	-11.058955
5196	1	-10.010599	-13.162501	-8.704861	-4.260633	-5.981111	-11.912219
5209	1	8.126819	-10.407490	-6.933332	8.250767	-9.626337	5.665737
5215	1	-12.631492	-10.299714	-9.323734	-11.273277	-8.138263	-10.744986
5222	1	-13.518709	-12.106299	-9.984267	-3.516407	-8.784838	-9.683612
5231	1	-8.954002	-11.618188	-9.089546	-13.051342	-8.837092	-12.921281
5245	1	-11.808671	-8.342242	-7.892537	-13.608721	-9.552500	-10.575001
5248	1	-11.950221	-9.088759	-7.862442	-9.243680	-9.268795	-11.235502
5250	1	-13.102405	-11.105703	-12.317574	-6.296761	-8.053893	-8.526242
5254	1	-17.623602	-9.183942	-9.432728	-10.729082	-14.681683	-5.267435
5255	1	-8.417494	-7.132321	-9.900092	-9.460654	-6.912976	-10.896378
5266	1	-17.656198	-13.651146	-11.227881	-13.242353	-8.747802	-7.793153
5293	1	-18.080048	-10.034626	-10.540055	-16.833805	-10.434867	-8.573616
5305	1	9.001835	-17.577709	-8.878518	8.919547	-6.069064	5.584922
5320	1	-10.692521	-13.141451	-8.611496	-6.476741	-6.429678	-10.451907
5326	1	-13.196829	-9.547264	-8.939575	-10.791434	-6.967193	-10.695248
5329	1	-16.796503	-10.063449	-8.818295	-6.694714	-12.275690	-9.991725
5330	1	-14.617896	-14.750293	-13.607234	-12.563918	-5.395423	-10.801681
5333	1	-12.298746	-7.855685	-14.471831	-9.851268	-9.219395	-10.885026
5335	1	-13.944945	-13.466850	-7.742453	-8.825112	-9.575921	-12.781278
5337	1	-12.428274	-11.919429	-8.695087	-12.044986	-8.271021	-7.124935
5340	1	-12.873374	-9.242759	-7.453421	-8.656936	-11.690331	-9.368931
5352	1	-11.476807	-11.577856	-11.513139	-6.758231	-6.383593	-9.229028
5353	1	7.151215	-8.005172	-11.207982	7.045192	-12.337352	7.729356
5365	1	-11.911859	-14.362367	-10.059217	-9.767777	-9.666053	-9.902109
5389	1	-17.765753	-9.178659	-8.550128	-9.912487	-5.657863	-11.839066
5401	1	-5.515325	-5.607605	-8.204725	-13.314212	-17.497447	-12.494926
5407	1	-14.835934	-5.043479	-6.120218	-4.592357	-11.109972	-7.275403
5411	1	-15.537834	-7.406025	-6.550737	-12.259967	-10.922572	-6.523740
5441	1	-10.275167	-8.661988	-8.477087	-5.533385	-7.860501	-12.082406
5444	1	-11.916198	-12.599468	-12.088274	-12.400654	-13.891266	-11.613059
5455	1	-16.076716	-8.308489	-3.378324	-9.618729	-12.162994	-11.777083
5456	1	-7.532046	-10.974856	-14.302556	-15.855209	-6.378942	-8.909242
5468	1	-12.843819	-9.460097	-5.874632	-11.441187	-5.611378	-5.358065
5471	1	-15.665521	-11.586946	-12.848573	-10.681208	-11.638645	-15.383537
5479	1	-12.432487	-9.394541	-10.827357	-6.104377	-7.187694	-9.789712
5484	1	-8.804982	-10.408156	-10.086021	-15.041425	-8.528610	-9.665095
5486	1	-19.142264	-11.327012	-6.936738	-11.400890	-10.791686	-10.447171
5490	1	-9.549007	-9.906266	-9.189787	-12.211174	-8.270251	-13.584582
5503	1	10.712963	-16.822959	-7.853078	8.232298	-9.870919	7.919573
5517	1	-15.720885	-11.040783	-8.529489	-11.429488	-12.757693	-7.861562
5539	1	-15.864315	-10.167278	-4.701382	-12.628007	-10.573551	-6.655152
5545	1	-15.672301	-12.369720	-8.572105	-11.949125	-11.954972	-7.690406
5550	1	5.442429	-9.010639	-9.990134	7.860657	-9.761479	8.646680
5565	1	-15.961835	-7.520092	-10.917633	-9.886773	-12.292498	-3.859483
5575	1	-11.683796	-10.481257	-7.235284	-11.080131	-9.996903	-9.996057
5583	1	-9.543101	-9.527689	-9.290280	-3.717176	-10.202956	-6.968955
5613	1	-11.796913	-12.461761	-9.160603	-5.996945	-10.005751	-8.319505
5627	1	-12.184196	-9.870928	-10.623432	-11.401484	-9.887658	-8.953922
5632	1	6.097237	-13.914566	-11.925124	7.258859	-11.513327	8.387739
5634	1	-11.395507	-11.707427	-10.593795	-11.765467	-10.628327	-11.729922
5646	1	-13.612165	-4.668752	-11.385381	-9.408902	-10.432601	-11.479156
5650	1	-13.983904	-10.451571	-5.947285	-8.406115	-12.753234	-8.906558
5659	1	-9.151249	-11.573232	-10.827776	-10.439362	-14.228349	-6.406613
5669	1	-12.878789	-10.122266	-7.117093	-6.770765	-11.761939	-14.872068
5683	1	-11.754557	-12.508766	-8.681906	-11.147803	-7.867911	-9.513417
5693	1	9.538361	-9.384088	-8.912306	6.711077	-11.692428	9.515080
5696	1	-13.391156	-13.272024	-10.084329	-10.899174	-7.344856	-8.504288
5704	1	-17.309507	-9.839992	-7.393247	-10.324795	-8.965683	-7.358894
5705	1	-14.312497	-8.133000	-10.044570	-9.014971	-12.077934	-11.969919
5708	1	-14.561653	-8.440621	-11.628112	-9.650450	-8.976460	-9.786265
5710	1	-10.129812	-1.999537	-2.706278	-3.948872	-6.969459	-12.095630
5722	1	-14.133534	-7.531456	-11.421499	-7.353715	-10.686723	-14.563726
5735	1	-16.025085	-7.379791	-10.731051	-10.486848	-7.116346	-7.251315
5745	1	-13.730506	-9.941167	-13.963138	-9.662842	-8.756558	-14.800524
5749	1	-18.390568	-7.765580	-11.429228	-8.512932	-10.718225	-11.272993
5758	1	-14.328729	-12.508454	-9.005014	-9.947717	-10.042701	-9.852716
5767	1	-14.586147	-11.519645	-4.497000	-13.508199	-11.059456	-9.368864
5768	1	-13.963768	-14.733980	-11.196660	-6.829027	-7.309646	-15.274146
5770	1	-17.839709	-5.855248	-12.115108	-11.609373	-8.871163	-14.448908
5781	1	-10.874654	-4.969072	-6.489872	-13.140215	-10.784630	-14.949480
5790	1	-10.286377	-12.546577	-11.600279	-0.270126	-8.346790	-11.772838
5796	1	-10.361651	-9.341113	-11.086770	-9.382650	-13.732137	-13.551677
5809	1	-13.986239	-10.320828	-9.658300	-17.228518	-8.248347	-10.836280
5817	1	-17.198776	-11.245299	-8.605379	-10.841102	-8.112142	-9.307629
5821	1	-13.614297	-12.406486	-5.931650	-7.212317	-10.214723	-8.002103
5827	1	-14.041768	-6.656045	-9.684079	-11.961388	-11.515521	-8.520470
5828	1	-12.383971	-7.513803	-13.532048	-3.239428	-8.543634	-8.302726
5832	1	-10.260835	-13.900062	-9.778808	-15.561169	-9.543907	-9.970716
5856	1	-15.377991	-7.962307	-8.042815	-10.682901	-13.433555	-6.399186
5860	1	-16.688451	-8.371455	-9.977051	-11.724459	-12.282484	-11.587782
5861	1	-18.443589	-10.109630	-4.622338	-10.503655	-10.771822	-9.408026
5866	1	-9.504278	-8.973086	-10.885401	-5.172856	-6.811046	-12.305066
5868	1	-14.140544	-11.802681	-10.594558	-11.267955	-14.093779	-16.236104
5878	1	-11.741967	-7.512441	-12.556706	-9.793499	-9.396075	-10.876647
5885	1	-5.976897	-9.147501	-6.743825	-13.087358	-10.988801	-13.403656
5902	1	-13.502155	-8.673079	-9.947479	-7.439749	-8.506782	-8.126526
5906	1	-16.358455	-4.363610	-11.850867	-10.507654	-16.025015	-5.875638
5909	1	-12.802240	-10.419790	-12.377025	-8.532237	-9.176182	-5.617218
5915	1	-16.852751	-6.494962	-8.868482	-8.100170	-13.400560	-11.573796
5927	1	-10.874743	-11.032219	-6.907663	-13.528683	-11.911474	-10.943230
5934	1	-17.579259	-8.711730	-11.822929	-7.365617	-13.400620	-7.925068
5937	1	-12.712919	-4.495210	-2.511803	-15.415240	-9.956004	-9.416442
5939	1	-6.235681	2.416804	-6.785275	-10.089091	-2.221261	-5.753184
5940	1	-12.085856	-9.765063	-10.441479	-7.396473	-8.365679	-10.037699
5948	1	-15.391355	-10.445007	-10.570689	-11.022150	-13.446013	-11.410824
5952	1	7.143809	-10.391245	-9.993135	7.191029	-14.037982	6.870030
5992	1	-7.302338	-15.348184	-4.213550	1.453381	-8.852467	-4.454431
5997	1	-11.448934	-10.276078	-9.118769	-11.596349	-12.364788	-14.859096
6006	1	-14.963463	-11.461360	-8.202798	-11.452602	-3.562423	-9.384481
6009	1	-15.068015	-9.983420	-9.174445	-9.591316	-11.126519	-9.159480
6011	1	-14.897836	-5.834415	-8.429217	-8.014651	-12.353251	-7.557715
6028	1	-13.723502	-11.193027	-9.433233	-12.500974	-11.243485	-7.406715
6041	1	-8.313321	-10.359954	-4.194646	-3.571621	-8.176400	-8.133568
6049	1	5.004673	-10.571405	-10.351831	8.985409	-4.395317	4.753093
6055	1	-13.273041	-17.512933	-8.716971	-5.706471	-7.993184	-9.358355
6056	1	-14.677602	-8.663431	-8.106240	-8.598094	-7.483889	-9.347063
6085	1	-16.487470	-13.056471	-11.380962	-6.595969	-9.989362	-11.712186
6094	1	-8.519036	-10.703148	-8.275501	-10.788165	-5.635017	-14.331078
6100	1	-10.892907	-12.735296	-8.871229	-9.081587	-4.556674	-9.460481
6103	1	-17.539436	-7.618109	-1.975963	-8.031720	-10.069918	-9.279321
6104	1	-10.114377	-9.158346	-10.243315	-12.052219	-7.954459	-7.930064
6108	1	-13.621046	-10.042730	-11.884867	-9.402683	-7.941716	-10.421770
6109	1	-9.491013	-8.185727	-11.661558	-7.192226	-5.561582	-8.459739
6110	1	-12.798737	-7.152868	-8.816791	-15.317367	-12.286795	-7.955358
6113	1	-12.579649	-11.508707	-7.145115	-9.787896	-11.240152	-7.231741
6116	1	-14.880549	-7.036503	-10.316042	-8.899949	-14.155049	-7.653032
6127	1	-18.292699	-11.212429	-6.392953	-10.787391	-12.333219	-10.945458
6132	1	-14.695297	-5.536856	-6.282619	-13.164988	-7.495196	-9.908585
6135	1	-7.832363	-8.653725	-8.762469	-2.266104	-11.513957	-14.380342
6141	1	-11.142527	-11.577936	-10.206414	-12.041316	-10.908611	-11.742008
6142	1	-6.291724	-7.414425	-7.601591	-12.304477	-10.205586	-13.539722
6144	1	-16.021914	-9.465262	-9.251743	-9.998348	-10.343279	-8.544215
6145	1	-9.513387	-4.864522	-5.186784	-8.327333	-7.936418	-2.242071
6146	1	-17.890391	-15.479370	-12.894487	-10.390745	-11.678103	-9.298644
6165	1	-13.724167	-11.532562	-11.481449	-12.059276	-12.499026	-10.132449
6166	1	3.447953	-7.331608	-15.478091	6.179447	-11.095594	6.465435
6178	1	-11.173059	-14.432526	-10.429635	-11.855225	-11.456415	-12.230455
6180	1	-17.626054	-8.370753	-9.525355	-7.118063	-12.198186	-9.528742
6196	1	-15.919434	-8.051793	-3.682001	-11.676963	-12.675381	-12.069462
6241	1	-16.003022	-11.709056	-12.110356	-3.732439	-14.146710	-10.031613
6270	1	-12.711345	-10.566854	-8.826782	-10.616529	-10.557591	-10.522946
6280	1	-17.015587	-11.353173	-11.579372	-4.747042	-10.944503	-5.989588
6285	1	7.802716	-16.691729	-8.512626	6.915296	-9.087266	5.948480
6286	1	-16.403397	-11.030358	-2.826968	-9.188116	-11.794163	-10.774317
6302	1	-13.832745	-8.642565	-8.326666	-12.073341	-12.542240	-8.967449
6307	1	-18.487200	-11.229384	-9.345274	-8.840559	-12.336405	-6.593804
6309	1	-15.472432	-8.444464	-6.972794	-10.353560	-12.030253	-12.820318
6312	1	-11.693910	-10.543508	-8.004661	-4.189853	-9.213722	-13.771576
6323	1	-19.429876	-8.203355	-13.372207	-11.845870	-9.176073	-11.918040
6325	1	-13.477352	-13.065845	-8.549118	-6.939571	-11.162247	-15.493724
6329	1	-14.914914	-10.077390	-9.495741	-10.178834	-9.117506	-11.700910
6350	1	-16.466207	-7.791634	-10.810609	-10.857244	-5.967827	-15.560478
6351	1	-16.121111	-9.485899	-10.704414	-13.946861	-12.038678	-12.838330
6352	1	-15.142354	-3.712060	-9.535168	-11.285126	-6.995302	-8.666676
6379	1	-8.066627	-14.806006	-4.811971	-0.264649	-7.415714	-5.859727
6383	1	-14.267220	-10.602163	-9.776355	-6.300347	-13.574357	-8.511231
6386	1	-8.925005	-4.953460	-9.535194	-1.100142	-12.065498	-14.312529
6391	1	-13.673572	-9.853205	-9.600957	-16.515087	-10.252822	-12.583241
6414	1	-13.185271	-9.578197	-10.672147	-12.177827	-11.005685	-10.761992
6432	1	-15.127812	-13.372992	-5.087070	-9.497931	-5.206359	-8.226769
6437	1	-9.528120	-6.636835	-8.849759	-11.839402	-12.581704	-11.273404
6443	1	-14.783451	-11.007412	-9.341203	-13.324725	-8.865344	-10.388602
6447	1	-13.827993	-13.259256	-11.738682	-9.629654	-12.158845	-13.058866
6455	1	-12.749229	-10.502755	-7.956291	-10.742683	-7.074845	-10.497253
6459	1	-15.266131	-8.400358	-9.017327	-11.061499	-5.414581	-8.616668
6470	1	-15.027775	-11.368429	-9.487041	-10.962016	-11.165588	-11.080984
6494	1	-9.008376	-11.356435	-8.818816	2.314862	-8.462361	-3.919673
6503	1	-15.423828	-10.406977	-6.412484	-11.220348	-6.656756	-10.035640
6505	1	-17.205337	-14.887094	-4.528456	-9.891406	-12.108044	-14.560195
6510	1	-12.546874	-9.450610	-13.001889	-10.414059	-9.792132	-10.983796
6516	1	-16.559934	-8.859609	-9.303063	-10.358989	-8.125882	-12.439572
6539	1	-14.091057	-7.897657	-13.666111	-9.339507	-13.001779	-10.344551
6547	1	-18.240817	-7.441797	-6.924688	-10.666279	-11.366845	-6.842694
6559	1	-17.067719	-9.386737	-6.971406	-6.950151	-10.181701	-10.188278
6593	1	-13.472865	-15.232308	-4.089371	-7.595611	-12.296529	-12.268383
6608	1	-18.969658	-9.641822	-10.790807	-8.376249	-6.754147	-12.788610
6612	1	-10.359886	-7.720539	-8.777226	-7.331303	-7.132758	-9.247032
6614	1	-8.901529	-0.701989	-4.050955	-9.585783	-8.540079	-9.197621
6616	1	-11.330380	-13.931310	-9.206056	-8.499711	-8.339188	-7.379211
6629	1	-10.074980	-11.363515	-9.790486	-5.178148	-9.238645	-10.697269
6635	1	-13.258616	-10.701411	-6.585624	-10.709552	-8.404179	-8.490704
6641	1	-7.984221	-10.763396	-10.638818	-7.282111	-11.696707	-7.926014
6656	1	-14.945960	-9.843752	-10.242872	-7.979324	-12.176959	-9.375577
6659	1	-11.824294	-15.897213	-9.326436	-10.297464	-6.142375	-15.512958
6665	1	-10.521500	-2.620737	-6.442356	-6.546074	-15.287292	-9.825279
6676	1	-15.506998	-12.302789	-9.398117	-9.140043	-13.683728	-12.322249
6694	1	-3.438248	-9.386011	-9.172612	-7.728237	-9.742683	-9.222785
6715	1	-14.428918	-1.691522	-9.477252	-12.718633	-7.245795	-7.010154
6716	1	-13.172554	-11.898843	-12.947507	-10.752329	-10.946624	-10.249733
6721	1	-12.704211	-11.164818	-10.892365	-4.757178	-7.629208	3.848079
6728	1	-8.031497	-10.386775	-10.172437	-9.974904	-10.294714	-17.239727
6731	1	-14.435583	-10.675871	-9.251356	-5.254552	-5.396392	-8.748654
6779	1	-13.753794	-10.912276	-9.976136	-16.804187	-8.111726	-9.643077
6784	1	-16.952749	-3.572469	-11.882505	-5.790708	-7.169981	-9.865596
6813	1	-8.933075	-9.385681	-8.468506	-14.549162	-8.959895	-14.486900
6816	1	-8.736529	-10.195717	-10.779554	-7.179492	-13.451615	-9.440992
6828	1	-15.068448	-15.356770	-7.728358	-5.733709	-4.975074	-12.203100
6831	1	4.749887	-9.557672	-13.592539	5.019745	-11.109605	7.030357
6832	1	-9.016277	-11.731323	-9.173868	-9.085533	-9.661297	-10.205919
6845	1	-14.043586	-8.750219	-9.145725	-6.889574	-9.510856	-6.246892
6850	1	-13.630456	-6.537568	-12.923001	-16.313187	-10.091707	-9.912184
6861	1	-12.782634	-10.246702	-6.338188	-11.933219	-7.687637	-11.597223
6864	1	-16.177470	-7.549719	-10.604514	-12.926907	-10.290062	-8.490590
6870	1	-12.198600	-8.343676	-6.447799	-11.983455	-12.928641	-9.838705
6873	1	-15.851795	-8.528410	-8.890647	-7.129668	-14.400782	-10.875550
6878	1	-14.156904	-9.634477	-7.673470	-8.426369	-13.546462	-13.415883
6880	1	-18.120712	-10.484321	-9.624433	-13.222672	-6.659217	-7.841160
6881	1	-15.104470	-12.107938	-12.364400	-12.035483	-8.742676	-14.492496
6885	1	-12.224851	-14.856431	-7.384995	-13.997990	-5.109573	-10.284180
6895	1	-12.985275	-3.158177	-4.208671	-5.904337	-13.624344	-9.768515
6896	1	-17.350119	-9.818601	-7.680220	-9.201964	-11.856970	-8.815115
6903	1	-10.992555	-10.191531	-11.963157	-12.581510	-11.767611	-12.247818
6908	1	-8.907950	-13.439142	-8.070397	-15.320135	-11.244963	-6.256527
6912	1	-13.248627	-12.882210	-7.845733	-8.423293	-9.122073	-11.212198
6915	1	-20.178138	-6.767343	-7.577437	-9.525174	-10.250897	-10.812677
6920	1	-13.671566	-10.613665	-9.207508	-7.512633	-9.141710	-11.364347
6924	1	-11.546405	-10.128154	-10.621741	-12.012048	-12.700916	-10.540284
6925	1	7.158066	-13.037725	-11.158617	6.720285	-10.116476	7.020764
6932	1	-14.596649	-11.182732	-11.013224	-10.898943	-12.755486	-8.657815
6933	1	-12.450308	-12.206821	-12.451725	-8.574131	-7.731662	-12.989814
6956	1	-4.524238	-7.455841	-8.811985	4.770876	-11.859495	1.907391
6957	1	-16.653446	-8.878223	-11.868522	-3.698573	-10.919560	-8.274073
6976	1	-13.646173	-11.224253	-10.764435	-9.374631	-9.683373	-10.089260
6979	1	-2.379970	-14.101312	-9.921110	1.969218	-12.605305	3.701814
6980	1	-13.813928	-6.974730	-7.882023	-8.052919	-11.176684	-9.550626
6984	1	-13.516720	-13.335874	-6.798818	-8.301506	-14.280103	-3.156427
6985	1	-9.107672	-9.846751	-6.703530	-4.670525	-9.964181	-4.603273
6991	1	-11.454638	-10.078147	-7.093243	-11.718004	-13.721295	-11.914784
