48	5	-12.249419	-8.478656	-6.090288	-10.347775	-9.954763	-13.860481	5.069413	2.145660	2.397444	0.705538	3.536320	-2.787877	-1.485706	4.655247	2.793296	-9.196136	4.140278	-13.860346	6.593108	-10.718307	-6.109002	8.472947	-9.954763	5.325022	11.708426	2.145649	2.397441	7.309805	3.536315	5.325023
128	5	-14.206361	-7.812380	-6.888581	-12.243946	-2.601561	-10.530379	-8.082425	5.379431	3.980092	-18.226311	8.719624	-10.530377	-12.669904	-4.255356	-1.299426	-12.244104	2.434691	-10.530379	8.737796	3.810146	3.980062	0.242531	8.604104	6.934212	2.422304	-8.197554	-6.888636	6.239278	-2.857442	6.888019
130	5	3.274573	-15.081636	-9.311631	6.456998	-2.762935	7.363530	-7.949129	-10.687157	-9.311631	-6.204028	-2.762935	-9.796526	-5.118026	-10.687157	-9.311631	2.395406	-2.762935	1.466780	-3.057570	-0.649638	-1.798272	2.407914	3.413408	1.470088	-5.890338	-0.649637	-1.798268	-6.204052	3.413410	-9.796531
185	5	9.569953	1.932098	2.027325	6.437075	2.877625	7.807252	2.984616	-7.912207	-9.671838	6.210604	-9.196660	7.806943	-6.582288	6.593280	2.027325	-10.932327	2.877625	-5.758951	-12.525639	-6.323528	-9.440288	-10.841625	-9.196660	-5.759860	2.124991	6.330001	2.027325	-6.659542	2.877625	0.196589
212	5	-5.610437	-10.491011	-10.119911	3.863745	-5.294715	4.041432	-17.857166	-10.491011	-10.119911	-8.458013	-5.294715	-6.446313	4.426094	2.715472	0.628370	8.465244	5.835056	6.319601	-14.375489	2.929222	0.628396	-8.458710	5.835094	-6.446313	-2.076828	2.929222	0.628396	3.863209	5.835094	4.042085
262	5	9.984031	7.284730	4.135556	4.921795	7.563888	7.230410	-8.208983	8.610620	4.135556	-9.867005	7.563932	-5.862284	4.034878	-6.715225	-4.987386	6.787281	-7.006031	7.225840	-14.151138	-5.390026	-4.987386	-7.998141	-6.943266	-5.862284	4.566087	7.284806	4.135556	-1.529823	7.563888	6.482758
264	5	-8.480836	-11.003618	-9.968665	-10.158783	-10.791361	-5.855118	3.144073	-17.297734	-9.968665	2.763860	-10.791361	6.227994	-2.287812	5.805628	1.075568	-10.159511	5.309326	-4.491535	1.768702	0.820961	0.904801	-9.739032	5.170264	-2.400117	1.313035	0.241847	0.861940	-9.621334	5.170031	-2.330564
336	5	9.041633	0.389089	0.661812	6.081028	3.869923	7.145620	-7.685603	7.143500	1.902586	-11.930763	4.544775	-1.667431	-13.226092	-10.864288	-8.351503	-11.853732	-8.295778	-1.666534	3.134275	-12.318656	-8.367805	5.580900	-8.295778	6.883153	-3.049560	-10.898978	-8.352110	1.461442	-8.295778	3.876243
394	5	-9.909778	5.995921	4.136426	-11.398403	6.572209	-7.764893	5.512758	-13.501263	-7.728195	7.767648	-6.862122	9.438142	0.403664	-9.090936	-7.728195	2.303468	-6.862122	8.077319	-9.882344	-2.490461	-1.807522	-9.967903	5.773562	-7.764244	-10.253852	-9.083198	-7.728195	-9.968323	-6.862122	-7.772086
439	5	-9.784996	0.050688	-5.742561	-3.708586	-5.432075	-9.907863	2.981475	-9.677961	-7.395650	8.277163	-9.557301	5.429791	-9.077398	-5.044777	-7.395650	1.700293	-8.596658	-4.402219	-3.328541	0.040078	-5.776072	2.046294	-5.436829	-4.400557	-15.374447	-5.044775	-7.395650	-3.709347	-8.596657	-9.907863
494	5	-12.212347	-11.370642	-9.975971	-9.695979	-4.677992	-5.832876	-5.846894	4.535559	2.004001	-9.898616	5.141311	-5.832877	3.246235	-14.234135	-9.975971	7.006770	-4.677992	7.393070	-0.381299	-12.171733	-9.975971	1.725903	-4.677992	4.141877	-1.279126	-11.862246	-9.975971	1.067285	-4.677992	2.500249
501	5	-9.033435	-10.893220	-10.976889	-13.655226	-12.051949	-7.093873	7.868331	-12.071809	-10.976889	4.613184	-12.051949	6.789309	6.157913	-12.071790	-10.976889	-1.392003	-12.051949	4.132487	-4.344083	3.805569	1.063159	-13.680105	3.805843	-7.093312	10.721165	2.580969	1.063123	-1.423932	3.805611	4.092327
530	5	-7.280585	-3.357107	-2.928601	-9.106909	-12.614306	-10.797198	7.243000	-8.771468	-8.568168	7.811146	-12.614331	6.918348	-4.004801	3.601774	-2.407256	-9.017583	-0.450021	-10.194644	3.707968	-8.632169	-8.568168	2.293361	-12.614331	0.734588	-4.238210	1.615239	-2.877689	-9.024524	-6.795259	-10.278472
541	5	-10.335204	-5.159027	-9.375171	-12.023639	-2.563999	-9.563120	-10.176439	-2.128198	-2.997887	-12.092330	4.441573	-9.563120	-6.576169	7.250569	1.627026	-13.069130	5.607070	-9.563120	5.684785	-8.362252	-9.404495	6.656853	-2.577921	8.129005	9.454237	3.203925	1.591556	5.627187	5.607037	8.129656
554	5	6.781955	-17.163323	-8.005073	7.503668	-9.112696	5.973394	-7.857938	-11.358129	-7.964160	-1.017693	-8.992455	-8.425844	12.108244	0.666222	1.891577	7.324795	6.187142	5.973394	-5.281717	6.875507	2.576540	-6.840408	6.636970	-8.565821	0.088224	-11.400640	-7.965353	2.712641	-8.995866	5.349576
572	5	-15.348262	-12.013533	-6.597644	-9.757006	-8.378168	-11.007380	4.019414	-15.922733	-6.597644	4.355585	-8.378168	6.497606	-9.457110	6.517668	3.717922	-10.175728	6.823091	-11.017363	9.914143	2.598208	3.717754	4.245358	6.819308	6.498314	8.657382	2.598208	3.717754	2.425922	6.819308	0.818010
594	5	-9.119018	-3.183058	-9.012459	-11.854101	-7.893948	-11.656458	-4.606208	8.292424	1.674591	-13.992709	5.788754	-10.603803	3.317682	-8.039659	-9.535396	4.839809	-7.952541	6.389424	7.832042	4.164593	1.671443	2.390641	5.787263	6.691868	-1.661151	-3.183092	-9.012480	2.423951	-7.893956	3.393303
626	5	-6.831720	-9.892298	-9.371022	-3.638195	-9.946481	0.892270	5.111035	-14.102726	-9.371022	6.756240	-9.946481	8.058194	-1.143932	-9.892691	-9.371022	2.669722	-9.946481	5.252527	-11.081763	-9.892298	-9.371022	-9.024695	-9.946481	-7.478350	-6.203350	2.723245	2.025239	-9.880022	4.756045	-7.810473
656	5	-12.731177	-3.783505	-3.667977	-12.058450	6.198106	-8.680532	4.304631	-8.443623	-3.669754	4.411586	6.198100	6.786982	-8.237073	4.577289	2.519113	-12.060330	6.585527	-8.680251	-1.385929	-3.804607	-3.668078	1.489518	6.198106	4.749871	2.971609	-0.245386	0.508110	-2.225103	6.268666	-4.985915
760	5	-12.682981	-9.113407	-10.599462	-9.767851	-0.347218	-11.935991	-7.340150	5.690940	0.944505	-9.889293	5.127577	-11.935991	-11.775887	-4.628264	-4.661787	-9.767903	4.021316	-11.935991	4.198655	-10.842897	-4.669420	5.917073	4.021311	6.613225	4.198420	-15.327957	-10.599463	5.917121	-0.347218	6.613223
794	5	-8.571132	8.236311	3.721030	-5.669981	5.915766	-9.715480	-5.735735	4.518110	1.710647	-4.436841	-1.473683	-8.016094	10.452627	-2.813093	-7.247196	7.606661	-10.032844	7.031728	8.591166	2.753598	3.610411	6.619242	5.851140	7.031725	5.875404	-7.390357	-7.438322	7.606579	-10.067616	7.031606
875	5	-8.032687	-5.723093	-11.809859	-9.359568	-3.091213	-8.479348	4.852177	-8.416515	-11.810237	7.172651	-3.091214	7.381658	4.868983	-4.227209	-5.977441	7.172670	3.233452	7.381841	-5.640807	0.614383	0.038971	-9.281705	3.668384	-8.472910	-7.244987	-1.178358	-3.890422	-9.353609	3.253080	-8.478867
933	5	-6.716927	-9.413277	-7.843345	-1.659273	-6.314890	-7.822358	2.892637	-12.180731	-7.843345	9.049374	-6.314890	5.664414	2.874206	-12.137086	-7.843345	6.030792	-6.314890	-0.721186	0.489491	-9.473111	-7.843345	3.837711	-6.314890	3.450987	-1.580097	1.516477	0.099011	-1.657891	2.838465	-7.822035
995	5	-4.940543	5.650182	1.747861	-12.224951	7.604252	-9.761201	2.942580	-11.321881	-10.455720	3.256328	-6.194044	-0.109552	0.983953	5.105879	1.738520	-11.231335	7.598792	-8.872466	5.437516	-11.572088	-10.464875	5.806528	-6.194109	5.336273	-11.551132	-5.267791	-8.643386	-9.784859	-6.032342	-9.761201
1013	5	-5.068355	6.111060	1.732383	-15.963791	4.786801	-13.823478	-9.761755	-6.034491	-6.204462	-10.037884	-5.579158	-13.817765	6.037145	-9.124682	-6.204467	5.738131	-5.579161	4.750242	5.899425	-9.090456	-6.204467	0.272615	-5.579161	-1.152099	10.698904	2.429769	1.732357	-0.413097	4.785112	4.706631
1037	5	-6.542568	0.678333	-7.832225	-7.429619	-1.689655	-6.797064	5.176640	-17.028363	-14.112044	7.439684	-4.008024	8.868947	-2.452369	1.771375	-2.256017	-1.496237	4.250434	-3.324094	5.176145	-10.435632	-7.561190	7.439662	1.768867	8.868946	-11.485139	-10.752924	-14.085077	-7.429845	-4.008024	-6.797112
1051	5	-9.573927	-10.294055	-10.814023	3.842400	-8.707431	-3.287708	-15.271970	-10.293717	-10.814023	-3.150629	-8.707431	-9.457511	-6.282070	-10.297083	-10.814024	6.027077	-8.707431	1.741271	-10.771120	5.092249	2.044590	-4.418327	5.997061	-9.461877	-4.645144	5.081930	2.044575	2.575175	5.997031	-3.292362
1110	5	3.138719	-11.906029	-9.930895	8.823788	-10.072268	5.501095	-9.720892	-7.519135	-9.928196	-3.404592	-10.072268	-9.574773	-7.808562	-7.519135	-9.928196	2.610585	-10.072268	-7.181963	-3.330876	2.390509	1.953540	-3.419606	7.247698	-9.041257	-1.373265	2.390502	1.953540	2.603543	7.247698	-4.068203
1143	5	-5.502903	9.007648	1.882735	-11.073167	5.697555	-11.169732	-5.834818	2.573749	-4.505281	-10.098219	-3.824139	-11.169464	9.486819	3.445705	1.880604	6.200963	5.697393	6.338584	3.935429	-6.734386	-10.470515	7.067147	-10.239300	6.258587	-7.693618	-1.250995	-8.756300	-10.516624	-4.150211	-11.169625
1202	5	0.161306	-5.769012	-8.930591	5.170177	-1.953187	5.809476	-10.211697	-5.766619	-8.930591	-2.458506	-1.953187	-2.273492	-4.754325	8.167020	2.905104	-3.083861	5.631828	-2.640551	3.015964	-8.126707	-8.930592	6.154015	-1.953187	7.917845	8.608426	2.710936	2.905104	5.933630	5.627416	8.065218
1287	5	-10.932942	-3.090303	-3.733427	-7.882687	4.042190	-9.532845	5.243177	-9.371017	-3.733435	9.136533	4.041957	6.386063	-0.793378	7.637218	2.324504	-8.233640	6.665568	-9.532315	-10.932224	-8.936617	-7.406938	-7.875391	0.712523	-9.532845	5.243177	-15.217309	-7.406938	9.143830	0.712523	6.386063
1313	5	-6.445699	2.976571	-3.293319	-11.261979	-6.749927	-11.128120	-6.410437	7.256094	2.940042	-11.263281	4.089118	-11.123769	-9.984239	-2.200026	-7.905847	-11.261979	-13.290680	-11.299139	5.418353	-4.893961	-9.245386	6.854593	-13.354938	6.355748	9.506552	4.578019	2.935921	6.853364	4.089059	6.512363
1338	5	-16.443663	-8.991666	-8.225392	-9.934409	-6.438768	-5.947972	-10.081510	6.280205	2.369600	-9.940521	5.219974	-5.947972	2.436377	-10.116956	-8.331184	7.155936	-6.439869	3.216181	3.709127	-0.174067	1.513639	7.500756	3.707549	4.610886	2.431613	-10.101789	-8.330201	3.600293	-6.439860	1.250827
1368	5	-9.591169	-5.099319	-2.121117	-10.830005	-5.735885	-11.311373	-5.201432	5.574051	2.704977	-10.842092	5.853882	-11.308412	6.375143	2.200075	2.580399	-1.709045	5.810957	3.981400	4.155939	-7.149996	-2.131882	3.089768	-5.736519	5.388582	8.426881	1.514402	2.521359	3.083393	5.770880	5.424699
1464	5	7.167114	-15.146834	-7.399045	6.955528	-11.322876	7.183379	-2.107794	6.315265	3.463046	-6.578518	6.056287	-10.669041	10.201983	-0.779511	3.398294	6.937709	4.956110	7.183379	-2.123421	-9.761064	-7.399045	1.118677	-11.201517	-4.640931	-5.967599	-9.757104	-7.399045	-8.033031	-11.201190	-10.755928
1468	5	4.528452	-13.920180	-4.282638	5.883026	1.267091	6.632500	0.300188	1.892292	2.413692	-9.215233	6.778305	-7.564807	-6.270547	-9.135974	-4.282427	-8.992319	1.267179	-11.160574	-6.270552	-9.232836	-5.030851	-8.992319	-5.290375	-11.160574	4.528452	-14.013726	-5.030851	5.883026	-5.290448	6.632500
1521	5	5.797136	-14.173840	-7.931406	6.924906	-8.196357	2.812113	-3.071519	-8.287192	-7.931406	-6.373768	-8.196357	-12.421786	-1.418447	3.823386	2.625771	-5.418932	4.109621	-9.718734	3.172522	-10.604552	-7.931406	3.224882	-8.196357	-3.263411	-1.014860	1.592098	-1.981284	-4.135765	0.043087	-9.696223
1555	5	5.073430	-11.874050	-7.938144	8.889203	-9.188104	8.482808	-9.174169	6.090961	4.220894	-6.211507	7.128742	-7.567443	-2.583583	-7.532219	-7.936352	2.856491	-9.188103	-0.051309	9.755889	1.686177	3.970048	8.347520	7.101670	8.487905	-13.559882	-7.503233	-7.936278	-5.378029	-9.188103	-7.450723
1730	5	-1.291041	-6.680619	-7.468018	3.558388	-8.800689	3.711437	4.565409	-11.684214	-7.469343	9.007309	-8.800689	7.599872	-13.059502	-6.654373	-7.467969	-7.529571	-8.800689	-8.795830	10.924305	2.058226	1.230568	9.007867	4.221515	7.626185	-6.980686	8.153850	1.406416	-7.529563	4.381730	-8.795686
1811	5	-6.280985	3.618812	2.062545	-11.933641	6.408129	-5.634144	-8.766800	-4.977224	-7.702694	-11.826536	-7.617265	-5.634158	5.615197	-7.393000	-7.746985	5.487610	-7.617272	6.953877	8.593577	0.816805	1.639142	5.540234	5.692668	6.953877	2.200815	2.301755	2.009289	-7.481380	6.323383	0.123344
1858	5	-0.913595	5.264803	-3.487114	7.012947	-3.936904	-6.387694	-5.184178	5.265282	-3.487111	-3.893390	-3.936884	-11.968242	-0.914264	9.037149	1.823532	7.012035	4.590705	-6.387699	-5.185516	9.037626	1.823532	-3.894281	4.590708	-11.968260	8.497549	4.629103	1.809065	8.019017	4.434593	3.761792
1913	5	-12.239236	-6.788784	-7.357337	-11.442096	2.101948	-11.361483	-12.963400	-11.082317	-10.712438	-11.442096	-4.233692	-11.361483	3.434446	-8.976039	-8.166988	7.769100	2.035032	7.143581	-7.138649	0.827201	-1.729262	-11.442102	4.803962	-11.361483	3.234762	-13.071852	-10.751172	7.755463	-4.236932	7.119297
1990	5	8.341086	3.104003	1.700000	4.945786	5.611963	7.862843	5.962356	-5.171369	-9.624804	4.939231	-5.982842	7.862684	-6.103629	6.248413	1.700000	-10.845209	5.611963	-8.666216	-5.875900	4.158315	-3.401349	-10.844609	-2.742844	-8.666216	8.566420	1.015880	-3.401381	4.946021	-2.745822	7.862845
2074	5	6.051006	-8.723136	-8.559958	5.729602	-9.206350	7.838403	-9.176789	1.247888	-1.654131	-10.562616	-4.007966	-5.862546	-8.750366	2.997190	2.721625	-10.793937	6.521353	-5.862546	-11.347467	-6.741222	-8.540000	-10.562055	-9.206350	-5.862546	8.175371	1.042623	2.630724	5.524495	6.497930	7.838411
2104	5	1.501118	-0.464667	-2.063211	-10.838236	4.010145	0.927506	-2.840204	4.759069	1.275215	-12.900777	5.256156	-6.690430	2.902739	-6.846424	-3.055021	5.641672	0.650120	5.890679	2.895638	-14.218355	-8.093565	5.652495	-5.852777	5.889022	-8.080608	-10.977600	-8.093565	-12.584710	-5.852764	-9.614679
2131	5	-2.298908	0.344164	-2.315873	-2.433180	-2.769746	-8.919881	8.442795	1.321914	2.964483	7.079110	6.131944	6.196251	3.802308	-8.059064	-7.468391	7.159050	-8.930137	6.195706	-2.185385	7.323195	3.028265	-2.573605	6.207744	-8.973418	-6.611954	-3.711653	-7.345860	-2.433181	-5.804729	-9.510995
2201	5	-7.783555	3.804748	2.898780	-11.066514	6.414140	-4.825279	3.680670	-13.064593	-5.813394	6.657823	-9.918313	9.073337	-2.297087	-7.233584	-5.813389	0.696251	-9.759517	2.592296	-13.836869	-7.213246	-5.813389	-7.227998	-9.757355	-4.825262	-10.218846	-0.360315	0.491399	-7.235142	4.074347	-4.825263
2275	5	4.620667	-10.891052	-11.737608	7.137642	-8.412015	9.864371	-4.421947	2.251100	-3.873319	-8.314341	-2.308702	-8.718635	-11.057521	-5.485213	-11.737475	-8.925073	-8.410435	-8.718635	-1.273997	-5.490009	-11.737476	3.636833	-8.410450	3.432595	-4.423036	4.679731	-0.595060	-8.371637	2.540019	-8.718635
2304	5	-10.692901	-7.119486	-6.923298	-9.276677	-11.921176	-7.278837	2.247690	-8.185146	-6.923298	8.794665	-11.921176	4.760162	-5.582846	5.792792	4.823121	-10.918997	6.138332	-7.278837	-4.041323	-7.119751	-6.923298	3.047623	-11.921176	-1.769358	4.539377	1.464351	4.521408	7.828141	6.122947	-0.123377
2358	5	-7.989652	-9.661990	-4.188490	-11.273198	1.380886	-9.107856	-7.989652	-10.669005	-10.148976	-11.273191	-3.460848	-9.107856	4.014217	-12.596478	-4.188491	6.092168	1.380886	6.833499	4.014217	-13.603493	-10.148976	6.092175	-3.460848	6.833499	-3.221752	0.499771	1.095633	-8.225627	7.376181	-9.011413
2359	5	-6.847804	-6.099266	-7.356490	-6.935988	-11.123972	-10.860996	6.851010	-9.589162	-7.828410	8.130068	-11.168720	7.103224	11.910487	3.037799	0.759781	8.128829	3.013863	7.103237	-1.480081	6.564987	1.030961	-1.608894	3.432910	-8.791537	4.793770	3.062502	0.764686	-1.542398	3.021388	-3.079701
2405	5	-10.296929	-5.391206	-9.908490	-5.563395	-9.430412	-12.443295	7.396476	1.069204	2.158042	3.040673	5.204716	-1.216068	3.472022	-10.581309	-9.908492	7.150042	-9.430508	4.810530	8.693420	1.069204	2.158042	7.258165	5.204716	5.356786	-4.673168	7.130719	2.172763	-5.094369	5.561025	-11.804511
2469	5	-10.086777	-7.832593	-6.837052	-9.270521	-11.562805	-6.805257	3.560896	-11.827698	-6.883140	7.623768	-11.562805	6.562664	-8.024831	6.590768	2.929312	-9.449993	5.204547	-6.819219	0.760962	2.260171	2.625581	5.733400	5.183300	4.236207	6.584414	2.169167	2.607370	7.953702	5.180356	6.725222
2535	5	-9.037059	-2.621148	-8.009056	-7.721163	-5.922054	-11.599547	5.505720	-9.480923	-8.773130	6.890874	-9.641143	4.843571	7.875457	2.627722	3.354798	3.064580	4.978073	-0.907691	-3.498794	4.643485	3.355178	-8.461585	5.132158	-11.599650	4.808275	2.628482	3.354798	-2.696986	4.978175	-0.908736
2560	5	9.531974	4.676421	-0.130371	1.111276	4.235790	-0.413120	-2.979210	6.627402	-0.129743	-5.340920	4.235790	-13.646462	4.193564	-1.673962	-10.607561	1.116048	-1.361183	-0.417297	10.166608	4.676421	-0.130371	6.417393	4.235790	4.467159	4.829884	-1.673962	-10.607561	6.423600	-1.361183	4.467044
2670	5	-11.150926	-6.322162	-6.417963	-12.363083	-11.218229	-6.165206	-7.267067	4.960705	1.996207	-12.363132	6.101966	-5.684940	9.525106	2.910668	1.994259	5.471826	6.101567	7.695306	-7.551553	-0.746533	-2.615102	-12.363083	3.561976	-5.762787	4.196712	-8.914426	-6.417963	5.437768	-11.218230	7.685581
2840	5	-9.670539	6.731550	3.941251	-14.888627	8.537730	-8.993528	4.699423	2.545880	3.929950	1.378352	8.452844	5.308008	-11.193390	-10.618806	-6.250960	-10.645067	-5.412051	-8.993508	3.343794	-12.781481	-6.250960	5.551007	-5.412052	5.632549	7.085431	0.606242	2.609595	2.954080	7.382283	5.703410
2849	5	-8.748867	-7.359271	-9.461853	-8.732119	-8.635277	-11.279837	9.202841	3.390087	-0.730700	8.376813	2.180831	5.716438	-2.561280	-7.359282	-9.461853	3.646372	-8.635277	-4.909550	4.124847	-7.653213	-9.461853	8.376918	-8.635830	5.716437	-3.736413	3.691289	-0.685511	-3.255940	2.191202	-11.014119
2977	5	-9.246479	-8.673139	-8.539614	-12.350312	-3.271713	-12.332418	-4.005021	6.563018	2.877982	-13.097271	5.875807	-12.332415	3.331762	4.303706	2.868486	-5.687035	5.847892	0.009501	5.471539	-12.627974	-8.539782	5.754650	-3.271713	6.652087	10.718981	2.371690	2.740068	5.061526	5.441111	6.652259
3026	5	-8.083430	-6.696656	-10.378905	-5.713968	-12.111300	-6.712321	-2.726146	5.517994	2.319132	-5.796461	1.038569	-6.723228	1.989784	4.538963	2.319117	-5.136311	1.038441	-2.983478	4.925890	-9.531866	-10.378905	3.138879	-12.111406	7.171483	6.159185	1.819457	2.294938	-3.440662	0.982436	4.285096
3039	5	-5.521451	8.704475	1.716056	-6.738716	6.927380	-6.154906	-12.000294	-7.770450	-7.915600	-6.742648	-7.130737	-6.155248	10.211965	2.468281	1.659714	6.638438	6.846435	5.314833	3.689262	-12.336339	-7.915831	6.651867	-7.130737	5.258555	2.919830	6.470559	1.715841	-1.513603	6.927073	-3.853492
3042	5	-0.055107	7.134414	2.454637	0.986041	4.490551	4.871673	-7.141736	7.518556	2.456802	-11.195011	4.497413	-5.183932	-11.663755	-6.692489	-7.197731	-11.179051	-8.450555	-5.183932	5.835601	3.849376	2.375377	6.033073	4.237675	8.132301	-5.285070	-6.706060	-7.203245	0.930388	-8.450610	2.936602
3088	5	-11.773192	-3.001464	-5.706082	-12.247415	4.267517	-9.917777	-14.319768	-9.053060	-8.631027	-12.247415	-1.695437	-9.917777	2.112856	-8.489180	-5.720894	4.004690	4.267472	7.116641	-8.312169	2.667679	0.587094	-12.272713	4.318375	-9.917748	1.809740	-13.939529	-8.631027	3.028750	-1.695437	6.718357
3149	5	2.673853	0.717166	0.311493	-3.531522	4.353409	-5.736316	-9.017095	-11.171824	-10.160538	-8.733625	-6.257105	-11.176616	3.137262	-13.371651	-10.160538	2.856131	-6.257105	-0.746334	5.667909	-15.380774	-10.160538	8.030191	-6.257105	4.237132	-2.688752	2.553160	0.314332	-8.731532	4.354003	-7.760441
3190	5	7.354577	-12.107807	-9.638829	8.410368	-8.083356	8.456656	10.407081	3.263251	1.987633	8.405153	4.131159	8.456656	-3.408023	-6.820406	-9.638829	-3.640199	-8.083356	4.803343	-4.966357	8.571906	1.987846	-7.519926	4.131457	-1.069824	-8.019430	-6.808393	-9.638829	-7.519661	-8.083356	-1.069828
3217	5	5.247336	-7.853091	-6.686833	6.077636	-12.183847	4.222213	-7.585248	-6.733866	-6.683318	-7.322242	-12.161984	-13.284380	4.283009	6.120697	3.337409	0.167868	5.277232	-3.691572	-3.438925	7.228539	3.337618	-9.361236	5.277338	-13.438979	9.378606	6.107231	3.337404	4.073349	5.277230	4.164212
3340	5	-8.908540	-10.183400	-8.052199	-9.775181	-10.822439	-10.550389	7.729707	-12.797057	-8.052199	8.179902	-10.822439	5.631104	8.224132	3.500397	2.989805	4.794991	5.390726	-0.239629	-3.652722	6.084107	2.989869	-8.005313	5.390763	-10.549822	12.968866	3.500397	2.989805	7.786597	5.390726	5.631110
3416	5	-12.382537	-10.687427	-1.341770	-11.526621	-10.724741	-10.734982	-7.799525	7.040162	3.404277	-15.399033	7.186040	-10.734985	5.522195	-14.700278	-1.341770	5.762807	-10.745873	6.789317	-8.289766	1.026388	3.329972	-15.317352	-0.072865	-10.734985	9.942438	3.026883	3.404276	1.836080	6.986509	6.680900
3532	5	-10.709433	-8.554665	-10.718755	-7.227695	-8.276212	-4.849568	2.854647	-10.439264	-10.718755	7.463255	-8.276212	6.483148	-3.469198	-8.554673	-10.718755	2.726404	-8.276212	5.794539	-4.263866	7.506549	1.962624	-11.950466	5.588971	-4.824656	9.100686	1.491658	1.821271	3.783312	5.538800	6.672476
3579	5	6.609446	-12.302020	-9.398330	-0.461205	-9.910367	4.253781	-9.113976	-9.367091	-9.398330	-11.014123	-9.910301	-0.982579	7.905491	-12.314731	-9.398330	4.581329	-9.910367	5.772740	-6.499292	0.480126	-3.881612	-11.014134	0.176968	-0.982579	-6.236449	3.157946	0.946075	-11.023578	3.984622	-0.982641
3636	5	-3.067962	5.093454	2.009146	-11.677826	4.024917	1.059356	11.830166	1.326354	2.009051	7.113647	3.498528	8.329438	9.112754	-10.933383	-4.282792	7.113662	-6.727203	8.329039	-5.790932	-7.774069	-4.282792	-11.809480	-6.726376	-0.840526	-1.989184	-7.774207	-4.282792	-5.347699	-6.726376	3.949788
3712	5	-13.073854	-10.349370	-4.637645	-13.142857	-11.576914	-8.202358	-6.956765	1.905618	1.082412	-13.142918	-5.288602	-8.202358	3.480062	-14.768317	-4.637645	5.665949	-11.583871	7.248779	-7.804884	8.223076	3.725994	-14.915292	5.233356	-8.202358	8.695534	1.716718	3.598499	4.377899	5.123938	7.248814
3733	5	10.945612	2.817884	0.307155	7.764486	3.753408	8.319788	4.513705	-9.143057	-11.524293	7.763350	-6.242241	8.319788	-12.628060	-6.105265	-10.517826	-7.304343	-6.240760	-4.222703	-6.186180	6.404830	0.437174	-7.304369	3.754642	-4.222703	-2.042249	-6.108953	-10.519899	2.759301	-6.240771	4.765815
3788	5	-9.362770	-7.256606	-5.490980	-13.185541	-9.625700	-13.553742	-5.091873	2.435539	-0.355913	-13.172579	1.516287	-13.547128	4.455120	-13.712839	-5.494571	4.514705	-9.705383	4.944333	-9.528439	4.154987	3.336044	-13.558970	4.690621	-13.553745	2.464781	0.451645	3.129178	4.222749	4.207809	4.352720
3794	5	10.207325	2.104748	2.591842	3.437324	4.477752	5.891031	4.494972	-14.745279	-10.459568	7.340073	-6.035962	5.873555	-7.702130	-8.616281	-10.459567	-7.579976	-6.035962	-9.864368	-1.939877	8.799119	2.592294	-11.452504	4.503835	-8.996796	6.734539	2.106211	2.591844	-3.157821	4.477857	1.641648
3925	5	3.771178	-15.776439	-8.886307	8.676804	-8.368515	6.052104	-13.470923	-10.768790	-8.752473	-7.913541	-8.368448	-5.829519	-2.655092	-10.769007	-8.752493	4.372493	-8.368448	5.387548	-13.152476	-10.768790	-8.752473	-4.128722	-8.368448	0.228982	-7.864901	2.036629	0.517270	-7.913314	7.777162	-5.828299
3941	5	4.185956	-4.862478	-5.823365	4.226445	-9.488385	8.004154	-3.449366	-3.172115	-4.706543	0.810320	-8.747459	0.481096	4.583298	5.111038	4.319367	2.703045	4.914824	8.002122	-10.894536	-3.172114	-4.706543	-5.576421	-8.747458	-6.122719	-10.717756	6.799658	4.350739	-3.448849	5.018516	-5.887042
3953	5	-12.733844	-4.721521	-7.245730	-12.268950	-8.627686	-11.885135	5.932083	-9.286234	-7.328986	6.837896	-9.982718	5.960537	-5.791384	6.413796	0.852790	-12.013946	5.713948	-11.885135	-5.791190	2.903814	0.153352	-11.964039	-0.335657	-11.885135	12.495967	1.669900	0.846633	6.823047	5.210702	5.960556
3978	5	-12.561933	-4.733694	-8.964798	-6.342687	-8.098817	-11.178391	-9.282397	5.850228	1.838753	-6.351034	4.094685	-11.178412	-6.400546	2.071088	-4.268612	-6.342687	-4.402638	-11.178391	3.759883	-9.140121	-8.964839	6.772362	-8.902176	6.576712	-12.239001	-1.014610	-4.067702	-6.342687	1.856813	-11.178391
4174	5	4.512352	-7.734828	-6.421045	5.069737	1.130222	8.420149	-11.664433	-7.550714	-10.430625	-12.716933	-3.199650	-8.501012	4.510865	-13.464670	-10.431756	5.069736	-3.199658	8.420149	-6.024175	4.236254	1.712295	-12.717687	6.137958	-8.501011	-0.156482	4.236174	1.712294	-7.355448	6.137957	2.933506
4210	5	-7.876176	6.101603	4.403660	-7.968331	5.224783	-12.460466	-12.235538	-9.840292	-4.654585	-6.037740	-8.126554	-12.451696	1.867607	-10.158991	-4.654585	6.340285	-8.126554	4.746037	4.201183	0.566891	4.381242	6.221076	5.209659	6.231759	3.749084	2.499999	4.403254	0.073174	5.224571	-0.477066
4214	5	-8.512520	2.514983	2.787676	-13.662210	5.231759	-3.326556	5.998219	-13.443746	-4.329949	7.919144	-0.041775	9.178551	-0.333847	-7.287351	-4.329942	6.316345	-0.041775	6.027584	-11.360038	-7.287094	-4.329942	-9.114814	-0.041775	-3.326556	-2.747729	2.514983	2.787676	-6.858138	5.231759	2.362225
4226	5	4.225132	-15.739557	-7.477549	5.530526	-8.664455	5.879878	-2.283094	7.759408	2.026640	-12.420099	2.744827	-11.459220	-8.648971	-9.636505	-7.477549	-8.032697	-8.664455	-12.055848	10.280911	1.648617	2.022710	0.770534	2.743100	3.861557	3.669868	1.653224	2.022760	-8.514145	2.743122	-4.978575
4272	5	6.815203	-10.782530	-9.861970	6.135739	-8.817189	6.019387	-7.821527	-4.593681	-9.837325	-11.305485	-8.729093	-7.734328	-5.331825	2.975885	-4.507307	-11.120182	-3.596969	-7.734324	-7.205902	7.312453	1.266122	-11.282807	4.043374	-7.734328	9.047006	0.637084	1.042387	6.197426	3.445828	6.019497
4281	5	-11.487068	-1.843331	-8.838501	-11.433330	-4.917073	-10.996887	-6.596693	8.331790	1.987495	-11.456999	6.523257	-10.955222	4.026636	-12.010020	-8.838903	3.086661	-9.809899	5.662332	3.111630	2.130822	1.974033	-2.929711	6.514111	2.881536	8.824728	1.847576	1.944243	3.084540	6.493173	6.087521
4326	5	4.530593	-16.767727	-8.872422	4.328442	-11.270309	-1.413834	-10.952623	-10.943182	-8.872422	-8.297868	-11.270026	-14.065122	4.882677	-16.929344	-8.872422	6.836843	-11.270309	3.847751	-4.601837	2.665148	-2.737975	-8.297868	0.868262	-13.387996	-5.025276	6.708789	3.475088	-9.337975	5.436511	-13.533581
4348	5	5.181834	-6.664748	-6.719247	6.128748	2.330310	7.188666	-10.503406	-6.329578	-12.318915	-11.101601	-2.942681	-7.426941	-9.318854	-3.814515	-6.650013	-11.102885	2.330392	-7.402241	-6.572876	4.783016	-1.720119	-11.165233	4.759025	-7.174306	4.850396	-9.016697	-12.318927	6.130285	-2.942681	7.176662
4354	5	-6.257051	-5.877844	-5.801432	-12.132946	-9.480085	-13.192833	6.464983	-12.292169	-6.339851	4.854286	-9.480086	4.231183	-1.323048	7.121609	3.268485	-10.309556	6.727325	-13.096953	4.398397	2.141051	2.822097	-7.069615	6.008550	-7.994386	10.588789	0.759371	2.301114	4.893594	2.598040	4.231251
4453	5	-10.529292	-9.548017	-8.516299	-8.162991	-8.585107	-7.552871	5.192042	-11.092731	-8.516299	7.327788	-8.585107	7.310554	-4.488986	4.838039	1.386132	-8.079325	3.435930	-7.552868	11.230770	3.273573	1.382126	7.528764	3.426060	7.310555	-0.632743	-9.598808	-8.516299	5.007886	-8.585107	4.902064
4516	5	-1.738986	-9.442297	-7.585811	-8.222820	-8.029468	-11.034716	11.277779	2.608311	2.250439	8.977899	7.233765	6.959555	8.228622	-14.285526	-7.585814	8.987097	-8.029468	6.959555	0.932367	-9.443860	-7.585811	1.749737	-8.029468	-4.184531	3.553880	3.141679	2.250503	-3.561231	7.233907	-4.221325
4574	5	6.114213	-9.747475	-8.540439	6.710254	-9.587661	6.199927	-3.819237	1.330887	-1.920832	-8.207905	-3.919796	-9.402046	-6.094081	8.482476	2.144302	-12.464189	5.794698	-10.334156	-8.514810	-4.761851	-8.317883	-8.129129	-9.066675	-10.648543	8.492726	3.493973	2.144302	3.174751	5.794692	6.243884
4590	5	10.144274	3.644362	2.897396	3.877207	4.959244	8.269540	4.584783	-6.957871	-8.799129	5.008778	-8.977458	8.269720	-10.691971	-2.804383	-5.342284	-11.909405	-8.789914	-10.467885	-5.682279	7.765905	2.898377	-13.042390	4.992265	-10.467885	3.760942	3.664376	2.897423	-6.182430	4.960144	0.972768
4662	5	-7.645139	-7.945158	-7.133010	-7.752590	3.098601	-9.936628	5.812969	-12.873352	-7.133010	7.588232	3.098601	6.571130	-1.612588	3.855034	-0.284509	-7.719354	7.854546	-9.925155	-8.000555	-12.181575	-10.892496	-7.752590	-2.223418	-9.936628	5.812533	-17.109501	-10.892496	7.588232	-2.223418	6.571130
4711	5	1.634127	-7.521813	-5.467766	0.666232	-9.791701	-0.234518	-10.007680	-6.937438	-5.467766	-10.326589	-9.791701	-12.422119	1.375591	5.470283	2.882613	-8.997707	8.894552	-6.290108	6.951569	1.812674	2.878630	4.524921	8.806091	0.188316	5.463751	-9.840649	-5.467766	6.393826	-9.791701	6.501123
4764	5	5.686266	-15.513699	-8.080136	7.451169	-7.300667	7.511479	-10.177338	-9.368154	-8.079621	-8.679930	-7.077392	-8.992046	0.518682	-9.379167	-8.079629	6.005010	-7.078973	5.105851	-6.117716	1.398667	-1.928188	-8.673881	-1.182264	-8.989984	-6.113185	1.450915	1.291773	-8.676313	4.636490	-8.989971
4776	5	-10.761788	-8.272717	-10.548227	-0.594635	-9.534378	3.726354	-15.754187	-8.272717	-10.548227	-5.923366	-9.534378	-2.091455	5.108716	3.212435	1.055488	6.066458	4.366984	6.219904	-10.524368	8.111947	1.264840	-6.045922	5.011899	-2.092241	-5.384996	8.111947	1.264840	-0.720980	5.011899	3.714996
4858	5	6.293588	-12.976607	-5.902741	4.807438	-7.292251	7.936188	-5.761304	-6.836424	-5.902735	-10.517530	-7.144712	-7.392957	-2.022495	0.943420	0.238614	-10.749115	-2.906788	-7.392957	9.384478	2.205323	2.422438	3.997573	4.299372	7.920348	-2.790730	8.187039	2.425968	-11.328791	4.407903	-7.392959
4877	5	5.164615	-7.333688	-7.491837	6.991468	-11.749150	8.607303	-1.231028	3.126406	1.729362	-5.106701	0.883636	-4.200423	-0.927957	1.343287	-1.960690	-4.756750	-5.597849	-3.945587	-7.319049	-4.755258	-7.488556	-10.759601	-11.748401	-6.418188	2.211003	0.354985	-2.451930	-4.230369	-5.740065	-1.752826
4886	5	-7.804635	8.058567	2.240995	-10.085694	4.839855	-15.547085	-11.480113	-7.262093	-8.229416	-9.896598	-9.534176	-15.547078	5.914368	2.599884	2.219463	1.384453	4.787328	-3.215654	8.919146	2.572448	2.218681	7.354645	4.786151	3.884439	5.286105	-12.587525	-8.255348	7.536422	-11.086491	3.884477
4896	5	9.549635	-5.770050	-4.193548	5.528280	-9.268947	7.310414	-9.704593	1.958685	0.955981	-13.862105	0.227958	-8.606900	-3.150522	1.868224	0.954687	-13.657451	-4.731305	0.600801	-9.711093	1.868239	0.954687	-13.861951	-4.731301	-8.607690	-3.143080	1.958670	0.955981	-13.644779	0.227955	0.619782
5002	5	2.690107	-13.898691	-4.012118	6.729645	-7.521132	-0.783862	-0.412482	-0.894950	1.803926	-4.760715	2.936469	-3.772750	-8.421985	-10.110304	-4.008149	-9.693127	-7.520996	-8.072562	5.374948	-13.909270	-4.012120	9.368048	-7.521132	5.820489	0.636719	-2.052054	1.920255	-4.289640	3.067050	-2.503921
5007	5	4.749820	5.096389	1.266235	1.578388	5.132506	-1.475785	-14.019535	-6.449248	-10.397222	-8.680031	-6.133981	-9.997444	-9.509239	8.295152	1.268352	-8.938623	5.187558	-10.081784	3.844075	-9.168232	-10.646798	6.498242	-6.456001	4.925085	8.399625	4.201325	1.263948	6.256067	5.081265	4.930645
5016	5	-8.685926	7.084149	4.675399	-9.342557	8.022725	-10.904983	7.069439	0.085134	4.675322	8.372505	7.891865	6.457520	-14.177724	-11.425220	-5.351176	-7.997304	-6.652540	-10.603940	3.642175	-14.023293	-5.351176	9.429626	-6.652540	6.115117	-1.653441	-11.430312	-5.351176	6.324779	-6.652540	3.093636
5059	5	-15.279593	-5.667143	-4.143823	-9.013732	4.052748	-10.390064	-9.571196	3.734688	1.871341	-9.050979	4.808233	-10.390064	2.640408	-11.688607	-4.515726	7.900751	4.052747	8.009360	-15.279519	-10.611612	-7.350234	-9.013732	-2.159633	-10.390064	2.640452	-16.468868	-7.350683	7.900755	-2.159633	8.009361
5256	5	-6.820765	-8.939865	-11.124780	1.453373	-5.882115	-1.488180	5.381754	-14.555997	-11.125941	6.533089	-5.893956	7.230016	-2.308221	1.907525	-2.098785	2.370070	2.386231	-1.354913	-7.332083	1.907528	-2.098785	-5.886597	2.386231	-2.275029	-11.608380	-8.939865	-11.124780	-5.886778	-5.882115	-2.275029
5280	5	-11.104513	4.186187	3.565327	-11.183148	5.764287	-7.246524	5.485476	-10.867770	-6.001854	6.920922	-4.613325	6.710239	5.483018	-8.729708	-5.883101	6.920922	0.758251	6.710239	-13.327836	-4.704427	-5.882996	-10.997947	0.758412	-7.246524	-13.338210	-6.842995	-6.001854	-10.997947	-4.613325	-7.246524
5295	5	-0.753117	-10.617715	-9.294271	3.253385	-13.431892	3.788787	-12.269427	-10.492469	-9.289368	-7.684582	-13.431756	-6.857190	4.644337	-14.616853	-9.345973	7.045849	-13.433294	7.920096	10.954116	1.597712	3.079527	4.973529	5.082001	7.920652	-6.073347	6.031926	3.633444	-10.814708	5.310256	-6.857190
5519	5	-12.968226	-5.333264	-6.664892	-7.702333	3.094810	-11.022947	-12.968215	-11.063794	-11.311858	-7.702333	-0.266711	-11.022947	-7.897705	0.961619	-0.310506	-7.702372	4.116402	-11.022947	3.495501	-16.509971	-11.311858	6.378920	-0.266711	5.736871	3.495490	-10.779476	-6.666091	6.378920	3.094804	5.736871
5540	5	-9.129514	-9.893225	-3.810614	-9.951601	2.057885	-6.915722	-9.128989	-11.266383	-9.985772	-9.951601	-4.390762	-6.915722	5.042671	-16.119276	-3.810614	7.133305	2.057885	7.539721	-8.148394	0.694138	2.874131	-10.829026	8.064957	-6.915736	5.043197	-17.492439	-9.985772	7.133308	-4.390762	7.539721
5595	5	5.412198	-10.514700	-10.137535	5.983444	-9.800333	6.236226	-6.958178	6.493577	1.677473	-9.710688	2.918855	-4.648270	-6.087558	-5.618161	-8.937390	-3.777247	-9.798075	5.524663	-12.043399	-5.618152	-8.937384	-9.710773	-9.798075	-4.648292	-0.870712	6.482247	1.677295	-3.381482	2.918733	5.585544
5654	5	6.477656	-7.880814	-0.906240	6.019865	-15.368513	6.165451	-0.496530	3.559351	0.895333	-6.972707	-8.826253	-10.723053	-4.716781	3.722192	0.908812	-7.071555	-8.826130	-10.806408	4.307001	1.338107	0.536672	-1.351011	-9.245657	-4.526123	-8.266280	-3.869303	-0.759499	-5.986787	-15.368506	-10.806421
5687	5	3.460281	-10.571402	-8.810825	6.093148	-10.035486	7.445236	-9.922184	-8.635949	-8.810662	-7.990854	-10.035202	-8.555547	-4.240157	-8.658078	-8.810667	-2.272102	-10.035211	2.792133	-0.667844	-8.881617	-8.810712	4.115779	-10.035290	2.873713	-4.032087	5.770852	3.131938	-10.622583	4.899684	-8.555550
5698	5	-7.421514	-10.608717	-5.863251	-9.594145	-8.608516	-11.198418	-4.346562	4.935506	4.073475	-10.041550	5.836425	-11.108216	4.646310	-13.090160	-5.863256	6.504604	-8.608516	5.899926	-0.502566	-10.635357	-5.863251	3.216442	-8.608516	5.703262	7.615116	2.123485	3.941525	6.225670	5.716757	5.894779
5711	5	-11.545755	-6.513721	-8.639872	-14.039918	2.019732	-7.975792	-7.273600	0.626017	-3.078770	-14.039652	8.153809	-7.975792	-11.545769	-11.726528	-12.914561	-14.039918	-4.613220	-7.975792	4.044170	-8.591868	-8.640342	3.636979	2.019449	6.047949	4.044169	-13.804152	-12.914561	3.636979	-4.613220	6.047949
5751	5	0.936291	-7.399053	-9.442466	5.840108	-9.278360	3.487126	-6.213343	6.479612	2.813414	-10.722474	8.813765	-6.903097	7.187966	5.929277	2.813382	6.512960	8.801022	5.991442	1.211404	-1.215543	-1.828643	6.213154	5.201735	3.653963	-12.081049	-7.096613	-9.431592	-10.606259	-9.205621	-6.903097
5759	5	-8.628369	-9.881832	-8.897151	-8.087076	-3.748039	-12.186887	-3.555358	4.272239	1.547293	-8.550133	5.253962	-11.276665	4.328136	-11.710901	-8.897158	7.175431	-3.749621	5.588491	3.012510	3.195746	1.547102	-2.990647	5.253580	-4.598335	-1.283096	-9.968161	-8.897152	1.561483	-3.748232	4.850883
5769	5	-13.772742	-8.009560	-11.333980	-4.690299	-7.602545	-10.036162	-1.680052	3.065875	0.644910	4.552319	3.378594	-3.953062	-7.475161	-8.009560	-11.333980	1.596394	-7.602545	-3.960339	3.572801	-14.268083	-11.333980	7.963176	-8.096187	5.652960	-7.986786	3.072286	0.644911	-3.982538	3.378594	-10.036159
5830	5	-6.552115	6.036038	1.769901	-4.921067	5.460125	-5.775229	4.680227	-15.884916	-6.318951	7.674889	-5.104745	6.580734	3.211451	-14.687836	-6.317370	5.225999	-5.104745	0.665643	-11.987557	-10.249298	-6.260613	-4.718173	-5.104719	-5.775168	-0.764542	-10.420451	-6.267148	1.684073	-5.104727	4.980218
5892	5	6.822927	0.105403	0.681192	6.458989	5.465442	6.834480	2.374468	-3.217994	-8.042665	6.436983	-4.784495	6.829532	-3.308040	-2.151818	-7.214806	3.948331	-4.537732	-4.660513	-3.580511	-7.005216	-10.035802	3.772786	-4.934142	-4.661756	-8.476870	-2.115178	-7.186221	-3.082904	-4.522616	-11.236465
5911	5	-5.363495	3.389459	2.060011	-14.273171	-0.563601	-11.886421	-5.416872	5.863688	2.431228	-14.277680	2.945068	-11.886421	-11.187523	-5.730950	-3.763420	-14.329562	-6.189386	-11.886421	10.325996	0.352806	2.416420	4.637073	2.869399	5.616996	4.560242	-9.677522	-3.763962	4.634143	-6.587234	5.614629
5994	5	6.494915	-9.440886	-10.286004	5.230815	-7.247752	7.234135	-9.573784	-5.485795	-10.286001	-12.830981	-7.247706	-8.840713	-2.787665	-5.528479	-10.286001	-1.261351	-7.247710	6.220048	-6.134668	2.238506	2.038901	-12.832693	4.346774	-7.775861	-1.339657	2.128022	2.029454	-9.352595	4.323005	2.725978
6092	5	7.749057	4.298432	1.789699	5.222155	4.881561	5.099452	-7.966195	4.371476	1.789888	-12.415806	4.887737	-11.288724	-12.326228	-11.167029	-5.471917	-12.475604	-7.428820	-11.298633	3.388052	-11.237250	-5.471917	4.589780	-7.430068	4.638855	2.214463	4.318127	1.789751	2.768249	4.883254	-2.317995
6105	5	-11.544988	-9.179680	-5.878872	-9.629751	-9.619147	-6.851919	7.251609	0.850878	4.084156	2.668695	5.531173	0.770500	7.468060	0.489069	4.010597	5.233668	5.430527	7.152787	3.766468	-11.064887	-5.878872	6.018798	-9.651891	7.018322	-5.892096	5.470066	4.153241	-10.174462	5.620543	-6.850989
6125	5	-8.348267	-3.064850	-2.306761	-9.778129	3.221880	-15.087372	3.429889	-5.143307	-4.091124	7.006581	1.977797	3.566271	-7.722969	2.717633	-2.271901	-9.778652	4.099558	-15.087371	3.386320	-10.357538	-10.212291	7.012068	-6.649876	3.563184	-14.317352	-8.391970	-10.212278	-9.756473	-6.003657	-15.087371
6199	5	4.298256	-11.580338	-8.749751	5.074396	-11.362569	5.862086	-8.883351	-10.267083	-8.749741	-11.162692	-11.362569	-12.158744	3.777484	-11.580337	-8.749751	3.699843	-11.362569	-0.114304	-4.508839	2.401370	2.004581	-10.403310	5.314604	-12.158744	7.967093	1.010979	1.674357	4.163104	4.633297	-0.083813
6268	5	-2.358400	-10.884142	-10.363915	5.640050	-2.037347	2.354335	4.339283	-10.064064	-4.500477	8.138668	4.086058	7.788342	4.339453	-15.996799	-10.363915	8.138668	-2.037347	7.788343	-2.358577	-4.869677	-4.466854	5.640050	4.086162	2.354335	-0.652412	-0.143805	1.871381	5.592829	5.238709	2.355796
6403	5	-6.630685	6.547158	-1.235918	-8.735735	5.203535	-8.509037	5.586398	1.246479	-1.588338	5.354351	4.550012	-0.006340	6.642763	1.246285	-1.588506	5.378279	4.549720	5.101320	-10.751976	-3.697326	-13.700211	-8.938177	-4.105704	-8.509037	-1.756914	6.547154	-1.235918	1.876554	5.203535	-2.285778
6409	5	-2.702291	2.610304	-1.353141	-1.626435	-5.580303	-4.867440	-10.655916	-9.041688	-5.927825	-6.453845	-11.574637	-8.783129	-6.113336	7.181529	3.286165	-6.468943	4.533699	-8.783162	9.099714	0.754751	3.285984	6.362375	4.302265	6.456504	4.657821	-15.468209	-5.927825	6.374900	-11.574637	6.452889
6411	5	7.547529	-12.300586	-8.500773	6.028862	-9.484183	6.238738	-4.972295	-9.847723	-8.500733	-11.356623	-9.484183	-3.047201	9.436725	2.874247	4.116412	2.315343	7.714326	6.235899	7.474397	2.880373	4.117094	-4.294538	7.715761	5.355904	-2.175011	5.359703	4.196759	-15.147347	7.865671	-3.047200
6431	5	3.123609	-13.244549	-8.972335	8.056463	-9.659576	8.001504	-13.902772	-7.542304	-7.934439	-9.565152	-9.659576	-10.382272	-10.378513	1.807120	2.676926	-9.567643	8.146691	-10.382273	1.780942	-0.257423	2.305103	7.843603	6.953816	5.590911	1.774780	-0.288821	2.304924	7.847107	6.953234	5.620003
6442	5	1.884524	0.747937	-3.877998	0.681903	-4.670000	-1.528473	-13.482526	-4.782759	-9.142840	-10.794495	-10.784664	-10.893572	-9.973881	1.566201	-3.780542	-10.798974	-4.459383	-10.881145	-9.698129	3.730675	1.759298	-12.713446	2.911065	-10.878354	3.013245	-9.311491	-9.142843	5.194444	-11.027526	3.279562
6538	5	-10.832232	7.497490	4.364983	-15.619339	5.045266	-5.255159	-8.868595	1.520513	-1.182583	-11.792510	1.060938	-5.255077	-12.458444	-9.200003	-8.694554	-11.792517	-9.493210	-5.255164	3.564209	5.146392	4.362327	-0.170295	5.042332	5.176155	3.684294	-11.628632	-8.694702	3.776830	-9.493210	6.042561
6564	5	-12.111560	-8.431747	-7.119106	-8.387528	-10.264199	-10.372537	3.572826	-10.814979	-7.131221	6.312733	-10.265003	5.758406	5.013752	0.134092	3.466720	6.144417	5.158275	5.790998	-7.407548	3.563353	3.490783	-8.459730	5.217500	-10.372537	4.246742	0.681362	3.479571	2.957829	5.190425	-0.403805
6577	5	-3.540272	2.985702	-2.068560	-11.128289	6.518760	-9.546919	-9.471187	-7.053681	-12.800786	-11.160590	-4.424497	-9.547620	1.788398	1.902881	-2.176423	-6.622149	6.518707	-4.712524	12.701890	0.542527	-2.453876	5.743215	6.504460	7.356344	7.371066	-9.057385	-13.170400	5.742332	-4.424497	7.356316
6615	5	-12.851014	-7.066216	-8.036985	-7.650111	-3.779015	-11.337769	-6.331497	6.237419	2.216906	-7.650392	7.746851	-11.337769	10.290506	4.253184	2.216906	7.392202	7.746753	6.696643	3.756312	-8.961499	-8.036986	7.392400	-3.779015	6.695842	0.287366	-7.080178	-8.036985	6.536911	-3.779015	3.583363
6650	5	-8.746342	-10.875194	-6.982922	-13.876838	-4.769726	-10.838683	-8.746342	-5.402949	-1.842446	-13.876838	1.707350	-10.838683	-6.846131	5.430918	3.797784	-14.538494	4.580678	-10.838683	7.629066	-16.630455	-6.994051	3.209956	-4.769726	7.829166	7.629066	-11.160613	-2.262020	3.209956	1.707349	7.829166
6700	5	-9.907269	-7.879131	-8.696493	-5.889401	-8.010002	-13.676088	4.895387	1.734219	1.287913	1.172164	3.901574	-2.677372	5.528442	-12.237671	-8.799451	6.035905	-8.010004	3.671851	-5.167689	6.450951	1.801458	-5.889454	5.267679	-13.668985	9.960777	1.731525	1.287086	6.035954	3.898779	3.671855
6739	5	-14.075615	-10.230727	-8.888297	-10.421076	-5.940787	-11.330997	-13.888344	-3.643459	-4.035550	-10.421076	0.307079	-11.330997	3.059553	-11.981045	-8.888297	5.209476	-5.940787	6.045374	3.066213	-5.406821	-4.035556	5.216184	0.307078	6.046869	-9.707940	2.199887	0.025852	-10.421568	2.667676	-11.330976
