1	1	-8.987985	-6.462676	-8.208304	-9.717825	-12.516986	-14.383727
5	1	-10.816103	-12.476522	-3.480710	-7.022860	-15.673004	-16.454365
10	1	-14.816194	-10.683212	-8.580424	-12.553256	-6.405677	-17.978424
19	1	-12.398589	6.412952	6.593712	-7.089808	6.828264	-14.074401
23	1	-14.761073	-8.482267	-5.137001	-8.349223	-9.255502	-15.677571
53	1	-11.142289	-6.792461	-2.786669	-6.926666	-12.935483	-14.634823
59	1	-13.054256	-3.674824	-1.903722	-10.782433	-13.853710	-14.781699
71	1	-4.123614	-2.084904	-4.044097	-12.265351	-16.560450	-16.370794
75	1	-2.351528	-1.881973	-5.680250	-12.574357	-15.287242	-15.704202
80	1	-14.851751	8.027125	6.259057	-14.554923	6.575838	-12.006047
133	1	-11.839735	-12.247013	-7.462162	-10.052908	-6.881597	-13.318376
135	1	-11.046861	-13.517225	-5.829149	-11.923434	-12.500286	-16.203965
155	1	-10.900109	-8.106881	-3.581590	-10.497019	-14.963558	-13.080587
162	1	-10.738542	8.169265	5.914540	-17.778438	7.265910	-16.693382
180	1	-10.659754	7.817626	8.775850	-15.180229	7.465933	-11.690259
181	1	-12.869997	-12.297666	-6.619138	-15.352872	-11.537675	-13.585081
182	1	-4.950004	6.357143	7.466613	-16.317136	9.185999	-16.166325
193	1	-12.293241	-14.590284	-6.563093	-7.740930	-9.961586	-13.386833
202	1	-9.162027	-9.749011	-11.139766	-9.374942	-9.299748	-16.891592
211	1	-15.118356	-9.237780	-5.300848	-11.621299	-15.586254	-17.249578
213	1	-12.897228	-11.901368	-2.347177	-5.451269	-14.868430	-15.220332
217	1	-10.160087	-8.670578	-9.209083	-13.231597	-11.264782	-22.282447
228	1	-12.048615	-12.263152	-5.730505	-10.027520	-15.706837	-16.237918
229	1	-12.617182	-6.386248	-3.423524	-10.008908	-7.170089	-13.322432
234	1	-12.316140	-9.211718	-6.420112	-14.053562	-11.160949	-16.243717
253	1	-7.740473	-15.501518	-0.872881	-10.092692	-10.349331	-17.979666
278	1	-11.618302	7.497189	6.601963	-13.069552	6.482470	-16.397447
283	1	-10.420792	-9.239593	-5.014527	-10.906677	-8.440105	-16.560483
297	1	-11.524614	-14.914005	-6.042100	-6.971534	-8.828893	-19.326890
302	1	-14.977872	4.016039	8.687090	-16.143517	9.625224	-11.831807
307	1	-8.477948	8.675295	6.334982	-14.056781	5.500584	-18.332500
311	1	-13.587993	-10.622082	-8.425501	-8.360301	-12.538547	-18.217149
316	1	-10.942056	-7.835222	-4.823305	-10.184272	-14.739691	-17.088317
317	1	-15.204710	-9.915974	-4.980876	-11.669006	-13.806315	-14.224230
343	1	-6.926762	-11.369427	-5.408944	-12.352911	-10.426967	-15.178498
381	1	-9.124080	-6.396043	-8.621935	-8.446292	-8.706534	-17.085996
398	1	-12.281099	1.694437	5.356664	-18.810185	-4.186657	-14.256909
409	1	-11.411726	-3.175677	-2.758155	-11.707618	-9.140852	-18.631711
412	1	-11.591026	-11.910615	-8.028479	-8.812840	-7.175247	-12.425692
432	1	-10.572002	-9.493098	-5.653054	-17.006125	-15.169489	-14.504529
433	1	-15.384537	-10.033053	-2.602994	-10.827714	-13.739436	-12.223227
455	1	-6.598105	-11.432322	-10.602308	-10.859386	-9.725612	-16.760978
465	1	-10.930677	-12.326125	-1.165001	-12.655536	-9.360928	-13.793468
472	1	-15.428668	-12.535283	-6.881440	-11.839640	-16.249100	-10.364936
473	1	-10.346691	8.305372	9.324955	-16.118165	6.179693	-13.194837
505	1	-11.484597	-13.388384	-9.440611	-12.077427	-12.773668	-15.932937
526	1	-11.385284	-11.690466	-7.770140	-8.246223	-14.912682	-15.439768
528	1	-13.195176	5.280910	6.898884	-16.174016	7.025123	-12.015539
531	1	-6.897031	-10.275135	-7.770037	-7.035530	-15.297340	-12.856445
535	1	-5.453391	6.120230	6.943164	-15.637237	5.920246	-16.069683
552	1	-11.689526	-10.647968	-6.784626	-9.026979	-13.771955	-15.328733
558	1	-13.630928	6.718729	9.508378	-17.922631	6.915473	-16.614527
561	1	-11.302795	-8.798565	-4.143571	-10.882010	1.816610	-20.314717
569	1	-8.717925	-11.228977	-3.423147	-11.239647	-14.333674	-10.029594
572	1	-7.359356	-8.147428	-6.100149	-8.132751	-8.108993	-15.126571
581	1	-13.938996	-6.296397	-5.024008	-7.954877	-13.473703	-14.503323
602	1	-13.667041	6.274508	7.600478	-12.652508	6.349809	-13.339517
641	1	-10.960040	-7.681793	-8.876496	-5.396562	-8.209504	-10.279881
642	1	-13.373822	9.245902	7.069695	-13.172197	6.761845	-11.648669
674	1	-7.971399	-8.126518	-8.945754	0.696618	-12.219733	-9.064284
684	1	-9.952963	-11.884916	-8.410154	-12.879092	-9.566515	-13.897601
689	1	-16.663069	6.612772	5.485349	-16.709791	6.737108	-7.463311
701	1	-7.980687	-6.477792	-7.548923	-4.044672	-13.189227	-15.637754
709	1	-15.380111	-10.298898	-4.089839	-6.485754	-14.037704	-10.725789
713	1	-12.765273	5.486973	5.614713	-14.940609	9.477093	-15.546065
775	1	-14.579527	-10.221221	-2.540487	-11.049781	-12.121402	-15.423115
776	1	-14.284707	-8.378689	-2.966325	-10.610755	-7.061393	-7.009976
788	1	-11.909535	5.871503	6.912909	-9.752269	6.163277	-14.145915
794	1	-10.680858	-12.977703	-3.884109	-10.797089	-10.708318	-20.801664
822	1	-13.357708	-10.986491	-7.736609	-12.395974	-11.965245	-16.661864
840	1	-13.043252	6.348529	6.551165	-10.464839	6.256249	-11.634405
848	1	-6.260772	-1.731971	-6.513407	-10.448001	-9.959541	-17.307457
851	1	-11.248182	-11.225488	-2.293369	-8.491747	-12.726417	-17.212804
865	1	-12.380544	-10.840782	-7.860788	-1.211189	-10.785814	-14.871926
883	1	-9.289850	-7.687649	-5.924828	-9.449881	-13.236449	-16.936091
888	1	-15.065410	-8.765327	-9.299063	-7.886761	-12.172290	-11.946866
894	1	-6.578039	-15.073227	-6.125319	-12.007268	-12.643409	-14.845269
917	1	-12.894488	-13.285522	-8.436165	-9.719933	-8.187565	-12.347702
968	1	-8.701113	9.757893	9.094657	-17.298734	7.623014	-17.854905
976	1	-10.055833	7.771292	8.735120	-18.229822	7.546911	-15.130307
992	1	-12.531575	7.427325	7.615544	-13.411840	8.083610	-12.491327
997	1	-13.196124	-10.849925	-2.936269	-9.533415	-12.354076	-17.696182
1006	1	-9.924617	6.166351	7.841774	-17.559916	8.828581	-11.414163
1026	1	-13.521236	0.243318	-1.023409	-8.832027	-6.794495	-15.304346
1038	1	-13.095468	-8.885295	-6.900462	-6.418172	-11.437820	-13.463270
1062	1	-12.235549	-5.360189	-2.073848	-17.097550	-12.384393	-11.954885
1081	1	-10.886556	4.727576	4.698910	-9.545869	-1.320884	-14.020660
1092	1	-6.087527	-9.132493	-8.852989	-9.555812	-12.049549	-15.148945
1098	1	-12.854724	-9.792227	-11.814784	-6.767641	-11.717534	-5.660450
1100	1	-12.514413	9.161090	7.096553	-16.794416	6.890400	-10.076720
1110	1	-10.443957	7.348885	1.354629	-9.259846	3.705777	-13.642613
1116	1	6.510375	-14.631044	-3.948114	7.776437	-10.329103	4.156281
1136	1	-13.190957	-11.085910	-0.304902	-3.325208	-7.062967	-10.761854
1139	1	-11.133965	-7.414224	-4.777894	-8.023912	-12.881770	-18.243967
1158	1	-10.560840	-6.858599	-7.834559	-6.007143	-14.303218	-14.463821
1193	1	-12.035482	-9.639892	-6.859088	-11.097798	-10.267517	-11.985985
1194	1	-10.237194	-8.411177	-8.841854	-9.357023	-13.151865	-11.827184
1225	1	-15.890410	-8.264374	-1.044693	-10.462767	-10.861062	-12.030853
1234	1	-14.381145	-5.024240	-5.129021	-10.924637	-16.399889	-14.399413
1244	1	-11.748505	-12.734849	-9.483756	-9.249968	-12.171118	-14.062809
1253	1	-13.369374	-15.118866	-10.479134	-11.483423	-11.514141	-13.009524
1255	1	-8.114610	7.282046	7.087036	-17.582419	8.630760	-16.675277
1281	1	-11.315551	-7.480343	-1.660259	-15.214334	-15.829795	-12.523034
1282	1	-13.495781	-7.505818	-8.325737	-12.418465	-9.120089	-19.722168
1287	1	-11.169197	-10.938223	-7.435604	-13.610066	-13.441823	-16.048448
1307	1	-10.311155	-9.844841	-9.088631	-10.773460	-12.386908	-15.954020
1320	1	-6.315231	9.111862	7.889816	-16.105431	7.445271	-15.647355
1322	1	-12.542256	-8.882951	-8.720759	-13.292548	-8.990896	-16.430787
1352	1	-5.201776	-7.178426	-8.771170	-11.779905	-10.564923	-14.965740
1355	1	-11.508497	7.235340	8.859263	-15.153800	5.205503	-13.829832
1369	1	-7.176557	7.463164	7.059319	-14.029071	7.186432	-14.755458
1372	1	-8.716720	7.212370	4.779681	-13.939793	6.423510	-18.375245
1392	1	-10.263007	-5.800117	-10.713426	-7.116760	-5.098066	-10.232145
1394	1	-9.181840	-10.692539	-2.586669	-12.376122	-13.637624	-16.461225
1415	1	-15.966883	-7.695799	-3.748341	-10.451543	-12.831584	-18.450673
1426	1	-13.379394	-7.833977	-4.013909	-12.843200	-11.055903	-17.771300
1427	1	-5.679508	7.695296	4.895716	-15.188241	6.434103	-14.776728
1436	1	-12.630584	-8.649523	-7.828716	-11.964108	-12.514520	-15.848583
1455	1	-4.787268	-11.318910	-0.789505	1.153938	-12.247766	-10.343017
1457	1	-12.577133	-14.208460	-6.100586	-12.395775	-9.014926	-16.104731
1459	1	-10.520238	-8.598042	-8.080442	-12.474868	-10.990471	-11.420490
1479	1	-11.495417	-7.252580	-6.028145	-10.677020	-9.687984	-15.976840
1493	1	-9.814445	-9.871399	-2.554421	-9.814591	-9.394356	-14.607185
1512	1	-7.746692	1.071468	1.394035	-10.176265	-8.380033	-13.259510
1532	1	-14.120545	-8.715609	-7.121535	-10.523304	-13.652228	-13.800982
1564	1	-8.509537	-11.773148	-3.995761	-10.714078	-11.407105	-17.672397
1574	1	-12.612932	-10.349811	-3.005658	-10.706585	-12.674551	-17.208376
1587	1	0.537309	-10.169841	-4.291025	-7.233740	-4.534276	-10.079752
1623	1	-14.810178	-10.743277	-2.730772	-15.088799	-11.929644	-9.964644
1652	1	-17.206034	-13.267756	-0.368502	-8.612179	-5.761552	-15.908628
1666	1	-13.616112	-8.615662	-8.642727	-11.928239	-11.316168	-9.735101
1686	1	-15.791190	-10.910290	-10.127707	-11.527329	-10.855395	-15.592731
1693	1	-12.855750	-3.953936	-8.491481	-9.948706	-8.491338	-14.502717
1698	1	-8.070215	-8.870646	-4.834844	-12.852719	-13.646418	-13.308718
1719	1	-8.638838	-9.286810	-6.908598	-11.646273	-13.294392	-9.817425
1743	1	-14.789862	-9.614807	-7.512321	-4.721061	-8.682731	-13.315005
1745	1	-9.389181	8.304005	8.453767	-6.904783	4.860566	-16.918533
1766	1	-12.908259	-9.030813	-10.318461	-8.161366	-8.474587	-18.235571
1779	1	-9.842699	-13.668412	-9.257034	-13.642081	-9.567754	-12.329174
1844	1	-5.498830	-9.313831	-5.039414	0.673031	-11.059276	-13.569079
1846	1	-12.478381	-14.867087	-6.362136	-9.179268	-10.321440	-17.014322
1854	1	-13.050053	-8.448443	-9.994889	-8.927688	-11.224313	-10.877638
1855	1	-11.934140	-9.771198	-6.576652	-12.128914	-11.540511	-19.088581
1860	1	-9.975731	-11.708579	-6.813118	-7.614562	-12.774496	-14.576519
1877	1	-14.280201	-9.406191	-1.956271	-11.833223	-11.716905	-12.407186
1908	1	-11.775628	-12.961964	-7.748071	-8.920422	-12.402873	-14.769967
1942	1	-10.959769	-6.068736	-1.417367	-12.394172	-17.052728	-15.808397
1944	1	-9.608369	6.375747	5.157775	-11.464982	7.166727	-14.749161
1946	1	-2.005763	-12.560369	-5.828134	2.143513	-6.731952	-7.482250
1949	1	-14.941823	-11.667913	-4.639154	-9.327997	-14.753562	-12.783974
2000	1	-10.181712	5.237740	2.209762	-11.641475	-8.595055	-15.179006
2017	1	-10.089195	-10.261898	-4.271831	-10.135418	-12.268301	-14.308760
2020	1	-8.020102	-11.320420	-9.331616	-14.953470	-7.051307	-12.186577
2023	1	-14.991135	-9.410573	-7.176784	-8.611611	-8.488798	-14.540219
2028	1	-9.179615	-10.887307	-4.168161	-8.111257	-13.825483	-10.391719
2057	1	-6.406839	-7.324437	-6.374939	-8.478221	-18.217418	-12.499739
2078	1	-12.326283	6.466867	8.250033	-17.851198	6.021414	-18.079568
2095	1	-11.040346	-8.457209	-5.357287	-11.596194	-16.630842	-16.260799
2114	1	-14.896652	-12.127763	-4.579465	-2.950325	-10.996553	-12.875774
2119	1	-17.405594	-12.640972	-8.876562	-11.499146	-8.983091	-12.843696
2121	1	-9.118316	-10.709840	-6.081538	-11.123568	-13.488959	-8.484956
2132	1	-11.650742	-13.729623	-6.681740	-8.340815	-9.896743	-12.851248
2141	1	-7.765569	-10.902992	-5.995547	-11.849840	-11.191582	-13.248226
2154	1	-15.416016	-10.329417	-11.330322	-10.824860	-10.419332	-15.909553
2155	1	-11.720412	-16.868761	-8.807506	-12.016278	-6.121290	-9.019077
2184	1	-13.010389	6.582272	8.143211	-16.060228	6.587993	-14.539650
2192	1	-9.024608	-2.280078	-5.114498	-10.818268	-8.161685	-16.325431
2196	1	-8.365445	-9.711700	-10.041224	-11.818115	-10.764071	-14.067027
2206	1	-12.503698	-12.932954	-5.176366	-11.311540	-15.566783	-15.299613
2209	1	-14.407601	-13.600040	-4.624578	-7.702055	-14.959416	-13.873099
2214	1	-9.867215	3.920625	7.084464	-10.486438	8.262746	-17.189008
2234	1	-7.853774	-10.134867	-9.048502	3.886935	-8.829309	-8.634230
2235	1	-15.410669	-11.457797	-7.672815	-13.191882	-9.359714	-11.311543
2244	1	5.753021	-12.530731	-10.693428	3.337308	-10.051579	-2.307706
2252	1	-12.955630	-12.396765	-4.332513	-8.392953	-12.286742	-11.080937
2261	1	-9.558554	-10.254376	-5.276707	-6.994100	-11.563639	-15.557184
2286	1	-14.324223	7.684256	8.328126	-14.510268	9.218711	-16.274300
2299	1	-10.902532	-11.011640	-10.938411	-11.132622	-9.442732	-6.770958
2313	1	-14.353506	-15.934517	-2.971454	-6.947095	-13.761170	-15.116092
2320	1	-13.015071	-7.023974	-8.426130	-6.502490	-8.239269	-12.505202
2346	1	-18.286579	-13.669939	-10.645507	-12.320698	-12.022706	-15.934089
2347	1	-11.544391	9.522316	6.540281	-12.279947	6.242395	-13.186483
2350	1	-13.950883	-8.935120	-10.396006	-15.744033	-8.602352	-15.567230
2366	1	-7.568096	-13.411240	-6.071477	-8.662143	-14.721954	-15.750718
2383	1	-9.998506	-7.676541	-2.150472	-5.601211	-14.278528	-14.360664
2404	1	-13.191786	-8.201027	-7.322496	-10.905275	-11.543570	-18.892161
2408	1	-12.381490	7.266079	7.297763	-19.071138	7.051749	-17.890123
2425	1	-6.695811	-13.285926	-7.250940	2.470456	-5.156668	-7.073771
2439	1	-17.981149	-11.862659	-6.050484	-11.073299	-9.883145	-17.596655
2448	1	-12.435712	3.447790	8.401141	-11.519574	9.684549	-16.169897
2449	1	-9.955660	-10.233050	-6.215022	-7.593760	-13.364709	-10.522653
2466	1	-17.033570	-7.464460	-5.277618	-10.726658	-13.907545	-12.633360
2486	1	-11.880390	-6.924676	-4.988266	-6.246469	-15.176518	-14.715838
2489	1	-12.273853	4.818108	7.434406	-14.776270	7.531599	-19.162261
2501	1	-17.883478	-10.279691	-7.453820	-7.397674	-13.827012	-11.356576
2521	1	-9.435003	-9.516969	-6.025392	-9.319452	-14.500870	-16.329140
2540	1	-11.600334	-9.375823	-9.446248	-11.578671	-11.479530	-12.628489
2546	1	-10.743487	-10.485947	-8.987622	-14.584527	-14.325125	-14.611621
2560	1	-13.461380	-7.592801	-7.778195	-5.334400	-12.291551	-13.608632
2564	1	-10.449771	-11.222594	-4.564966	-7.423296	-14.590923	-15.643751
2578	1	-7.765996	-9.151988	-3.523847	-6.659020	-10.510326	-16.505269
2581	1	-10.147483	7.115943	6.138946	-17.546821	5.793551	-15.101184
2600	1	-5.462385	5.318682	9.519372	-16.446014	8.230993	-16.408876
2602	1	-3.769310	-9.398130	-3.266824	-10.207009	-11.604223	-15.865639
2640	1	-10.201242	7.210130	7.009768	-15.042506	8.290253	-15.809346
2643	1	-14.824168	-9.816637	-6.457866	-9.687723	-10.643820	-13.423617
2652	1	-9.862795	-11.623713	-3.283069	-5.572807	-12.586485	-16.308252
2686	1	-11.651113	-10.879780	-10.200405	-4.279959	-10.254470	-13.785739
2691	1	-8.223562	-9.052627	-6.280594	-10.993933	-11.005355	-18.230677
2702	1	-12.840822	-10.251646	-4.721884	-7.185511	-13.866477	-13.506850
2708	1	-7.530188	8.996131	4.485380	-19.350771	9.411253	-14.655882
2720	1	-15.598731	-9.958057	-9.220885	-5.503647	-10.848661	-14.816908
2736	1	-10.129482	-10.357947	-8.604300	-8.910075	-8.691720	-14.194217
2751	1	-9.128954	-11.631527	-11.203647	-5.682707	-3.846424	-15.653290
2754	1	-8.424895	-11.515272	-1.490864	-10.502414	-11.345218	-14.485554
2799	1	-11.769475	8.001949	8.175955	-14.830233	7.899405	-14.430452
2825	1	-10.298781	-10.118131	-7.729144	-12.694290	-12.193482	-13.553488
2841	1	-11.671641	8.040143	5.908720	-13.969885	7.202918	-16.851804
2854	1	-11.540261	9.017498	8.555900	-16.239106	6.688942	-14.209215
2868	1	-9.599405	5.737885	7.629837	-13.541169	6.280567	-12.442604
2875	1	-5.911338	-6.671058	-8.207984	-10.371600	-8.308669	-18.372061
2883	1	-15.894041	5.753638	6.708287	-14.382778	7.574106	-15.785764
2887	1	-9.145740	-14.295006	-6.002855	-5.378590	-12.906574	-9.252582
2905	1	-13.261723	-10.192357	-5.304261	-8.007291	-11.162247	-16.544267
2937	1	-9.956797	-9.210413	-8.838319	-7.458375	-12.820048	-11.738180
2979	1	-10.443846	7.538185	8.979564	-14.941083	6.205400	-14.135858
2985	1	-14.028911	-15.359413	-6.202847	-12.694842	-11.876982	-11.774872
2991	1	-9.233495	8.705466	6.306750	-16.072829	6.733824	-11.761581
2992	1	-10.315386	-12.626155	-9.975540	-11.313113	-6.936685	-15.101886
2994	1	-14.041226	-11.504660	-4.350052	-10.974758	-10.197186	-16.060257
3010	1	-14.680868	-12.655060	-11.350575	-14.068573	-11.410673	-15.686910
3013	1	-9.140717	7.292481	7.275154	-13.693100	7.373291	-14.436783
3018	1	-14.554859	7.411512	6.460556	-16.556247	5.857222	-15.861873
3084	1	-12.343926	2.991664	8.561495	-13.244517	1.657734	-11.513113
3112	1	-6.319566	-10.742947	-7.225185	-6.762585	-11.277792	-10.689151
3135	1	-13.917248	-10.724894	-5.134047	-6.554415	-7.861978	-19.555918
3154	1	-9.396406	-14.580089	-8.266550	-15.284685	-11.162747	-13.399498
3167	1	-5.275220	-10.146658	-9.436506	-9.200613	-13.760495	-15.253130
3192	1	-14.122082	-8.618567	-8.664792	-11.344628	-12.447707	-19.244434
3195	1	-9.710217	-12.800272	-4.826483	-7.123981	-12.642524	-12.355075
3204	1	-8.863477	-7.805509	-8.843618	-10.975461	-9.355943	-10.678289
3205	1	-11.867736	-13.731857	-7.353271	-13.217588	-8.532005	-16.345781
3208	1	-15.915806	5.580519	9.259682	-9.178930	8.060045	-15.450136
3209	1	-8.913322	-11.422327	-9.026242	-7.103202	-10.634114	-13.826584
3210	1	-9.059042	-11.608827	-4.630644	0.040961	-9.924597	-7.773344
3235	1	-10.559221	-4.235833	-5.676449	-10.517245	-14.156684	-12.007592
3236	1	-10.586738	-5.376052	-9.838553	-12.725792	-11.371402	-15.013801
3237	1	-3.926004	4.057430	-4.207082	-9.877920	-2.052857	-16.779602
3242	1	-10.954541	-12.703351	-4.729817	-9.104173	-14.223587	-15.706959
3286	1	-8.188329	-16.402812	1.906489	-12.896812	-13.254398	-10.812252
3289	1	-10.467774	-12.601057	-3.107145	-7.572435	-16.710610	-15.823942
3293	1	-10.408727	-13.995586	-2.700351	-10.542159	-12.263660	-14.039752
3302	1	-12.824757	-10.789624	-9.856063	-8.832957	-9.218963	-15.871373
3315	1	-8.403990	8.847642	7.334723	-19.155391	5.934804	-13.147640
3316	1	-12.551068	-7.573089	-11.385283	-7.889004	-6.284245	-14.433803
3317	1	-14.122048	-17.043489	-3.494870	-10.119116	-2.027537	-15.352015
3318	1	-3.597217	-8.077812	-2.608878	-11.023851	-4.438437	-12.642961
3319	1	-10.820062	-11.573574	-5.902547	-15.949252	-10.611791	-16.081851
3331	1	-10.163383	-15.369433	-5.565594	-7.184773	-6.275168	-13.338964
3333	1	-10.254584	-10.228033	-3.910416	-9.618617	-13.855504	-14.689001
3337	1	-11.120580	-9.114831	-9.146885	-11.823637	-12.183518	-12.577363
3346	1	-12.298680	8.357349	6.936277	-17.061024	6.186067	-19.679823
3374	1	-14.447404	6.856747	7.049438	-14.964854	8.317930	-14.885964
3379	1	-7.899244	7.785614	4.743738	-11.805861	7.041967	-14.983744
3403	1	-12.184014	6.202079	9.122629	-12.933862	6.896831	-16.417362
3418	1	-14.999913	-10.769176	-1.831050	-8.643013	-0.246704	-14.506375
3436	1	-8.887587	8.405090	5.363048	-18.312195	8.157057	-15.690034
3438	1	-12.951865	-11.527901	-9.597779	-8.980729	-14.737853	-14.971407
3445	1	-12.028589	8.189965	6.702887	-12.945841	6.979783	-13.612520
3463	1	-15.221227	-10.295868	-3.867783	-12.676291	-8.775588	-14.423931
3508	1	-10.661159	-6.544272	-5.531057	-8.455224	-18.121512	-11.772949
3525	1	-8.827301	-7.719204	-8.729322	-7.861016	-9.134787	-15.748991
3570	1	-9.757050	-9.805750	-6.895854	-10.513070	-8.715447	-13.399511
3576	1	-10.333396	-9.532676	-4.966927	-11.461987	-12.272253	-14.943209
3578	1	-11.489553	-9.573948	-8.653404	-10.763686	-7.215620	-9.641968
3588	1	0.150620	-13.588311	-6.720096	-10.330625	-10.766241	-14.559999
3600	1	-16.458312	8.444558	5.923845	-14.446906	6.749224	-14.339820
3608	1	-18.173801	-4.356081	-6.562619	-13.878332	-8.296780	-18.789866
3609	1	-9.866657	6.426721	6.283583	-10.814351	7.504430	-16.473535
3612	1	-13.832937	-15.488067	-4.334910	-4.878061	-10.657623	-8.054686
3627	1	-11.935493	-8.773415	-4.611445	-10.416791	-16.702915	-16.260502
3689	1	-7.185365	-0.850038	1.428736	-8.655407	-11.698915	-16.541639
3711	1	-10.328684	-9.180887	-5.460283	-9.054895	-8.072724	-14.164758
3721	1	-16.179855	-9.773890	-7.620114	-10.511617	-10.241191	-12.934387
3726	1	-12.468016	-10.435976	-3.895328	-12.459386	-14.360532	-14.828701
3730	1	-12.540696	-12.656565	-6.479347	-7.999801	-16.115555	-16.455812
3738	1	-12.394086	-11.913558	-6.675288	-6.115967	-6.110294	-13.398614
3740	1	-15.461303	-10.948734	-11.250235	-8.773926	-11.886337	-21.071470
3742	1	-13.557817	-6.771235	-5.589234	-8.528904	-16.652136	-12.481698
3746	1	-4.351877	-7.745363	-5.045620	-11.630450	-10.927063	-13.716552
3758	1	-13.014206	-12.804490	-4.832404	-8.773550	-12.693838	-15.280272
3761	1	-18.938837	-9.858069	-7.865440	-9.235061	-10.557215	-16.085429
3766	1	-8.931170	-11.313312	-3.827425	-8.066313	-8.955451	-15.754978
3795	1	-10.515745	-11.366868	-5.610176	-8.937833	-14.968786	-15.286607
3798	1	-14.660341	-10.583336	-6.486817	-10.419121	-15.883039	-15.987470
3802	1	-8.548742	-3.946073	-0.199518	-12.712774	-5.491924	-16.694902
3803	1	-9.949808	-9.808251	-8.585817	-5.741772	-13.572939	-12.476767
3833	1	-11.879236	-15.062401	-8.640792	-6.470990	-4.904894	-16.630655
3835	1	-13.124870	-14.087441	-7.870721	-10.712698	-11.750082	-15.905990
3839	1	-9.421796	-12.800569	-12.025153	-5.302266	-13.001851	-13.024752
3841	1	-9.334450	-6.735137	-4.747584	0.852574	-12.662043	-9.678380
3862	1	-9.381142	-8.976368	-4.502919	-11.468535	-15.082003	-13.225770
3873	1	-5.833910	-8.229075	-6.961313	-6.159987	-16.277817	-14.616351
3877	1	-14.363595	-12.438064	-2.306297	-4.009248	-14.574606	-13.884227
3878	1	-9.871391	8.398019	8.029637	-17.747936	5.502408	-14.803562
3887	1	6.034302	-15.123936	-10.483294	2.643638	-6.159052	-1.257883
3898	1	-10.166233	-5.894492	-6.922157	-13.472788	-8.420453	-10.428260
3903	1	-18.233949	-16.098385	-7.962297	-9.340516	-9.633571	-17.833319
3915	1	-18.529303	-9.692510	-5.643266	-12.364860	-13.246637	-10.280341
3921	1	-1.473238	-4.451167	-6.741394	-4.618444	-7.560687	-11.387325
3927	1	-11.647924	-9.030463	-2.366425	-6.326394	-16.154223	-12.794504
3931	1	-12.195730	8.275501	6.327785	-8.969066	8.554975	-13.928506
3932	1	-10.448549	-9.974852	-4.416751	-10.854663	-17.393760	-10.994850
3943	1	-3.729567	1.753770	1.822553	-11.261971	-3.903786	-15.896657
3951	1	-3.741576	4.121223	5.479142	-11.568040	9.007052	-16.692463
3957	1	-8.922542	-7.039144	-5.481536	-10.757143	-14.299764	-17.331303
3981	1	-9.475348	-4.350795	-7.357582	-9.434909	-14.190897	-12.984045
3997	1	-11.946432	-6.213545	-6.811746	-7.518448	-10.781215	-16.759837
3998	1	-12.135896	-13.095553	-8.832021	-7.112189	-7.780584	-12.392086
4001	1	-11.497017	-11.588674	-2.324991	-3.512493	-7.971114	-14.026388
4024	1	-14.282665	-11.009441	-7.685576	-3.232692	-15.900753	-8.470890
4026	1	-14.477958	-10.819747	-7.334970	-12.435221	-11.598259	-14.861279
4028	1	-13.117298	-12.931582	-6.692031	-14.367775	-14.921745	-10.845865
4078	1	-9.728303	-12.300329	-5.207880	-6.047277	-13.502446	-15.245018
4090	1	-11.455786	-8.474991	-2.419894	-10.918731	-11.496544	-16.590117
4104	1	-8.346175	5.090770	7.453559	-14.603267	9.438634	-14.319537
4143	1	-10.837557	-9.472650	-4.719416	-9.903647	-14.096043	-13.805294
4146	1	-16.619916	5.070438	7.110020	-13.391588	8.624346	-15.907096
4169	1	-16.545034	-7.261468	-3.749635	-13.701071	-13.359515	-14.654713
4182	1	-11.816313	-12.974853	-5.980596	-5.962836	-10.366007	-15.123315
4184	1	-7.688857	6.669656	6.903242	-15.844786	8.084954	-17.903254
4186	1	-14.993890	8.126408	6.768284	-17.513603	6.744164	-11.818811
4190	1	-6.016871	-9.814568	-5.523829	-4.967021	-7.660769	-11.377441
4219	1	-7.001952	-9.034435	-9.514588	-13.231872	-6.084870	-15.842463
4221	1	-11.323174	-6.592339	-5.383406	-8.904484	-7.816692	-20.828650
4238	1	-11.603134	-7.732374	-6.863779	-9.953653	-13.262222	-16.264389
4241	1	-15.829955	-17.254167	-2.879536	-7.678157	-11.653951	-14.869844
4254	1	-16.360952	-11.109491	-11.428325	-8.822604	-8.981435	-16.816315
4256	1	-10.169151	-14.679188	-4.975301	-12.912134	-9.734468	-13.080061
4257	1	-11.591254	-10.924134	-4.975151	-9.803817	-9.244784	-7.848704
4274	1	-7.636524	2.199808	-4.661589	-9.095844	-2.774735	-17.927297
4297	1	-15.351767	-13.099931	-1.341870	-8.674088	-12.339311	-13.719417
4308	1	-15.672819	-3.143718	-3.555098	-5.933655	-11.968402	-17.169623
4311	1	-13.694287	6.097813	5.147068	-12.632425	7.169834	-16.684792
4313	1	-10.984491	-7.712033	-4.898196	-7.333503	-13.509390	-15.749343
4319	1	-12.931239	-6.578785	-4.321640	-10.755842	-12.578447	-16.870736
4338	1	-13.860832	-10.037907	-2.797831	-5.937047	-12.530034	-5.333780
4350	1	-16.413353	-5.780577	-4.173141	-8.321430	-13.745856	-16.778654
4359	1	-8.651257	-11.181789	-4.083363	-9.152104	-10.339300	-10.499237
4367	1	-11.915695	-7.123805	-5.066104	-8.958041	-13.893288	-14.613211
4373	1	-3.203159	-11.079340	-7.599602	-15.222454	-8.009975	-13.492748
4380	1	-12.450001	-7.722597	-9.119629	-5.405532	-10.580376	-14.926177
4386	1	-5.469276	4.581411	2.873249	-10.218549	5.634284	-11.909749
4394	1	-13.603606	-8.667963	-9.367883	-13.414045	-9.985065	-8.039372
4397	1	-11.536765	-6.201719	-11.532575	-3.192337	-11.796682	-17.425826
4406	1	-6.721478	-9.173595	-10.842266	-10.282198	-11.231298	-14.589265
4418	1	-10.973415	7.038827	7.554313	-15.980185	6.785244	-9.390432
4420	1	-10.056568	6.189579	5.995577	-12.759325	9.036084	-14.484792
4423	1	-8.640363	7.085705	8.264730	-8.528166	5.991077	-15.472322
4444	1	-8.928815	7.272837	7.891739	-16.900831	6.364376	-10.357761
4453	1	-9.187226	3.043963	-2.609247	-10.352615	-6.621681	-11.610033
4462	1	-10.536415	-10.288736	-6.698892	-5.856128	-7.384128	-16.468053
4471	1	-11.579641	-10.195112	-2.168247	-10.805042	-8.180913	-18.863075
4503	1	-12.309813	-8.145008	-4.839954	-6.796971	-15.959831	-14.164983
4504	1	-8.609677	-10.819247	-1.570814	4.574401	-13.301023	-10.397649
4506	1	-14.872241	-6.390875	1.362604	-13.246801	0.493098	-17.231090
4508	1	-10.907748	-5.260550	-4.540371	-9.279755	-11.735669	-12.641616
4510	1	-10.673841	7.431273	7.193092	-15.846051	6.009300	-17.667085
4515	1	-13.938494	-6.601109	-5.459419	-15.110910	-11.125659	-14.639093
4547	1	-7.825900	-13.959498	-2.727870	-14.885941	-12.779189	-13.975609
4551	1	-11.836519	6.961681	8.567473	-13.355162	3.469801	-17.664844
4554	1	-12.478923	-13.510293	-5.184380	-7.464130	-13.526549	-16.503175
4575	1	-11.638099	-9.518133	-5.781352	-8.904743	-15.469304	-15.807813
4609	1	-10.242369	5.932123	9.776953	-11.135641	6.271348	-12.623593
4613	1	-11.082113	-9.383675	-4.495091	-12.692331	-12.376982	-10.844939
4653	1	-14.500349	6.435410	6.440851	-13.508439	5.427604	-15.237158
4654	1	-11.324265	-9.171366	-9.298765	-10.733100	-5.844562	-11.209443
4659	1	-8.587123	-10.710875	-10.490740	-6.518157	-11.372228	-16.697372
4666	1	-11.651368	7.244143	3.478106	-12.006501	7.188498	-17.632634
4675	1	-12.820065	-4.529275	-5.266544	-8.728782	-13.480682	-16.905854
4678	1	-14.719845	-9.490928	-5.870437	-9.948507	-12.781694	-14.438094
4693	1	-11.971130	-7.560174	-3.014375	-11.468421	-16.449550	-14.006717
4718	1	-4.603727	6.064105	4.864517	-13.366309	8.396899	-12.883628
4736	1	-14.171861	-11.515985	-7.859681	-10.215105	-7.352075	-13.779809
4753	1	-13.235464	-8.853760	-2.035039	-8.750517	-13.665223	-13.674058
4755	1	-14.451215	-9.330881	-7.989876	-11.841699	-9.138479	-16.372821
4778	1	-9.342842	-12.590806	-7.167361	-11.638088	-12.274493	-14.637665
4783	1	-11.565535	4.959344	8.176135	-11.168701	9.267606	-11.584612
4784	1	-7.612786	-11.596517	-10.675134	-4.436844	-13.037246	-12.615165
4790	1	-11.968946	-7.721710	-8.280025	-9.775019	-15.265542	-15.707063
4793	1	-12.313078	-10.519374	-7.717039	-10.573920	-10.829930	-17.170741
4799	1	-6.307676	-1.924379	-4.498459	-7.387715	-13.186774	-12.636452
4809	1	-9.724222	6.929859	7.103275	-16.711943	6.221760	-20.131897
4825	1	-10.653035	-9.583307	-10.000954	-9.768620	-7.801833	-13.669286
4826	1	-8.476412	-8.989737	-8.732421	-11.375660	-10.286267	-14.009568
4832	1	-13.743729	-4.090229	-5.175281	-9.335766	-14.446364	-14.517939
4850	1	-18.069282	-8.028020	-6.639130	-8.574555	-13.073255	-13.872919
4855	1	-13.132856	-9.125127	-6.809492	-8.547609	-13.860105	-16.965738
4858	1	-11.523187	-9.584446	-7.973332	-14.140537	-8.931240	-17.988100
4860	1	-6.977391	-17.007207	-7.685811	-11.999031	-9.461515	-14.056735
4864	1	-10.668991	8.482473	8.177599	-18.037830	7.624873	-12.060700
4887	1	-8.385332	-17.126575	-1.964800	-9.281706	-14.479275	-16.463468
4894	1	-13.459964	6.807673	6.516200	-12.199579	6.435958	-16.192177
4921	1	-14.794644	-10.140792	-5.456181	-10.420657	-11.112243	-16.520208
4928	1	-6.938254	7.954093	9.063633	-9.706425	7.042804	-17.178006
4940	1	-6.605146	-10.218327	-3.127803	-11.952600	-13.292441	-10.816534
4955	1	-13.963401	-9.960786	-8.131456	-9.833861	-14.490225	-14.656064
4974	1	-13.252581	7.495759	7.187530	-15.458987	6.350720	-13.559135
4978	1	-12.213767	6.467135	6.947780	-15.546654	7.098062	-15.586235
4983	1	-11.062376	-9.859541	-8.476144	-13.417864	-13.795508	-12.746846
4997	1	-12.763055	6.218003	8.249753	-14.095074	6.721562	-12.291134
5027	1	-13.780935	-10.348626	-3.695267	-9.501607	-16.728658	-14.689704
5040	1	-10.968658	-7.286505	-9.190024	-12.398432	-8.046053	-15.274231
5079	1	-11.568646	-7.121214	-2.767835	-5.962610	-15.686871	-15.718954
5085	1	-14.841350	-7.551555	-2.638319	-9.513888	-12.805243	-15.641267
5089	1	-13.250558	-12.559483	-7.296210	-7.264499	-10.204753	-12.874441
5092	1	-8.485561	7.421200	6.114230	-16.429934	6.371987	-14.344207
5103	1	-16.659733	-13.193850	-9.173933	-8.131445	-5.287576	-13.887951
5112	1	-16.166751	-8.489737	-4.904955	-7.622992	-11.147955	-16.610578
5121	1	-13.605927	-13.058337	-8.301324	-11.973762	-11.766199	-18.388591
5135	1	-5.701088	-0.351084	-3.624096	-11.968912	-7.802789	-17.679815
5149	1	-12.291005	-8.417422	-5.401320	-14.246623	-13.595662	-14.537318
5150	1	-15.125658	-14.169335	-9.406761	-10.648441	-5.235627	-15.599268
5159	1	-7.228619	-9.998056	-4.899175	-8.825160	-13.647627	-15.390508
5170	1	-6.619807	-10.059703	-8.133961	-11.465703	-8.906404	-16.646289
5187	1	-9.743368	-11.052076	-8.169816	-12.837667	-11.521502	-12.369241
5188	1	-15.716475	-7.917727	-8.299544	-10.918887	-7.653119	-15.191366
5191	1	-16.880277	-13.530690	-8.616027	-7.592762	-7.538120	-14.931137
5196	1	-10.410593	-8.084380	-6.459211	-4.899066	-12.535944	-12.190101
5197	1	-7.961252	-12.649042	-6.997246	-13.819489	-12.312490	-16.425595
5203	1	-9.303138	6.545057	3.196839	-18.626123	5.037961	-13.516068
5214	1	-16.407748	9.344799	9.515813	-18.422063	8.207647	-11.364134
5223	1	-12.608594	5.939736	8.533330	-13.105767	6.414152	-11.058901
5235	1	-13.066413	-10.384689	-4.345196	-9.890798	-15.114846	-11.595717
5272	1	-15.407579	-10.734288	-6.634488	-8.508540	-14.977999	-13.297885
5294	1	-13.692794	-6.722484	-1.295450	-13.080580	-13.418385	-12.901245
5315	1	-11.252056	-9.610527	-5.969341	-8.272129	-11.323171	-18.459385
5335	1	-13.738352	-9.896100	-6.098564	-11.240085	-13.499965	-17.729629
5339	1	-7.265344	5.179413	9.661083	-19.093157	4.954281	-14.684164
5381	1	-6.809310	7.004635	5.132327	-18.627217	8.028302	-14.197335
5383	1	-6.497865	-11.142405	-3.647832	-8.622481	-14.280483	-12.832237
5409	1	-13.973355	-11.055234	-5.929744	-10.313702	-15.691189	-14.021563
5412	1	-18.815486	-5.697380	-6.534515	-11.656518	-15.442542	-9.990966
5421	1	-7.935440	8.670400	4.688527	-13.770556	6.260457	-14.857447
5433	1	-10.529787	-9.964554	-10.053925	-11.489731	-11.644450	-17.089919
5472	1	-12.903801	-13.589936	-3.352585	-13.257520	-14.726587	-16.077582
5478	1	-11.202597	-13.474420	-1.446373	-7.495953	-10.196915	-14.116747
5487	1	-9.944172	-17.225756	-5.696429	-11.251446	-10.230962	-18.034014
5507	1	-12.211542	-8.977075	-4.558143	-9.857910	-13.652096	-12.816878
5530	1	-11.648231	-7.751987	-6.686929	-12.778788	-13.235704	-13.469274
5536	1	-10.414419	-11.854797	-5.555884	-12.579380	-10.300343	-18.242574
5548	1	-12.422109	-13.391048	-7.187927	-7.482540	-10.543323	-13.021789
5594	1	-11.666969	-14.519889	-5.407622	-9.958113	-13.496540	-14.460247
5595	1	-10.279584	-9.477211	-4.833730	-8.268038	-13.653316	-14.909351
5603	1	-11.012178	-12.071884	-8.687609	-8.794028	-6.894279	-19.180901
5640	1	-8.585871	6.541273	9.244929	-12.568216	8.128234	-15.408270
5660	1	-13.721857	-6.712088	-9.326291	-10.072423	-12.042164	-11.359828
5688	1	-11.443605	-9.795872	-3.280635	-8.107563	-10.069060	-14.298279
5691	1	-10.708043	5.218766	7.913573	-16.991451	7.621912	-11.902531
5711	1	-12.018345	-11.481056	-4.844462	-10.159293	-12.223491	-13.817046
5729	1	-16.606005	-5.325859	-5.013974	-11.541632	-13.009229	-18.970702
5751	1	-12.245703	-13.711941	-8.401075	-15.075816	-10.857698	-16.921000
5774	1	-12.207046	-14.991406	-5.931064	-7.767290	-6.887116	-15.883565
5776	1	-15.041213	-5.127631	-6.913431	-5.571246	-8.163821	-16.692685
5779	1	-11.957922	-18.044786	-4.342013	-7.341184	-12.500732	-12.957874
5795	1	-6.790752	-9.854828	-5.718285	-9.488488	-14.308911	-16.132916
5803	1	-6.990316	-11.378565	-4.586683	-6.399235	-9.750322	-9.654914
5805	1	-8.216205	-7.896658	-9.408972	-12.685671	-9.723303	-15.575746
5822	1	-12.919091	-9.929115	-9.145495	-9.612266	-13.374524	-16.699151
5830	1	-11.563845	-8.924679	-2.301870	-7.416072	-14.077096	-16.311577
5838	1	-3.328896	-12.085514	-9.104575	-11.686223	-11.370456	-10.296611
5857	1	-10.087143	-13.831110	-7.404239	-11.099166	-11.726345	-11.714108
5881	1	-10.328264	-10.672738	-3.830272	-5.161797	-17.379649	-10.951148
5897	1	-9.582066	-9.229045	-8.108811	-15.932175	-12.954940	-15.368043
5910	1	-15.040672	-9.606620	-4.529871	-7.861655	-13.084833	-16.549597
5913	1	-10.048503	5.476035	8.966643	-17.383516	8.912108	-13.947066
5916	1	-9.867454	8.549253	6.729680	-12.510292	6.643880	-17.379933
5925	1	-10.887413	-4.731997	-4.246580	-8.940668	-15.885201	-18.274069
5984	1	-11.942178	-9.136587	-3.800989	-9.395027	-6.008778	-17.811043
5999	1	-10.579893	7.346556	8.738412	-12.269661	7.137264	-16.200593
6006	1	-14.728601	8.075593	7.019164	-13.640409	6.797682	-9.559574
6017	1	-9.875498	-13.074191	-4.816114	-10.630691	-11.424705	-13.349279
6022	1	-10.687724	-10.663753	-4.800634	-7.206887	-13.627156	-19.021574
6037	1	-16.525077	-11.902360	-2.479119	-10.402274	-13.429371	-14.735717
6052	1	-11.177735	-15.210074	-2.668117	-13.072634	-7.076098	-9.487490
6066	1	-7.532502	7.694231	5.835172	-15.596217	5.656216	-13.608738
6138	1	-7.520281	7.202573	5.947741	-9.845740	6.325888	-14.033816
6168	1	-17.754213	-14.679810	-6.481255	-10.366398	-8.259627	-16.732262
6172	1	-9.157987	-9.557506	-9.599284	-7.551020	-10.695456	-12.695952
6173	1	-12.286381	-10.604068	-6.097579	-8.183797	-10.379362	-16.603412
6174	1	-3.931643	-5.301299	-6.397507	-0.415659	-8.455312	-5.730646
6187	1	-16.525271	-15.111688	-4.995571	-7.125775	-13.975209	-12.274962
6188	1	-6.843255	-8.201732	-3.538889	-15.027341	-6.227083	-15.287228
6189	1	-10.492398	-10.345277	-5.726720	-10.145916	-7.269345	-12.303566
6191	1	-12.745285	-8.229205	-10.267708	-8.043274	-12.195076	-13.018618
6192	1	-8.972158	9.085419	5.670824	-9.663392	8.164931	-12.238312
6194	1	-12.534006	-4.228133	-9.721187	-11.590018	-9.161557	-14.861445
6215	1	-12.422223	-13.660869	-3.266367	-11.961138	-13.967047	-15.492615
6225	1	-9.683037	6.840442	7.119284	-10.844148	5.341655	-13.416116
6227	1	-9.832710	6.338616	8.193852	-15.144603	6.401688	-14.336306
6250	1	-7.701854	-11.510631	-4.581975	-11.204806	-7.344171	-16.170024
6272	1	-11.463565	8.515391	6.351710	-19.492761	6.757761	-16.691209
6276	1	-5.524186	-14.375870	-7.441711	1.921003	-6.675638	-12.158576
6277	1	-4.138333	-11.031411	-5.499798	-9.041759	-9.924219	-15.819876
6309	1	-11.537872	-6.418077	-8.936792	-5.772816	-10.913167	-19.743292
6328	1	-11.343610	-10.073821	-7.960371	-10.549617	-13.508591	-15.484187
6348	1	-8.762050	-11.736894	-9.115705	-12.050857	-13.171689	-15.040019
6352	1	-10.903864	-6.309109	-9.756679	-14.331425	-7.168201	-17.132251
6360	1	-13.240275	8.304225	7.760744	-17.310859	9.376635	-14.860983
6362	1	-9.870969	-14.364995	-7.587228	-13.219840	-11.671787	-16.537273
6369	1	-13.042528	-10.758409	-2.875657	-12.197977	-15.107581	-15.486714
6376	1	-6.713955	-9.321611	-7.609577	-11.127263	-10.137640	-14.571683
6383	1	-12.482432	-8.618978	-3.982113	-7.350131	-13.321599	-13.907405
6386	1	-17.183170	-4.395833	-3.672079	-10.951749	-11.714621	-14.637053
6394	1	-9.905602	-11.920523	-2.390685	-9.804210	-15.808791	-13.392220
6398	1	-5.373845	-9.724920	-7.851671	-12.449097	-9.399334	-15.914181
6408	1	-12.783427	-6.571956	-7.267754	-10.199631	-6.953823	-7.439434
6413	1	-5.943414	-9.134573	-4.034044	-11.460907	-13.166588	-13.492378
6428	1	-13.787464	-10.877817	-7.867396	-10.828422	-10.028099	-11.811856
6436	1	-14.619979	-8.504280	-2.592976	-7.373810	-7.456361	-19.680503
6464	1	-9.386802	-11.569543	-4.813561	-7.646073	-11.571370	-15.584813
6466	1	-9.659500	-13.849274	-4.093025	-11.488557	-11.467648	-14.857469
6482	1	-13.880194	-10.154681	-6.988023	-7.943572	-12.255195	-17.479825
6491	1	-8.807838	-10.097078	-0.541313	-7.086683	-13.636114	-12.471599
6492	1	-14.576849	-8.595303	-9.520082	-8.552164	-12.233365	-15.413624
6494	1	-14.008258	-10.383358	-9.650772	-10.442942	-11.376977	-19.115976
6504	1	-13.931712	-10.616503	-10.169149	-15.586940	-11.787234	-12.959878
6506	1	-1.891843	6.246909	2.851085	-12.076897	8.818848	-19.587485
6517	1	-8.971334	5.238473	6.896759	-16.203976	8.299685	-16.708035
6521	1	-10.102610	-11.537071	-5.943311	-6.169982	-11.662920	-16.246959
6533	1	-14.364453	-14.314189	-4.775416	-5.207316	-6.625185	-18.219027
6535	1	-9.549423	6.439693	9.669547	-15.676341	8.954147	-14.852069
6536	1	-8.922128	-12.730776	-7.685271	-9.771894	-5.027475	-17.052845
6550	1	-13.222360	-12.368218	-5.791221	-6.915178	-14.496013	-13.974248
6558	1	-11.985238	-12.811899	-7.359592	-10.388557	-13.767204	-14.463587
6562	1	-9.789351	-7.343907	-9.493680	-5.523759	-9.690732	-19.441696
6569	1	-10.033684	-9.924906	-5.443877	-9.976789	-16.836042	-21.123859
6575	1	-8.938645	-11.662853	-7.122278	-9.319706	-10.641988	-15.888996
6620	1	-13.843908	7.821690	7.831985	-12.458235	6.188901	-15.947281
6649	1	-6.543261	-10.655929	-5.179242	-7.036156	-17.110000	-16.839504
6655	1	-6.191399	-10.525546	-7.842037	-14.458544	-11.546137	-16.496885
6669	1	-9.139593	8.019085	7.558746	-14.831546	6.184692	-17.793383
6675	1	-11.178866	-10.516840	-8.884173	-9.124686	-5.905401	-13.868419
6691	1	-11.193097	3.721512	8.553550	-13.337665	7.828610	-18.277353
6701	1	-8.180232	-10.534194	-5.960878	-12.440561	-7.733688	-11.133538
6709	1	-10.764467	-9.144254	-7.128991	-10.749609	-10.902504	-14.617937
6741	1	-12.518482	-9.135315	-2.477509	-4.965123	-13.716894	-14.801337
6760	1	-6.004204	7.801258	6.538940	-14.189759	6.531805	-12.685003
6784	1	-8.144334	6.603966	7.049790	-18.519711	7.810165	-15.565402
6786	1	-9.471798	-11.872509	-5.177835	-13.606749	-9.039334	-12.550254
6797	1	-13.622474	-6.871389	-9.561807	-10.912953	-11.521896	-12.618081
6800	1	-7.511226	7.311030	8.329032	-16.886711	7.997459	-15.322347
6810	1	-13.490783	-6.817355	-5.006208	-10.000229	-13.637729	-8.209600
6820	1	-12.642834	-16.391881	-4.615845	-10.540189	-11.116959	-16.162314
6829	1	-11.213408	-9.273637	-10.021208	-10.564534	-11.928181	-15.364587
6835	1	-17.112691	-13.605642	-8.783495	-5.138628	-9.753727	-14.399202
6839	1	-8.646778	-7.934897	-8.134302	-9.429593	-8.561448	-16.784395
6847	1	-12.514452	-11.302905	-6.200681	-9.537330	-12.986214	-15.462260
6849	1	-14.139360	6.537423	8.210792	-16.310656	9.101220	-18.230577
6871	1	-5.138132	6.848846	6.423667	-19.514601	7.929197	-16.550125
6874	1	-13.319517	-8.056189	-10.134001	-7.653588	-8.534910	-15.401173
6885	1	-13.694018	-8.979557	-4.990430	-9.920958	-13.500146	-15.266911
6896	1	-9.250348	8.661470	6.947685	-17.550185	8.475895	-11.234554
6898	1	-10.697274	-9.624669	-3.983602	-10.881180	-14.257521	-15.137784
6918	1	-15.250411	-5.971709	-5.312592	-10.766163	-13.308884	-14.496821
6929	1	-15.209167	-5.263176	-9.105019	-12.086748	-13.535635	-17.947334
6941	1	-3.742893	8.396298	7.109596	-15.755424	6.741041	-16.284579
6954	1	-13.515937	-14.088768	-0.563320	-10.236221	-13.276766	-13.376917
6959	1	-16.649455	-5.102779	-6.829114	-7.956256	-10.424886	-14.797562
6996	1	-6.180736	-10.665658	-5.782616	0.025811	-14.656870	-10.370232
6998	1	-6.569641	6.137943	6.851378	-14.213546	8.963127	-16.298166
