372	8	2.977782	-5.539464	2.245311	13.346417	0.433554	8.261800	3.553177	3.539787	6.720930	7.799234	7.096405	8.335129	-13.344920	6.425687	6.721780	-10.462783	7.117809	-7.903101	6.607849	-11.680534	-0.847249	13.385880	-6.781467	8.368079	-3.267170	6.423645	6.721780	2.048339	7.117808	2.554378	-6.035413	-8.278215	-0.847217	1.940564	-6.780951	-3.107887	-10.290274	-8.278171	-0.847217	-4.876999	-6.780951	-7.903101	0.081382	-8.473302	-0.847225	7.794546	-6.781075	-1.348424
416	8	-5.049621	-7.518551	-4.884055	0.421807	-10.444404	-4.180592	-10.967731	5.654550	7.516866	-12.275959	8.097147	-9.109310	5.470410	-12.470545	-4.885440	10.921670	-10.831272	-0.093937	7.777826	-12.470550	-4.885440	11.032443	-10.831272	5.688876	-10.365276	-7.518551	-4.884055	-6.034854	-10.444404	-8.136735	-0.521550	-7.518753	-4.884055	9.347535	-10.444453	-0.112268	4.766696	0.700109	6.481475	4.670691	7.132231	-0.141887	7.118174	0.700025	6.481389	4.792565	7.132186	5.654770
683	8	2.816660	-9.113441	-4.784779	7.056645	-7.882308	-1.050739	3.075676	0.136442	6.374574	3.115137	5.347462	-0.912429	-8.135707	-5.244579	-4.717956	-8.054723	-7.881164	-12.816647	6.508517	-11.744361	-4.784780	11.154699	-7.882308	5.450450	3.118791	0.022985	6.374507	3.251700	5.377429	-0.871414	-7.702999	5.194411	6.374857	-12.162714	5.543945	-12.816647	3.042071	0.200230	6.374596	3.002045	5.320686	-0.947647	2.458803	-0.637190	6.361419	1.248446	4.178909	-2.003401
1809	8	-9.363970	-13.972519	-2.198638	1.996951	-5.836939	-2.720610	-15.269961	-13.972519	-2.198638	-2.924469	-5.836939	-6.971931	-3.163545	-13.973069	-2.198639	8.029734	-5.836939	3.866111	-20.058841	-1.421493	5.244029	-9.102280	4.304705	-7.599673	-2.744439	3.205897	7.817286	1.463535	8.456163	3.690896	-7.951345	-1.421494	5.244029	1.745783	4.304704	3.746083	3.231277	-15.766482	-2.200241	13.263191	-5.836939	7.021615	-14.850774	3.206882	7.817459	-9.362859	8.456238	-7.599719
1862	8	-6.882021	7.674793	7.091190	3.315719	6.161239	-3.387057	4.969070	4.685667	7.091190	10.295146	6.161239	7.217793	-7.017885	-7.101604	-1.793765	4.787352	-10.764850	-3.401491	4.836720	-10.089623	-1.793765	11.805323	-10.765019	7.212388	-5.650635	4.332918	3.502280	5.136941	-2.266994	-3.183839	-13.142895	-7.101604	-1.793765	-2.284210	-10.764850	-9.265784	5.664931	1.295043	3.496363	11.617840	-2.285343	7.239543	-13.629160	7.674793	7.091190	-3.835154	6.161239	-9.267907
2711	8	5.152198	-13.689699	-3.869764	11.573255	-10.529437	6.470600	-2.688380	1.754709	2.471204	1.001888	-4.462122	-3.443312	-1.050583	-9.878599	-3.869764	7.990136	-10.529437	3.751610	-10.893754	-9.878585	-3.869764	-2.188834	-10.529437	-8.497982	-7.685985	-9.878585	-3.869764	0.955151	-10.529437	-4.637821	-5.933619	1.754709	2.471204	-2.195432	-4.462122	-8.314925	-6.944265	6.977735	4.374574	-5.527915	3.786877	-10.366250	9.101509	3.165665	4.374411	8.243462	3.786531	6.599562
2807	8	-4.782819	-9.335944	0.517426	7.747823	-11.740333	-1.138102	-5.885703	2.401901	5.276064	6.485214	-0.680795	-1.138506	7.020713	-14.440561	0.517426	11.551885	-11.740333	4.604881	-6.013806	-9.335944	0.517426	-3.184624	-11.740333	-6.778475	5.978719	3.206381	9.157727	7.962776	5.982824	4.604592	-7.118073	8.306331	9.159528	-6.774545	5.982865	-7.158988	-7.168974	2.401901	5.276064	-4.446637	-0.680795	-7.087309	-5.867726	8.306331	9.159528	4.140423	5.982865	-1.149585
2939	8	-12.789269	-6.842001	-4.092612	-3.553202	-8.519502	-12.247892	-12.753126	7.514192	6.416559	-9.555623	7.805524	-12.708351	2.981621	5.959445	6.416559	2.218042	7.804853	0.043775	2.946468	-9.088484	-4.092612	8.218133	-8.521295	0.047436	4.882558	-10.696281	-4.092612	13.254262	-8.521369	6.508806	-7.240622	-6.846560	-4.092612	1.822692	-8.519514	-6.340455	-0.561326	-7.256126	-4.092612	9.265511	-8.520322	6.037296	4.922911	4.509670	6.416559	7.253540	7.799960	6.508807
3207	8	6.111005	-9.877836	-0.244013	13.842551	1.171436	6.468252	11.214133	5.106533	5.742358	10.704058	6.476040	6.474847	6.111845	-12.336307	-2.440823	13.845805	-4.290691	6.468259	-5.425277	-10.940118	-2.440823	2.705351	-4.290691	-3.659479	-5.426159	-8.459711	-0.243986	2.702098	1.171439	-3.659491	-2.720383	-10.940118	-2.440823	5.104055	-4.290691	1.481578	-2.721346	-8.459711	-0.243986	5.100351	1.171439	1.481498	-4.281634	6.502025	5.742360	-0.436690	6.476043	-3.827534
3267	8	5.625820	-9.039669	-4.176686	8.871619	-5.626762	0.718733	6.264190	-9.098637	-4.176721	10.978232	-5.627595	5.350393	-6.806340	8.581895	7.052531	-12.110030	8.379675	-10.477336	-2.650702	2.326567	0.823210	-6.199011	-2.265548	-10.447239	7.641186	5.119116	7.052109	5.065214	8.325464	5.350139	-5.785673	-5.670271	-4.130369	0.589984	-5.446427	-6.008566	6.990686	5.144084	7.052123	2.948251	8.326466	0.705136	-7.532992	-5.640817	-4.128455	-6.196691	-5.442605	-10.447143
3472	8	6.267255	2.423256	5.023925	4.455355	0.350857	7.818636	-5.759050	4.733843	5.111322	-8.663471	0.667886	-9.482632	6.887322	-12.047848	-6.228193	10.724208	-7.246564	7.891599	6.415648	4.329121	5.528264	4.347716	6.546873	7.813067	-3.839262	-9.959758	-6.226543	-2.348720	-7.244192	-5.969756	-0.497938	6.419309	5.528647	-3.249216	6.614287	4.250322	-5.728600	6.419581	5.528647	-8.738020	6.614291	-9.493858	-0.476278	4.733526	5.111315	-3.173112	0.667858	4.326232
3629	8	-6.803363	5.849405	7.594344	1.946296	4.419686	-6.074861	-7.819948	-10.843230	-0.458034	6.026401	-11.874991	-6.052982	4.300734	-16.441020	-0.458034	12.891004	-11.924317	6.697979	4.165174	1.386421	6.970663	8.787463	3.467505	6.695704	3.657980	1.599320	6.855835	8.785918	3.295324	6.695429	1.792125	-0.506195	6.659206	8.788732	2.890398	6.696661	1.902910	0.758843	6.668560	8.785842	2.956829	6.695284	2.752092	1.687353	6.739490	8.785248	3.090515	6.695212
3801	8	3.531455	-5.207671	2.980074	10.366774	7.105255	5.990692	4.688497	-11.137155	2.278789	11.652778	2.170801	6.172785	-10.779524	5.978880	7.372442	-9.046947	9.031822	-6.559964	2.441472	-0.412658	7.054862	5.324140	8.994485	5.392689	5.046447	-15.606787	-2.608900	11.837359	-7.050402	6.192103	-4.171847	-9.381937	-2.608899	3.526686	-7.050397	0.924103	-10.961097	-9.381921	-2.608899	-3.853856	-7.050397	-6.559964	-4.726016	-9.381926	-2.608899	1.601288	-7.050397	-5.087867
3853	8	5.755496	-14.475547	-3.909017	11.649328	-8.508400	7.592464	-5.445871	-9.775802	-3.901508	2.954588	-8.508400	-5.204242	-1.314789	2.265804	2.662855	2.954657	-0.442159	-3.807913	-10.987112	6.860594	7.736003	-8.556016	5.162017	-9.281279	-7.645910	2.266434	2.662856	-2.262577	-0.442156	-9.247700	6.544117	2.146490	7.734303	5.360859	5.161544	7.595329	-0.037072	-9.784823	-3.901602	9.475881	-8.508400	4.366583	-11.774876	-9.775802	-3.901508	-2.262346	-8.508400	-9.248051
4124	8	-6.700250	-9.542787	-2.575430	2.773870	-10.741811	-3.633213	-6.344710	4.674877	4.819279	1.997493	5.287245	-3.633018	3.451354	-12.325611	-2.578594	11.107413	-10.743052	7.301072	-1.061710	-9.560163	-2.575474	5.639767	-10.741829	5.565976	-0.471185	4.634332	4.818180	4.892156	5.286987	6.531235	3.485931	1.186282	4.508306	10.745262	5.204322	7.301092	-12.867824	-9.542780	-2.575430	-2.939715	-10.741811	-9.806331	-12.499222	4.674889	4.819279	-3.718308	5.287245	-9.883425
4173	8	-6.089727	-6.733457	-4.733838	2.757692	-11.545293	-2.461591	-10.798440	9.089791	6.194641	-9.939296	6.078787	-5.839862	5.677338	3.597068	6.194599	7.074873	6.078783	6.652259	4.041326	-12.198087	-4.733839	12.350849	-11.545294	6.569204	-0.672451	-6.734574	-4.733838	6.780053	-11.545293	5.056654	-7.373389	4.429498	0.848057	-5.026399	-2.349375	-4.755360	-1.033607	4.429175	0.848057	3.877157	-2.349375	-0.015707	-12.427110	-6.733457	-4.733838	-4.149866	-11.545293	-3.601509
4246	8	-13.444521	7.676368	6.130437	-8.677820	6.855595	-7.284084	-8.600236	-7.300515	-4.907392	0.659068	-10.050526	-1.618513	-1.848168	-7.300656	-4.907392	7.590664	-10.050531	6.040075	-12.841415	2.884827	5.315484	-6.351979	1.039048	-7.271751	4.084174	-10.657814	-4.907702	13.116727	-10.075903	7.112561	4.086850	4.319763	6.130427	8.755689	6.855209	7.112611	-1.978735	7.676279	6.130437	2.878361	6.855595	5.970352	-1.869809	2.884695	5.315483	5.074662	1.039047	6.028707
4272	8	-4.900605	-9.957336	-1.048359	5.472742	-9.317759	-2.576194	-3.432229	-9.957339	-1.048359	9.994894	-9.317759	3.799062	-2.176121	6.767913	8.995242	5.351383	5.986813	3.919505	-6.197569	6.768004	8.995242	-7.341473	5.986813	-7.667780	4.172724	-0.180848	8.941290	8.892088	5.203264	7.149025	4.115311	-0.379534	8.904470	8.887972	4.938437	7.148082	4.288972	0.673252	8.989745	8.896963	5.853432	7.151124	2.953217	-14.594656	-1.048359	13.478647	-9.317759	7.057099
4486	8	3.098451	-10.847543	-3.643423	6.754435	-10.563595	-3.214058	-2.414194	-9.618693	-3.643408	2.362401	-10.563594	-6.611354	-5.744204	-9.572312	-3.643407	-6.023896	-10.563594	-13.079177	-4.007179	7.253515	6.528023	-12.070665	5.764613	-13.075846	-3.669486	-9.588972	-3.643407	0.570962	-10.563594	-7.561624	3.884510	5.578322	6.526786	0.702856	5.764526	-3.815320	6.716926	-12.511361	-3.643426	9.880667	-10.563595	3.540164	8.462164	3.993197	6.515809	3.829332	5.762635	3.540528
4571	8	-9.366856	5.846566	7.480533	-10.350735	5.161795	-10.851409	4.901117	-15.849596	-4.336204	9.123361	-9.194615	6.862307	-5.320624	-10.264267	-4.336020	2.446706	-9.194612	-4.468097	2.978163	0.047101	6.544077	2.385416	4.420983	6.568147	4.184121	0.896507	6.996624	2.531396	4.905371	6.765369	2.841259	-1.867061	6.575171	2.445278	4.207675	6.708363	4.222098	0.474079	7.079115	2.554220	4.985808	6.799705	2.627993	-0.947742	6.441880	2.385650	4.087719	6.589812
4576	8	-6.941644	-7.809114	-1.982588	2.582620	-11.728338	-3.270475	-5.516934	0.675248	3.129622	-3.571461	-4.009579	-6.704932	-4.222068	7.393143	4.881405	-4.586257	4.700153	-6.711353	3.601468	-10.811058	-1.982589	11.484381	-11.731923	4.213352	-2.989418	0.534192	3.075105	3.244721	-4.132304	-3.270466	-9.862986	-7.801983	-1.982588	-3.611460	-11.728301	-6.705929	-1.300208	7.092954	4.881403	3.138462	4.700138	-3.267307	9.165417	2.003583	4.870585	10.764178	4.645895	4.215456
4630	8	5.931533	3.878073	4.655689	10.489590	6.970655	4.527335	-0.419124	-0.022564	-2.972853	3.220471	-2.030200	-6.169487	-11.913957	0.397678	-2.046279	-4.616504	-1.873888	-13.937139	-8.661704	-5.768732	-3.780086	1.750008	-7.742275	-8.422085	-5.846346	0.387638	-2.068769	1.751876	-1.876385	-8.422014	-13.476094	7.736991	4.655702	-6.005229	6.970749	-13.937902	4.581820	-8.723304	-3.780086	11.809497	-7.744948	4.526442	-14.763795	-5.767436	-3.780086	-4.616504	-7.742268	-13.937139
5214	8	-12.674046	-7.696986	-2.326799	-3.984586	-9.891852	-10.048170	4.820634	-11.999281	-2.461412	9.210016	-9.892172	6.893129	-11.393995	6.854694	6.336143	-6.719799	6.858539	-10.064351	0.051262	4.882961	6.336142	6.052905	6.853514	6.886266	-5.538487	-7.793648	-2.350361	6.890242	-9.891907	1.866215	-1.689432	-8.671600	-2.442925	8.783081	-9.892117	4.205510	6.500147	2.340570	6.336100	6.474435	6.688259	6.893126	-3.859612	6.569293	6.336143	4.156055	6.858369	1.866576
5837	8	4.748811	-6.440056	1.079825	12.405461	2.216590	6.520085	-1.551788	-3.020997	-3.514239	5.704783	-9.956317	3.559844	-11.355190	7.263169	6.849144	-5.595029	5.876694	-7.753066	5.393009	1.470790	6.697602	11.828682	5.876241	6.520085	-7.108186	-2.968102	-3.514238	1.824368	-9.954635	-3.583850	4.748803	-10.843022	-3.514242	12.405463	-9.964710	6.520085	-12.102099	-2.968102	-3.514238	-5.016240	-9.954635	-7.753066	-0.715006	7.025470	6.849144	5.511384	5.876694	5.715031
5933	8	-8.123053	-11.137511	-0.188826	-6.293573	-9.086021	-5.540265	5.005281	-17.549344	-0.188826	11.811240	-9.086021	7.239061	-1.072934	-0.277166	5.456783	6.094525	-2.600700	4.992951	-7.864307	5.754319	9.479269	-10.816882	7.906478	-5.537678	2.788167	-0.283306	9.435931	7.297082	4.655818	6.620393	-1.089482	-0.286942	5.456271	6.132663	-2.611770	5.005396	2.592355	-0.576238	5.500920	9.101095	-1.532098	6.216265	1.231618	-1.079509	5.477342	9.194783	-2.094570	6.200197
6171	8	4.061969	2.597227	6.576681	4.803780	7.600406	1.108210	-10.035896	4.717071	6.583441	-9.959349	7.600599	-8.084307	4.201657	-15.665910	-1.680209	10.270290	-5.632247	1.109015	4.247987	-2.499041	1.381725	10.242554	4.893836	1.109026	-7.945869	-13.445597	-1.680209	-4.502461	-5.632247	-8.084241	4.265589	-15.713192	-1.680209	11.782984	-5.632247	6.588451	-4.231944	-13.460551	-1.680209	0.437808	-5.632247	-7.059252	4.143847	2.537311	6.575460	6.320689	7.600371	6.588409
6283	8	-14.495590	-5.169695	1.706418	-6.521160	-7.237353	-3.782568	-9.781483	-5.169695	1.706418	-6.336946	-7.237353	1.423305	-1.840675	-5.169706	1.706418	5.795937	-7.237353	6.225118	-10.074570	7.265475	5.410834	-8.881866	5.755904	1.423302	-2.185056	7.265471	5.410834	3.005752	5.755904	6.224432	2.579048	-6.520952	1.706418	8.349919	-7.237431	9.090767	3.125902	4.346888	5.410820	5.945713	5.755474	9.135433	-14.787097	7.265475	5.410834	-9.061017	5.755904	-3.782570
6465	8	3.673240	-15.934354	-6.364911	14.135715	-10.474342	5.544642	-4.812134	-12.644969	-6.331417	3.044466	-10.474342	-6.734844	-4.598616	5.849205	6.218646	0.537182	4.976297	-7.686744	-5.487140	-12.644891	-6.331415	-3.041884	-10.474342	-12.398693	1.000778	-13.000181	-6.339486	11.860592	-10.474342	4.146512	-5.836921	5.849347	6.218647	-5.544618	4.976297	-12.987081	1.507533	5.208037	6.212875	10.074387	4.976148	4.706962	4.044542	2.050438	6.091152	11.775145	4.936060	5.568877
