33	10	4.703862	1.353742	11.829989	0.098235	6.590536	6.835355	-9.727270	5.660873	13.556082	-15.925430	8.197200	-5.229580	-16.170178	-4.418031	6.123290	-14.203145	-1.076199	-5.320813	5.418649	-0.133067	12.120193	0.142903	6.449844	6.839965	3.536656	-13.370365	0.816294	6.677590	-8.694304	9.360889	3.507616	1.699933	11.295359	0.081916	5.337912	6.849765	5.505204	0.445760	12.257681	0.129554	7.071682	6.828234	5.498238	0.467915	12.257222	0.128859	7.087106	6.827958	5.241862	-0.362441	12.036269	0.145708	6.222117	6.844456	5.334696	-0.252835	12.076468	0.144494	6.326377	6.842386
117	10	-8.223420	6.461308	11.665011	-12.734159	8.264454	-6.776935	-12.174312	-5.963459	3.085499	-7.479155	-2.962990	-6.777346	3.580952	-1.419244	11.659806	1.115365	7.365732	5.583283	5.344615	1.327970	11.642132	1.069067	7.499252	5.548460	3.036168	1.480902	11.665010	-2.137439	8.091324	4.126258	3.076666	-1.989705	11.641357	1.102558	7.188715	5.578539	2.446463	-8.275213	3.084663	6.604488	-2.984011	5.792207	4.961029	1.966750	11.626200	1.037397	7.294637	5.529855	5.317114	1.410222	11.640342	1.064901	7.476753	5.546058	4.594242	2.283245	11.616282	1.022989	7.166897	5.520614
245	10	-9.619067	6.598464	11.014400	-11.890228	9.018339	-8.344992	3.100469	-0.624912	10.283054	2.378231	6.770580	7.829978	-14.116857	-9.749528	-0.361879	-7.743387	-5.391944	-8.344787	3.510437	-1.917466	9.753936	2.518985	6.986507	7.867471	4.536488	-13.699825	-0.362383	6.882728	-5.392025	7.870782	2.766818	-1.230335	9.768165	2.368763	6.389258	7.824414	3.540422	-0.269008	10.432600	2.404100	6.972706	7.840668	2.779338	-1.416507	9.561717	2.387174	6.374479	7.835609	2.767539	-1.334288	9.651234	2.377960	6.371638	7.830280	2.799855	-1.496643	9.481031	2.397458	6.390614	7.840943
434	10	-9.676622	8.567472	9.914187	-15.486713	7.031822	-7.228003	7.056575	2.065473	9.860932	1.260733	7.021182	7.075343	5.420238	-3.388085	4.962055	3.799464	2.665977	6.831120	0.907541	-3.184382	4.855422	1.557970	2.665616	6.200832	4.556496	-3.749632	4.971893	4.087739	2.666408	7.137498	4.180197	-3.847001	4.963006	4.108555	2.666440	7.167579	5.336845	-3.472275	4.971978	3.927894	2.666115	6.942047	2.093234	-4.295522	4.881003	3.586572	2.666080	6.993782	4.926304	-3.641070	4.976963	4.051300	2.666328	7.083803	3.436457	-4.022692	4.938653	4.130632	2.666402	7.180084
668	10	-10.215815	6.703597	11.731161	-13.262312	7.229417	-9.921649	5.085535	-13.401747	-0.336543	6.906562	-3.999506	5.892841	2.974962	1.311238	11.651758	3.083949	6.999717	5.229810	-0.436991	-0.711724	10.792351	3.067626	4.218952	3.865327	3.193570	-0.913512	11.576629	3.084110	6.706672	5.475890	0.432806	-3.465164	10.121036	3.083360	4.111697	4.349901	2.198123	1.835538	11.638064	3.083008	6.926597	4.802407	2.962241	-1.666987	11.510255	3.084113	6.495954	5.445931	3.317447	0.855038	11.641994	3.084080	6.972786	5.411451	2.497219	-2.961713	11.282688	3.084116	6.013974	5.322880
1086	10	4.828750	-4.049707	3.819426	-0.354293	3.548605	8.608502	5.917825	-14.189021	-2.461275	7.418064	-8.804697	8.745027	5.174660	-2.835669	3.864455	-0.337804	3.656958	8.604157	5.291358	-2.223799	3.889290	-0.338876	3.696118	8.602099	3.940006	-0.096369	3.837103	-0.610332	3.511718	8.592501	4.724426	-4.108211	3.808872	-0.364371	3.524059	8.609235	-9.640838	5.685719	9.859629	-8.891547	4.091027	-6.380008	4.433561	-3.892691	3.785073	-0.403773	3.477311	8.609657	5.396128	-0.085020	5.474099	-0.453684	3.840455	8.585251	5.103167	0.367360	6.347013	-0.526701	3.804228	8.582912
1092	10	-9.763171	-12.227001	0.351684	-8.152041	-5.436579	-11.758186	-9.136681	4.142674	11.914183	-12.636258	6.663226	-11.758187	2.148057	-2.084565	7.002661	2.215010	5.596851	5.333901	4.220654	-16.807027	0.351684	6.629690	-5.436579	5.476949	4.304351	-1.907814	8.921593	2.150154	6.492401	5.346684	3.835295	-2.671757	8.459533	2.150541	6.292901	5.346012	4.110265	-2.235778	8.721644	2.150020	6.421570	5.346348	4.548338	-1.426614	9.259740	2.151160	6.541569	5.347387	4.622990	-1.192749	9.464573	2.152188	6.544548	5.347887	4.645322	-0.630708	10.079151	2.157314	6.510228	5.349644
1220	10	-8.241974	6.285567	11.132549	-14.964621	8.967931	-8.528688	3.091317	0.073272	9.259511	2.949578	6.709095	5.503272	3.077657	0.085288	9.262801	2.951372	6.707697	5.503287	-9.247207	-3.202088	2.758258	-11.562341	-4.453306	-8.528688	2.235653	-0.433225	8.654003	3.045310	6.409010	5.502943	2.272265	-0.550585	8.658977	3.041634	6.419359	5.502889	3.332562	-0.285026	9.082034	2.928641	6.688432	5.502767	3.321779	-0.441679	8.988883	2.936343	6.656554	5.502582	3.263188	-0.120080	9.176057	2.930938	6.709891	5.503001	2.361248	0.297164	8.825359	3.055431	6.439288	5.503325
1252	10	4.435764	-14.463980	-0.087791	6.967164	-10.187819	7.726626	3.325281	-1.243947	9.656001	0.971805	7.023745	7.058107	3.326504	2.056551	11.505910	0.962689	7.095907	7.031159	3.035349	2.427608	10.960049	0.956684	6.944515	7.024060	3.347193	2.004171	11.531368	0.963235	7.106336	7.032025	-11.648795	-9.113319	-0.087791	-5.303380	-9.852667	-3.232173	2.437459	-0.640012	7.539693	0.954985	6.679165	7.028932	-12.302087	6.086381	11.772156	-12.969512	7.320802	-3.232275	3.531882	-0.110054	10.814658	0.972285	7.130664	7.057713	2.401098	-1.758668	7.411128	0.960222	6.652853	7.039167
1718	10	-10.807478	-4.536415	3.244488	-10.296778	-6.613248	-11.267567	-11.423351	6.483577	13.647728	-16.571555	7.873619	-11.269130	3.961073	1.377437	13.214162	1.346137	7.244067	7.533534	6.332111	-11.106486	1.230240	7.325499	-7.665962	7.542867	4.067346	1.233125	13.223056	1.346248	7.351458	7.533534	4.102682	1.086080	13.226977	1.346332	7.389924	7.533534	4.087701	0.957840	13.227230	1.346388	7.378590	7.533535	3.463471	1.315608	13.184854	1.345961	6.754253	7.533535	4.019788	0.804260	13.224277	1.346437	7.315047	7.533536	3.308612	0.933742	13.180212	1.346078	6.599792	7.533536
2052	10	3.497496	-1.351233	11.397681	1.105111	5.848090	6.856393	-12.548174	-12.116035	3.432506	-11.329044	-5.679973	-9.463085	-10.050248	4.348252	12.556710	-16.810300	6.197774	-9.422477	2.609865	1.616959	11.699989	0.942161	6.001991	6.579629	1.577781	2.516872	10.946341	0.806030	5.637492	6.563618	2.981407	-2.694848	11.123443	1.165106	5.607492	6.888291	3.508080	-1.075757	11.464091	1.092715	5.879943	6.844936	1.814065	-4.003077	10.743490	1.273298	4.916573	6.858985	3.413754	-0.307918	11.755496	1.041480	5.977710	6.775784	1.232461	2.154629	10.638816	0.793112	5.453470	6.582086
2221	10	-6.953280	4.338402	11.858607	-16.263099	5.472531	-5.464134	0.410826	-2.123839	4.068933	4.761256	-4.328966	4.536647	1.516811	-3.377423	4.311166	5.209473	-2.708033	5.256568	0.662721	-2.513932	4.051909	5.010663	-4.063534	4.734194	2.184226	1.235348	11.805584	-5.458722	4.979614	4.521169	2.397479	-1.020813	5.628599	4.662639	-1.195711	5.570391	1.997947	-2.492609	4.855492	4.956128	-1.884762	5.463971	1.716804	-3.184050	4.486224	5.131387	-2.367040	5.351367	0.228666	-1.608306	4.149608	4.462787	-4.326012	4.359925	1.865686	-2.871544	4.662265	5.046454	-2.111918	5.414260
2275	10	-13.544353	2.838657	11.016408	-8.765242	5.853974	-11.920745	2.974580	-4.188523	5.943834	5.207459	4.886915	7.016803	-0.632636	2.837478	11.016402	2.519106	5.853974	5.532417	1.351968	-0.282931	6.133662	4.282654	5.400903	6.110731	0.617340	-0.858371	5.863218	4.257094	5.288896	6.067937	3.172702	-3.989075	5.971242	5.199681	4.951719	7.026116	-0.146183	-3.013863	5.796686	4.828111	4.640000	6.478126	4.452007	-2.653076	6.275676	5.092382	5.491417	7.005825	4.859598	-1.987007	6.528611	4.990896	5.671224	6.926937	4.913816	-1.515572	6.742974	4.885972	5.710576	6.824516
2303	10	-14.907953	6.081879	13.652742	-13.303746	8.101144	-8.794005	3.677452	0.739575	13.101337	3.289954	7.338012	8.450997	3.111474	-0.682555	13.058403	3.369382	7.131347	8.539402	3.393128	1.640216	12.954131	3.195963	7.122921	8.328491	2.865809	-1.076614	12.962429	3.380547	6.970773	8.539640	2.746643	2.242900	12.815482	3.146122	6.793610	8.281772	2.510351	-1.077807	12.808240	3.354691	6.721762	8.494379	2.323521	2.006543	12.754442	3.169210	6.621273	8.308011	2.990908	-0.899055	13.013605	3.376765	7.054790	8.542240	3.178392	-0.548570	13.080267	3.364001	7.171237	8.535706
2324	10	-4.780691	6.168370	11.492048	-13.461922	8.173452	-7.748096	2.254562	-0.920467	7.590166	-0.603709	2.391285	4.762795	2.868180	-3.655827	5.996286	-0.153332	2.520557	4.853029	3.065276	-3.514498	6.019742	-0.122020	3.307738	4.856826	3.045854	-3.581986	6.012620	-0.123372	3.141272	4.856511	4.273107	-2.102618	9.087970	-0.201090	6.238267	4.826426	2.383434	-2.726022	6.148465	-0.480655	2.206986	4.784675	3.062273	-3.408005	6.025884	-0.120666	3.556590	4.857436	4.122454	0.757613	11.366966	-0.408896	7.156327	4.774397	2.240670	-1.094238	7.364159	-0.597689	2.342722	4.764359
2678	10	-11.273679	1.603686	11.535880	-15.152266	4.676187	-11.196669	3.805423	-3.527826	0.673423	6.339985	-13.259853	6.334687	2.135838	-1.764473	0.731804	5.470196	-12.784728	2.494482	2.336858	-7.046389	0.655739	6.724408	-13.609644	6.438166	2.635751	-6.431962	0.655874	6.716559	-13.604776	6.675509	2.884992	-5.360320	0.656761	6.663870	-13.578205	6.809401	3.838499	-3.480315	0.674439	6.326940	-13.244969	6.305001	3.988446	-3.263176	0.679605	6.264462	-13.174369	6.156316	2.954728	-5.113826	0.657300	6.641785	-13.563735	6.812967	3.305459	-4.295019	0.661899	6.521123	-13.459040	6.690795
2751	10	2.909009	-2.370623	11.694571	2.727685	6.925669	8.155644	-7.361102	5.396022	11.696342	-13.195528	8.510052	-7.011137	3.300211	-1.421619	11.695520	2.766799	7.283210	8.169655	6.897271	-17.784584	-0.411406	6.883592	-9.575532	8.357218	4.664977	-17.756233	-0.411406	-4.452177	-9.575526	-3.286832	2.490289	-2.498492	11.691521	2.646347	6.550957	8.120787	1.972205	-1.180859	11.691700	2.361079	6.177568	8.001695	2.295873	-2.166331	11.690733	2.583115	6.382794	8.094590	2.033261	-0.403328	11.693156	2.269216	6.353371	7.941137	3.166312	1.174632	11.696334	-1.952986	7.700957	4.537342
2851	10	3.584540	-2.156803	11.555096	1.073485	6.449556	3.457453	-12.613764	6.842259	13.174787	-10.967264	6.449564	-9.683879	2.542633	-1.198142	10.779399	1.080430	6.449523	3.449168	3.585531	-2.155506	11.555654	1.073485	6.449556	3.457455	7.606445	-11.410766	1.283345	6.944434	-5.865168	3.467654	4.108011	-1.253265	11.841350	1.064328	6.449563	3.457876	4.543247	-0.401762	12.071561	1.058690	6.449563	3.457949	4.326260	-0.835993	11.952590	1.061105	6.449563	3.457923	4.213174	-1.052819	11.894737	1.062771	6.449563	3.457905	4.615811	-0.238973	12.119514	1.057912	6.449563	3.457952
3117	10	-11.964874	4.757927	10.974220	-9.616734	7.656564	-4.920116	-15.434234	-11.687446	1.582165	-8.799913	-4.887477	-4.881775	0.954784	4.743146	10.896398	6.330552	7.629427	5.455403	1.035227	4.740579	10.912323	6.335020	7.636485	5.412915	3.637221	-17.251232	1.582165	7.179557	-4.887477	7.901220	0.830942	4.741109	10.746608	6.319891	7.548306	5.806071	0.991408	4.741995	10.903099	6.332815	7.632507	5.438839	4.459039	-3.507597	9.111981	6.362514	5.485512	7.750000	4.754179	4.307320	10.942864	6.349902	7.648314	5.932083	-2.976595	-11.687446	1.582165	2.059458	-4.887477	4.816869
3319	10	-12.432620	-7.181980	3.101203	-10.453496	-3.461740	-7.348928	4.248359	-0.067937	12.243484	3.044315	6.624474	7.492425	-11.438836	5.221734	13.077936	-11.466864	7.632323	-7.348928	3.923101	-12.779127	3.101203	4.058247	-3.703410	7.838061	2.990799	-4.866844	9.956291	3.044591	5.624704	7.720115	3.713909	1.213025	12.077537	3.044029	6.451775	7.201771	4.026214	0.507111	12.290893	3.044188	6.582702	7.355052	3.285080	-4.754554	10.244875	3.044584	5.828032	7.761440	2.239535	-3.613949	9.260540	3.044546	5.192969	7.497728	4.345295	-0.339811	12.104309	3.044376	6.617547	7.564580
3718	10	-9.753037	-6.106375	3.316308	-10.500417	-6.300666	3.071198	-3.336769	6.111060	10.480051	-10.646643	6.494118	3.102295	-3.336769	5.988561	5.709483	-10.645460	0.767727	3.102295	4.031395	2.169909	10.361028	2.659636	6.119074	7.042526	2.452047	3.321891	10.225060	2.539625	5.976137	6.931669	4.373011	1.257332	10.327618	2.718545	6.211021	7.141341	2.946129	-0.733949	9.754172	2.774814	6.292618	7.217406	3.962457	2.262802	10.357463	2.652424	6.109244	7.032294	4.333052	1.555455	10.354556	2.701402	6.181881	7.110076	4.175579	1.939292	10.365127	2.676427	6.143084	7.068042
3727	10	-7.693661	7.355074	12.276278	-5.886077	6.853661	-10.379262	-11.530605	-6.886633	1.075694	-5.069318	-8.199331	-10.184028	6.481344	0.426951	10.375582	5.860899	5.003432	4.539274	2.760262	0.164205	7.856653	5.860102	1.936271	4.483670	5.450068	-0.831177	9.489949	5.861636	3.638952	4.609349	6.172871	-0.224054	10.037212	5.861398	4.366441	4.585789	5.803021	-0.552706	9.744709	5.861542	3.963067	4.600104	3.531670	-2.104976	8.294054	5.861723	2.370077	4.604304	3.706951	-2.040523	8.392127	5.861766	2.460031	4.610996	5.434529	-0.842430	9.478280	5.861638	3.624893	4.609592
4451	10	2.127555	-6.968935	3.435050	5.150202	-6.567657	5.689612	-5.570652	6.655636	14.201320	-16.593611	6.609239	-1.771631	2.939839	-7.156130	3.435105	6.841315	-6.550182	6.613515	6.934224	1.763744	14.189158	1.837361	6.590753	6.508461	5.732680	1.763744	14.189158	-4.733512	6.590753	4.831007	3.343422	-4.754690	3.435190	6.986683	-5.961964	6.702529	3.232068	-5.846914	3.435148	6.970766	-6.312194	6.692028	2.006339	-3.021076	3.435078	3.617555	-4.906187	4.700980	2.162655	-7.016880	3.435051	5.269767	-6.568902	5.758394	2.732544	-3.523328	3.435317	5.686482	-4.672563	5.898161
4558	10	-10.884830	5.911999	12.749464	-16.081786	6.928722	-6.669519	-9.906038	-3.480760	0.002049	-9.885682	-9.163430	-6.669519	5.103469	-9.074376	0.001679	7.622494	-9.180808	8.184234	2.136708	-2.662294	10.197929	0.462968	4.428716	8.165654	2.591937	-0.042795	11.343699	0.324658	6.272342	8.162679	2.298834	-2.651675	10.452673	0.477651	4.817799	8.165237	1.747620	-0.667889	9.553902	0.342024	4.509137	8.164636	2.633247	-1.990576	10.982225	0.468196	5.706376	8.163881	-0.484527	-3.485367	0.002042	5.787563	-9.163649	6.353842	2.680044	-1.852904	11.057753	0.462304	5.831017	8.163670
4767	10	-10.360740	4.012179	14.568928	-9.443168	6.985852	-11.164873	0.431669	-1.719341	12.933539	2.303365	1.850496	4.868093	0.409411	-1.693009	12.934717	2.303266	1.863207	4.860994	3.828415	-0.670122	13.453290	2.278829	4.564599	4.859653	2.333800	-7.530759	5.497302	3.043474	-2.801565	5.362494	-0.315773	-0.463379	13.081461	2.289307	2.895251	4.572926	3.781011	-0.861931	13.486561	2.280413	4.514230	4.988924	1.442440	0.007046	13.312470	2.273246	4.410339	4.353215	3.822584	-0.593468	13.439143	2.278197	4.576468	4.801728	-0.247905	-0.652161	13.051500	2.293143	2.672778	4.616432
4991	10	-9.754557	-13.612134	-1.447073	-8.680192	-6.855296	-9.452838	-9.386385	4.726551	10.215870	-10.437667	8.994579	-9.454790	4.088906	-17.223440	-1.447073	8.479377	-6.855299	2.803437	-0.413532	3.198064	8.732229	6.600656	8.372616	1.538012	1.093692	-2.069464	5.425881	6.690615	8.393333	2.434147	0.533083	-1.780272	5.323012	6.687838	8.313395	2.265328	4.219100	-0.116093	8.890128	6.668082	8.833160	2.801987	1.961964	-2.305901	6.068413	6.689095	8.554140	2.620072	3.079427	-1.668391	7.384959	6.681911	8.750111	2.753004	1.051473	-2.049794	5.408991	6.690541	8.386416	2.422815
5006	10	4.708289	0.691992	11.889696	2.680499	6.164884	5.470491	-9.802918	-7.498204	2.023711	-7.202267	-6.379288	-8.938789	-9.550379	6.483172	11.893747	-9.185091	6.167945	-8.938789	5.498130	-12.857464	2.023711	4.665542	-6.379293	5.480261	4.496263	-0.140379	11.869680	2.681479	6.156018	5.472445	4.382003	-0.414865	11.838827	2.681613	6.144958	5.471987	3.249237	-2.037603	8.488108	2.681710	4.531766	5.420031	4.668607	0.341343	11.887265	2.681106	6.163615	5.472485	3.845600	-1.490206	10.853233	2.681946	5.799535	5.464547	2.548532	0.046573	11.147502	2.676918	5.815051	5.090854
5054	10	-10.302976	-7.413500	2.530726	-12.995636	-4.353868	-9.484844	-3.777848	5.780324	13.073450	-17.704247	7.918044	-9.484844	5.302442	-1.492775	11.471178	-0.903946	6.880217	4.934601	6.082331	0.320458	11.816907	-1.090967	7.015318	4.817120	5.481714	-1.260243	11.613499	-0.909228	7.043505	4.917725	2.466645	-2.437083	9.034476	-0.928742	3.978423	5.131023	3.079122	-3.324844	9.558553	-0.886060	4.592468	5.118094	3.541811	-3.367859	9.960404	-0.884264	5.069565	5.087021	4.269194	0.871859	10.474010	-1.367428	5.796077	4.884321	5.050851	0.741014	11.016724	-1.280191	6.260181	4.859728
5089	10	3.624605	0.717400	10.410684	-3.794627	6.809463	2.507037	3.185495	-3.875444	6.375276	4.215704	5.446613	6.686288	-4.276262	5.770507	11.794474	-11.410624	7.011878	-9.461139	2.782446	-2.828996	6.258801	4.422438	5.275901	6.682904	5.895369	0.054916	9.892622	3.334867	6.174570	6.689982	5.761699	1.711543	10.985709	4.311867	5.562727	6.682100	2.301055	-0.548553	6.210299	4.581681	5.090190	6.675068	6.380027	1.154552	11.345160	4.016521	5.835031	6.686615	6.510739	0.921494	11.315343	3.861368	5.945787	6.687942	2.697634	-2.508277	6.240425	4.461612	5.241756	6.681895
5220	10	1.678878	6.766175	12.427279	-6.583618	6.450524	3.233897	-9.708726	6.905618	12.427279	-15.391385	6.450524	-7.381772	5.149074	-0.153932	9.682185	2.637742	4.521997	7.364094	3.416544	-0.125547	7.302061	2.742618	1.679867	7.364094	-11.678962	-10.619980	2.038217	-9.877578	-5.909788	-7.381772	5.163724	-0.128359	9.679193	2.652232	4.538049	7.364094	5.098323	0.162704	9.281345	2.851548	4.384202	7.364094	4.984622	-16.399932	2.038217	6.844726	-5.909788	7.364095	3.651702	-1.690513	8.530725	2.344498	2.504060	7.364094	4.700622	0.274663	8.458087	2.920118	3.765487	7.364094
5714	10	4.232365	-15.114238	1.712820	5.257213	-8.552146	6.454351	-3.998444	-8.668540	1.712820	-10.634863	-8.552146	-10.057908	-1.599020	6.256253	9.909336	-16.693372	6.700276	-10.043849	1.526363	-0.635713	8.547707	-15.352169	6.675223	-3.988202	0.282164	2.302755	7.805037	-14.773850	6.342792	-5.848069	0.818690	-2.443969	7.563039	-15.215507	6.543102	-4.000899	1.517590	-0.215453	8.764946	-15.437560	6.667876	-4.023310	-0.051771	-2.222654	6.803441	-15.059408	5.893667	-4.778864	-0.219728	-1.506031	6.633933	-14.943165	5.994245	-5.091820	1.457231	0.242266	8.990524	-15.528808	6.653917	-4.094581
5729	10	-16.149538	-2.679981	7.549490	-6.615990	-4.747875	-8.046511	3.007634	-3.907659	8.231408	7.740421	1.061491	5.996405	2.149911	-1.716897	8.652467	7.699276	1.626075	5.993632	-10.713586	6.698283	10.083655	-6.615989	5.402873	-8.046511	2.828035	-3.711735	8.179820	7.736485	1.054322	5.996222	4.311947	-2.988293	9.327482	7.728751	2.476657	5.996638	4.890601	0.714043	9.710901	7.683703	4.945552	5.995360	4.484548	-2.595394	9.483156	7.723417	3.000244	5.996609	1.954171	-0.669949	8.983636	7.677995	2.529300	5.991280	4.239058	-3.115782	9.258108	7.730769	2.279790	5.996645
5889	10	1.204950	3.490369	12.266749	5.201215	7.694492	3.505374	-7.894890	6.559258	12.428417	-7.897045	8.497290	-10.116403	6.687917	-12.658999	1.114924	7.639768	-6.452447	6.300085	1.328435	3.042942	12.324601	5.203341	7.787152	3.695933	-6.010863	-6.975930	1.128175	-5.919703	-6.254000	-9.411055	1.432199	2.710928	12.350816	5.209181	7.832916	3.848032	1.545918	2.403647	12.367440	5.216804	7.861433	3.999051	1.187132	3.557535	12.254647	5.201693	7.676715	3.478363	1.219587	3.435432	12.275832	5.201006	7.708179	3.527824	1.418338	2.752465	12.348075	5.208301	7.828090	3.828456
6142	10	-8.746891	7.543188	12.545788	-15.261937	7.382088	-6.362047	-2.508994	-5.080469	0.818681	-2.322337	-8.210435	-2.378247	6.236305	-11.605875	0.818670	7.014433	-9.278434	8.156328	4.832884	-1.679623	8.833022	0.725337	5.461024	8.155824	4.714869	-1.837509	8.704963	0.725766	5.386819	8.155805	3.882020	-0.528204	7.768619	0.739983	5.011654	8.153835	3.848485	-0.835829	7.780593	0.738575	4.978710	8.154058	4.359622	-2.067086	8.325742	0.728106	5.151713	8.155597	4.542104	-2.005544	8.519349	0.726666	5.272647	8.155739	4.282693	-2.046471	8.244998	0.728916	5.103341	8.155506
6274	10	-10.689947	-9.159099	1.448477	-10.056014	-7.624958	-7.103762	-11.560256	5.543192	10.512048	-15.352456	8.363787	-7.104157	3.233446	0.928373	10.499987	2.522059	7.409915	5.842487	3.799020	-15.075978	1.448477	8.115337	-7.624958	5.940051	3.194738	0.050708	10.488711	2.495250	7.688221	5.858442	3.079413	0.293402	10.380166	2.555783	6.239803	5.827995	3.154466	0.688959	10.460562	2.539395	6.770139	5.832467	3.180987	0.806278	10.477302	2.533834	6.977800	5.834919	3.144708	0.640896	10.453202	2.541462	6.694326	5.831697	3.166966	0.747084	10.469001	2.536769	6.867835	5.833551
6400	10	2.550094	-4.663887	5.365885	3.894402	-0.217918	9.296006	3.411196	-4.396626	7.089618	4.084600	5.378372	9.338109	2.605506	-2.485482	6.746634	4.011185	3.513463	9.331202	-5.788774	6.097734	9.785379	-12.601224	7.835651	-8.104506	3.626686	-3.969600	7.442916	4.090573	5.959640	9.337547	2.420565	-1.385640	6.841508	3.976723	3.878608	9.323032	2.979680	-3.696181	6.804938	4.056216	4.256413	9.337189	3.402490	-4.400941	7.079237	4.084244	5.355130	9.338120	2.820358	-3.204375	6.770150	4.039699	3.881567	9.335584	2.538542	-2.219237	6.746685	4.000397	3.489000	9.328987
6715	10	-6.931421	5.380178	13.995030	-12.000763	3.523246	-8.332813	1.078754	-1.593947	6.090598	5.226197	-6.764767	5.836151	2.913317	-3.232441	6.407725	5.170728	-5.365086	6.277298	2.440343	-3.240073	6.319293	5.185613	-5.925438	6.270384	0.715034	-1.293756	6.040149	5.235018	-6.668994	5.577883	3.569843	0.484534	6.671198	5.087679	-2.525531	5.641244	1.485706	0.571543	6.405533	5.060262	-3.061726	4.868918	1.840277	0.662790	6.479808	5.068331	-2.884935	5.053039	0.178672	-0.958119	5.977920	5.235778	-6.272760	5.186306	1.352196	0.524965	6.372215	5.056353	-3.146110	4.803155
6841	10	-9.216047	5.666706	12.195794	-17.078149	7.637563	-0.776227	-3.641918	-11.124390	0.430224	1.125031	-7.945388	2.683270	-11.035109	-10.890542	0.430224	-11.463470	-7.945385	-0.776227	1.840050	-2.169156	11.354498	2.037072	6.376479	6.907209	4.444123	-0.010872	12.123046	1.966761	7.400657	6.876726	1.536398	3.044182	11.683813	0.806413	6.837514	6.860184	0.553548	2.863189	11.609079	0.862167	6.674597	6.871547	2.245474	-2.218186	11.579097	2.057950	6.571495	6.903565	3.465211	-15.000717	0.430224	7.758577	-7.945395	6.971191	1.174667	-1.841700	11.058503	1.922765	6.126933	6.911839
