12	1	-17.961238	-8.877873	-5.769805	-8.276279	-14.955643	-11.049470
27	1	-5.616167	-14.734449	-6.174794	-3.549317	-11.916455	-7.010559
32	1	-11.455684	-0.336569	-2.694911	-14.134830	-7.600976	-7.345083
38	1	-14.947584	-9.365319	-6.175952	-9.728043	-12.304287	-13.443041
43	1	-5.733980	-8.833574	-5.995677	-13.302053	-15.771876	-14.009391
47	1	-16.979548	-13.607246	-4.082625	-8.187957	-16.126687	-11.750207
49	1	-10.368440	-5.572531	-6.068427	-11.299986	-14.215048	-17.100199
53	1	-14.963904	-6.175379	-2.615946	-10.682216	-16.548433	-11.804718
54	1	-11.938383	-9.769710	-5.191398	-11.972688	-14.299989	-9.430375
60	1	-13.091560	-11.460142	-5.930558	-7.896308	-18.485340	-10.837769
63	1	-15.976563	-10.309700	-6.446461	-9.763100	-15.980388	-10.008936
66	1	-15.666302	-14.947894	-9.090004	-7.607278	-13.451432	-10.723191
68	1	-13.463937	-10.814648	-5.343711	-8.536711	-13.644292	-12.786471
71	1	-14.411115	-8.081006	-7.663842	-10.388886	-12.906680	-8.839438
73	1	-9.652746	-12.531219	-7.579517	-14.966113	-14.522601	-14.419688
75	1	-2.740546	-7.511965	0.265726	-11.258364	-13.578671	-12.505186
90	1	-17.788042	-10.974883	-4.936945	-10.161879	-6.568790	-11.597072
97	1	-15.344427	-10.289640	-5.501915	-11.776886	-17.539321	-10.365351
111	1	-14.558688	-7.860796	-8.891391	-10.816051	-17.176831	-9.755311
112	1	-13.899680	-6.240339	-6.162322	-8.657513	-15.204878	-16.063637
116	1	-16.075569	-5.192564	-1.825925	-5.886918	-14.495142	-10.670268
120	1	-12.116765	-9.363976	-5.999126	-8.327042	-13.826088	-8.220757
123	1	-13.510361	-10.313143	-3.237119	-8.608719	-17.251241	-14.110056
126	1	-5.301709	-8.808200	-0.525051	1.975082	-15.678025	-1.608679
127	1	4.545897	-8.513108	-2.638094	7.321386	-15.058026	8.409565
130	1	-15.406729	-7.903266	-1.357730	-12.802053	-13.198035	-14.299779
131	1	-13.977037	-7.949172	-5.518116	-7.324646	-16.956138	-12.361943
137	1	-11.432461	-12.285331	-4.700014	-10.456563	-5.348449	-12.113843
141	1	-14.929076	-11.497578	-5.262674	-8.108701	-17.265610	-12.659329
144	1	-15.478338	-8.604890	-3.542095	-8.540799	-12.792430	-9.958349
154	1	-12.407209	-8.260361	-7.121270	-5.185904	-14.017937	-8.501360
171	1	-11.677097	-7.710165	-5.912075	-10.259638	-16.439036	-5.439260
176	1	-16.638966	-4.989483	-2.947087	-8.169190	-17.723387	-7.589026
179	1	-11.240688	-12.664781	-3.326714	-10.194048	-17.385936	-10.136720
181	1	-14.426984	-8.764653	-4.710493	-7.963933	-17.876109	-11.504583
189	1	-13.857365	-5.209057	-2.864796	-6.614389	-10.295945	-11.059892
193	1	-15.228030	-12.363864	-6.060098	-9.589036	-17.769367	-10.582988
198	1	7.582839	-13.001083	-5.189908	7.166779	-8.630069	6.078298
207	1	-14.081837	-10.311438	-5.795929	-12.397108	-16.751860	-4.077728
218	1	2.540444	-12.040944	-7.213900	5.409463	-12.015227	8.141935
223	1	-12.221066	-8.735360	-4.599651	-6.355091	-14.075660	-11.216527
239	1	-14.066923	-7.997843	-2.718707	-12.196149	-16.749763	-9.879715
242	1	-13.549059	-10.314395	-5.428400	-15.707705	-9.937254	-11.239065
250	1	-12.810882	-11.023186	-3.718387	-6.914162	-15.805274	-14.875028
259	1	-16.776644	-14.555645	-0.987165	-5.201985	-15.391379	-12.635599
263	1	-15.783839	-10.141074	-6.287440	-10.059057	-14.744849	-10.623055
265	1	-10.938673	-8.170912	-3.844114	-10.967087	-10.288807	-15.746914
266	1	-14.943752	-8.782209	-4.578615	-10.885756	-15.688758	-7.785428
272	1	-11.588925	-13.120659	-6.858873	-13.079640	-10.635920	-9.770894
276	1	-12.798731	-4.164780	-2.546955	-11.279261	-19.798251	-6.605446
288	1	-15.795668	-8.774743	-6.176986	-8.884042	-16.243718	-9.691086
316	1	9.381418	-17.083912	-4.049168	6.120978	-10.442475	7.016942
325	1	-15.278762	-11.077935	-5.607739	-5.935411	-15.732040	-10.809118
328	1	-16.605663	-10.229026	-3.567197	-7.227248	-10.129982	-9.617346
335	1	-11.877837	-8.731446	-8.603526	-11.958189	-12.810000	-15.528423
339	1	-10.392593	-9.312796	-5.267097	-7.637237	-16.379994	-13.342318
341	1	-9.699961	-6.566736	-3.979360	-10.596205	-14.136002	-7.730304
346	1	-11.900794	-8.817564	-3.856147	-9.018374	-17.149570	-14.740277
355	1	-15.349698	-7.371523	-4.283798	-13.070612	-9.509941	-8.257654
362	1	-14.560359	-10.332986	-3.377850	-8.472257	-15.765621	-9.117887
373	1	-16.328719	-6.840437	-5.595352	-8.115381	-15.766262	-7.129511
378	1	-16.259776	-9.478327	-3.935827	-6.881670	-14.546142	-10.676019
386	1	-13.648945	-8.534214	-3.025453	-13.255678	-16.118676	-9.222883
387	1	-12.103249	-16.054869	-5.425577	-9.007908	-16.477918	-9.181129
390	1	-9.200361	-9.804887	-4.545713	-11.987402	-16.281670	-10.148808
391	1	-13.258046	-9.474577	-4.745077	-3.893276	-12.294276	-10.686606
392	1	-13.564044	-8.741765	-5.495537	-7.638398	-12.713962	-11.195314
393	1	-14.851026	-7.395838	-4.233678	-7.649959	-14.043911	-13.277332
409	1	-10.234005	-11.056493	-6.497853	-7.976685	-14.749346	-3.274292
416	1	-14.039335	-8.725293	-4.855937	-8.814898	-15.704413	-12.021594
418	1	3.924761	-6.860214	-4.532635	8.728795	-14.873809	5.717688
420	1	-13.525725	-7.941972	-5.803417	-14.282285	-16.415131	-8.625629
439	1	-9.539266	-11.241317	-6.752833	-12.183991	-16.904159	-12.159069
444	1	-12.269294	-12.738954	-2.902191	-10.078806	-14.469301	-8.629695
455	1	-14.964004	-8.194829	-2.349974	-13.355074	-12.925814	-7.948924
467	1	-9.704009	-12.709737	-5.457532	-10.281923	-13.529475	-11.906215
489	1	-16.655346	-13.457030	-6.023422	-12.429390	-13.398336	-3.537917
492	1	-13.063681	-5.248784	-5.087114	-9.963255	-17.709772	-11.498203
504	1	-12.938494	-10.629672	-5.700314	-10.354256	-14.672125	-13.830515
509	1	-8.695444	-7.656848	-6.680266	-12.107686	-14.668613	-11.945141
513	1	5.671428	-10.886067	-6.338318	7.161126	-14.214091	6.049110
515	1	-10.406038	-0.685463	0.226020	-9.025203	-10.568478	-4.169185
527	1	-15.083537	-11.068618	-3.655467	-9.406697	-14.217921	-12.346308
538	1	-8.607059	-6.725510	-4.523519	1.533209	-17.642871	-6.035476
549	1	-6.609752	-11.401933	-8.834340	-10.045511	-12.729991	-16.217023
550	1	-13.359872	6.333902	7.911347	-15.314401	1.021407	-11.148242
551	1	-14.555283	-12.364282	-4.736220	-10.159116	-9.217142	-8.280323
552	1	-13.882673	-11.308682	-5.884463	-15.171235	-13.582149	-13.415078
555	1	-14.374900	-8.793657	-8.788386	-14.745654	-15.592576	-13.368335
560	1	-13.235900	-7.468771	-4.898419	-9.343672	-14.599239	-8.872754
569	1	-14.017514	-6.231752	-9.288572	-4.290187	-19.314463	-14.356661
571	1	-13.653396	-10.981834	-5.418682	-12.032202	-11.137959	-9.844724
574	1	-11.295399	-11.984538	-5.379036	-12.150147	-13.563114	-8.968860
587	1	-14.993389	-9.952780	-5.342449	-7.020401	-9.525879	-6.188337
592	1	-11.313363	-5.884056	-5.464268	-10.618304	-15.469213	-7.423922
621	1	-13.499304	2.399691	5.251921	-14.510820	-4.560297	-8.045028
626	1	-9.672419	-6.339942	-4.215462	-7.140793	-15.414582	-12.714294
630	1	-15.284993	-9.377458	-3.012178	-12.227254	-13.024490	-10.233112
635	1	-14.076843	-13.977904	-2.966990	-12.864917	-10.847598	-11.012290
646	1	-11.448167	-8.976832	-3.506710	-12.786843	-16.214894	-12.699111
650	1	-16.005577	-10.397861	-3.523401	-13.006935	-12.325234	-13.516881
651	1	-10.062606	-7.862709	-5.347391	-12.211722	-17.793816	-13.589170
653	1	-13.444812	-14.503387	-5.115120	-10.715892	-13.213139	-8.715587
656	1	-13.299383	-6.667134	-4.458128	-9.748530	-16.100205	-10.319504
658	1	-15.726047	-7.930132	-5.077531	-12.324616	-14.416571	-7.522847
669	1	-15.067049	-12.392626	-6.368785	-10.553297	-13.191011	-6.746280
680	1	-11.111666	-5.358477	-5.748967	-12.991056	-21.000309	-11.039354
686	1	5.263523	-11.084711	-8.343821	6.103247	-16.100466	5.130385
691	1	-15.185697	-10.916961	-2.354335	-11.078906	-14.460507	-9.788839
703	1	-13.685521	-4.899282	-2.870408	-10.356223	-16.032746	-12.667810
704	1	-14.799004	-9.039519	-5.094371	-6.202943	-13.736809	-10.174952
711	1	-14.122356	-10.432090	-3.079179	-13.323635	-17.016265	-12.360986
721	1	-14.285604	-10.353911	2.096578	-3.970999	-14.437395	-6.929905
726	1	-14.827543	-12.615046	-4.448729	-9.132325	-15.316529	-11.016428
728	1	-13.468414	-7.225739	-8.595740	-10.082841	-13.425520	-11.618641
731	1	-11.808460	-9.512713	-4.599669	-8.197315	-10.357100	-10.938533
743	1	3.723740	-12.025261	-0.852330	7.367973	-14.454544	7.024893
745	1	-11.392739	-13.631113	-3.405284	-5.948715	-17.829531	-16.654877
750	1	-12.601965	-6.714846	-3.602237	-7.710506	-14.054998	-11.459937
755	1	-13.092424	-9.178569	-3.594130	-12.573632	-16.720019	-13.772882
766	1	-10.740950	4.609850	6.811256	-14.100765	-8.656026	-8.277386
767	1	-15.871814	-8.430733	1.233663	-11.633607	-14.246816	-9.090874
778	1	-17.358680	-10.483828	-10.249026	-9.499917	-14.467910	-10.050514
787	1	-15.570993	-15.251330	-4.227996	-8.619258	-14.501139	-13.024663
789	1	-12.793571	-11.288067	-7.143238	-4.851052	-16.455032	-10.164902
790	1	-14.859613	-12.123506	-5.022957	-9.985428	-20.744976	-11.928448
795	1	4.574257	-12.322245	-4.771230	6.056553	-11.661281	6.623355
799	1	-15.679423	-11.867695	-7.413515	-5.309957	-13.502916	-7.752782
801	1	-13.269511	-7.833914	-6.227051	-11.324465	-11.873729	-16.007910
803	1	-12.560524	-13.032819	-6.864144	-12.467885	-17.133145	-12.151647
817	1	-13.414966	-5.773837	-5.263776	-7.279557	-9.271540	-9.759812
821	1	-15.445267	-9.576182	-4.878942	-10.469067	-11.023864	-8.540071
823	1	-11.350575	-12.946444	-2.825444	-15.390755	-15.353920	-11.956213
825	1	-6.208760	-7.801319	-4.487339	-11.896143	-16.607395	-15.632448
828	1	-9.849750	-11.726796	-7.147844	-11.480440	-10.558046	-15.292629
834	1	-17.702697	-5.190921	-3.870080	-10.968825	-14.148324	-7.948948
842	1	-19.851432	-9.349453	-6.570301	-17.885864	-14.013721	-6.784245
845	1	-13.362035	-8.569807	-4.617024	-9.198586	-14.824601	-8.607690
848	1	-14.478416	-14.371476	-2.596323	-11.199845	-7.766572	-7.961694
854	1	-13.667424	-5.234899	-4.948684	-13.451690	-12.879678	-9.482011
859	1	-9.684352	-6.371498	-3.582109	-7.543073	-18.042963	-13.086429
864	1	-21.345078	-12.600688	-6.331391	-9.742845	-12.220234	-10.997083
867	1	-11.964566	-6.694763	-1.549386	-11.268870	-17.166863	-16.399156
869	1	-10.152644	-9.678220	-5.446541	-10.656531	-18.305521	-10.046456
874	1	-14.711300	-11.605607	-4.471328	-12.340052	-16.635488	-8.549245
875	1	-12.721916	-7.116145	-5.086985	-9.802666	-16.247108	-16.039766
876	1	-16.004947	-8.649819	-2.925797	-10.249917	-17.104136	-10.059949
880	1	-12.750479	-9.219481	-4.321314	-8.304903	-14.730527	-15.036315
887	1	-13.730540	-7.271446	-4.357216	-10.768810	-14.877888	-9.209927
895	1	-4.795359	-10.162075	-1.570478	0.989776	-18.189461	-5.396734
903	1	-15.397858	-7.407656	-4.204207	-7.383057	-13.559784	-7.570490
911	1	-12.442842	-13.336995	-2.393213	-18.134182	-11.641172	-7.931436
921	1	-9.224924	-12.627489	-4.055682	-13.441921	-17.597758	-9.900151
931	1	-15.008271	-8.503815	-9.224325	-10.533584	-12.139421	-9.125028
933	1	-8.146874	-8.294750	-5.936357	1.816223	-17.266283	-8.929499
935	1	-11.500844	-8.951148	-3.908224	-12.863188	-12.091375	-4.550816
942	1	-13.669466	-8.570850	-3.612491	-11.372580	-11.921692	-7.249118
954	1	-17.618494	-12.014631	-4.068184	-12.952247	-14.712310	-10.189737
958	1	-15.118155	-12.894279	-5.198629	-13.017341	-15.795030	-4.731739
966	1	-9.705043	-4.053803	-5.507708	-17.875967	-14.042846	-9.671676
973	1	-16.562518	-8.551893	1.516626	-12.615730	-13.376306	-10.121003
974	1	-11.255354	-11.314284	-2.667483	-6.530750	-13.523984	-10.839843
980	1	-7.761171	-8.925354	-3.012515	-13.432453	-12.872315	-15.781473
990	1	-13.313431	-7.820601	2.943140	-4.644645	-11.293783	-8.566478
999	1	-12.547594	-12.371955	-4.538897	-14.999896	-17.216362	-8.941695
1008	1	-13.967133	-14.015601	-1.875840	-5.610684	-13.152934	-11.729260
1011	1	-14.028343	-9.155808	-2.285624	-0.911272	-16.391682	-7.174290
1014	1	-13.043068	-10.496871	-7.426113	-9.773720	-15.109129	-11.762433
1018	1	-12.279002	-12.043021	-6.958958	-11.477224	-16.901740	-11.651115
1021	1	-14.971124	-13.812073	-2.635756	-9.313714	-15.368192	-11.008589
1022	1	-9.619929	-11.354182	-2.946183	-12.198476	-12.177761	-13.168602
1050	1	-16.149978	-7.433515	-5.119364	-10.539472	-15.430980	-5.909422
1060	1	-16.546328	-13.222128	-4.395832	-11.040624	-10.806501	-12.643237
1063	1	-16.230423	-8.065414	-5.675348	-6.374774	-11.827003	-12.777295
1065	1	-12.193725	-10.142323	-1.186057	-8.819410	-12.881262	-8.714590
1067	1	4.990180	-16.042697	-7.616215	8.610627	-14.840927	5.147146
1071	1	-14.569709	-6.384213	-6.187539	-10.914702	-10.055855	-7.017147
1079	1	-7.523206	-9.378105	0.900019	-0.503761	-18.900742	-12.241646
1091	1	-14.651834	-10.537851	-4.332573	-11.422504	-11.806641	-11.020380
1099	1	-8.994294	-5.282837	-7.986833	-10.209457	-15.344711	-10.666133
1101	1	-11.459277	-11.649605	-2.987533	-13.042889	-14.657887	-9.678840
1108	1	-11.993000	-2.206691	-0.823733	-12.066143	-13.665027	-3.653837
1119	1	-14.159678	-8.539543	-6.160301	-8.919038	-15.098868	-6.989110
1129	1	-14.536126	-8.669372	-5.376930	-10.817296	-13.228242	-10.231568
1145	1	-15.624898	-8.625242	-3.800831	-6.850094	-16.460372	-7.648224
1153	1	-13.767773	-12.187827	-2.441860	-2.357816	-12.544084	-11.699304
1162	1	-11.587350	-11.429310	-5.391923	-15.168216	-18.280577	-13.100238
1165	1	-9.838148	-9.609117	-7.443489	-8.510662	-12.490515	-9.238411
1193	1	-15.867761	-9.037884	-6.728095	-7.273875	-12.530103	-12.264163
1200	1	-16.145947	-9.019410	-3.047628	-10.227043	-14.012288	-9.958727
1205	1	-10.413231	-10.492983	-7.462779	-10.644070	-7.997640	-15.583346
1210	1	-17.244397	-8.569256	-5.900599	-12.485678	-17.797543	-15.220185
1224	1	-18.560847	-9.032797	-2.143773	-8.821326	-19.152936	-12.723637
1225	1	-13.084095	-14.024725	-10.962382	-14.987028	-17.627201	-8.925715
1226	1	-19.914230	-6.044944	2.873127	-8.146362	-12.136886	-12.133709
1239	1	-12.849826	-10.740392	-6.620134	-12.190360	-10.271404	-9.220780
1241	1	-18.490882	-7.605927	-7.886719	-10.346244	-13.978825	-9.148409
1248	1	-11.705558	-11.080628	-0.711745	-10.946619	-10.056185	-6.702781
1254	1	-12.896322	-9.645649	-5.168365	-5.477754	-17.962288	-5.577672
1255	1	-14.046322	-6.874535	-8.384903	-7.750332	-19.724030	-13.998638
1258	1	-6.844840	-8.661449	-0.675592	-10.358912	-12.409599	-13.026872
1267	1	-14.016397	-12.693926	-4.579025	-9.935750	-13.565654	-14.006734
1283	1	-13.654059	-12.329541	-3.884085	-13.038871	-18.513605	-9.401181
1289	1	-10.802339	-12.477277	-8.367723	-8.519499	-11.886549	-9.249487
1298	1	-6.259705	-13.073569	-3.479076	-7.914963	-13.985300	-10.418707
1299	1	-17.492174	-10.101611	-3.271119	-12.475918	-11.800541	-16.782903
1308	1	-13.187615	-9.687201	-6.052614	-6.420577	-12.729863	-11.456183
1334	1	-17.824038	-10.770566	-6.271949	-5.552196	-14.209046	-6.246149
1337	1	-20.292778	-9.710177	-1.893154	-10.663112	-14.128134	-8.936834
1347	1	-11.964122	-9.112241	-3.366666	-5.633727	-14.113216	-9.884402
1349	1	-13.034274	-5.580166	-2.326856	-9.963636	-10.547575	-11.871262
1351	1	-11.219152	-10.601994	-5.737767	-8.779084	-17.718549	-9.171146
1395	1	-12.802696	-7.701477	-4.648654	-12.257381	-11.553605	-11.880493
1422	1	-17.114740	-9.325788	-5.221594	-6.427540	-14.570020	-10.133684
1428	1	-14.079176	-9.580643	-5.457813	-8.933979	-17.508971	-9.588908
1432	1	-13.920379	-7.519278	-3.629696	-10.232326	-15.021539	-11.109117
1435	1	-13.609177	-11.576016	-2.215970	-11.860845	-20.030156	-9.930860
1447	1	-10.029177	-8.255448	-5.468648	-7.197703	-9.229167	-9.320141
1450	1	-13.876487	-12.171738	-3.543518	-6.970319	-14.359905	-10.173568
1451	1	-14.909541	-12.372220	-3.444840	-14.902059	-11.414697	-10.802478
1468	1	-14.875532	-11.189929	-0.938186	-12.448067	-18.003573	-8.870158
1475	1	-9.914440	-12.537015	-4.772893	-5.438844	-16.574539	-11.747015
1480	1	-14.083538	-9.130403	-5.699362	-13.595669	-14.848149	-9.849223
1488	1	-11.337820	-14.150669	-5.400249	-11.136780	-10.399307	-9.355599
1495	1	-8.419409	-11.952443	-1.207108	0.586138	-14.436618	-7.639403
1515	1	-6.560259	-13.749627	-6.103596	-2.837097	-12.157480	-6.903057
1535	1	-15.372198	-9.672859	-6.162642	-9.418141	-15.893256	-11.587365
1542	1	-18.922129	-7.562447	-4.581934	-10.098528	-17.921544	-12.109024
1547	1	-9.508109	-6.357254	-2.771536	-11.142654	-19.615323	-4.715268
1551	1	-11.123189	-10.735785	-1.976078	-12.307883	-15.017529	-12.019959
1553	1	-10.641294	-11.802208	-6.178528	-10.157124	-14.852593	-10.398961
1571	1	-12.675116	0.913219	-0.531808	-7.978225	-12.047760	-12.737479
1579	1	-14.005041	-6.140989	-0.051108	-10.181834	-19.216313	-14.661866
1580	1	-11.224088	-10.621607	-5.260114	-9.955196	-13.168391	-10.859792
1586	1	-9.725886	-11.309589	-2.921282	-12.486184	-17.962298	-11.799756
1600	1	-16.709317	-8.561076	-4.608760	-4.047398	-13.897947	-7.607210
1613	1	-7.813243	-13.950714	-1.387887	-13.179513	-16.406537	-11.506638
1617	1	-15.286202	-8.708541	-3.015721	-5.234195	-14.893849	-14.527927
1625	1	-14.795435	-11.655172	-6.515021	-9.728892	-15.620869	-11.599537
1634	1	-13.930716	-11.848741	-4.248789	-10.010227	-16.666462	-10.708353
1681	1	-10.139778	-13.122967	-5.466849	-12.164876	-15.196661	-7.006263
1691	1	-18.171548	-7.777989	-7.978337	-9.837689	-12.415482	-9.000350
1696	1	-11.604350	-7.018151	-3.482608	-14.061896	-16.652677	-10.435078
1697	1	-9.035901	-7.022952	-7.285774	-15.976572	-15.482690	-10.321158
1719	1	-11.196255	-12.932747	-6.004109	-10.052557	-13.597459	-11.849313
1720	1	-8.454588	-10.067411	-3.567589	-10.101646	-17.651650	-12.725641
1730	1	-12.476121	-7.128078	-7.401918	-6.470399	-11.997273	-16.970059
1735	1	-15.832238	-11.148348	-6.720804	-7.674388	-13.628300	-11.363584
1737	1	-13.336143	-9.678858	-5.364519	-8.689124	-15.137017	-14.126549
1741	1	-10.465638	-10.068396	-4.597187	-10.327480	-19.063319	-13.004822
1747	1	-15.155905	-7.953711	-5.019768	-8.697831	-13.695102	-12.357917
1760	1	-15.352460	-8.777046	-6.529582	-8.943519	-11.318090	-10.568634
1769	1	-10.034482	-9.621035	-4.849535	-3.381485	-12.795973	-11.081990
1771	1	-8.051937	-10.356262	-5.238535	-11.835329	-12.405209	-10.973351
1772	1	-12.454733	-12.074589	-5.796366	-9.918092	-18.081071	-13.839285
1777	1	-13.795041	-3.650583	-5.158111	-10.692702	-11.737122	-10.976885
1778	1	-6.439727	-9.926018	-2.656035	-12.267690	-15.471840	-5.490015
1786	1	-13.705512	-11.807385	-3.717106	-11.391805	-16.799622	-13.816858
1799	1	-11.671234	-9.890789	-7.254643	-6.490074	-14.557669	-11.649419
1803	1	-8.637341	-8.217672	-5.820199	-4.981566	-18.498226	-11.461473
1820	1	-10.299759	0.581812	-1.633090	-8.733705	-9.146989	-9.690816
1831	1	-10.238664	-14.685239	-5.236504	-11.572787	-13.353432	-10.446375
1839	1	-14.017180	-6.796077	-4.521831	-9.257022	-15.008080	-9.917904
1851	1	-13.057029	-11.230039	-3.979110	-9.956249	-14.298564	-7.834792
1858	1	-11.416800	-7.363053	-5.616734	-11.064166	-17.653772	-7.682356
1863	1	-7.826867	-9.062667	0.395306	-10.395642	-9.927660	-6.996060
1868	1	-14.037436	-5.367196	-4.869439	-9.504775	-10.948024	-10.391018
1873	1	-16.135446	-8.963437	-6.314569	-11.468162	-17.479585	-9.788916
1879	1	-16.558202	-5.781575	-3.165803	-10.796878	-13.603606	-8.377114
1887	1	-17.269454	-11.030485	-5.845928	-10.134527	-16.389117	-7.651287
1889	1	8.155974	-7.226871	-4.917854	8.876012	-14.071483	7.853679
1894	1	-13.147639	-6.910899	-4.909761	-5.365745	-16.851036	-10.872232
1904	1	-13.694786	-9.397394	-6.979928	-13.117456	-13.457590	-10.766878
1907	1	-13.301439	-10.441015	-4.201662	-6.589373	-15.891748	-8.783480
1913	1	-7.439778	-11.066874	-4.973741	-7.596914	-13.965288	-9.409867
1914	1	-8.868714	-11.484048	-5.762870	-8.709033	-15.361477	-10.583091
1939	1	-15.261491	-8.523530	-3.536055	-9.345508	-11.480578	-13.567395
1955	1	-6.831607	-0.898877	-1.726319	-12.557139	-16.784215	-14.985966
1956	1	-16.180801	-10.308094	-5.898284	-9.566793	-16.194140	-9.446699
1961	1	-15.243807	-9.503803	-4.078608	-11.270584	-14.933290	-14.969515
1965	1	-15.063174	-10.341609	-5.547189	-5.483449	-14.884042	-14.909676
1969	1	-12.893863	-14.325632	-3.889093	-10.656198	-17.390834	-13.408925
1970	1	-16.113441	-9.534914	-2.556394	-9.981456	-18.717455	-10.556483
1985	1	-5.123226	-8.279281	1.038273	-13.150871	-6.973709	-10.187392
1989	1	-9.350266	-12.732949	-7.636678	-6.928997	-15.438273	-11.525078
1992	1	-18.720272	-8.272392	-2.383658	-7.386164	-15.912035	-3.955517
1993	1	-8.180655	1.123459	1.818925	-14.141577	-3.453530	-10.559740
1994	1	-13.879062	-8.634505	-3.820620	-2.363502	-14.242643	-12.646958
1996	1	-10.082759	-9.676852	-3.181279	-12.632147	-14.660273	-1.952247
2011	1	-13.042531	-10.900776	-6.579978	-7.260162	-11.448000	-12.312313
2015	1	-13.503372	-13.068193	-7.719516	-5.582296	-15.598649	-7.006089
2017	1	-10.346031	-12.456059	-5.824251	-8.548077	-14.664984	-14.600666
2023	1	-13.666059	-10.676408	-6.062832	-11.029113	-14.970270	-10.315006
2025	1	-14.230607	-8.147085	-6.329494	-7.733860	-16.115408	-10.910182
2031	1	-14.651713	-11.156738	-5.612708	-9.737956	-8.709415	-14.661715
2041	1	-13.648727	-8.893431	-5.706257	-8.806449	-13.201485	-14.666494
2042	1	-9.863628	-7.693858	-5.534599	-10.172310	-20.825663	-9.883794
2047	1	-15.534725	-14.080338	-2.823491	-10.403515	-11.203486	-12.056745
2050	1	-14.274660	-10.328707	-6.330395	-10.999053	-16.129063	-7.477269
2055	1	-10.545203	-11.069955	-4.754662	-12.152714	-12.380292	-6.679553
2056	1	-10.615318	-12.105712	-5.446875	-8.549411	-18.338916	-9.075272
2067	1	-16.517016	-7.684488	-5.868211	-8.422172	-16.906165	-13.721704
2075	1	-18.552881	-11.011361	-2.465493	-7.509759	-15.531902	-9.791087
2091	1	-15.777056	-7.725754	-2.371749	-10.546464	-14.649879	-9.846049
2095	1	-15.302179	-12.206197	-4.897366	-8.692448	-17.134883	-9.502093
2096	1	-15.021761	-8.183043	-5.246468	-12.906727	-17.226310	-10.150789
2101	1	-12.319469	-9.116257	-4.817177	-10.025813	-18.044879	-8.400400
2106	1	-17.886188	-9.709463	-3.828933	-8.598442	-17.332245	-12.274046
2109	1	-15.827726	-9.761303	-5.138002	-9.919190	-16.248899	-8.218609
2113	1	-14.187984	-11.124912	-0.516820	-9.237852	-17.180176	-11.268358
2125	1	-16.973800	-10.219955	-4.457511	-12.810846	-12.803559	-10.096866
2128	1	-20.121290	-8.942270	-7.340616	-9.998385	-5.678055	-10.295084
2136	1	-16.857356	-8.586904	-5.166841	-10.704328	-18.070979	-10.187333
2151	1	-13.139908	-8.855689	-3.087694	-11.784445	-14.882126	-10.608957
2156	1	-9.888724	-9.134144	-5.866411	-10.301626	-12.012092	-10.909838
2159	1	-15.444569	-10.467273	-2.977991	-11.117584	-15.321666	-12.074374
2171	1	-13.660463	-15.084807	-6.183818	-9.919413	-14.344964	-9.329113
2182	1	-16.756157	-14.768775	-7.071662	-8.300261	-13.668717	-9.830058
2185	1	-15.916021	-11.081727	-0.755690	-9.091653	-13.773714	-6.686690
2190	1	-17.947672	-11.810907	-5.456712	-12.483525	-19.766946	-9.997792
2199	1	-16.278449	-11.271402	-3.003682	-6.870771	-15.879296	-7.985481
2206	1	-13.543140	-12.511696	-4.016621	-10.394882	-11.884447	-8.666989
2214	1	-17.498661	-11.850372	-2.152497	-7.349292	-14.233930	-11.312226
2228	1	-14.195947	-10.477085	-5.437461	-6.228770	-11.717595	-5.862448
2231	1	-15.041734	-7.167350	-6.547464	-10.006426	-19.531994	-11.085510
2237	1	-10.599771	-6.306355	-7.052131	-9.875021	-12.921623	-14.579073
2238	1	-14.569271	0.888104	7.360595	-11.340771	-6.296452	-14.229998
2240	1	-14.046911	-10.905479	-1.555414	-6.041992	-11.864150	-7.472834
2241	1	-13.251303	-12.538512	-5.949721	-9.496908	-16.181216	-14.808987
2271	1	-15.397404	-9.195140	-6.141739	-6.769367	-17.224975	-14.809868
2272	1	-18.337501	-11.775685	-6.928899	-7.122094	-12.052446	-12.659497
2275	1	-13.646033	-10.696608	-3.768835	-16.761019	-18.149221	-7.083740
2280	1	-10.576609	-6.856470	1.841199	-13.901130	-10.056310	-8.319487
2283	1	-16.491704	-12.397029	-5.371106	-8.856662	-14.166086	-6.307228
2306	1	-11.124437	-13.810955	-7.941068	-7.948839	-17.548494	-13.511247
2317	1	-10.288427	-8.638981	0.989188	-8.902416	-9.518935	-9.586238
2322	1	-14.992949	-11.270979	-2.815379	-6.044188	-20.098354	-11.726139
2334	1	-12.319580	-11.034438	-4.424318	-6.608749	-19.887232	-15.542003
2335	1	-12.653795	-7.594091	-3.632449	-9.206975	-15.993629	-5.776577
2341	1	-16.324837	-5.146407	-4.392644	-10.505891	-14.957527	-10.781448
2343	1	-11.981850	-8.267603	-2.845716	-9.949702	-14.900406	-10.647430
2350	1	-9.630465	-5.904649	-3.239508	-13.417624	-12.785567	-14.249251
2367	1	-11.086466	-12.640938	-4.570758	-11.476568	-13.229351	-10.764552
2368	1	-16.100049	-8.119276	-4.460201	-11.008725	-14.980916	-10.688151
2384	1	-14.482141	-8.502562	-6.896416	-13.301866	-11.281511	-11.572108
2392	1	-13.604292	-15.925611	-0.724999	-9.658542	-15.904965	-12.132922
2402	1	-16.177729	-5.690468	0.363262	-10.763686	-7.938215	-12.174753
2407	1	-13.363107	-13.816626	-4.449467	-9.828105	-10.402294	-13.405474
2409	1	-16.839227	-11.249413	-4.316832	-10.939301	-16.383345	-6.763355
2411	1	-14.568105	-10.064058	-3.411311	-6.636214	-15.434736	-13.958986
2412	1	-14.687237	-6.994133	-2.798682	-10.675529	-16.989368	-9.885319
2413	1	-13.478752	-9.993088	-2.452810	-13.562537	-11.710126	-8.212975
2438	1	-12.735259	-12.475335	-4.339301	-8.618727	-13.372483	-15.176306
2441	1	-12.517851	-9.310584	-7.679957	-7.958864	-14.044238	-12.111731
2453	1	-11.039367	-9.335482	-4.409262	-9.877707	-15.873925	-7.468299
2454	1	-11.122275	-12.306102	-6.011844	-10.184984	-15.862977	-13.165830
2459	1	-14.530563	-9.025561	-5.746201	-13.853060	-14.873295	-11.832226
2463	1	-15.687561	-9.084880	-2.922927	-10.109080	-16.452591	-16.402087
2468	1	-13.076882	-11.380296	-5.387186	-11.243420	-14.148381	-5.377841
2473	1	-17.922040	-5.861909	-1.753313	-7.407984	-15.687500	-8.416306
2474	1	-9.328977	-10.893725	-10.911432	-14.237850	-14.085386	-13.843326
2476	1	-13.272658	1.960440	3.160238	-8.161901	-5.690995	-7.780475
2479	1	-15.870564	-8.561661	-3.569501	-6.318714	-13.992821	-11.939120
2483	1	-16.475431	-4.084730	-7.179244	-10.181496	-16.185500	-11.198588
2488	1	-15.132384	-11.072700	-4.736214	-10.771470	-10.826303	-8.596525
2489	1	-15.869083	-11.168549	-4.639433	-8.715503	-16.193270	-7.621083
2500	1	-3.369599	-11.251029	-3.211869	0.784323	-10.533175	8.100450
2503	1	-14.306254	-9.506723	-4.593351	-9.146991	-16.733630	-13.381673
2509	1	-16.750674	-9.651687	-7.954528	-8.958504	-13.907043	-7.138393
2514	1	-12.540562	-10.580014	-1.068749	-7.501570	-10.280644	-10.487669
2516	1	-15.395640	-8.417707	-6.587845	-4.059677	-14.358203	-9.954506
2526	1	-16.439276	-6.427188	-3.683258	-9.450177	-11.738953	-5.112902
2536	1	-13.049319	-9.416360	-2.509700	-11.280446	-16.319519	-5.153260
2552	1	-17.656263	-6.991581	-2.107011	-14.769773	-15.436710	-17.387736
2553	1	-11.252687	-9.889059	-8.073940	-11.390174	-16.536498	-11.937557
2558	1	-13.311498	-8.212136	-6.234767	-8.505479	-8.656498	-8.150385
2562	1	-15.419440	-15.806428	-3.996353	-8.565304	-14.393027	-11.803525
2565	1	-12.981408	-9.169186	-3.027283	-5.278117	-13.226201	-5.164404
2568	1	-16.045074	-7.986259	-1.746875	-8.830017	-11.325958	-10.959329
2591	1	-16.769300	-6.098881	-7.784066	-11.073510	-11.240706	-17.175998
2609	1	-12.064068	-9.159017	-3.857464	-8.355570	-16.423085	-13.168911
2620	1	-13.896686	-9.623784	-3.146782	-10.275725	-14.819794	-9.741799
2624	1	-16.712100	-10.306948	-5.877780	-5.795803	-14.084788	-4.263925
2632	1	-9.234752	-9.523826	-4.486739	-11.836775	-16.382559	-7.663427
2633	1	-14.183044	-13.415415	-8.300869	-9.383263	-10.523851	-1.566639
2643	1	-13.197943	-8.321846	-2.725893	-16.616420	-14.797596	-9.420456
2645	1	-11.409075	-11.137960	-7.341782	-4.484663	-15.234093	-10.635459
2646	1	-2.583895	-9.100416	-5.296122	2.957057	-14.704368	4.845763
2660	1	-14.914697	-15.770218	-1.900731	-13.134912	-8.870854	-7.797590
2676	1	-10.166157	-8.821820	-4.689262	-12.323203	-16.989373	-14.364511
2693	1	-17.420093	-14.461099	-5.480738	-14.196308	-13.303037	-10.444482
2702	1	7.420004	-17.748924	-3.014142	6.380875	-13.963560	5.352841
2703	1	-20.216719	-10.966451	-6.281431	-8.094112	-16.681907	-10.071968
2713	1	-17.130982	-9.800528	-10.593150	-11.627469	-15.604769	-10.581388
2719	1	-14.634875	-12.804083	-11.740315	-9.290370	-16.928779	-10.542073
2736	1	-14.400586	-7.742758	-5.715935	-10.206360	-12.920355	-7.988914
2741	1	-12.206989	-13.746773	1.462371	-15.957988	-12.939387	-7.067969
2753	1	-16.069982	-12.281752	-6.767394	-11.653721	-19.237623	-11.913524
2758	1	-21.237350	-0.707026	6.877797	-17.870805	-4.349411	-6.125207
2763	1	-14.252294	-8.909480	-5.630580	-11.050864	-14.822376	-6.634356
2764	1	-16.406414	-9.010760	-5.371185	-12.850357	-12.150781	-9.573216
2784	1	-8.832222	-12.558595	-5.679213	-10.872216	-10.071896	-5.169124
2787	1	-18.172471	-9.897595	-3.576487	-7.589483	-14.140361	-10.982319
2790	1	-12.194589	-5.644170	-3.466734	-6.324377	-18.130435	-6.906170
2798	1	-9.440081	7.204481	7.846611	-16.537028	2.997824	-7.155188
2801	1	-17.497953	-13.319016	-5.614719	-10.765491	-12.674823	-4.569211
2802	1	-15.865079	-8.273470	-4.662584	-12.670481	-14.489906	-6.563296
2812	1	-16.712654	-12.404659	-8.783800	-13.043048	-15.382782	-6.383033
2820	1	-14.420003	-8.484796	-4.699459	-10.132878	-20.088575	-11.524338
2824	1	-15.938897	-6.133127	-7.107183	-10.810239	-10.267264	-10.782163
2835	1	-10.838544	-11.784572	-0.507298	-10.085471	-19.307258	-11.865337
2851	1	-10.861063	-14.753481	-6.554782	-11.751165	-14.380433	-3.825991
2852	1	-10.175010	-9.313552	-3.091323	-9.613712	-19.248586	-10.050442
2854	1	-12.569949	-8.334709	-0.530878	-14.550150	-14.246194	-12.272146
2860	1	-16.047940	-7.178684	-3.838214	-9.814322	-10.698812	-0.825035
2863	1	-8.948081	-6.488344	-0.446814	-5.941548	-16.847615	-11.772831
2876	1	-16.956848	-10.500137	-8.545551	-12.893648	-13.891056	-7.701025
2884	1	-14.671299	-9.877243	-4.869417	-5.688682	-12.889299	-6.152288
2888	1	-7.767000	-0.648002	-2.569290	-8.912173	-10.632267	-12.334242
2898	1	-11.144264	-10.491696	-7.472724	-1.190862	-15.909317	-11.507503
2917	1	-13.196016	-1.104851	-0.418871	-9.845408	-9.528150	-10.804919
2929	1	-8.951259	-12.633855	-4.486404	-6.558025	-10.584684	-11.102259
2934	1	-12.365855	-2.111641	-5.950783	-6.784799	-17.282045	-12.237464
2948	1	-8.541210	3.797896	8.406350	-12.321828	-3.642320	-13.568389
2952	1	-5.625819	-12.692571	-6.474675	-7.322082	-3.932219	-14.211815
2954	1	-13.644184	-6.667015	-5.050552	-12.481311	-10.259039	-12.785943
2966	1	-14.197284	-9.338802	-2.845076	-9.564415	-12.456946	-14.610753
2968	1	-11.611510	-8.481423	-6.306525	-5.035647	-12.803459	-0.351460
2974	1	-13.267061	-8.364770	-3.127818	-15.017171	-18.339411	-9.315072
2977	1	-15.109975	-13.067556	-5.659366	-8.822747	-15.803515	-7.252275
2978	1	-12.344725	-14.032229	-5.857292	-12.833246	-17.613955	-15.030400
2983	1	-11.227232	-3.862391	-6.517765	-9.376250	-12.418719	-11.389969
2984	1	-6.205368	-10.434234	-3.691140	2.339675	-16.886999	-7.649605
2987	1	-16.154134	-11.060985	-4.424792	-7.042431	-15.135689	-11.044144
2990	1	-14.453573	-11.458719	-1.678720	-9.646618	-11.809577	-10.217794
2992	1	-14.525878	-10.621358	-4.864461	-9.224450	-14.032095	-10.368624
2993	1	-13.205159	-8.964330	-1.342808	-11.004458	-16.855486	-10.038384
3016	1	-16.659335	-10.416735	-5.396476	-5.555245	-14.455482	-12.662296
3029	1	-12.809921	-6.642438	-6.781196	-7.742384	-16.418013	-10.446785
3046	1	-7.792853	-0.400410	0.920794	-12.876558	-7.681076	-8.761085
3049	1	-13.218108	-14.207684	-6.096332	-10.391179	-15.058776	-15.234105
3051	1	-11.817939	-10.648511	-6.647713	-2.951341	-13.960284	-7.589175
3056	1	-13.305715	-11.641089	-4.163925	-7.438613	-16.285532	-7.833655
3091	1	-4.871474	-8.386882	-5.104220	-8.343125	-16.048970	-12.774922
3104	1	-14.846387	-9.058516	-3.956230	-12.035005	-14.035557	-8.774788
3120	1	-17.063280	-10.408208	0.088156	-2.945553	-14.478043	-10.949936
3126	1	-13.989797	-9.939191	-1.556108	-12.243201	-16.784656	-9.477891
3133	1	-11.420498	-7.348214	-9.191292	-8.837800	-12.301406	-13.894058
3138	1	-13.771347	-10.068360	-3.366015	-14.093875	-11.122181	-6.043534
3139	1	-12.472824	-10.428653	-6.556017	-8.890686	-15.592931	-7.206328
3164	1	-6.731604	-12.362736	-5.282152	-11.420474	-7.117958	-7.431339
3171	1	-15.960272	-8.620660	-4.353971	-9.564021	-19.098342	-12.007816
3177	1	-13.105824	-9.775399	-5.018499	-8.912547	-15.804523	-8.331512
3192	1	-2.709820	-5.660535	-6.253952	-8.588047	-17.015051	-12.226224
3193	1	-17.738270	-12.822097	-6.387760	-12.155195	-7.804025	-11.981095
3209	1	-4.661907	0.128273	-0.105530	-15.325296	-13.754029	-12.111020
3211	1	-16.080457	-14.280241	-1.497884	-9.784651	-15.515570	-8.377339
3221	1	-10.883013	-7.772685	-2.190707	-9.843053	-11.915420	-7.356080
3226	1	-12.386170	-13.714726	-5.408583	-10.419250	-9.730441	-12.377781
3236	1	-13.562998	-8.633939	-5.695362	-10.544428	-17.389195	-14.332237
3237	1	-17.157680	-10.924672	-2.888447	-10.359294	-15.974401	-9.796469
3242	1	-14.719294	-12.704420	-1.982946	-14.362910	-9.990838	-14.587842
3257	1	-13.335251	-11.213983	-3.704621	-15.260295	-13.634836	-9.135830
3263	1	-12.428008	-13.020494	-9.023320	-8.519331	-11.289451	-10.461670
3265	1	-18.056003	-9.474936	0.978213	-4.556886	-10.146363	-14.490500
3269	1	-17.057842	-10.099765	-7.921012	-10.391838	-17.681504	-10.674896
3274	1	-11.768174	-8.202397	-6.127275	-10.444733	-14.961737	-14.202674
3284	1	-10.577456	-9.468130	0.411331	-11.155548	-17.583331	-9.405831
3287	1	-13.370390	-12.033548	-4.322651	-9.063427	-12.903170	-11.901202
3303	1	-12.289465	-10.572477	-5.906890	-10.402388	-8.392111	-15.948961
3304	1	-15.045590	-13.685092	-4.864354	-12.085445	-15.459191	-7.884416
3309	1	-13.813721	-12.720540	-9.953276	-2.317008	-13.688952	-12.293910
3341	1	-9.179442	-8.180096	-7.571576	-10.172257	-7.817764	-17.014213
3349	1	-17.545337	-12.166587	-3.985009	-10.194326	-13.861761	-7.801025
3351	1	-13.040545	-8.502233	-2.801112	-2.418538	-15.883145	-10.741281
3356	1	-7.833296	-12.863059	-2.417613	-5.035464	-12.396199	-15.608759
3374	1	-10.204712	-9.247974	-4.115721	-11.333347	-14.432986	-10.710930
3378	1	-11.368586	-7.563647	-5.163691	-8.504707	-15.685507	-11.626486
3386	1	-11.652417	-9.590795	-6.632462	-15.691748	-17.267109	-10.026558
3389	1	-18.202760	-8.770876	0.109995	-10.121920	-13.718759	-5.172688
3406	1	-18.040469	-9.093977	-1.659670	-8.744448	-18.780152	-8.785861
3423	1	-13.625219	-10.724763	-7.199362	-7.732953	-15.724834	-14.522323
3430	1	9.407118	-13.721390	-4.529415	6.453549	-16.015152	5.511840
3431	1	-16.935051	-11.725659	-6.020482	-11.666490	-15.425138	0.173419
3432	1	-12.909125	-6.705820	-3.013315	-14.243342	-14.671779	-7.889101
3438	1	-18.936649	-7.270093	-3.702801	-13.879305	-14.456387	-13.205432
3455	1	-13.198114	-9.182202	-3.653669	-4.881727	-14.489245	-9.299454
3457	1	-13.801949	-11.947682	-6.258072	-5.980062	-14.462461	-12.702096
3459	1	-16.526875	1.252996	3.890851	-15.551344	-3.355650	-13.240412
3463	1	-10.815040	-9.821756	-6.074150	-15.159489	-11.765937	-9.123758
3478	1	-8.047385	-6.404794	-1.209549	-11.273457	-15.578373	-10.568255
3497	1	-20.534678	-10.126155	-5.284240	-11.099321	-16.793061	-6.692523
3503	1	-11.619958	-9.813238	-4.946187	-10.412078	-11.953794	-10.100608
3512	1	-14.304355	-8.073233	-3.381345	-10.825323	-19.408880	-9.181097
3527	1	-14.236338	-7.225543	-6.091389	-8.631744	-12.863196	-9.266155
3530	1	-9.748308	-8.635788	-6.189864	-9.009241	-13.670037	-17.352193
3538	1	-16.822056	-9.345718	-5.212752	-10.921265	-13.302676	-10.425409
3541	1	-15.637093	-7.435724	-5.816177	-9.984600	-16.233770	-8.807578
3545	1	-14.124396	-14.777778	-5.897743	-10.978417	-14.893845	-10.947195
3551	1	-16.910232	-12.422367	-2.342849	-11.149223	-13.980089	-9.747964
3552	1	5.597558	-11.623509	-4.634615	8.452399	-17.084842	6.060146
3573	1	-15.015988	-8.493249	-2.793363	-11.398605	-15.173856	-8.943154
3574	1	-16.178638	-4.521553	-5.771759	-7.063566	-11.279168	-3.566973
3579	1	-15.643264	-9.046423	-4.935078	-11.237328	-13.873981	-5.926246
3582	1	-14.978576	-10.300844	-6.853454	-15.202929	-15.015139	-8.751356
3585	1	-18.636255	-11.414016	-3.093996	-9.109049	-16.477156	-10.018970
3596	1	-12.610797	-10.520185	-1.866525	-4.388256	-13.136589	-6.087762
3598	1	-13.099033	-8.880415	-7.790248	-10.885362	-13.421269	-9.101708
3601	1	-8.916773	-11.962514	0.850187	-13.397563	-16.765255	-8.745567
3638	1	-13.381509	-11.184640	-3.646585	-6.670618	-13.259012	-10.650121
3658	1	-11.028460	-11.927905	-6.675177	-11.175908	-15.136434	-17.510007
3663	1	-11.905978	-10.269911	-5.617877	-0.863630	-16.863007	-0.415258
3664	1	-9.371785	-8.614920	-1.713913	-7.579804	-12.628011	-13.194907
3667	1	-15.301578	-10.890106	-6.270641	-9.232716	-18.114590	-12.835763
3669	1	-16.077356	-13.036450	-4.324296	-5.301051	-15.444900	-10.844479
3694	1	8.091413	-15.667449	-5.937387	8.480868	-11.209076	9.223297
3698	1	-16.790094	-8.583756	-3.336461	-8.307987	-14.479955	-11.479563
3701	1	-15.973088	-10.020388	-3.714011	-14.184505	-16.811807	-14.000513
3703	1	-14.676166	-7.123373	-2.203506	-11.710869	-11.822148	-10.186907
3704	1	-9.918198	-11.163401	-5.505082	-10.169347	-17.420957	-11.594566
3712	1	-13.820250	-10.861322	-6.959686	-9.096308	-13.806378	-11.541539
3715	1	-15.332073	-8.597808	-2.433501	-12.065060	-12.679021	-6.983903
3716	1	-16.373195	-13.505095	-2.514643	-6.908962	-15.046138	-9.395698
3722	1	-15.468175	-6.301742	-9.910787	-7.996410	-11.603759	-10.369915
3726	1	-18.204356	-11.516604	-3.326860	-9.027980	-16.587313	-8.387298
3735	1	-15.199799	-12.238740	-3.033460	-4.811475	-16.019347	-10.795572
3740	1	-14.883534	-11.593143	-6.536271	-8.495161	-13.688818	-13.218743
3747	1	-15.921220	-11.395559	-4.710653	-8.892183	-14.809707	-10.503948
3758	1	-16.730416	-9.767795	-5.090750	-10.104101	-12.445433	-12.192528
3767	1	-13.107972	-11.800706	-4.465545	-12.306873	-11.295457	-8.884649
3778	1	-10.759398	-6.527576	-4.181150	-8.559232	-13.825974	-13.744539
3789	1	-14.035339	-10.447323	-1.606485	-11.569132	-10.038839	-9.982423
3791	1	-9.824960	-4.822136	-10.868147	-13.487217	-11.008813	-12.692805
3840	1	-17.720447	-4.823635	-3.888727	-11.535579	-17.744495	-6.585917
3855	1	-6.651676	-8.186864	-1.379931	-10.240006	-16.332596	-11.636641
3881	1	-14.019341	-7.450513	-7.483373	-12.057190	-17.452218	-6.341810
3888	1	-11.926792	-5.411334	-3.520713	-10.244221	-12.876865	-10.657486
3899	1	-18.713696	-7.793547	-0.181512	-10.165221	-11.174874	-12.272577
3901	1	-15.799262	-7.291966	-5.019958	-9.201502	-17.458641	-11.409912
3906	1	-13.488930	-5.215863	-2.176821	-11.293013	-13.412411	-10.702019
3921	1	-14.871482	-8.126475	-5.593391	-8.801842	-13.375134	-13.262232
3933	1	-14.077719	-12.034068	-6.230834	-13.266419	-10.362807	-14.674259
3937	1	-13.878068	-8.196247	-7.204009	-8.442174	-15.240576	-9.942918
3944	1	-8.924126	-3.992466	-6.590910	-9.037671	-16.417812	-16.954976
3948	1	-15.780671	-10.560631	-4.504030	-8.687747	-15.658996	-9.461507
3968	1	-14.386644	-16.249752	-1.495024	-10.531238	-18.923678	-8.688530
3969	1	-3.962295	-8.377533	-6.624247	1.227775	-13.104137	5.766625
3978	1	-7.661274	-12.589668	-2.485746	1.315905	-13.902811	-4.632863
3979	1	-14.416244	-13.548676	-2.755937	-9.281150	-14.692535	-10.186177
3985	1	-19.979656	-11.299703	-1.838716	-11.506617	-11.981387	-10.141329
3990	1	-12.272287	-12.504458	-5.875478	-7.669788	-17.522257	-9.107687
3992	1	-6.664015	0.895754	-0.231499	-14.010801	-9.711542	-0.892735
3996	1	-10.901393	-8.528483	-4.284392	-10.728498	-17.559969	-2.518393
3999	1	-15.332081	-10.287646	-3.154490	-10.822423	-16.118404	-10.578013
4015	1	-11.021455	-4.786150	-6.840005	-9.378415	-14.040774	-12.447328
4018	1	-14.876387	-10.378132	-5.331797	-9.967740	-12.793365	-11.029909
4031	1	-14.832293	-13.397094	-4.324752	-10.942128	-14.211626	-8.075849
4034	1	-14.673609	-12.368550	-4.647857	-11.110346	-11.603311	-16.423358
4036	1	-16.466936	-11.941329	-3.706024	-11.375039	-15.292744	-9.437014
4048	1	-13.269676	-9.751115	-3.438683	-15.531867	-20.569609	-7.848111
4054	1	-13.149773	5.007100	8.172491	-17.398115	-1.574029	-10.976207
4063	1	-4.996180	-8.514610	-4.682470	-13.334908	-13.440513	-7.204861
4071	1	-16.741818	-9.296136	-1.035237	-8.549187	-12.020410	-8.418778
4072	1	-11.869006	-7.178245	-5.424403	-11.227720	-15.359536	-10.127798
4079	1	-19.809601	-10.004891	-5.454908	-6.393018	-16.144494	-4.926575
4082	1	-15.942914	-12.263895	-2.562349	-10.080953	-18.101245	-11.054277
4083	1	-14.511894	-9.473429	-2.903634	-10.742181	-15.342172	-9.068953
4091	1	-13.247469	-9.002063	-2.043372	-9.401588	-14.272871	-14.609731
4094	1	-17.308945	-11.468970	-2.469620	-8.894088	-13.414937	-11.612590
4097	1	-18.493724	-7.023038	-4.052718	-8.331495	-18.135901	-10.168636
4101	1	-11.707320	-11.048986	-5.845364	-9.298201	-11.759496	-12.680662
4102	1	-18.522645	-15.197215	-5.042632	-11.761310	-13.019737	-10.911927
4111	1	4.723273	-17.498195	0.546897	7.387866	-13.376334	7.985373
4112	1	5.149242	-17.356256	-5.624343	2.535105	-13.271698	-4.524446
4118	1	-20.538768	-10.974849	-4.299730	-12.005111	-19.439596	-7.530270
4131	1	-12.429330	-12.429890	2.180205	-14.681900	-9.056004	-4.975480
4134	1	-13.271120	-10.241870	-5.835274	-9.192938	-12.922605	-13.424143
4141	1	-11.485836	-12.946210	-1.657943	-10.198542	-13.249719	-10.102825
4146	1	-12.965742	-9.241132	-2.331801	-7.639853	-14.931085	-10.773760
4150	1	-10.482444	-11.042784	-3.703894	-13.434112	-13.908499	-8.450319
4151	1	-18.806943	-9.035681	-5.817462	-8.611998	-13.909461	-9.473038
4160	1	-14.988992	-10.116762	-2.717846	-10.305759	-16.002303	-8.121844
4161	1	-15.837779	-10.980319	-2.540504	-8.334899	-16.856074	-11.168759
4173	1	8.976125	-16.479556	-5.027874	6.504873	-8.934421	8.509981
4187	1	-9.731850	-11.093686	-1.275664	-15.759457	-12.183520	-11.550492
4194	1	-13.871441	-7.791038	-4.845946	-6.448899	-12.733867	-13.954665
4200	1	-14.499296	-10.703731	-1.539907	-8.629430	-13.596231	-12.346031
4202	1	-19.585353	-7.341213	-4.636514	-8.465540	-14.156488	-9.374593
4204	1	-14.018119	-9.654336	-4.207537	-11.896228	-18.616836	-6.957471
4219	1	-13.585840	-10.711815	-7.165913	-11.696602	-16.073031	-11.176928
4236	1	-10.250623	-8.250291	-2.574016	-8.643997	-16.063443	-9.675464
4243	1	-12.435088	-10.879523	-3.427273	-10.198874	-16.452847	-12.607581
4252	1	-14.709596	-10.296502	-7.035358	-8.809677	-20.475690	-12.332060
4270	1	-15.123982	-7.658949	-4.233243	-5.519910	-16.749853	-7.334071
4279	1	-13.338996	-10.504101	-2.600085	-11.482786	-10.999714	-12.500482
4281	1	-11.803480	-5.157201	0.300354	-14.901077	-11.601583	-11.664249
4284	1	-8.726322	-13.896181	-4.600643	-9.732948	-15.833730	-0.050870
4290	1	-13.336621	-11.109867	-3.213231	-10.926898	-18.186334	-13.592779
4294	1	-12.507144	-11.844944	-5.288661	-15.170479	-18.951673	-12.263270
4315	1	-13.301275	-7.831232	-7.345916	-9.933692	-14.518537	-5.498068
4319	1	-17.737734	-9.451372	-4.352478	-7.110029	-15.171668	-7.119187
4325	1	-11.852325	-8.232267	-3.746768	-6.900767	-15.958117	-7.720028
4330	1	-16.260605	-8.701902	-5.456426	-10.058652	-18.594809	-12.719113
4334	1	-10.858302	-12.412309	-2.971799	-11.801655	-13.697637	-16.771874
4335	1	-8.032282	-3.266407	-1.647641	-10.958454	-14.564886	-0.593993
4344	1	-15.966982	-12.355015	-5.191581	-14.694722	-16.637629	-13.225392
4349	1	-15.437571	-10.606703	-5.148431	-11.246253	-13.072197	-13.502460
4352	1	-11.875286	-13.579534	-6.926290	-10.535801	-18.029152	-13.926623
4355	1	8.273953	-16.844498	-2.196079	7.865257	-12.860156	5.714611
4359	1	-11.294871	-1.499070	-2.528525	-12.640835	-12.721057	-12.721895
4360	1	-10.861753	-10.851635	-4.557560	-13.166810	-16.535946	-8.589586
4368	1	-13.951407	-10.334413	-3.497455	-10.628169	-19.401604	-10.915794
4374	1	-11.483408	-11.779438	-7.675814	-11.353350	-19.251984	-11.520615
4375	1	-15.144297	-10.146516	-5.588575	-6.854254	-9.722597	-9.017752
4377	1	-12.509587	-8.485322	-7.450080	-5.415167	-21.453722	-13.893661
4380	1	-14.581043	-13.993149	-5.755420	-7.486610	-16.005958	-9.869608
4382	1	-9.342064	-13.714044	-5.103117	-4.616456	-12.808869	-16.672313
4386	1	-17.359614	-8.202882	-4.474876	-7.667632	-16.528606	-12.791136
4387	1	-16.478161	-16.242026	-1.324811	-8.796060	-14.063229	-9.723799
4435	1	-15.760331	-8.760978	-3.186762	-8.957138	-15.531321	-8.704639
4442	1	-15.007311	-9.822774	-5.174930	-13.624492	-15.400524	-10.933729
4449	1	-14.507194	-10.928261	-6.415896	-8.881969	-15.925688	-7.734945
4463	1	4.299560	-15.868966	-0.591324	7.705462	-11.156269	8.119121
4485	1	-10.502721	-12.915374	-2.103783	-5.844545	-12.330283	-11.357277
4499	1	-14.222187	-7.532314	-7.544270	-9.286917	-16.156547	-10.723539
4503	1	-15.398275	-12.703595	-2.113009	-3.721583	-14.670745	-8.105492
4505	1	-8.520301	-7.805395	-0.988828	-4.591551	-14.168049	-10.331644
4510	1	-14.296853	-6.051884	-6.854271	-10.703137	-10.689704	-10.598805
4514	1	-14.527696	-5.674849	-4.884976	-7.154225	-18.980861	-12.914903
4517	1	-12.068625	-13.479523	-2.998765	-12.470444	-15.416528	-9.072340
4521	1	-17.676146	-8.684749	-5.671199	-8.453091	-16.561047	-9.690791
4529	1	-18.200546	-13.610477	-6.114845	-2.225142	-8.984169	-6.737430
4542	1	-13.092143	-11.556220	-1.055266	-10.678371	-12.410720	-9.964008
4543	1	-8.413102	-5.079253	-6.013877	-10.029822	-16.032307	-13.696497
4548	1	-14.251308	-6.783870	0.248988	-11.274908	-14.367457	-7.427571
4564	1	8.098573	-6.588139	-2.987307	9.325543	-15.606414	7.178185
4570	1	-14.208957	-7.940292	-5.467041	-9.431107	-15.687737	-6.858480
4582	1	5.613000	-17.443537	-4.934766	7.285841	-14.377988	7.887746
4589	1	-15.712009	-10.841365	-6.024375	-8.851764	-13.785787	-8.698684
4590	1	-8.897085	-8.839876	-2.885207	-8.084567	-14.245192	-12.798101
4598	1	-12.970268	-10.738900	-2.146798	-8.312181	-15.520256	-8.774933
4600	1	-14.222178	-9.832819	-2.704367	-9.156397	-16.968709	-12.123257
4607	1	-10.807628	-10.214140	-0.618159	-11.161427	-16.679122	-13.157604
4628	1	-14.776543	-9.114859	1.010460	-9.234386	-15.744190	-12.695104
4647	1	-16.157415	-9.223406	-3.631485	-9.873231	-10.015616	-10.200616
4651	1	-16.663764	-8.291463	-6.706646	-9.120244	-15.076051	-11.242344
4657	1	-17.410747	-10.978579	-4.634626	-10.626950	-19.542551	-8.732698
4659	1	-10.450678	-14.156521	-3.628196	-2.635353	-16.894485	-6.779861
4660	1	-8.845440	-8.239087	-5.672858	-8.073927	-12.850358	-16.031277
4664	1	-14.028074	-6.991591	-2.062698	-7.958259	-10.315115	-4.765952
4681	1	-8.237281	-11.810519	-4.957359	-7.193149	-14.685952	-11.169423
4685	1	-17.149569	-13.269968	1.563689	-9.949632	-10.136604	-5.973159
4704	1	-11.449902	-8.999001	-3.647942	-14.259476	-15.692130	-11.107470
4721	1	-15.093303	-9.773882	-5.566921	-12.252245	-16.732912	-10.728170
4728	1	-14.887307	-8.320862	-3.306035	-9.147568	-15.217561	-9.487587
4729	1	-15.315336	-6.671741	-3.208090	-12.342750	-15.017008	-9.721747
4732	1	-15.751977	-6.976868	-7.434759	-10.726675	-13.441476	-7.278916
4754	1	-11.460072	-8.423403	1.517280	-11.288971	-14.734702	-12.002761
4760	1	-15.497841	-11.436543	-1.170785	-12.388901	-14.012147	-12.530379
4765	1	-19.221761	-11.779293	-3.326675	-11.328211	-17.003696	-10.631180
4769	1	-10.316718	-8.479601	-5.137731	-8.420990	-12.965613	-14.788094
4776	1	-14.501654	-12.451353	-5.687583	-12.370349	-15.114815	-7.838374
4782	1	-10.147622	-7.035056	-5.617463	-11.669280	-16.801169	-7.868515
4808	1	8.566566	-16.120467	-4.230691	6.130334	-14.487107	8.281906
4814	1	-14.861682	-9.856227	-8.858734	-7.903786	-13.100634	-10.802324
4819	1	-14.592854	-5.797020	-7.264030	-3.902285	-11.375940	-14.270111
4823	1	-17.297122	-10.596552	-3.061777	-14.306019	-15.744913	-5.947660
4841	1	-15.976225	-8.139799	-4.299313	-8.466647	-15.031414	-7.557892
4854	1	-15.496113	-7.411066	-5.481188	-11.232983	-15.842175	-10.623262
4862	1	-14.936823	-8.732442	-6.766080	-8.075937	-10.847074	-6.688678
4873	1	-12.237594	-9.956608	-1.711842	-9.423337	-13.824709	-12.820602
4875	1	-16.898082	-10.925119	-11.128092	-8.823179	-10.459877	-14.910394
4881	1	-11.648820	-8.339910	-2.471385	-9.501603	-10.731327	-10.854330
4882	1	-16.634002	-6.947188	-5.802860	-8.449109	-13.560169	-13.830991
4902	1	-10.674600	-8.288597	-2.413707	-8.997779	-16.844096	-14.948462
4905	1	-12.583924	-3.725672	-4.732524	-7.819112	-14.549248	-7.538241
4911	1	-12.550952	-13.157885	-3.780151	-11.578837	-14.389134	-9.035362
4913	1	-14.278418	-4.017554	-3.316560	-6.597302	-14.451643	-11.541438
4915	1	-16.265101	-10.025160	-3.804639	-8.358030	-15.500137	-7.995139
4917	1	-8.431560	-10.756798	-3.059380	-0.092450	-16.125922	-3.772607
4932	1	-14.389893	-9.876495	-0.022559	-10.343516	-15.731359	-15.216653
4941	1	-17.208693	-6.950000	-4.751469	-8.514447	-9.288204	-9.560225
4946	1	-13.011149	-12.384252	-1.424402	-14.298827	-10.044234	-6.880672
4952	1	-10.170973	-7.107496	-3.544364	-14.486658	-12.280784	-7.624981
4959	1	-17.036962	-11.222133	-3.073607	-12.290789	-13.579990	-9.377445
4962	1	3.590834	-13.486192	-6.294426	7.195084	-14.737181	7.430104
4966	1	-20.783574	-8.193449	4.034571	-15.242652	-11.176370	-10.546389
4973	1	-14.259629	-11.395875	-7.591242	-9.223269	-16.302452	-9.050562
4986	1	-13.214951	-11.031166	-3.918097	-10.760999	-14.222384	-8.314082
4989	1	-13.402485	-11.342838	-6.600608	-8.666360	-14.535837	-9.097317
4996	1	6.047338	-19.349915	-4.304732	7.067667	-13.777054	5.632404
5008	1	-7.015388	-9.132398	-7.788560	-13.775102	-15.574135	-4.883317
5013	1	-14.404010	-10.108255	-0.340255	-13.132961	-11.408675	-7.373603
5036	1	-13.944772	-9.540214	-10.355020	-6.446947	-14.744540	-5.815123
5041	1	-9.326714	2.262262	6.521448	-16.637423	-5.230214	-12.926994
5042	1	-11.696120	-13.977716	-2.595304	-6.955065	-12.870798	-11.068477
5056	1	-12.267561	-9.088204	-6.112249	-4.941879	-15.186334	-13.979879
5058	1	-11.078666	-9.708256	-7.355691	-11.506560	-16.215018	-8.313296
5061	1	-16.133292	-11.335909	-2.153818	-7.164001	-17.550634	-8.474260
5064	1	-16.145058	-6.416796	-4.944968	-12.173071	-13.134315	-10.594273
5073	1	-13.861439	-11.810354	-7.405669	-3.922180	-13.654606	-9.976623
5074	1	-12.151193	-5.606699	-7.409201	-9.922307	-9.783985	-11.846001
5086	1	-11.317979	-10.889503	-5.237281	-14.609527	-14.988617	-8.736000
5099	1	-15.355000	-11.828037	-4.282350	-16.020366	-13.247594	-11.803497
5114	1	-10.930663	-12.508298	-7.259177	-10.011025	-11.460675	-4.193075
5120	1	-14.386683	-7.739131	-5.081418	-11.463772	-11.963749	-8.976802
5121	1	-16.139836	-10.527211	-4.718546	-13.559561	-20.602800	-9.289989
5127	1	-12.495238	-12.161439	-4.789372	-7.375597	-19.592989	-13.052668
5129	1	-9.905503	-13.185061	-4.735497	-5.562570	-15.159702	-7.232990
5131	1	-19.220381	-9.143606	-5.432200	-11.871528	-9.648970	-11.298713
5135	1	-13.801413	-5.028673	-8.781096	-12.007148	-17.155367	-13.018405
5139	1	-12.221032	-13.388146	-3.106011	-13.059626	-12.429004	-9.912177
5141	1	-14.326494	-11.564493	-3.829933	-7.467145	-15.769059	-8.107266
5145	1	-8.788183	-7.531272	0.709657	-9.107742	-13.155846	-11.852748
5152	1	-14.219253	-11.420092	-3.940740	-15.842440	-14.745271	-12.498011
5153	1	-16.070674	-10.861686	-4.561279	-8.523777	-17.214394	-9.505568
5154	1	-15.150109	-6.876231	-7.628724	-4.405369	-15.545233	-14.474663
5162	1	-16.150827	-11.633256	-3.105390	-6.686941	-17.499196	-10.749848
5166	1	-15.376487	-12.589156	-3.039416	-7.509182	-14.904520	-14.540972
5169	1	-16.433448	-8.035746	-5.313749	-11.138633	-16.771508	-10.419776
5174	1	-9.178832	-3.540729	-3.605240	-8.519565	-12.353048	-14.756601
5192	1	-9.907869	-11.870254	-4.058519	-16.121366	-15.242290	-10.002226
5201	1	-9.165432	-8.074748	-4.833668	-5.933113	-10.546737	-13.703095
5206	1	-15.559226	-4.753708	-2.180359	-6.470551	-11.318900	-10.438123
5210	1	-14.079494	-8.910357	-4.290415	-8.543999	-10.391880	-8.536359
5225	1	-11.884525	-12.584918	-7.816123	-12.995987	-14.603679	-10.652801
5234	1	-15.359397	-9.303274	-1.359421	-10.278949	-13.990692	-11.807011
5250	1	-13.956858	-13.475123	-4.610104	-15.439541	-14.062040	-13.252256
5252	1	-11.658445	-10.377844	-4.604099	-7.958300	-15.051847	-11.949590
5253	1	-15.723150	-7.783767	-6.101477	-8.147320	-12.583108	-9.274004
5257	1	-13.808348	-11.013003	-2.982209	-11.564029	-12.524655	-10.213518
5265	1	-12.507736	-7.229869	-4.924986	-9.455798	-17.246606	-10.661027
5266	1	-14.260347	-10.878397	-4.186431	-9.692536	-18.474922	-14.658831
5275	1	-11.838505	-7.211252	-5.836124	-14.616112	-13.256678	-8.915910
5278	1	-12.866029	-6.614806	-6.929619	-6.940420	-11.978242	-7.647307
5280	1	-13.533017	-10.145436	-4.415006	-7.368509	-15.383494	-8.512031
5282	1	-14.619555	-11.499049	-2.525233	-13.167235	-14.142695	-9.270834
5310	1	-16.550741	-9.638338	-5.837215	-9.479539	-10.710414	-8.088194
5330	1	-15.847653	-9.832788	-3.935876	-8.504107	-17.931039	-10.806473
5331	1	-15.098082	-13.402551	-3.878787	-10.021465	-14.899429	-14.518131
5333	1	-13.792115	-7.582664	-4.069973	-10.161139	-7.060537	-9.018115
5337	1	-19.026230	-8.907411	-3.375414	-10.665174	-13.754217	-13.886664
5341	1	-13.892242	-9.946936	-5.975408	-13.152250	-17.487169	-13.995090
5344	1	-11.190996	-8.966921	-1.890373	-5.037993	-12.451010	-7.579421
5348	1	4.694594	-7.940095	-5.475104	6.995880	-14.997380	6.740853
5352	1	-14.716549	-9.939147	-2.277506	-9.919289	-12.727676	-11.930978
5354	1	-14.312247	-6.007375	-6.065521	-14.959637	-14.285266	-2.812669
5364	1	-18.835006	-8.731216	-4.545045	-5.281639	-19.189026	-9.883438
5370	1	-13.105664	1.565670	6.330118	-19.967311	-5.520277	-11.429498
5373	1	-12.279046	-12.731664	-2.724978	-9.534690	-16.594207	-12.711893
5376	1	-13.840791	-10.372869	-2.928258	-10.731456	-12.435672	-8.946659
5381	1	-15.377849	-5.541536	-3.721061	-12.901312	-10.950856	-8.505145
5388	1	-12.292664	-12.020788	-4.108323	-7.127784	-13.704964	-12.962485
5399	1	-10.616161	-10.637461	-5.959486	-11.555200	-14.007106	-11.477870
5408	1	-17.326651	-13.698179	-3.484607	-10.328593	-9.406645	-11.653094
5409	1	-14.110354	-11.079689	-6.788642	-10.158904	-5.122761	-10.678587
5411	1	6.396466	-14.787578	-1.300456	8.328380	-16.296431	7.846929
5414	1	-12.912486	-9.579525	-6.315533	-13.877965	-16.407515	-7.898952
5424	1	-6.280343	-7.181954	-6.206227	-8.441856	-12.693118	-13.363222
5428	1	-12.854750	-10.012336	-2.044017	-12.979300	-9.851660	-6.193862
5435	1	-15.340053	-9.112727	-6.178726	-6.347405	-15.835911	-10.876529
5440	1	-16.418718	-8.069237	-5.414611	-12.075547	-14.650756	-0.910564
5442	1	-12.498386	-12.419054	-0.431017	-7.844569	-17.208438	-11.857687
5445	1	-13.357288	-7.048981	0.575089	-8.766541	-12.159609	-10.438314
5456	1	-12.489221	-10.111199	-7.230608	-8.743888	-14.497766	-12.931017
5474	1	-11.751849	-6.775531	-6.010063	-6.978950	-16.716426	-11.829559
5478	1	-13.776981	-12.889149	-4.008772	-8.677893	-12.842133	-12.378512
5486	1	-15.079717	-12.712864	-7.131880	-6.559181	-16.153196	-8.699022
5491	1	-12.175268	-7.774386	-5.642400	-1.950493	-15.604056	-4.184704
5497	1	-13.956687	-9.330528	-2.860519	-12.979439	-15.524393	-4.982959
5521	1	-10.997737	-3.348032	-2.959842	-12.155002	-14.683839	-9.051826
5528	1	-18.303312	-11.136862	-6.634413	-12.975137	-15.546734	-7.680874
5565	1	-13.509623	-9.638629	-5.441174	-7.562686	-12.411160	-8.463399
5569	1	-15.155929	-5.705396	-9.846083	-12.501325	-12.789052	-14.011369
5580	1	4.741527	-20.430269	-2.954935	7.069162	-17.917525	9.229648
5583	1	-10.518437	-10.257029	-6.003783	-9.617384	-18.778765	-7.473977
5584	1	-18.467550	-8.234374	-8.577346	-11.789460	-17.926594	-10.801036
5599	1	-14.687403	-11.183383	-4.995515	-4.275564	-14.040040	-9.775041
5601	1	2.588443	-4.511180	-5.862119	8.876594	-18.181736	8.154571
5606	1	-13.081580	-6.738660	-7.222330	-13.401754	-10.275401	-8.919077
5610	1	-9.189777	-14.613456	-4.788115	-17.615686	-12.945131	-11.082265
5612	1	-15.839210	-9.321420	-1.257932	-11.901361	-14.688176	-8.809572
5614	1	-8.351128	-10.473344	-5.120494	-9.907844	-13.672167	-4.287520
5617	1	-11.500202	-11.479667	-7.764848	-7.151858	-15.217391	-14.039523
5618	1	-15.070466	-10.200768	-5.403927	-12.261972	-11.894291	-14.101572
5631	1	-10.425080	-9.712757	-9.603064	-11.588734	-16.013742	-14.468577
5633	1	-8.865683	-7.279797	-5.709688	-11.102415	-13.857776	-16.921077
5634	1	-11.897352	-5.511206	-4.986363	-9.942506	-14.512634	-11.639271
5639	1	6.022632	-8.707058	-3.658690	3.814400	-14.646559	8.139670
5645	1	-16.349431	-12.627819	-2.824493	-5.044127	-10.759004	-9.940290
5657	1	-15.294897	-3.726167	-1.660606	-9.556798	-13.627751	-11.628543
5658	1	-14.053346	-7.516601	-5.518234	-9.899843	-13.138870	-12.874204
5665	1	-15.950627	-6.149247	-2.239909	-8.179260	-12.638842	-15.258688
5668	1	-17.789475	-10.570618	-3.942307	-10.409439	-12.783168	-5.289452
5683	1	-16.053542	-12.287835	-3.731707	-8.017145	-14.162087	-9.032595
5689	1	-14.768555	-8.569665	-8.671516	-9.231306	-12.161100	-12.551853
5692	1	-7.245430	-9.536402	-5.197721	-12.130780	-10.951984	-11.899937
5709	1	-15.405372	-4.438574	-2.568288	-7.642700	-13.419064	-6.223278
5712	1	-15.678393	-16.169287	-2.751076	-10.081835	-12.495256	-11.410187
5714	1	-13.372263	-16.813208	-0.809009	-11.447522	-8.289622	-10.862718
5717	1	-16.979529	-9.337141	-5.061389	-13.426524	-11.615126	-11.252568
5720	1	-14.167131	-7.843771	-2.214974	-6.254359	-13.198286	-8.782770
5726	1	-15.064119	-10.590523	-3.013837	-6.365221	-18.219655	-11.294898
5745	1	-10.053801	-7.621487	-3.444562	-12.389071	-16.272527	-11.593068
5751	1	-15.079812	-8.849263	-6.300653	-11.119725	-16.565646	-15.088181
5770	1	-13.126801	-8.239858	-8.104237	-14.031355	-15.757532	-6.122769
5772	1	-12.994393	-9.665822	-3.852772	-12.093122	-13.374208	-9.740149
5780	1	-15.984485	-13.595648	-0.528729	-6.297833	-12.191362	-8.736416
5782	1	-9.817004	-7.986591	-5.206584	-11.612968	-10.345299	-12.240011
5789	1	-13.762913	-11.755902	-4.826527	-6.455645	-15.003182	-9.333054
5790	1	-15.049778	-10.232685	-6.527276	-6.677916	-15.404362	-10.675075
5792	1	-14.399346	-9.678104	-6.743027	-10.863505	-16.751634	-6.859378
5793	1	-17.508717	-8.672772	-2.918560	-7.984626	-16.249911	-10.488361
5794	1	-14.406982	-15.003104	-3.147380	-6.607105	-13.272643	-10.360851
5795	1	-14.117958	-11.181394	-3.428299	-10.242401	-6.735220	-11.981940
5800	1	-7.326504	-8.740219	-6.272765	-7.728737	-17.050380	-12.300597
5813	1	-10.186921	-6.160923	-5.924794	-8.856982	-17.204052	-12.672929
5822	1	-14.121293	-6.326575	-3.619553	-11.474306	-13.322395	-11.595329
5833	1	-10.599270	-7.667023	-3.215907	-11.636734	-15.137858	-15.482227
5840	1	-10.913066	-11.862833	-4.244175	-10.395352	-12.137265	-8.603845
5853	1	-14.009082	-9.537802	-6.410987	-13.052760	-10.468274	-10.127005
5857	1	-13.846584	-8.309069	-5.684529	-12.167506	-12.776409	-11.596111
5870	1	-10.119788	-6.960290	-4.879870	-11.571789	-16.914847	-3.683478
5881	1	3.680927	-14.893491	-4.021811	9.054350	-16.043570	7.229069
5886	1	-15.439858	-10.230746	-5.871726	-8.136359	-13.380160	-10.480887
5888	1	-13.158164	-8.757086	-4.280484	-10.513968	-13.567949	-12.028023
5905	1	-11.110148	-7.976004	-5.551269	-13.910581	-17.377109	-7.654895
5908	1	-14.592213	-12.647526	-5.927567	-10.627612	-10.286602	-11.702691
5914	1	-7.164058	-4.084231	-2.824895	-12.329857	-10.708194	-9.336881
5915	1	-11.515335	-10.187475	-3.130431	-9.586301	-13.494708	-6.500013
5919	1	-12.927787	-10.831111	-0.443260	-11.166133	-13.132243	-8.406728
5927	1	6.749052	-12.136834	-1.725586	8.834768	-16.987501	8.100435
5954	1	-11.428056	-8.585598	-3.907924	-9.416798	-10.534455	-11.393993
5960	1	-8.645679	-9.795603	-6.596541	-10.064249	-11.642541	-12.924556
5976	1	-11.712345	-9.079225	-1.315978	-14.606148	-12.268419	-11.551607
5978	1	-16.744884	-9.648654	-6.798867	-10.392158	-11.927007	-10.684626
5981	1	-15.681148	-9.417314	-3.489202	-9.793448	-14.228862	-10.481998
6003	1	-15.697566	-8.966679	-1.466650	-13.364057	-12.214858	-7.791273
6021	1	-14.649177	-12.116738	-0.247803	-7.442725	-10.113906	-7.670361
6024	1	-16.854461	-4.495309	-9.779822	-11.395335	-15.443360	-7.575623
6026	1	-9.896178	-6.145186	-1.801114	-9.722618	-13.498923	-11.075845
6034	1	-11.561177	-8.843605	-4.852030	-14.231502	-11.046444	-10.853012
6035	1	8.019897	-14.892266	-3.654403	3.303897	-15.324918	-2.316167
6049	1	-14.403403	-8.607826	-5.778649	-8.349121	-16.180104	-8.041510
6051	1	-11.740828	-10.444434	-7.655640	-6.569117	-11.665612	-8.209937
6054	1	-12.549164	-5.849357	-10.886444	-11.163020	-8.753228	-9.365945
6062	1	-13.188125	-11.597805	-2.752848	-8.852556	-10.143891	-12.944488
6080	1	-13.174941	-7.789465	-1.702023	-8.774666	-12.052863	-4.524510
6089	1	-10.407304	-5.224754	-8.514694	-11.066946	-13.136221	-11.930266
6103	1	-15.135756	-7.531862	-2.018284	-8.118497	-14.335063	-6.541952
6111	1	-13.577471	-12.611038	-2.179884	-8.633720	-14.165569	-13.826869
6112	1	-15.832437	-7.921331	-0.641442	-9.846929	-15.151947	-8.794410
6122	1	-10.358354	-13.290970	-2.495775	-8.928969	-14.626097	-16.464951
6143	1	-15.153120	-9.491907	-4.534132	-9.108782	-15.288075	-9.742081
6144	1	-14.461113	-7.530703	-5.431706	-7.829357	-13.017230	-3.977698
6158	1	-8.032992	-7.989863	-3.811530	-12.883533	-11.816225	-10.887953
6159	1	-11.981352	-8.776251	-2.374067	-12.737723	-19.043263	-9.350244
6161	1	-16.384073	-8.955160	-8.732066	-3.456185	-9.565157	-11.796550
6169	1	-14.442983	-10.904333	-6.129277	-10.756373	-17.146258	-11.443269
6170	1	-11.697423	-6.916040	-1.968102	-7.309066	-15.621623	-13.046812
6176	1	-10.733286	-3.010074	2.238179	-12.664515	-11.880751	-6.711421
6191	1	-14.325290	-10.960745	-3.636920	-11.343922	-18.884045	-14.787596
6205	1	-15.725321	-10.838300	-6.553389	-12.038799	-15.362695	-8.431963
6221	1	-2.549155	-10.622997	-0.055192	1.318197	-17.115157	1.387986
6225	1	-9.570394	3.634328	0.655442	-5.707570	-10.116783	-13.542235
6236	1	-17.758642	-13.689833	-5.570498	-14.118720	-15.916187	-8.734776
6239	1	-12.007884	-12.408838	-4.658941	-10.157153	-12.171430	-10.139506
6240	1	-11.089131	-10.152311	-3.592706	-11.363760	-18.628679	-5.324368
6256	1	-16.078281	-9.032363	-4.374887	-13.639986	-15.476480	-5.466942
6266	1	-11.840222	-14.437327	-2.133557	-10.924851	-10.854500	-4.226642
6276	1	-18.247314	-13.148444	-4.991476	-9.237633	-16.521890	-13.668455
6280	1	-12.576101	1.662782	4.752908	-10.698741	-6.781329	-5.958929
6312	1	-13.711246	-11.683029	-3.718446	-8.360545	-16.577517	-10.142197
6320	1	-10.659491	-11.396985	-3.901583	-5.198623	-15.241833	-11.707665
6323	1	5.701094	-15.187033	-2.515555	7.807080	-14.226851	5.725682
6324	1	-6.493892	-0.764274	-3.907622	-5.310496	-9.073881	-13.488220
6334	1	-18.683175	-11.860321	-4.781450	-11.292609	-10.672100	-7.241168
6338	1	-10.180747	-2.184844	-6.642246	-6.977953	-14.376497	-12.314055
6347	1	-13.562097	-8.051815	-3.679167	-11.035376	-17.794259	-10.975409
6362	1	-14.602804	-10.447514	-4.255361	-8.533751	-15.614914	-13.239135
6380	1	-15.715112	-11.135780	-5.975040	-8.778033	-13.990645	-11.692196
6385	1	-15.287542	-11.167830	-4.594879	-10.156899	-14.682326	-8.269579
6416	1	-11.388152	-11.929598	-3.331576	-14.459457	-13.186315	-4.950596
6418	1	-13.264244	-10.860719	-3.362551	-8.834669	-14.851192	-7.507218
6419	1	-14.287079	-10.038113	-3.224560	-10.018369	-11.213835	-15.425264
6427	1	-18.601414	-11.073006	-1.789660	-10.139792	-15.614237	-8.257369
6434	1	-14.660788	-10.413697	-4.304047	-7.329376	-14.155849	-9.603434
6458	1	-6.035770	-5.927758	-4.519908	-9.896526	-13.804450	-13.944797
6471	1	-16.727489	-11.376851	-2.992882	-4.008195	-10.502057	-10.052349
6472	1	-11.930108	-12.005823	-7.682432	-9.176988	-14.551592	-9.765519
6477	1	-15.334123	-10.181812	-2.455237	-11.818990	-14.968845	-10.732525
6489	1	-14.960632	-6.424788	-2.916930	-8.611809	-16.830981	-10.095069
6492	1	-14.119338	-7.760735	-4.122085	-11.067708	-12.570390	-10.532118
6500	1	-17.337489	-9.289254	-2.026934	-5.937995	-14.698777	-10.661221
6504	1	-13.172926	-7.368894	-4.587834	-8.586680	-12.732205	-11.738249
6513	1	-13.834488	-9.820805	-5.316923	-5.783935	-13.300062	-9.116149
6515	1	-15.524291	-7.251442	-5.730900	-10.091885	-18.611280	-10.400699
6520	1	-15.787749	-10.567215	-6.270431	-7.764884	-14.964113	-14.022395
6525	1	6.695918	-14.255783	-0.220690	6.833357	-12.767122	6.846691
6528	1	-15.480403	-7.990670	-4.193969	-11.519454	-15.911592	-9.615365
6534	1	-10.091799	-8.769230	-9.533099	-15.676766	-17.886707	-11.286895
6537	1	-12.861635	-9.597737	-3.824703	-12.810581	-16.691826	-9.383255
6539	1	-17.626002	-15.828442	-0.819360	-11.222666	-15.084656	-8.726706
6542	1	-12.456660	-11.049887	-5.344609	-14.095387	-18.601532	-11.988994
6559	1	-15.478000	-8.657203	-5.749936	-9.272528	-14.492454	-10.906437
6567	1	-6.448757	-9.545696	-6.804069	-14.768764	-9.927928	-14.212767
6575	1	-13.865362	-12.064824	-6.056445	-8.582200	-11.927762	-11.082142
6577	1	-11.979155	-9.468748	-2.774709	-5.648762	-13.894582	-9.224990
6578	1	5.410803	-3.069656	0.161643	9.152871	-12.445663	7.456728
6581	1	-13.046909	-9.213669	-7.386186	-11.184198	-18.970176	-14.582199
6593	1	-13.854504	-6.038109	-0.228357	-12.368435	-16.847532	-15.805013
6598	1	-17.981570	-6.913135	-1.878976	-10.788639	-15.154823	-13.243313
6618	1	-16.070522	-2.590954	-2.372632	-9.224949	-15.950632	-9.525392
6625	1	-17.137859	-12.287778	-3.132185	-11.689951	-15.400917	-11.962060
6626	1	-10.478990	-7.704509	-7.362740	-2.016126	-11.835256	-10.417969
6644	1	-13.606928	-11.945122	-2.079144	-12.020193	-16.595956	-6.438727
6645	1	-12.020039	-9.585960	-3.224046	-14.450274	-15.477040	-13.543342
6653	1	-13.318418	-10.411887	-2.978210	-12.000518	-16.024035	-12.829999
6654	1	-14.431154	-9.926993	-4.104532	-8.326874	-17.044268	-11.241108
6666	1	-17.496070	-10.586513	-6.517350	-8.263462	-14.382039	-15.517355
6682	1	-10.336380	-10.519998	-2.843614	-11.754700	-15.389358	-12.256194
6697	1	-16.978734	-9.750404	-3.357223	-10.382802	-13.982211	-5.897995
6722	1	7.621889	-12.721265	-4.587024	7.834061	-16.455051	7.280773
6732	1	-15.307447	-11.089370	-5.550261	-13.143678	-15.213299	-12.390306
6733	1	-11.899748	-6.811250	1.266577	-13.221728	-13.400310	-12.148954
6737	1	-15.612497	-10.326398	-3.698412	-11.238953	-13.065648	-7.464402
6748	1	-9.929815	-7.661988	0.123611	-10.721168	-10.892717	-7.287871
6754	1	-15.448974	-5.097955	-6.822366	-6.475406	-13.797864	-5.038794
6765	1	-13.233284	-7.362300	-7.396968	-4.724757	-11.315198	-7.580740
6766	1	-15.468207	-10.567691	-4.614414	-12.105940	-13.093386	-7.181046
6768	1	-13.122092	-7.789789	-3.483240	-8.855001	-12.662056	-10.261054
6769	1	-7.599963	-9.910003	-4.559423	-6.259371	-15.023215	-9.713664
6778	1	-11.350017	-10.930447	-4.770898	-13.752361	-17.801506	-10.860811
6780	1	-14.679880	-9.160815	-1.689405	-12.453821	-12.552196	-6.204272
6781	1	-13.170623	-9.700596	-3.381458	-12.775307	-16.159487	-12.062437
6782	1	-15.078376	-9.789485	-9.769688	-8.876995	-17.035317	-8.861728
6786	1	-13.222309	-13.659136	-1.552706	-11.152555	-11.658983	-11.985644
6793	1	-8.571749	-14.081884	-0.591608	-7.038132	-13.529376	-11.027686
6797	1	-10.659328	-7.783488	0.364437	-9.255354	-17.135614	-11.173095
6805	1	-10.597829	-8.175101	-5.110417	-10.059783	-14.973902	-15.081248
6810	1	-8.517506	0.793916	0.917132	-10.526088	-14.947751	-7.997375
6845	1	-12.158597	-12.336365	-4.851044	-13.671174	-16.372978	-7.789607
6865	1	-15.676849	-7.564772	-6.184437	-12.091887	-11.421285	-9.296737
6874	1	-12.887089	-13.079666	-0.665853	-6.087955	-10.189007	-9.382755
6888	1	-15.423369	-10.410309	-3.947596	-5.626478	-11.211643	-10.313365
6894	1	-10.762992	-6.353755	-6.491159	-9.948979	-8.840470	-10.430245
6901	1	-15.019657	-11.226788	-1.584068	-10.407422	-19.658717	-8.987313
6907	1	-14.292156	-9.044287	-0.955276	-12.806202	-17.773594	-7.695849
6910	1	-18.143869	-9.411510	-7.952746	-10.642639	-15.887872	-7.893225
6914	1	-17.601685	-8.760206	-6.273731	-2.046925	-15.767555	-7.335624
6915	1	-12.777883	-10.310624	-4.261345	-6.372711	-10.282041	-11.126628
6937	1	-14.319022	-8.885751	-3.635472	-11.452480	-16.868486	-14.375644
6954	1	-10.698202	-9.571488	-7.301495	-11.877988	-15.548318	-11.889513
6959	1	-15.061664	-5.917070	2.287368	-10.570188	-13.939689	-12.514654
6963	1	-14.229194	0.464347	6.382721	-12.795943	-4.984359	-11.816639
6966	1	-16.485623	-12.747335	-3.586747	-12.270084	-21.288562	-8.356127
6973	1	-15.539857	-11.061345	-5.796821	-11.590331	-14.325977	-6.328027
6974	1	-11.843565	-10.929048	-1.300305	-6.212016	-15.955587	-14.822555
6978	1	-9.277635	-8.350320	-4.351678	-13.759807	-16.698994	-14.361944
6982	1	-14.826064	-7.206142	-6.035913	-9.076198	-16.537389	-10.368724
6983	1	-7.962455	-10.753985	-2.575409	-16.363378	-14.405161	-11.654532
6985	1	-17.364843	-11.593760	-4.753606	-12.906546	-19.311665	-11.038519
6989	1	-14.463312	-10.185095	-4.279445	-11.999245	-14.114025	-12.039869
