52	6	-4.659460	1.951913	-0.504510	-11.864410	-8.653454	-9.312033	2.913748	-11.617471	-3.664693	4.543860	-13.995487	8.539931	-6.491491	6.456857	5.058346	-16.004184	2.769394	-9.312034	-10.847757	-6.700298	-3.648670	-11.877504	-11.816675	-9.312033	6.096446	1.525328	5.051224	0.627800	2.721792	8.034268	3.387808	1.528176	5.051239	-5.710309	2.721888	3.383491
364	6	-1.786568	-8.751272	-1.526286	4.988629	-11.370855	3.485655	-11.462183	1.595723	2.429092	-11.722646	-7.722598	-8.504819	-16.626497	6.801034	8.300912	-17.982975	2.500917	-8.504819	-13.826140	-8.751036	-1.526286	-11.695988	-11.370855	-8.504819	5.044335	-12.720962	-1.526286	6.845993	-11.370894	7.342269	0.063768	0.738128	2.131591	6.023779	-8.477045	3.500200
982	6	-5.447800	-4.402032	-5.034804	-4.549099	-9.297081	-8.090551	5.083784	1.960261	4.089585	2.613576	0.889332	-0.308809	8.783651	-10.592425	-6.119316	7.425756	-12.426883	6.442381	8.782984	-10.592425	-6.119316	3.751817	-12.426883	0.026776	-9.131744	8.154674	4.146126	-5.004162	1.200561	-8.362695	5.086886	1.960261	4.089585	7.059677	0.889332	6.429984
1507	6	12.032737	1.695222	5.574450	6.631175	-5.430386	7.443307	3.840934	2.546595	5.583277	-3.659057	-5.334782	-0.511843	12.093256	2.592915	6.873650	6.088242	0.301205	7.443306	-3.070690	-4.561932	-0.817933	-8.227672	-16.160311	-6.959032	7.499844	-6.629131	-0.817933	8.030483	-16.163306	7.443307	3.844033	3.456815	6.880515	-4.200498	0.316748	-0.512057
1928	6	-0.092606	-2.695501	-0.348498	4.427557	-12.863271	7.002232	-12.165399	6.602508	4.489439	-7.967620	-4.236865	-10.669998	-11.807103	-2.450252	-0.348469	-6.539494	-12.671474	-10.669998	2.863247	-3.640105	-0.348515	7.304368	-13.578670	7.003919	-0.224405	6.395083	4.489439	2.626718	-4.242983	7.001487	3.920525	4.864045	4.489439	5.879126	-4.326666	7.003920
2261	6	-10.378087	-10.905616	-2.944749	-9.766768	-9.257568	-10.917071	2.432458	-15.086930	-3.011699	6.938567	-9.275554	-0.415188	-10.662254	5.487198	6.608023	-14.933251	3.215190	-10.917071	5.652822	-17.172702	-3.014761	6.976209	-9.276363	6.198323	2.527370	-3.005807	5.351416	4.118228	2.465956	6.183509	2.789063	-2.434338	5.590268	4.126500	2.587521	6.181344
3513	6	-7.908043	0.372325	1.859705	-10.965403	-2.665353	-10.416670	-11.384509	5.629144	5.843675	-16.059763	4.165815	-10.510213	-13.198760	-10.793178	-5.132534	-10.834730	-14.630052	-10.444913	4.549050	-17.269446	-5.269345	6.866082	-14.725386	7.202368	3.488299	-0.446897	4.785252	1.775127	2.884340	6.573629	-0.865059	-10.795237	-5.132722	5.653440	-14.630185	4.232718
3676	6	-6.509778	1.952475	3.811282	-10.300624	-6.955068	-7.537046	3.868498	-11.576684	-2.642463	6.684234	-13.363703	5.812129	-6.222094	-6.597637	-2.640853	2.595159	-13.363414	-2.430805	-12.780552	-6.597637	-2.640853	-9.679924	-13.363414	-7.583950	0.145713	1.851896	3.810793	4.856556	-6.957285	-0.629871	-0.378155	-6.609210	-2.640891	4.886345	-13.363421	4.030608
4259	6	-7.321563	-9.625592	-4.077838	-7.635810	-14.337662	-9.781606	6.857493	-10.763013	-4.077838	5.972089	-14.337673	0.854511	7.258845	-10.763013	-4.077838	6.040005	-14.337673	6.336646	6.162813	4.105231	6.841186	1.329249	2.223042	0.384664	-7.536317	5.248299	6.849889	-11.775445	2.238337	-9.948220	6.899576	4.105231	6.841186	1.553833	2.223042	5.974694
4404	6	-7.010287	2.903580	-1.800074	-11.471172	-8.304303	-11.242955	-0.961049	2.449267	-1.807949	-8.557022	-8.341813	-11.200207	-12.670874	-2.425129	-6.613404	-11.471207	-11.886787	-11.242955	3.724830	-8.010466	-6.613656	5.592125	-12.228760	6.880263	-1.663486	6.545727	4.407121	-14.495017	1.492687	-11.236777	-7.647226	6.734337	4.407151	-15.887196	1.492762	-11.242955
4916	6	-11.652701	-8.675884	2.860609	-6.349576	-15.509843	-7.563785	4.200666	-11.450041	2.851189	7.462211	-15.523794	6.746537	-10.234465	5.012746	6.914116	-7.837709	2.180085	-7.513726	-8.626789	2.399128	5.267938	-7.701709	-4.128034	-7.352822	-0.525131	-8.994216	2.858432	4.930956	-15.513087	5.319811	5.671279	1.148912	6.257039	6.199961	2.169071	6.808906
4934	6	4.542700	-11.625417	-4.689161	6.004741	-12.420485	7.171501	-10.060480	3.777717	5.992935	-19.115081	0.310293	-6.592274	-10.768484	-5.879759	-3.763060	-12.706761	-12.420474	-6.592274	5.167029	0.694007	5.988152	-0.402211	3.616221	7.194656	0.765589	-5.961443	-3.801515	1.791689	-12.420477	5.054559	-10.907644	6.870494	6.918900	-19.117075	3.619123	-6.592274
4961	6	-8.405536	-10.772443	0.933885	-8.548547	-13.021595	-7.476054	-10.247082	6.234709	9.105241	-14.685137	3.743703	-7.482041	8.070421	-16.221443	0.933885	8.350894	-13.021595	5.829414	-11.293553	-0.123917	5.504391	-11.208230	-2.470056	-7.483057	3.935405	-15.824434	0.933885	2.362611	-13.021595	-0.734613	5.792819	0.786445	9.008122	2.184967	3.742877	5.778411
5144	6	-9.802965	-8.194742	-4.357447	-6.826427	-10.176965	-3.384081	-13.119597	8.209438	8.276632	-9.343183	4.041573	-3.389268	5.516846	-14.781851	-4.363051	5.021609	-10.176965	8.855384	-0.073360	-8.195698	-4.357458	2.228300	-10.176965	6.105892	3.401793	2.462837	8.276576	2.415344	4.041196	8.585414	-2.976504	8.209438	8.276632	-0.379251	4.041573	4.369808
5418	6	-0.957590	-10.312332	-3.448932	8.018505	-13.319523	3.825199	-13.385355	-10.312332	-3.448932	-10.069815	-13.319523	-5.910510	4.893877	3.229179	6.635097	2.649669	3.357036	6.922632	-0.990055	7.787878	6.635099	2.635242	3.357037	3.503793	4.827299	-14.870457	-3.448932	8.031025	-13.319523	7.209267	-13.242031	7.787879	6.635099	-15.450682	3.357037	-5.925997
5576	6	5.408602	-14.930389	-4.416259	6.829229	-14.684427	0.248557	5.691667	-15.117332	-4.416259	8.934336	-14.684427	6.248827	-12.233715	-11.584957	-4.416259	-3.698824	-14.684427	-8.399770	7.252186	1.611162	7.425965	0.996463	3.201503	-0.519570	-9.814459	5.993907	7.431355	-8.926142	3.201734	-10.224996	8.330197	1.236319	7.411693	3.665805	3.200886	6.097101
5662	6	2.874840	-8.918108	-1.909998	-3.206371	-12.676104	-1.748516	-7.774540	-6.410875	-1.909998	-8.870733	-12.676095	-9.795922	9.373890	2.877486	4.570306	5.161127	3.132804	7.110924	7.973584	-11.921664	-1.909998	6.850539	-12.676104	7.113612	-6.375300	8.726786	4.570312	-10.370761	3.132807	-9.795977	3.520221	5.731153	4.570312	-4.895124	3.132807	-2.191067
6431	6	-7.945678	-9.209417	-1.950868	-14.302075	-1.231864	-1.812399	-5.559999	5.859989	3.857291	-20.361871	3.749548	-1.812398	5.143936	-14.249744	-1.950868	4.417262	-1.231864	6.259219	5.240409	-6.610833	1.210595	3.464915	2.391310	6.254689	1.694365	5.294580	3.857288	-8.601007	3.749548	5.065203	3.311686	-3.868280	1.210607	-2.856912	2.391312	6.119844
6512	6	0.345679	-10.387662	-4.795792	5.269530	-14.231442	8.604605	4.884821	-12.163301	-4.795792	7.767469	-14.231442	8.609417	0.125059	-10.346972	-4.795792	-1.106587	-14.231442	4.166587	-10.285614	-10.061780	-4.795792	-7.156827	-14.231442	-3.184681	-9.836304	6.871314	6.604651	-12.279528	3.468491	-3.184681	5.334414	4.585210	6.604647	2.643520	3.468489	8.609319
6655	6	6.165189	-5.295906	-5.721331	7.089115	-13.646852	6.935501	10.535381	2.131394	-1.539489	7.060141	-7.887015	6.935522	7.142096	7.026052	4.967627	5.669055	3.602416	6.935520	-10.981886	7.271190	4.967627	-10.337372	3.602416	-10.796794	-7.540554	2.438247	-1.539462	-8.944130	-7.886915	-10.796794	-11.801053	-5.047125	-5.721331	-8.915013	-13.646852	-10.796794
