82	6	13.424337	2.843279	4.900557	4.336852	6.810848	6.721988	8.377887	-14.523201	-6.030068	7.228173	-9.589418	6.722002	-3.149611	9.234886	4.914606	-14.814711	6.819323	-6.373870	-8.196650	-8.131819	-4.262586	-11.884243	-9.589417	-6.373892	9.163814	2.843279	4.900557	-2.093316	6.810848	4.008002	-2.073640	2.752671	-0.257128	-11.878004	0.729724	-6.373459
102	6	8.981843	-16.484332	-1.467541	9.018599	-11.057382	6.824468	-5.180060	-10.988886	-1.352578	-8.265254	-11.032151	-11.252382	3.616991	3.270307	4.331141	-7.310749	-0.843762	-5.018881	12.257145	1.783230	7.364980	2.819594	5.596580	6.824390	-1.367526	8.138710	7.480730	-14.427971	5.821691	-5.026350	0.565119	4.620263	4.364035	-11.240757	-0.809404	-5.018891
103	6	6.567462	-6.192762	-4.901980	7.219748	-6.925220	9.836990	2.074508	8.538988	7.706101	-3.216727	8.671313	3.341347	9.336762	3.948190	7.706101	1.909616	8.666266	9.789034	-5.434542	9.238138	7.706101	-12.906088	8.671318	-3.630383	-3.252438	-2.550719	-4.900841	-3.490149	-6.461640	2.854041	-6.986836	-2.529616	-4.900737	-7.615973	-6.450217	-3.642839
117	6	5.208330	2.065468	5.363961	-6.657999	7.989810	-4.653647	9.411908	-13.499217	-4.162571	7.908373	-10.196622	6.760168	3.106205	-12.457258	-4.162571	-2.653497	-10.196622	-5.469746	13.155897	2.063962	5.363956	3.793156	7.989796	6.771780	-6.043483	-7.372433	-4.162571	-9.067399	-10.196553	-10.992538	-3.360442	8.542750	5.364908	-13.180816	7.994082	-10.191883
139	6	6.162087	2.111934	6.890823	-5.820171	5.415472	3.683215	8.555973	-14.798603	-4.314892	6.709901	-9.573773	7.838849	-5.614357	-10.697804	-4.314892	-12.312592	-9.565373	-8.316504	-2.460058	6.200167	6.891415	-16.864555	5.755750	-8.313114	3.049923	4.685011	6.891360	-13.128004	5.711128	-2.132030	8.973232	2.095676	6.890813	0.448162	5.411898	5.897922
154	6	-5.577938	6.485867	5.087344	-18.044937	7.972410	-7.849931	-7.524319	-5.471700	-1.735725	-11.688210	2.668836	-8.126527	0.142419	6.124467	5.087344	-17.120987	7.972409	-4.500084	8.484297	-10.862654	-1.736086	5.685401	2.668580	9.006715	-8.815127	-10.111462	-6.425308	-11.688237	-4.539340	-8.191482	8.485442	-15.479493	-6.425308	5.685402	-4.539340	9.006725
206	6	12.808601	0.681766	2.965851	6.183619	4.979055	7.263708	11.308002	-2.089406	2.948958	6.184639	3.425133	7.263708	12.110862	-11.255004	-8.353000	6.206095	-7.777419	7.263721	3.700798	-2.083826	2.949289	-4.033337	3.429384	-2.161948	4.589049	-11.254781	-8.353000	-4.011001	-7.777414	-2.157251	5.302260	0.681812	2.965851	-4.034361	4.979071	-2.162071
221	6	8.848128	-17.513075	-4.124708	6.655351	-7.253641	7.797744	-5.058228	5.813655	7.341021	-14.955356	9.804321	-4.643245	3.698425	-1.076554	6.390918	1.674845	6.553722	7.214899	-5.302432	-11.443322	-4.124708	-10.685460	-7.253641	-4.593076	4.773529	-0.495733	7.052964	1.675320	6.751578	7.213155	3.464718	-0.615536	6.216757	1.674340	6.461195	7.204855
257	6	-5.165233	7.911473	8.068476	-11.185530	7.760172	-10.324350	-6.923819	-9.228406	-1.311238	-9.570602	-10.426935	-10.325403	10.608789	1.853214	8.060341	5.716778	7.753255	4.916703	7.858338	2.958530	8.068096	2.990083	7.760103	0.153226	6.117762	-12.937009	-1.311238	4.659587	-10.426935	0.173819	8.910382	-14.750893	-1.311238	7.333728	-10.426935	4.917190
284	6	-8.007294	6.578694	8.635089	-15.948920	8.421706	-9.725875	9.027514	-9.658768	1.845374	7.207492	2.901384	6.994476	-9.160552	-5.031244	1.845389	-9.763993	2.901428	-9.725875	9.173826	1.948960	8.544415	1.015952	8.421566	6.889462	9.027525	-12.809373	-3.084514	7.250902	-5.642843	6.994476	-9.160849	-8.181852	-3.084514	-9.720580	-5.642843	-9.725875
310	6	-2.584264	-2.180713	-1.154669	-6.114473	-4.991448	-13.325736	-1.032690	6.280483	7.329245	-10.221885	5.778988	-10.119953	6.547172	-7.124792	-1.173995	-1.249705	-9.611229	-8.619977	6.205294	1.743255	7.329213	-5.775511	5.778439	-8.997578	9.704219	-8.299182	-1.173995	5.416036	-9.613082	2.715737	7.523859	-7.652150	-1.173995	3.959676	-9.612581	-2.511886
337	6	11.882162	3.111350	5.640048	2.864395	6.210656	0.491152	4.185496	5.358361	5.640048	-7.393379	6.216462	-4.928164	9.835462	-12.266420	-1.753320	6.313331	-1.711781	0.491152	-4.401124	-5.862432	-1.736063	-8.361155	-1.711587	-10.439553	-2.344563	8.793760	5.640048	-11.808079	6.216516	-10.425626	1.813686	-6.718147	-1.751702	-4.146646	-1.711763	-5.713524
358	6	10.747552	-11.712516	-5.755655	6.854581	-8.822994	6.587161	-2.807824	-6.929225	-5.755627	-6.553018	-8.822318	-11.358136	7.487857	-10.882980	-5.755655	2.862600	-8.822994	0.139379	15.763473	0.767192	3.859274	6.754431	5.100986	6.585838	7.348277	1.809800	4.464790	-5.035644	5.511702	-4.488665	12.476221	0.808479	3.907436	2.710761	5.149339	0.112653
388	6	5.678514	-15.205657	-6.100015	5.799213	-5.746314	-0.262956	3.839173	0.849202	5.787171	2.462325	5.987140	-0.316097	11.666735	-15.205684	-6.100015	8.425814	-5.746315	5.691450	-7.639265	7.395331	5.950427	-7.292268	6.039385	-12.297742	-5.448557	-8.664572	-6.098667	-3.813045	-5.192729	-12.288084	9.845858	0.847925	5.786490	5.217251	5.987047	5.691311
399	6	13.779965	-11.207972	-5.172183	6.929373	-11.447358	7.052554	-7.696707	7.644427	7.513502	-15.616736	6.397179	-11.328533	2.472994	-11.088115	-5.164434	-5.646615	-11.447358	-5.610727	-3.491914	1.694361	0.959849	-11.690667	-5.023529	-8.419415	-3.989034	-6.483892	-3.821205	-11.190346	-11.447044	-8.824422	10.130710	2.930620	7.418209	2.532179	6.395395	7.006618
411	6	6.895584	-16.625043	-4.759410	6.322437	-5.083049	6.424827	-3.468621	-12.247363	-4.759410	-8.684305	-5.083049	-10.922208	-0.952559	6.246922	6.639640	-9.061716	8.771886	-10.880336	0.315034	-12.248501	-4.759410	3.014688	-5.083049	1.217910	4.098924	1.936362	6.639640	-8.390876	8.756895	-0.107509	9.357610	1.868555	6.639640	3.581022	8.754638	6.425025
413	6	9.325470	1.964055	7.092926	5.591795	7.006621	6.415065	6.144253	-13.697757	-0.444120	3.953416	-7.578191	0.494100	-5.252866	7.478250	7.093255	-6.006105	7.014955	-10.198145	-9.422404	-8.197633	-0.444120	-5.048686	-7.578190	-11.008454	7.194178	-13.697757	-0.444120	6.549137	-7.578191	6.400385	8.300095	1.964055	7.092926	3.066269	7.006621	0.551386
436	6	-9.730592	-5.857601	-3.247686	-8.187077	-9.107866	-11.281795	10.791739	3.774756	4.866287	1.350661	5.943887	0.126084	-5.137758	8.622479	4.866952	-9.808297	5.944041	-11.282538	12.524255	3.774756	4.866287	5.480411	5.943887	4.325690	7.931145	-10.704664	-3.247686	7.506258	-9.107866	4.325690	6.259334	-10.704663	-3.247686	3.344169	-9.107866	0.126723
441	6	11.332583	-12.564087	-3.934584	9.184922	-8.072627	3.847607	11.371183	2.204629	7.533405	6.109188	7.069388	3.847586	4.888565	-8.995916	-3.934584	3.750362	-8.072627	-2.409255	-4.426892	8.415568	7.549924	-2.323632	7.070094	-12.685395	7.604062	-2.600521	2.661096	3.515239	3.528892	-2.411769	12.255766	-4.533772	2.660879	8.802229	3.528474	3.847606
509	6	10.391031	-16.606355	-6.326932	7.879166	-11.736578	6.852653	7.065450	-16.606304	-6.326932	7.795124	-11.736578	1.076068	-8.726338	-10.365845	-6.326932	-7.278216	-11.736547	-9.965081	-8.531855	7.569009	6.609746	-12.588587	4.641570	-9.965081	7.222726	1.062621	6.433308	2.500651	4.000786	1.075788	10.550006	1.062555	6.433269	2.584807	4.000739	6.852548
517	6	10.031969	-13.711538	-2.689702	5.245155	-8.517479	5.984310	-6.790823	-9.472389	-2.689702	-8.785118	-8.517479	-6.261363	8.625606	2.567033	5.791518	-4.755158	6.148378	5.641921	-4.444379	6.848321	5.796055	-12.929319	6.148849	-6.261367	-1.745937	-9.472408	-2.689702	0.974069	-8.517479	-5.945884	12.378757	2.567033	5.791518	1.007186	6.148378	5.955506
539	6	-4.979592	-10.439979	-2.525160	-6.681563	-13.362307	3.854568	-10.633460	-10.416901	-2.525160	-10.805512	-13.362307	-2.697379	-2.216772	7.494943	7.951542	-12.109025	4.556982	5.145170	2.965576	5.473804	7.951542	-6.814545	4.556982	5.680135	5.820029	-14.303138	-2.525160	5.396140	-13.362307	7.292989	-8.066159	7.644384	7.951542	-16.442690	4.556982	-2.339272
561	6	-4.535411	-4.127496	-4.073500	-10.481777	-7.980089	-11.016099	2.902307	4.432985	4.966071	-6.624420	6.032299	-4.720342	1.100708	-4.134108	-4.073508	-6.970751	-7.984642	-5.168163	12.082145	-9.873175	-4.074085	4.988909	-8.255782	3.656003	-2.860360	7.456153	4.966312	-11.592435	6.032471	-10.966536	14.296199	1.674127	4.894210	3.877785	5.974917	3.595857
605	6	9.946922	1.916500	6.947153	2.087449	7.557944	5.784748	-8.408304	7.640113	7.332855	-16.066598	7.557998	-8.472017	10.980044	-3.845429	3.457614	6.105654	4.884532	5.788163	5.997354	1.916522	6.947159	-3.924664	7.557944	4.293176	11.021713	-12.106420	-5.006646	6.289327	-4.799482	5.788163	-7.785035	-6.387049	-4.276590	-11.809420	-4.799396	-8.472017
698	6	6.680895	6.208734	7.480541	0.879782	5.663469	6.625311	9.066733	-6.945298	-5.413801	5.989295	-8.455524	6.670377	11.688866	1.420648	1.156195	5.723781	-2.069275	6.670383	-1.379698	2.762581	1.159224	-6.928099	-2.030697	-4.897922	-7.315610	7.541024	7.480541	-11.950177	5.663469	-6.487916	-4.969347	-5.606520	-5.379707	-6.763758	-8.455293	-6.463202
763	6	6.103602	-15.031909	-5.880636	0.128737	-9.058427	-3.833077	-1.535624	8.776268	5.262565	-8.616260	7.236864	-12.685947	5.776745	2.778865	5.256741	-2.525714	6.928808	-5.601328	10.735815	-15.465068	-5.880636	6.072969	-9.058595	3.551899	-2.846300	-8.833814	-5.878843	-7.225971	-9.012344	-12.630769	12.097355	2.117983	5.248050	4.718373	6.774972	3.479096
794	6	1.645664	-4.799597	-6.917448	-5.980239	-11.086964	-5.773597	9.592494	-8.736976	-6.917530	8.029012	-11.087026	5.877391	1.808105	3.223246	5.098582	-8.122522	6.397322	-5.574548	12.701091	1.656401	5.097953	5.660550	6.368038	5.877437	-4.804145	7.109447	5.098587	-11.263800	6.397711	-10.072430	-2.852258	1.296893	-0.614447	-8.872489	-5.341122	-10.000633
801	6	-4.877441	-8.300155	-4.958210	-12.712713	-9.581449	-9.969437	-2.276555	4.578791	0.982227	-12.694377	-2.782001	-9.965501	-2.817638	6.408447	6.252615	-18.796861	5.500869	-9.968170	4.506178	2.442463	0.886325	-6.776654	-2.838942	-6.333836	13.505657	-10.310860	-4.958592	4.515282	-9.581461	5.603535	16.093870	2.372527	0.876413	4.515271	-2.845045	5.603535
838	6	3.809488	2.393921	6.666775	1.464324	6.586446	-2.607317	9.489966	-11.811391	-4.061335	6.302505	-9.558825	4.581512	4.061820	-11.811360	-4.061335	3.649870	-9.558825	-1.802924	-1.936984	-7.035650	-4.028454	-3.936933	-9.558707	-9.233791	-1.672941	7.210978	6.678027	-6.055147	6.588084	-10.326803	9.721938	2.393807	6.666773	4.153151	6.586445	4.474828
917	6	-1.934162	-4.524476	-5.935854	-9.315437	-12.943344	-8.493577	1.789366	-0.886474	-1.971100	-3.624411	-9.535350	-3.054018	4.753502	-9.473517	-5.935939	4.289181	-12.944046	-0.270819	10.767066	-9.636584	-5.935939	7.243142	-12.944046	5.813429	9.948260	2.460243	5.251875	3.691056	5.306587	5.812337	-2.752203	7.586171	5.251944	-12.910677	5.307225	-8.496092
976	6	8.279068	-10.197117	-5.666655	2.979463	-9.622544	1.246707	2.691103	1.854982	5.930942	-11.664776	6.512618	-4.550471	-6.229393	-5.442745	-5.653677	-11.834224	-9.622503	-10.042201	9.594249	-10.197117	-5.666655	6.881575	-9.622544	6.753262	-2.268220	6.596228	5.930942	-17.064131	6.663833	-10.040638	12.531510	1.852103	5.930942	1.200460	6.511764	6.721820
1039	6	-3.036585	-4.591831	-4.813697	-6.106107	-13.943025	-5.555749	12.782222	-5.614642	-4.813705	7.967601	-13.945492	7.712289	-0.242266	0.722878	0.648053	-6.097546	-7.833620	-3.994854	-3.732419	8.612498	6.297039	-12.518558	3.992488	-7.638651	12.086404	7.582482	6.297039	1.546022	3.992488	7.547425	11.359840	7.583376	6.297039	-1.316136	3.992488	6.802455
1059	6	1.662253	6.845511	7.410350	-10.108653	5.382752	-4.747026	-4.806499	-9.714025	-4.257454	-8.086068	-12.891274	-7.433720	12.378217	-14.631843	-4.257454	6.616113	-12.974864	6.833513	8.472287	1.802996	7.218786	-3.757170	4.821428	4.902900	13.317876	1.802996	7.218786	1.081826	4.821428	6.336264	-3.971223	6.905895	7.410351	-13.638027	5.383636	-7.433737
1064	6	4.667072	-15.425951	-4.936931	-1.341027	-10.175908	4.012155	-6.007220	7.066436	7.116753	-14.012210	6.681736	-2.061359	-6.322047	-9.069685	-4.784133	-8.457220	-10.175908	-2.061362	3.702183	0.147081	6.320368	-6.918138	6.366196	3.990754	3.435613	1.096708	6.247784	-6.861015	6.121477	3.990225	3.755739	0.532574	6.392765	-6.920564	6.522207	3.990569
1081	6	5.743217	-11.196245	-5.140546	6.525173	-9.347093	6.072932	-7.068313	6.483817	5.782548	-15.568242	5.006481	-7.910434	-7.650380	-6.105090	-4.994491	-10.917593	-9.347017	-7.949480	-5.823366	4.402480	5.409924	-15.287777	-1.423650	-7.760386	6.410643	2.772024	5.781081	1.875120	5.006020	5.733661	0.983345	4.014691	5.409808	2.091181	-1.423659	-0.298163
1088	6	-4.199566	5.829997	7.224716	-15.299296	6.279406	-8.825153	4.188642	-7.618835	-2.010710	1.636489	-2.679403	-2.673713	5.644799	-2.668325	2.276789	1.589578	5.234407	-2.695193	-7.197835	-5.300925	-2.009487	-9.276446	-2.678422	-8.825153	8.972036	-4.645512	2.103945	6.848941	4.651918	3.443958	9.034400	-10.654781	-2.010719	6.882325	-2.679409	3.443958
1104	6	-3.580988	-8.943041	-8.966850	-11.917178	-9.286850	-9.609148	5.445913	-9.555478	-8.966850	2.936356	-9.286978	-1.115216	7.557128	3.669763	1.315279	-5.643733	2.715454	-7.405605	11.395061	3.669762	1.315279	2.935562	2.715454	-1.115219	7.709711	-9.555489	-8.966850	5.722847	-9.286978	5.140406	13.643316	3.669762	1.315279	5.719854	2.715454	5.140406
1120	6	9.520770	2.255126	7.057477	5.089778	7.182372	5.671775	6.536790	-10.165146	-4.852096	9.406634	-9.080998	5.671794	-3.725647	-6.334091	-4.852096	3.073059	-9.080996	-5.680791	-6.421226	6.089424	7.057638	-5.611851	7.182379	-9.963813	-3.798257	-6.333855	-4.852096	-0.910389	-9.080996	-9.850626	1.182988	-9.702707	-4.852096	4.434312	-9.080998	-3.378883
1148	6	-3.832520	6.597618	5.557649	-13.382974	5.801627	-6.119314	10.365939	1.531159	5.292272	3.895595	5.519883	7.112428	-8.012488	-8.930058	-3.665875	-9.410584	-12.701837	-6.118674	6.608711	-13.985709	-3.665875	6.912030	-12.701837	7.112864	6.047247	-13.985706	-3.665875	3.334023	-12.701837	0.545129	-3.009239	-8.930059	-3.665875	-1.463594	-12.701837	3.825688
1219	6	-8.509221	7.126527	9.716672	-11.834789	8.111616	-9.281604	8.816456	1.206436	9.000185	1.474760	8.086035	9.175998	2.785931	6.049350	9.699135	-3.761354	8.111582	3.743913	9.018691	-11.670389	-0.614148	7.185244	-6.543459	9.702138	5.210412	-2.398774	6.715663	1.709864	3.548900	9.303566	-8.167944	-6.484790	-0.333486	-6.194767	-6.532848	-9.276387
1236	6	-5.241955	-13.156526	-4.023276	-8.994749	-6.958432	-12.365333	10.624016	-18.910353	-4.023291	5.749635	-6.959401	5.462450	-5.242188	-7.637299	0.850900	-8.994751	1.909157	-12.365335	10.623047	-13.475524	0.850841	5.749634	1.858328	5.462450	-4.081125	3.856552	7.383040	-14.660799	6.948643	-12.347020	2.265979	3.487669	7.382860	-10.178948	6.914823	-6.746975
1285	6	-6.844236	-7.067245	-4.055488	-12.235550	-9.466158	-9.272825	8.849601	-11.930690	-4.055490	6.553406	-9.466158	6.535559	4.673637	1.379718	5.037746	-7.845341	6.122685	-3.651423	-1.959644	6.353045	5.037805	-14.031320	6.133819	-9.272770	13.433244	1.365199	5.037743	4.756944	6.122229	6.535559	7.459374	1.365199	5.037743	-2.861210	6.122229	1.814173
1297	6	-4.606934	-12.969248	-5.225078	-9.114081	-11.444732	-14.031533	-4.687305	-1.683703	1.418438	-9.800832	5.531844	-14.075351	9.658271	-15.290586	-5.225078	7.294247	-11.464478	4.124740	3.439242	-15.149716	-5.225078	2.137168	-11.463968	-3.086159	-4.884719	6.305616	7.258979	-13.708428	7.048172	-14.145446	9.380028	3.963345	7.258935	2.595892	7.020871	3.850336
1335	6	11.652546	-15.320011	-5.388399	6.698964	-7.618525	6.433475	4.893281	-15.297386	-5.388399	-4.107193	-7.618525	-1.365666	3.120356	4.503929	6.552232	-9.013387	7.461405	1.291619	-6.569940	8.166243	6.556031	-15.231838	7.461937	-5.478407	9.281297	2.900093	6.521120	1.521487	7.453661	6.432801	-4.386301	-10.053861	-5.388320	-10.059087	-7.618513	-5.478256
1349	6	1.790336	6.762925	6.041470	-13.059675	6.030156	-9.717944	-4.659013	-8.477770	-5.101170	-10.461104	-9.327827	-13.161474	-2.061899	7.166839	6.041504	-16.710014	6.030156	-13.161472	9.745784	-14.117439	-5.102891	6.548064	-9.397248	3.921151	6.142430	-14.116219	-5.102891	1.332088	-9.397248	-1.892382	10.870124	1.514284	5.932474	0.348852	6.028483	3.912036
1411	6	3.910893	-13.293911	-5.101494	6.514709	-9.120216	0.777149	-2.136046	-8.440672	-5.101493	1.081733	-9.116790	-5.971617	3.403977	1.820657	6.841715	5.583426	8.188001	0.731986	-5.047143	-8.419904	-5.101493	-5.267630	-9.116690	-11.022591	8.203951	-14.102868	-5.101494	9.105824	-9.120219	6.463354	-5.213313	6.196185	6.847674	-6.101948	8.225755	-11.026288
1438	6	-6.120656	6.571605	6.871279	-13.254089	4.946663	-12.811537	-7.375159	-4.268933	-3.452055	-10.605864	-7.978208	-12.811623	4.189467	-9.896295	-3.492513	2.507711	-7.993733	-0.234510	-2.077902	0.649508	0.415369	-10.689310	-3.059080	-10.401367	9.379684	-11.986025	-3.492529	6.542197	-7.993739	4.720957	10.636356	2.152987	6.683251	4.040465	4.924979	4.720957
1451	6	8.513664	2.619255	7.052055	4.026518	7.551968	8.132736	-9.592134	8.330213	7.052056	-11.257405	7.562898	-5.905106	6.995491	-15.181998	-3.918703	9.297851	-6.595538	8.132736	-10.501830	-9.517865	-3.918703	-5.981038	-6.595538	-5.905106	0.878857	-9.600748	-3.918703	8.351688	-6.595538	6.693547	-5.788339	-9.517865	-3.918703	2.535084	-6.595538	-2.006088
1490	6	9.981525	-16.497940	-8.237584	3.284451	-5.486518	7.768816	3.943121	-0.586435	4.271411	-4.613286	5.634756	1.682441	3.127336	-16.496358	-8.237584	-4.647255	-5.486518	1.481571	-3.391789	-9.963186	-8.237584	-13.358860	-5.486518	-7.043675	5.017506	-0.586567	4.271290	-2.826334	5.634647	2.661462	10.728254	-0.586570	4.271287	2.411995	5.634644	7.769096
1527	6	1.517851	9.190250	5.334880	-10.832499	8.263830	-5.681604	5.524885	-10.825657	-7.588990	3.014816	-4.418028	-1.246144	-7.012570	-6.819588	-7.583732	-9.464945	-4.417991	-11.113196	13.545778	5.649073	5.333694	4.768148	8.263492	5.059366	11.108602	-10.825706	-7.588990	9.446979	-4.418028	5.148208	-4.459992	9.655352	5.334885	-14.147719	8.263831	-11.123389
1595	6	-6.020870	-7.878143	-2.194041	-8.915486	-9.164984	-7.907097	0.999193	2.353086	6.274453	-12.918333	7.186658	-4.643417	10.272075	-12.847209	-2.194041	6.753064	-9.164984	6.874689	7.008960	1.233140	6.018449	-3.031051	7.134155	4.826391	-4.100661	6.414004	6.287757	-14.023318	7.187376	-7.907099	12.238031	1.233140	6.018449	1.916590	7.134155	6.874186
1599	6	7.844597	0.810672	5.609838	5.998342	5.967990	-0.461665	8.482393	-16.210191	-4.143541	8.241939	-11.358926	-0.461665	-8.368709	-10.240028	-4.143541	-7.494491	-11.358926	-6.786813	10.464089	-16.210191	-4.143541	8.397285	-11.358926	5.312880	9.826307	0.810672	5.609838	6.153702	5.967990	5.312880	-8.732191	6.996485	5.714342	-9.815546	5.970536	-6.786813
1660	6	4.379371	-10.329027	-5.478898	6.131063	-6.502100	5.901987	-11.370716	5.775235	6.305562	-8.878097	9.835477	-8.129086	4.532621	2.729506	6.269640	1.937695	9.834576	5.841704	-11.526111	-7.399829	-5.478896	-4.679230	-6.502100	-7.992546	4.753638	-5.363760	0.745232	6.011313	4.035846	5.913774	3.851959	-4.681497	0.745625	3.955862	4.036011	1.463090
1665	6	-4.398995	6.254902	9.061547	-10.205296	6.960567	-2.867153	9.280553	-0.195851	8.190966	-2.096651	6.073549	6.217836	10.341520	-0.201557	8.184799	3.979009	6.070886	7.163084	14.511953	-12.454716	0.416827	6.664692	-8.271795	7.182006	9.043396	-7.114530	6.627360	-2.097336	1.419679	6.217533	10.109366	-7.123641	6.626823	3.978688	1.415878	7.163079
1680	6	11.383634	-14.701284	-4.118174	6.751859	-13.263689	6.660205	3.664588	-0.617753	5.583400	-11.407946	4.435289	0.148678	5.133425	-14.700634	-4.118174	-5.790861	-13.263689	0.148679	-3.779318	-10.229282	-4.118134	-12.314484	-13.263497	-4.975270	3.646051	-1.225823	4.536729	-4.663699	3.403087	3.608139	-3.425120	4.956263	8.158578	-17.994291	5.581740	-4.972230
1681	6	-12.257347	5.929428	6.895868	-6.057764	9.709687	-11.119614	5.466328	-16.008405	0.787572	5.683918	-1.071326	6.471783	5.473289	-16.086114	-3.774841	5.838384	-7.536693	6.471783	-10.105613	-12.501987	0.787572	-3.128348	-1.071326	-11.080658	4.737496	2.888703	6.882203	2.806634	9.709042	6.471774	-9.975920	-12.574748	-3.774841	-2.957285	-7.536693	-11.049924
1683	6	-4.713253	-6.053108	-4.057970	-11.254285	-8.812139	-5.263057	7.703876	-6.516427	-4.057971	5.498316	-8.812141	7.706831	7.948333	6.070945	5.878708	1.562990	8.850825	7.700839	2.117475	6.183727	5.878708	-8.486180	8.850825	-4.751415	-4.468146	6.520513	5.878708	-14.767326	8.850825	-5.263057	1.957359	-6.346854	-4.057971	-4.609159	-8.812140	-4.935622
1684	6	-6.704919	-7.364849	-2.620437	-8.367553	-6.006991	-12.571592	3.441728	-11.075141	-2.625740	3.160444	-6.007609	-0.790060	-4.523449	7.783162	7.977763	-10.831012	5.553036	-12.571576	9.836530	-11.905815	-2.625742	6.795004	-6.007611	5.837601	11.364646	3.370192	7.977761	-2.012209	5.529236	5.614355	12.352816	3.367633	7.977761	3.887211	5.529151	5.837601
1738	6	1.998720	3.821209	8.391508	-1.914877	6.913610	5.915132	6.844102	-12.796281	-1.799479	5.069312	-9.511307	8.929556	-4.585055	5.596307	8.394355	-10.241125	6.913629	1.651169	-7.711077	-7.815890	0.458404	-5.962747	-9.047894	-3.731878	-5.401574	-7.815890	0.458404	-5.029030	-9.047894	1.664883	-6.880787	5.596307	8.394355	-11.135861	6.913629	-3.733149
1760	6	-4.094108	-10.455050	-2.150866	-10.018119	-9.835248	-10.112711	5.399267	5.502826	6.022640	-9.237792	6.867420	-4.259254	13.974546	5.500100	6.022534	1.720695	6.867420	7.511989	8.269874	-11.522289	-2.156334	2.302793	-9.835248	0.906293	10.527116	-11.522296	-2.156335	6.839970	-9.835248	7.512894	-0.650051	6.565850	6.052367	-15.169867	6.867439	-10.112612
1835	6	10.647919	-12.705171	-3.357327	7.106630	-8.001910	8.880941	4.489848	4.824020	5.655909	-9.642968	8.917356	-4.062024	4.592407	-11.633012	-3.357327	-4.249823	-7.984682	-4.051158	-2.345342	-9.367786	-3.357327	-10.779698	-7.865565	-7.506861	10.925218	3.701885	5.655869	1.713407	8.861483	8.873669	-1.911793	6.988335	5.655910	-16.172511	8.955504	-7.183266
1875	6	12.791549	-8.290030	-5.012906	5.080839	-8.974264	5.465928	-5.834393	7.105652	5.992646	-12.477756	5.956536	-7.109404	3.948852	-5.128856	-5.012277	-7.431440	-8.974264	-3.181761	-5.759678	3.130486	1.007832	-9.104389	-0.840253	-7.109402	9.420800	1.969029	5.915419	1.672029	5.956466	5.396023	-2.677746	-2.943850	-4.954868	-8.937020	-8.973536	-7.102143
1888	6	-6.153108	7.285151	7.188322	-17.522154	5.059851	-11.829644	-5.749715	-9.089279	-5.253609	-12.267860	-5.192493	-11.613441	6.664861	-15.513693	-5.253615	5.118887	-5.417470	-0.039967	8.110034	-15.514430	-5.253615	5.273497	-5.417472	6.173714	8.923968	0.658127	6.149094	0.867855	4.357473	6.168740	7.476532	0.658652	6.149894	0.660715	4.357730	-0.046668
1971	6	4.229034	4.292184	4.894311	-8.923911	7.221780	-1.583037	11.904860	-10.317894	-6.689718	6.658349	-2.771996	7.326167	11.964540	-7.004840	-0.178725	6.420074	3.031475	7.326167	2.348000	-8.387309	-6.689328	-6.446082	-2.771948	-1.830952	2.594951	-5.157488	-0.144900	-6.668457	3.040989	-1.677441	13.572466	3.130137	4.879779	4.120877	7.179510	7.326165
2001	6	-6.266538	-8.803929	-4.782411	-9.835055	-11.318346	-8.769835	3.515650	-12.879052	-4.782426	3.534107	-11.318346	-0.516792	7.818095	-13.163114	-4.782426	6.704953	-11.318346	5.946593	-2.733860	8.743281	7.619514	-15.504469	6.601921	-8.769837	3.703647	4.628783	7.619506	-9.920022	6.601921	-5.227538	10.222008	4.403959	7.619501	0.918034	6.601921	5.941075
2007	6	7.248368	5.182577	8.474670	0.436404	9.373219	5.464445	1.261993	5.366409	8.474671	-10.108121	9.373219	-4.078456	0.759878	-10.750419	-2.363849	-4.701436	-7.712052	-4.770162	-3.833786	8.450527	8.474671	-13.608207	9.373219	-9.228980	8.965247	-11.736927	-2.363849	6.148209	-7.712052	6.615795	-4.484088	-8.328102	-2.363849	-8.638106	-7.712052	-9.229122
2056	6	-6.905197	-4.051120	-5.334948	-9.063246	-5.544734	-9.991286	-9.484327	7.504037	6.013691	-14.033642	6.309530	-9.991286	9.246287	-10.407995	-5.474028	4.875519	-5.551231	5.569267	3.226242	-6.067708	-5.465137	-1.781757	-5.551009	-5.465949	6.366657	1.381798	5.746735	0.236114	5.858203	3.802313	5.768603	0.159667	4.952483	0.681477	3.703440	4.811159
2062	6	5.484298	0.754443	5.933526	4.733430	5.995053	7.090780	6.287854	-12.364861	-5.345799	6.750235	0.012693	7.090780	-8.886226	-6.700123	-5.345503	-11.347520	0.012748	-11.045325	0.007902	-6.782521	-5.345557	-11.079702	0.012739	0.316165	0.397519	6.354880	5.933542	-12.503819	6.132329	0.355801	-8.571081	6.642753	5.933542	-13.364335	6.132330	-11.045325
2226	6	10.597416	-16.711478	-4.359819	6.342396	-8.805569	6.253273	-3.570563	-10.217843	-4.359819	-9.136651	-8.805566	-11.473807	1.838508	4.748832	6.611254	-10.314872	6.901556	-7.376721	10.845710	0.573394	6.430659	0.448108	6.890621	5.699887	8.006866	-16.711478	-4.359819	1.906441	-8.805569	-0.163354	-1.894264	7.079769	6.611256	-13.825832	6.901556	-11.473693
2307	6	12.070085	-13.850444	-4.459554	7.132026	-10.586408	6.835727	4.855952	-13.765901	-4.459554	-3.232025	-10.586408	-6.101676	-2.968308	-10.071465	-4.459553	-7.876352	-10.586336	-11.718060	14.676734	1.710785	6.876568	3.147002	7.777811	6.835094	5.693199	1.727780	6.881344	-7.105617	7.777812	-6.087651	-0.123735	5.598216	6.962473	-9.927352	7.777853	-11.546271
2363	6	9.388870	-8.870084	-2.830444	8.063437	-11.114643	7.744833	2.547156	0.532884	2.381502	-10.106555	-5.177413	-2.524388	-3.206499	8.783503	5.637474	-13.881236	6.715214	-7.965260	11.391374	3.130756	5.637472	2.480861	6.715199	7.744832	6.670324	4.626945	5.637474	-3.644322	6.715214	3.517917	-6.085393	-3.476704	-2.830381	-8.299582	-11.114632	-7.965261
2373	6	-4.401020	-8.138754	-1.404646	-9.380894	-6.717385	-10.876216	-4.217298	8.202092	8.589185	-15.111445	7.284154	-10.876216	1.962534	3.879523	8.547761	-12.779017	7.282975	-9.178780	0.439336	-1.325426	7.467697	-13.596717	4.349243	-10.815511	2.153077	-12.486198	-1.886276	-6.940328	-6.960251	-8.784419	7.805616	-12.507282	-1.886707	6.120898	-6.960453	5.182685
2405	6	8.869208	-10.116336	-2.665681	3.847800	-10.863400	8.289870	-7.582071	-8.097118	-1.904714	-7.848875	-10.862633	-8.090595	-6.335144	9.016826	7.690483	-12.349177	3.572613	-8.090596	-4.520069	1.006815	3.795494	-12.338952	-3.084796	-8.090525	4.060285	7.581055	7.689477	-11.588430	3.572613	-1.783144	4.217373	7.566273	7.689461	-7.416957	3.572613	3.717291
2464	6	-3.966360	-6.452064	-5.023571	3.405136	-9.137871	-5.244592	-6.406167	5.860468	6.196858	-9.361008	7.978181	-10.842660	5.497675	2.521693	6.196855	1.918698	7.978179	0.681639	11.588197	2.521690	6.196855	2.480201	7.978179	5.787268	-9.341700	-6.452064	-5.023571	-4.461367	-9.137871	-10.842660	8.657224	-9.813039	-5.023571	7.695635	-9.139105	5.795156
2499	6	9.841296	-10.622239	0.952299	7.775866	1.822322	8.598206	9.822985	1.273255	3.534437	7.258698	7.364894	8.598183	9.920623	-14.155621	-1.849595	7.793701	-4.041194	8.598207	-1.882588	-8.682467	-1.801245	-11.120551	-4.041192	-4.563249	-2.091055	-5.039274	1.430909	-11.159155	1.842627	-4.563310	-1.950063	6.774855	3.597842	-11.697002	7.431875	-4.563275
2505	6	9.662996	-6.247691	1.774400	5.954991	4.427064	6.986377	-9.607261	6.103141	6.410279	-12.803217	5.641487	-5.168392	7.216454	0.210606	5.727640	4.586061	5.439435	6.986376	-8.071203	-13.145495	-4.431523	-10.845405	-2.495712	-5.168392	-9.603605	3.405996	5.755966	-12.384643	-0.045644	-5.168392	9.666145	-19.054828	-4.440501	6.128607	-2.495908	6.986377
2548	6	7.139999	-11.958420	-5.204473	8.206833	-8.071651	6.362836	1.172970	-8.922854	-5.204473	2.663285	-8.071651	-3.383203	-5.994673	-7.172135	-5.204473	-2.981114	-8.071651	-8.705439	-4.557216	7.546131	4.857925	-4.826801	5.399809	-9.653378	10.211904	2.759520	4.857922	7.049581	5.389468	6.355132	4.593945	2.771076	4.857922	2.108737	5.389793	-0.036057
2624	6	-4.128514	7.262882	8.657494	-15.565626	5.779720	-7.701743	10.377340	-4.985322	-2.814391	6.710002	-6.086139	7.225544	10.019941	6.520030	8.657494	0.668370	5.779720	6.920876	-4.255101	-4.242170	-2.795665	-9.526839	-6.085268	-7.705462	-1.743111	1.826725	2.145043	-11.567835	-1.759202	-7.198426	11.711519	1.038686	2.143953	4.656547	-1.759688	7.225546
2681	6	2.032107	7.528143	6.272803	-9.870753	7.721030	-5.701261	-7.554770	-7.086955	-5.615438	-11.811634	-8.781260	-11.719674	-3.815938	8.574162	6.272803	-15.190565	7.728012	-11.690345	10.128384	-11.229075	-5.615438	6.440811	-8.959116	7.258243	13.866636	4.432116	6.272802	3.058554	7.622696	7.258243	7.265441	4.446129	6.272802	-3.441615	7.623734	5.290385
2725	6	4.899694	1.600026	7.342247	-8.762218	6.656907	1.137968	-1.764327	7.930110	7.472591	-13.118965	6.657925	-9.464017	8.276927	-10.229555	-1.748347	6.883220	-9.010238	5.454779	-5.468434	-3.844348	-1.748324	-7.760242	-9.008012	-9.407017	3.500639	2.309270	7.453380	-9.997297	6.657791	-3.161865	12.006289	1.545475	7.322386	1.153709	6.656732	4.831766
2797	6	10.930045	-10.218467	-2.578478	8.580016	-8.884305	6.900207	1.359526	-4.495135	-2.578101	-3.274493	-8.880913	-8.307643	13.872846	-0.426641	5.483129	7.162134	5.841641	6.900207	3.358091	-6.856592	-2.578478	-2.476854	-8.884305	1.504127	4.133662	2.220307	5.498422	-4.588784	5.843276	-4.766927	6.222440	-0.349575	5.486693	-3.898271	5.842070	1.496834
2816	6	8.803850	-13.154303	-4.737092	7.653522	-7.320388	5.355256	10.305285	1.568839	7.394119	1.892142	8.661179	5.355237	-4.527626	-7.831462	-4.708921	-9.396923	-7.320387	-5.813839	-3.265946	7.027001	7.403666	-15.151597	8.661195	-5.813836	6.851846	1.573351	7.394179	-8.433170	8.661179	-1.622847	5.389336	-13.078902	-4.737090	-2.662515	-7.320388	-1.595648
2817	6	14.087724	-17.871232	-3.644490	9.051065	-6.063375	5.557442	14.090675	-15.300376	-3.207844	9.048455	0.452527	5.557443	10.279384	0.568028	6.339711	5.175580	7.780478	5.550199	-7.792710	6.660946	6.598952	-12.238311	8.355454	-11.228358	-3.748198	-9.232605	-3.207677	-7.330819	0.452541	-10.741084	-3.926879	-11.803275	-3.644486	-7.417610	-6.063374	-10.793029
2839	6	0.721588	-12.036609	-4.540890	3.487883	-13.211978	0.477780	10.072243	-17.377196	-4.550115	7.252966	-13.302727	6.412035	4.005251	-17.375100	-4.550114	5.644670	-13.302723	0.508898	5.643547	0.577383	6.490565	-6.502347	5.328076	-5.849017	12.405874	0.577374	6.490560	2.113210	5.328075	6.397541	-0.008819	-11.561404	-4.537216	-4.446352	-13.177260	-6.058834
2849	6	8.520836	-17.201931	-8.437409	5.895545	0.155109	5.950966	-2.846370	-13.614638	-8.436671	-5.123030	0.155609	-8.010983	2.838576	-15.495016	-8.437257	-4.629203	0.155212	-4.228467	8.520836	-17.261966	-11.238751	5.895545	-5.093076	5.950966	2.838576	-15.555073	-11.238751	-4.629203	-5.092977	-4.228467	-2.846370	-13.674779	-11.238747	-5.123030	-5.092595	-8.010983
2852	6	-7.896124	-10.903190	-4.917407	-10.244071	-10.195530	-8.948219	8.087669	-15.206295	-4.918014	8.070946	-10.216579	6.438464	-7.192433	5.917227	5.599282	-12.882244	-0.249506	-9.537733	-7.197113	6.915144	7.597929	-14.384522	6.595536	-9.631849	8.786689	2.611315	7.586940	3.938015	6.363927	6.431951	5.571524	2.613867	7.586982	-2.412972	6.364323	5.961000
2973	6	10.238413	-14.773911	-5.639409	6.342708	-10.703817	7.097644	-6.405383	7.266674	6.017077	-14.527278	7.497348	-4.781826	-6.717868	-10.615806	-5.635241	-10.943708	-10.703790	-4.781893	-0.545685	-10.757333	-5.635985	-5.105499	-10.703795	5.401861	10.545708	3.084204	6.016885	2.628735	7.461093	7.096536	5.662790	4.572086	6.017053	-2.243239	7.492784	7.051546
2981	6	8.062291	1.979545	7.046626	5.335775	9.313626	6.123246	10.494790	-8.502109	1.139759	6.909748	3.660264	6.123246	-1.913191	-5.194003	1.139759	-3.239425	3.660264	-6.916336	11.213981	-13.093262	-3.406702	6.924034	-3.905562	6.123246	-4.353256	5.199550	7.058266	-4.813442	9.313685	-9.071090	-1.038587	-9.879033	-3.406702	-3.060997	-3.905562	-2.779844
3056	6	8.322776	-11.448600	-7.357163	6.420338	-11.636037	5.924081	1.672774	-10.008558	-6.696478	3.465047	-11.617166	-4.293170	-8.407488	-6.629266	-4.233370	-7.174832	-11.404102	-12.938633	13.345220	3.723321	4.278401	3.353469	5.717035	5.923108	2.192446	4.619989	4.280662	-4.193032	5.717989	-6.979352	7.160032	3.724632	4.278405	2.624870	5.717037	-0.169423
3148	6	6.508760	-17.589104	-1.696047	4.690742	-11.275757	0.779262	-4.692821	-11.408593	-1.696047	-11.915433	-11.275757	-8.585258	0.592988	-11.412820	-1.696047	-11.860547	-11.275757	-4.838297	8.082671	-17.589104	-1.696047	4.690753	-11.275757	6.934800	-5.358446	5.987352	5.994795	-17.035041	5.296111	-8.590002	2.967069	0.067444	5.994377	-0.819144	4.917245	0.109600
3188	6	-5.298778	-7.832857	-5.521184	-7.609014	-8.191828	-10.851604	11.131395	-12.386265	-5.521184	7.198830	-8.191828	6.861156	11.469628	1.399098	6.673286	4.600177	3.565643	6.860907	-2.777237	2.236308	3.637167	-7.723444	-2.692007	-9.123000	-4.848554	5.962835	6.678602	-10.097398	3.565997	-10.602402	2.066962	4.876351	6.678602	-5.653261	3.565997	-6.011758
3198	6	9.383742	-15.359718	0.502242	5.820622	-9.058967	7.543341	-8.568817	6.523057	6.777854	-14.000874	6.941896	-8.038121	9.586462	-0.421224	6.569934	3.023259	3.972502	7.543011	-8.537762	-9.477178	0.502242	-11.035820	-9.058967	-8.038120	10.593447	-5.164665	4.423248	4.585808	3.317420	7.543380	1.652587	-0.209040	6.672455	-1.277096	4.381030	-3.205806
3268	6	8.851462	-11.527023	-5.578722	8.246718	-9.361038	7.003874	-6.192100	-5.257959	-5.578693	-8.570476	-9.360994	-10.600217	-1.321764	8.183347	4.965921	-12.427435	8.404653	-7.968024	13.472798	1.864942	4.965860	2.049844	8.400450	7.019771	2.488729	5.347337	4.965921	-8.268383	8.404653	-5.252937	7.381615	1.864965	4.965860	-4.348421	8.400450	2.128234
3278	6	-2.084820	-8.271819	-6.403218	1.469429	-3.575920	-5.633108	3.561322	-14.696773	-6.403218	2.380215	-3.575920	-2.043826	-6.736238	3.971820	3.293665	-2.270099	9.139483	-12.355009	9.675804	-14.872789	-6.403218	7.642962	-3.575920	4.166740	-8.244975	-8.263378	-6.403218	-2.168834	-3.575920	-12.507494	3.546074	0.503124	3.109410	2.106318	9.091659	-2.446664
3282	6	8.617346	-13.759868	-3.471635	7.937973	-8.375324	0.353573	-7.980323	7.322925	6.957463	-11.007180	6.364187	-11.637423	8.617432	-13.759868	-3.471635	8.123165	-8.375324	5.380392	7.833343	0.942851	6.880387	2.434521	5.317230	0.343081	-7.876931	-7.359165	-3.471606	-5.508683	-8.375324	-11.637423	7.833455	0.942851	6.880387	2.624776	5.317230	5.376904
3284	6	8.518278	-15.506504	-7.577782	7.289245	-12.466024	6.523171	2.898802	-11.392867	-7.577781	-5.186924	-12.465676	-2.689347	9.505960	1.084193	4.512935	4.241310	6.114353	6.523323	-3.496745	-10.248016	-7.577776	-8.941578	-12.464321	-7.160958	3.929865	5.926637	4.513389	-8.150716	6.123479	-2.359840	-2.497186	7.711380	4.513389	-11.990152	6.123489	-7.115137
3289	6	2.055368	1.175951	6.400603	-2.506164	7.260157	3.039107	9.956189	-12.057123	-4.009987	2.942257	-7.301906	6.707691	-8.669571	-5.553013	-3.215519	-12.527507	-7.301905	-8.113351	-8.230124	5.388924	8.014849	-17.243330	9.197031	-8.113351	0.164297	-1.147777	5.842348	-2.344237	6.506719	3.143831	1.585372	-3.611318	6.077382	-2.304788	6.794119	3.273518
3304	6	9.652492	-13.117286	-3.616766	8.329958	-8.346795	5.935182	4.585935	3.349507	7.283332	-8.342254	5.091866	-6.749501	-3.042729	8.204147	7.317338	-13.021801	5.134050	-11.495527	-3.719447	-8.075686	-3.616577	-7.077846	-8.346776	-11.495745	13.275535	3.162888	7.273427	2.375741	5.079753	5.935183	12.912165	3.162888	7.273427	-2.213715	5.079753	5.912633
3326	6	-7.664480	-13.718189	-5.834428	-10.682171	-7.011819	-7.444258	7.923103	-16.805647	-5.834428	6.402937	-7.011819	0.757586	7.604414	2.440097	5.858229	2.237177	6.685075	0.757337	10.129684	-16.805648	-5.834428	7.724435	-7.011819	5.989331	-8.004957	5.528094	5.873202	-14.870525	6.685145	-7.444258	9.816266	2.440096	5.858229	3.559197	6.685075	5.989325
3330	6	-0.365133	6.283031	6.242423	-11.252512	9.385979	-8.116818	-6.332178	-8.698300	-4.618420	-12.318925	-4.122780	-9.735476	5.169674	1.054648	5.700002	-8.266279	9.341572	-3.522702	8.355446	-7.848074	0.570369	5.370737	4.280030	5.488462	8.355443	-13.550864	-4.795559	5.370752	-4.194939	5.488462	13.850277	1.002812	5.683249	3.365239	9.339301	5.466105
3334	6	4.469623	1.265601	7.168801	-9.163516	6.684067	-3.482432	8.369070	-13.552325	-4.887737	-4.327692	-8.727281	-3.469260	14.242793	-13.552325	-4.887737	5.819785	-8.727281	6.478654	14.185986	-13.552325	-4.887737	3.426048	-8.727281	0.251880	-2.635078	6.649781	7.168819	-16.944300	7.272463	-9.542332	-0.926977	-12.327967	-4.887737	-12.112681	-8.727281	-9.401170
3387	6	5.911828	-17.386540	-6.813019	-2.193249	-12.317462	-7.429004	6.863472	1.363748	4.732560	1.030999	6.186092	-1.519044	14.256545	-17.387004	-6.813019	8.408948	-12.317462	4.743790	7.613799	-17.387000	-6.813019	2.333759	-12.317462	-1.476745	5.512124	1.365132	4.733651	-3.349349	6.186525	-7.939562	13.908199	1.363714	4.732534	7.257468	6.186082	4.743790
3401	6	6.300664	-13.316324	-0.765594	-2.071213	-7.267341	-6.616395	13.650916	-13.316334	-0.765594	9.237825	-7.267341	4.473472	0.239617	-7.360607	-0.764461	-6.183925	-7.266589	-8.877588	8.873590	-13.316334	-0.765594	2.751799	-7.267341	-1.241598	3.228207	1.069676	7.433290	-8.428045	7.207259	-6.619522	-2.889299	5.827549	7.434311	-13.404106	7.331313	-13.177806
3502	6	-8.919694	-8.191151	-3.340520	-7.271371	-7.546013	-12.079355	6.850081	0.635203	6.391073	5.032826	8.024503	5.143428	8.019012	-13.986608	-3.340522	7.038064	-7.546013	5.143430	-8.244741	6.841518	7.104638	-9.770724	8.088767	-12.079355	3.851489	-13.922793	-3.340522	4.870202	-7.546013	-0.144943	3.325261	0.845167	6.603886	2.627540	8.053004	-0.146331
3590	6	7.832545	-14.849098	-3.427503	5.870625	-10.502711	6.466860	-5.277537	-9.445576	-3.427426	-13.572302	-10.502711	-11.551507	1.154466	-10.215806	-3.427487	-7.409964	-10.502711	-7.423194	-5.435241	6.759668	5.910968	-17.777936	5.982821	-11.551507	0.979708	6.119766	5.910968	-11.820728	5.982821	-8.258534	7.671663	1.227000	5.910836	1.607429	5.980841	6.465867
3625	6	11.973120	-9.465105	-5.289198	7.554900	-5.726343	5.849585	6.984709	1.678086	5.477247	2.716553	7.926996	-0.230860	6.323496	-9.465105	-5.289198	7.325950	-5.726343	-0.226764	-2.677404	-8.673378	-5.289198	-5.202784	-5.726343	-12.325787	3.859229	1.678086	5.477247	-7.755515	7.926996	-6.723422	12.634987	1.678086	5.477247	2.945085	7.926996	5.847671
3643	6	6.048955	-9.787278	-5.164338	7.642610	-12.342951	8.158167	-3.323470	6.543705	7.174197	-9.529927	6.606656	2.283295	2.279463	5.321065	7.174196	-3.293870	6.606518	4.205471	-3.311958	-5.859560	-5.145423	-3.796827	-12.342867	2.284874	5.992381	2.655459	7.174002	1.910088	6.568960	8.155493	-5.143864	-5.829231	-5.144200	-8.090587	-12.342862	-1.308196
3653	6	9.243250	-17.699721	-1.901441	5.587226	-4.313942	7.151573	-6.791040	-12.331672	-1.901441	-10.129636	-4.313942	-9.788270	-6.929915	3.443870	5.839336	-13.451360	1.091514	-9.834838	-6.971710	5.239604	7.351961	-13.598465	7.100921	-9.848287	-2.066128	0.914025	2.856727	-10.159972	-2.272420	-6.881867	7.064090	-0.448505	4.571146	4.009471	5.938859	7.135507
3658	6	-2.956357	-10.540168	-1.569873	-6.572169	-9.495986	-13.447138	1.070942	2.360432	9.445927	-9.157667	6.142352	-7.921229	7.788955	-14.796810	-1.577781	5.893686	-9.495986	5.211612	-4.042920	5.538085	9.446144	-12.214930	6.143665	-13.447597	2.040243	-14.576708	-1.577773	-4.058674	-9.495986	-7.809518	6.616016	1.092312	9.444870	0.961469	6.125392	5.211560
3673	6	13.763817	-9.295435	1.616051	7.051721	-4.295393	4.235301	15.431993	3.004485	4.224294	3.144086	8.317921	4.235288	13.411177	-3.093139	2.857402	4.625304	4.404558	4.235301	-0.405827	8.583949	4.314276	-13.250388	8.319117	-14.252969	-2.256851	-3.468525	1.977516	-11.145593	-2.711708	-14.256557	4.050538	3.266297	4.238858	-9.922685	8.318340	-7.992478
3711	6	10.376678	-15.443005	-3.353426	5.978077	-11.132820	8.752263	-6.364864	6.923770	7.612792	-18.184540	5.090795	-7.363743	7.365865	1.597640	7.612776	0.921198	4.693868	8.447554	11.515860	0.667441	3.866254	1.120715	-2.172627	8.568819	-4.286755	-10.116962	-3.353426	-13.127679	-11.053710	-7.363729	-4.701944	6.638504	5.144793	-18.149470	-1.488815	-7.363740
3759	6	9.071662	-16.407851	-3.874098	5.761929	-6.897690	7.541247	4.475560	-15.985687	-3.874096	-7.088559	-6.897521	-3.854917	10.259229	1.386104	6.487992	1.674011	5.076544	7.225049	5.711991	1.424955	6.488025	-11.075994	5.085991	-3.837213	-1.410300	-10.190884	-3.859739	-8.526607	-6.861408	-8.991512	9.112510	1.386134	6.487992	-4.770966	5.076551	1.717551
3766	6	-9.817222	-7.899731	-0.780523	-8.186885	-4.014457	-8.741241	5.332107	-11.432747	-0.782095	6.504676	-4.015873	6.276493	-5.855271	2.023792	3.248570	-9.228486	-0.049478	-8.741963	-8.435601	7.023666	7.449942	-12.292846	5.465638	-8.742184	6.759946	2.525113	7.439853	2.326391	5.462987	6.267856	5.785846	-2.273036	5.117148	4.210765	4.487388	6.275971
3771	6	6.532102	1.397694	7.737882	-9.526344	6.122947	-2.451154	3.058562	-8.676639	-1.928464	-5.469107	-9.723352	-2.779042	9.972489	-13.274564	-2.219258	7.171695	-9.723358	5.902908	13.263139	1.363776	7.731383	2.844170	6.121790	5.902900	-0.918421	-6.911643	-1.391518	-11.655334	-9.723309	-8.286053	2.010160	-0.575083	2.788117	-7.851396	-6.351921	-4.121950
3818	6	8.064399	-11.898523	-3.712010	4.166131	-5.839877	0.068258	8.717219	3.042945	5.693185	0.996951	6.306097	0.084339	12.018211	3.042945	5.693185	3.835794	6.306097	6.352820	-5.492894	-6.839330	-3.670462	-9.268332	-5.372577	-5.587455	-4.701613	8.094553	5.697691	-12.461434	6.389570	-5.425593	11.216119	-11.898524	-3.712010	7.028541	-5.839877	6.351670
3824	6	10.308661	0.697714	7.372238	3.858529	6.470346	6.769385	9.991190	-13.607658	-3.481280	9.548103	-6.584051	6.768187	-7.211084	4.742807	8.297668	-10.703819	6.470352	-12.500582	-7.504757	-9.586112	-3.441869	-5.009498	-6.580069	-12.535420	9.824693	-1.471418	6.006017	3.945218	6.469780	6.767436	-3.479104	-9.586541	-3.441881	0.585787	-6.580073	-4.632556
3834	6	-6.068433	-9.698576	-3.265898	-10.400814	-8.149770	-8.880836	10.053438	-6.739117	3.168687	7.077208	3.953098	6.529483	10.695332	-15.561767	-3.265933	7.276569	-8.149770	6.529537	3.991026	-15.546560	-3.265933	-4.249887	-8.149770	-5.164490	2.839452	0.765345	6.683404	-7.941006	8.472885	-5.325339	-2.919520	6.374821	6.982423	-14.348840	9.084769	-6.510833
3881	6	-8.409004	-7.256164	-3.967276	-7.211645	-1.675573	-10.250087	8.813606	-10.982065	-4.808315	7.449129	-1.675580	7.080841	-5.933391	6.854898	5.252146	-9.490907	7.532868	-10.250790	3.895602	-10.925943	-4.804579	6.375128	-1.675580	0.835976	6.807562	3.075491	5.165012	4.328162	7.509954	0.818250	11.745022	3.075350	5.165003	5.360173	7.509951	7.078800
3915	6	-9.422443	8.155945	7.952915	-12.926918	5.796465	-9.678014	7.367011	-10.807436	-3.806939	7.237100	-11.094723	6.779850	-3.886124	0.230760	0.757931	-5.107176	-6.442791	-9.483014	-9.255934	-4.568875	-3.806788	-6.335747	-10.082083	-9.677988	6.076806	1.901697	7.945015	0.598492	5.190542	6.403761	-3.624982	-4.568875	-3.806788	1.032465	-10.082083	-2.979058
3961	6	7.871675	-8.601647	3.388949	4.260749	3.240259	7.394099	-8.991854	6.103701	7.428936	-16.260267	7.128425	-9.355265	7.891513	-14.290466	-2.182563	6.355595	-6.554170	7.394100	-8.543751	-8.637833	-2.150230	-11.261845	-6.529849	-9.355265	3.381086	2.777849	7.155626	-4.134224	6.985450	5.435475	4.730895	0.090447	6.190151	1.171375	6.389217	7.378970
3982	6	2.565166	-12.065628	-5.576368	-1.075873	-11.491902	-6.194456	8.538993	-15.183258	-5.576368	6.978682	-11.491902	6.558661	-7.595033	-10.688738	-5.576368	-5.166502	-11.491902	-10.952146	-9.082564	6.490238	5.888761	-7.269448	4.658208	-10.959418	8.024976	2.107962	5.860387	4.906805	4.656140	6.558658	1.448472	5.673286	5.888760	-3.186784	4.658208	-6.317802
4000	6	11.568247	-14.224237	-1.132916	7.639098	0.570261	7.498609	10.386806	0.974169	7.667021	2.954703	7.245062	7.439714	-0.918683	-8.242299	-1.132914	-5.862150	0.570261	-8.311721	11.568247	-17.862867	-3.339836	7.639098	-5.469464	7.498609	-2.076023	6.976563	8.587551	-12.129244	7.523816	-10.449507	-0.918683	-11.881035	-3.339836	-5.862150	-5.469464	-8.311721
4023	6	5.884016	-11.047865	-3.564562	6.621378	-7.813340	0.771324	7.679226	3.504701	6.224402	2.687744	5.081046	6.675064	5.718852	5.033474	6.224412	2.680155	5.081046	0.761271	-8.405855	8.370187	6.224412	-14.546284	5.081046	-10.672701	7.836879	-12.606579	-3.564562	6.626872	-7.813340	6.683635	-8.199938	-5.093014	-3.564418	-10.793983	-7.813120	-10.672701
4063	6	-7.527117	7.176959	6.092851	-14.587723	7.591452	-9.596493	-5.732362	-8.036142	-5.153124	-8.599604	-3.783010	-9.596491	15.512626	1.925102	0.786443	4.115852	0.909167	4.030838	10.342443	-11.579869	-5.153124	5.313416	-3.783629	4.030839	-0.984986	5.595261	0.860634	-7.219739	0.992007	-9.549932	5.689961	1.941922	0.789066	-7.106753	0.911029	-4.544292
4069	6	4.310433	2.350685	5.989825	-5.459408	5.704646	3.214288	-6.092914	-5.149654	-3.246352	-12.692455	-10.181094	-3.847112	9.697908	-10.010205	-3.414028	6.104445	-10.181102	6.538451	7.156758	2.069900	5.988753	0.933774	5.704582	6.493866	-3.334161	0.409553	-0.390768	-12.692199	-4.546557	-3.847035	-7.937529	6.925846	5.992075	-17.599104	5.704685	-3.847112
4121	6	-6.984029	-7.470909	-2.687717	-6.002054	-8.851974	-10.536956	3.668560	2.445417	5.955767	2.761713	7.723438	0.166761	3.082094	-9.666952	-2.689152	5.127030	-8.851974	0.121783	2.937862	-9.367683	-2.689115	-0.754762	-8.851974	-4.695591	-6.406944	6.046531	5.960236	-8.372257	7.724678	-10.466782	8.673522	-12.691246	-2.689223	8.007548	-8.851974	4.224388
4141	6	-5.639956	-7.015941	1.447825	-10.281305	-11.448818	-9.339559	10.242271	-13.072936	1.447824	6.979303	-11.453925	6.131509	7.813669	1.196218	6.678300	4.831824	5.871999	6.131509	-8.247018	6.290742	6.817487	-12.511648	5.995924	-9.339559	4.832606	-3.344536	1.448259	6.053730	-10.808122	0.139704	4.735949	-9.820143	1.447824	6.052192	-11.453821	0.139613
4201	6	-4.785023	-5.452675	-3.967346	-11.580649	-7.605210	-10.184566	9.890331	-11.280694	-3.969122	6.331190	-7.605211	6.346000	6.959905	2.101636	7.785118	-4.603940	6.354428	2.236881	11.066840	2.101612	7.785117	1.912509	6.354428	5.788139	-3.554246	7.776838	7.800398	-15.985178	6.354812	-10.190220	-2.316482	1.730419	2.505357	-11.581641	-2.992392	-10.184563
4202	6	6.741351	-12.053321	-6.498280	3.678901	-6.457338	0.046555	6.557939	2.151801	6.087681	0.513814	6.613811	0.008037	12.291329	2.151715	6.087680	4.048839	6.613787	4.029927	-1.742527	7.929411	6.088610	-10.047301	6.826025	-10.222102	12.172604	-12.053363	-6.498280	6.447736	-6.457338	4.029930	-1.986532	-6.333706	-6.498277	-7.636717	-6.455505	-10.222105
4243	6	5.779642	2.430068	6.281418	3.195026	5.836903	7.405748	-8.912007	-7.865302	-3.763116	-8.478890	-9.585173	-9.118532	6.071230	-13.729212	-3.763117	9.228731	-9.585173	7.407833	-9.258266	4.679060	6.094785	-14.508245	0.750828	-9.123056	5.553419	2.430322	6.281422	-2.657194	5.836905	4.974827	-9.164568	8.294081	6.288152	-14.512487	5.838506	-9.123056
4276	6	-5.383924	7.047832	8.053697	-13.627350	5.687192	-10.743201	8.329680	-9.987528	-2.138392	5.304987	-9.901937	7.048824	0.658591	7.047036	8.053697	-11.184412	5.687192	-6.394033	-6.381259	-6.290867	-2.138392	-8.922291	-9.891688	-10.682045	9.326141	3.350941	8.053697	0.599853	5.687192	5.994648	5.036758	-9.987171	-2.138392	-1.158810	-9.901937	-1.171769
4277	6	11.154513	1.255207	7.220324	-0.171533	5.629317	6.036735	11.585585	-17.372538	-3.591113	6.610701	-7.751400	7.323948	-2.123193	-10.684999	-3.589991	-6.591462	-7.751398	-6.999912	3.791442	-15.710332	-3.591112	-4.668224	-7.751400	-1.613692	-2.468625	7.997209	7.230965	-13.305056	6.317455	-8.090725	3.020330	4.876593	7.230895	-11.410707	6.311483	-3.440580
4279	6	-0.846982	-2.870004	-4.107373	-4.947681	-8.069946	-14.186695	3.340586	2.090164	3.453691	-5.442622	4.328365	-8.233621	2.619929	-7.047434	-4.109694	-4.795467	-8.072699	-9.204855	0.072747	7.361062	3.474320	-5.456731	4.342200	-14.127428	14.000730	1.224712	3.263037	5.603850	4.191466	3.155433	13.231432	-9.000764	-4.109694	6.185029	-8.072699	3.155433
4315	6	7.628334	-12.905868	-4.710718	8.056974	-10.903747	6.388502	11.324779	-0.871975	1.212610	7.537738	-10.800278	6.384091	-4.239370	5.182846	1.291774	-9.674275	-5.739382	-9.096058	10.184861	0.855517	7.022479	3.835086	3.224665	6.220531	-7.208056	6.670501	7.295361	-13.531416	4.359833	-9.136507	2.978240	0.360569	1.258237	-3.814371	-8.491924	-2.027380
4333	6	-4.130667	6.501785	7.069552	-13.405606	5.666665	-10.663900	7.111868	0.088239	6.304259	4.217975	4.235685	5.463750	-3.987867	-7.194685	1.444112	-10.986997	-12.670267	-10.663898	8.010451	-13.561775	1.443380	6.062601	-13.103159	5.463752	0.500539	-3.845306	1.451688	-8.890809	-10.933722	-6.314468	4.688676	0.088243	6.304262	-2.188493	4.235688	4.405415
4368	6	4.952197	-12.491077	-2.709408	5.396737	-13.180830	-0.181639	-6.172325	-7.004022	-2.709408	-5.812714	-12.911119	-11.405726	10.380714	-12.491101	-2.709408	6.780035	-13.180830	5.385862	8.710968	1.741749	4.586613	3.710979	3.420775	-0.111339	-3.615435	7.309844	4.639346	-7.907484	4.077127	-11.435536	14.019768	1.741749	4.586613	5.127597	3.420775	5.385895
4381	6	4.770473	-14.542199	-2.836496	5.826966	-9.631617	0.623590	-8.741175	-1.509060	-2.824652	-9.871251	-9.599506	-11.852745	6.523611	2.670887	5.272252	4.219378	6.194580	0.719717	-7.747374	9.170599	5.273008	-11.502092	6.194841	-11.852702	8.756746	2.670887	5.272252	4.600027	6.194580	6.533639	7.108253	-14.542211	-2.836496	6.230069	-9.631617	6.530810
4444	6	-0.220151	7.126113	7.056198	-17.007892	8.334768	-9.275096	6.814615	4.076363	7.056193	-12.358826	8.326778	-3.923163	-3.399307	-8.130319	-0.228075	-12.803687	-6.099460	-9.642353	11.109207	4.076320	7.056193	-8.032263	8.326778	2.111678	9.542392	-11.181187	-0.228745	4.821722	-6.100283	6.740824	3.559904	-10.876699	-0.228740	-7.273086	-6.100277	-4.015983
4459	6	10.966375	2.689337	5.153995	0.764702	6.525947	6.736384	8.845991	-13.651784	-7.625813	4.492289	-8.291356	7.252783	0.314596	7.583342	5.401550	-12.102867	6.561708	-7.821024	-9.017923	-8.781366	-7.408418	-8.328382	-8.291356	-7.931991	-5.505662	7.628283	5.401839	-12.161932	6.561711	-8.151935	-2.547134	-8.781382	-7.408420	-0.317814	-8.291356	2.839389
4491	6	-1.830145	4.072740	6.736269	-10.413608	7.202780	-9.886585	-2.166172	-12.784856	-4.527378	-8.187320	-8.986337	-10.573115	7.943294	-17.471918	-4.527591	5.793006	-8.997173	7.266019	6.416436	0.046951	6.682007	3.565293	5.954119	7.264850	4.008536	1.676708	6.721574	1.818386	6.730379	0.998215	4.275826	-15.398284	-4.527563	4.161444	-8.995763	1.046523
4532	6	9.059969	-13.900391	-5.462657	6.685507	-7.230515	7.282587	4.139507	-13.849856	-5.462657	-3.319938	-7.230515	-1.784710	5.905864	3.227154	6.657133	-3.652201	7.875068	4.542863	-7.198066	-10.619651	-5.462657	-9.359752	-7.230515	-6.485079	2.663684	3.567066	6.657150	-9.793687	7.875217	-1.907484	-6.303701	6.505059	6.657158	-15.445017	7.875362	-6.483711
4540	6	8.415324	3.290114	1.033845	-2.570522	-0.872125	-0.818637	13.615252	3.290094	1.033845	7.633571	-0.872125	7.740607	-3.993559	-2.392641	0.620151	-7.164667	-5.123381	-5.618012	7.283319	7.599589	6.389282	3.104942	7.035097	7.724153	-4.756089	9.738589	6.389282	-11.752545	7.035097	-5.629067	8.063584	-5.286933	-0.262733	7.613914	-6.155643	7.740440
4562	6	9.123310	-8.574069	-0.022867	5.976640	2.833821	6.767606	-5.855772	6.335361	5.369908	-13.047781	7.604845	-9.415070	-7.775611	-9.554888	-5.580631	-7.131010	-1.523686	-9.415070	9.123310	-16.020454	-5.724301	5.976641	-1.934956	6.767606	-7.774285	-1.876416	0.167956	-7.131010	5.615340	-9.415070	4.310587	1.610299	5.369641	-3.825091	7.586068	1.079419
4563	6	8.268371	-10.474915	-3.568347	7.595406	-7.693830	5.913612	3.267164	-8.963027	-3.451632	5.476534	-7.693830	-0.486044	-2.728414	8.429034	8.656769	-13.570513	6.860532	-9.692461	11.909121	4.601757	8.606740	1.083162	6.859720	5.671500	-6.554358	-6.643197	-2.892706	-9.972807	-7.693815	-9.677155	6.116267	4.660374	8.608846	-4.758864	6.859813	3.611263
4565	6	-7.097367	8.639655	6.287065	-11.510616	5.272427	-8.456298	9.667017	4.206980	6.286647	4.039867	5.229716	6.157497	7.178325	4.677824	6.286771	2.814842	5.242041	-0.045250	-7.943306	-7.635398	-1.531445	-9.630723	-7.150491	-8.456326	8.820890	-11.974541	-1.531452	5.919369	-7.296578	6.157374	6.329632	-11.263258	-1.531452	4.684175	-7.291457	-0.049845
4599	6	14.978326	-2.835974	0.394071	8.672944	8.872646	8.714361	-0.174813	6.270921	6.062313	-12.059655	9.162805	-9.746592	10.054736	0.499870	4.292531	3.501034	9.162526	8.714360	4.445209	-2.831624	0.394071	-3.515511	8.874790	-3.785696	15.114278	-11.830554	-4.605515	8.674835	-5.984628	8.714361	4.581192	-11.827574	-4.605515	-3.513570	-5.984628	-3.780820
4604	6	9.612319	1.741493	6.988558	1.602844	6.752742	7.855009	8.410402	-12.367500	-0.694711	7.660748	-8.533140	7.842075	-7.515171	8.400578	7.174206	-14.269293	6.829176	-10.283370	-9.205640	-6.070171	-0.147826	-8.241069	-8.533138	-10.368357	5.331044	1.742686	6.988703	-1.943263	6.752988	7.571725	0.496936	1.203367	3.180256	-7.245742	-2.778565	-6.115054
4612	6	8.478565	-15.679071	-2.650971	6.315515	-6.939107	6.876153	-7.789468	-10.089908	-2.650971	-9.818565	-6.939107	-10.130337	4.770395	-15.679049	-2.650971	-4.160217	-6.939107	-1.922313	7.152433	1.727964	7.144794	-5.676996	6.273297	2.468625	3.139132	1.734465	7.147457	-10.397620	6.273339	-4.085730	-4.567317	7.319729	7.358878	-14.696820	6.276012	-10.127500
4645	6	6.029435	1.348924	8.207667	-6.832256	7.407121	-7.730337	11.030244	-11.158562	1.201263	9.295785	-5.020468	5.014705	7.409301	-11.158121	1.201263	-2.883378	-5.020468	-7.730193	4.788932	-4.638125	5.213060	-6.710563	1.249654	-7.731034	9.583077	-11.158543	1.201263	3.295785	-5.020468	-1.608874	10.353948	1.345932	8.207665	5.404270	7.403996	5.014704
4722	6	-6.865172	5.389081	7.386853	-13.153899	8.313723	-10.036643	-6.045974	-10.267383	-1.404878	-8.810338	-5.718633	-9.992250	8.292914	-5.164442	3.130011	3.468537	3.464761	0.501090	10.867029	-5.164442	3.130011	4.393338	3.464761	4.622701	8.307111	-15.411439	-1.404878	5.020864	-5.718633	0.501179	10.876301	-15.411439	-1.404878	5.944521	-5.718633	4.622706
4757	6	8.491797	-13.109294	-3.756074	6.902150	-8.435118	7.426462	7.774567	2.039547	6.978596	1.233408	7.833143	7.367214	-4.341003	7.166120	7.198749	-10.938676	7.860794	-9.252108	4.124333	2.041182	6.978832	-7.723805	7.833175	-3.513661	6.129088	-4.241495	4.047280	4.514810	3.983236	7.425359	-3.925331	-7.985367	-3.620326	-5.218059	-6.680346	-9.211326
4810	6	-3.854352	8.512170	6.282875	-12.181277	5.547643	-8.635642	10.501195	2.681227	6.282336	3.243476	5.546751	6.389007	9.106030	-12.775623	-3.809390	6.936603	-6.674806	6.389235	-5.249509	-6.663441	-3.809388	-8.488451	-6.674729	-8.635642	7.850238	-12.775623	-3.809390	2.914822	-6.674806	0.791144	15.347235	-1.463122	1.510740	6.906328	1.761026	6.389235
4814	6	-5.525478	-7.521294	-1.592485	-8.565076	-9.597490	-10.687550	-6.832580	7.099903	5.185100	-9.280500	6.494386	-10.687567	0.441147	-8.038606	-1.592485	-8.497457	-9.597491	-8.740102	-5.325514	4.060517	4.144288	-9.222037	-3.001728	-10.687541	10.090010	-13.540753	-1.592485	6.401817	-9.597492	7.042452	0.645010	3.458816	4.144277	-9.105249	-3.003591	-8.305303
4847	6	12.086183	-11.771905	-4.950627	6.533618	-7.576580	6.355361	-4.007683	-6.113873	-4.950627	-9.614985	-7.573634	-10.365503	-3.635987	6.487772	7.494598	-15.091605	8.615941	-10.365727	2.470083	1.068808	7.308585	-8.830259	7.542584	-3.752507	2.466621	1.032521	7.324158	-8.822383	7.551559	-3.752024	2.174780	1.493705	6.452258	-9.441550	7.096098	-3.858350
4850	6	5.076362	-0.670322	-2.094314	-6.535766	-8.588862	-6.239833	14.874737	-0.670584	-2.094528	5.542725	-8.588969	5.315278	-6.438842	9.092130	6.986404	-15.953142	4.915062	-12.287944	-0.065823	3.330203	0.388973	-12.086704	-7.516305	-8.980211	8.305151	5.092485	6.986389	1.281564	4.880396	5.282214	10.343957	-7.063161	-2.441180	5.542447	-10.022554	5.307444
4880	6	4.104085	5.235865	6.466247	-3.121709	7.577416	-7.860900	-2.424635	7.286991	6.477506	-3.478343	7.577416	-12.749394	12.264920	2.011821	6.349442	5.406963	7.577415	3.736851	11.198680	-10.284532	-2.007505	8.546714	-7.937248	3.734781	7.255549	-9.254413	-1.989534	3.257936	-7.936913	-2.225877	-3.258843	-5.043057	-1.505279	-1.602716	-7.917547	-8.388484
5050	6	5.526643	1.133073	6.611152	-0.130231	7.284081	-3.423761	-6.423944	-6.023770	-4.907949	-9.124453	-5.047563	-13.563492	4.684885	-12.410360	-4.925488	2.670826	-5.956710	-2.448634	12.942856	1.132953	6.611108	5.581693	7.284024	3.844816	9.378623	-12.414340	-4.925488	8.382454	-5.956748	3.877985	1.857351	7.224024	6.904905	-10.657153	8.170197	-11.240163
5068	6	-0.765273	5.588826	6.128771	-14.364996	6.800766	-12.079924	-5.284083	-12.173496	-5.146820	-11.952250	-6.555971	-12.247288	6.681297	-15.797497	-5.168397	1.892415	-6.599185	-0.923046	9.558033	-15.797499	-5.168397	6.135234	-6.599185	5.575542	5.187375	1.428248	5.510883	-10.588591	6.625193	-5.920584	13.970808	1.428089	5.510825	1.937673	6.625174	5.571709
5150	6	-2.514641	-5.741635	-1.750127	0.791940	-6.432188	-4.414619	6.006581	-10.443875	-1.750211	8.027890	-6.441446	0.002145	9.207572	-10.443878	-1.750211	9.411658	-6.441446	6.008578	7.079558	4.029767	6.007714	1.942299	7.427209	-0.057230	10.441875	4.029766	6.007714	3.386066	7.427209	6.006428	-5.893737	9.165170	6.008018	-5.299002	7.427219	-10.247705
5210	6	8.671972	-14.922310	-4.806034	1.519096	-6.836420	-0.260815	-1.254624	-10.642534	-4.806030	-8.542620	-6.836420	-6.356421	14.008960	1.145765	6.035075	2.261038	7.185877	6.178986	4.104062	3.725859	6.039924	-8.598854	7.595027	-4.680751	10.097356	-2.310062	5.425788	2.261005	4.269278	6.177696	11.090215	-15.158772	-4.806034	8.206518	-6.836420	6.289979
5212	6	-8.222623	-8.134026	-0.837673	-5.809519	-10.231889	-6.068231	8.209665	-11.918917	-0.898615	8.078058	-10.318673	5.107460	5.262310	-10.708230	-0.892213	4.256367	-10.309678	-1.161601	-9.448201	-0.954576	7.292678	-9.156766	3.835697	-6.068589	-8.640228	5.163901	8.860387	-10.336773	6.910670	-6.068590	7.792038	1.415518	8.383944	3.884624	6.520706	5.107378
5233	6	9.218870	-14.384894	-4.807587	7.751452	-11.877514	6.365912	10.161782	3.355724	7.377357	2.824510	4.723123	6.365912	-7.413142	-10.296981	-4.807587	-9.004232	-11.877514	-7.000686	-4.211752	3.586031	5.579342	-12.981620	-1.911756	-7.000686	-1.981362	1.178197	2.471362	-9.066303	-6.050619	-7.000686	-6.211536	7.178321	7.377402	-13.929712	4.724857	-7.000686
5257	6	-6.263077	6.964261	7.190404	-11.159762	7.591546	-12.397028	9.221615	-13.037267	-4.349757	7.109273	-8.010742	5.164063	7.476410	-13.037267	-4.349757	2.072381	-8.010742	-1.238369	-4.753938	-10.141300	-4.349757	-7.925016	-8.010742	-12.167887	7.712471	4.067643	7.190404	3.874533	7.591382	5.085536	0.895103	-10.143716	-4.349757	-6.622224	-8.010742	-6.842461
5320	6	7.750161	-11.802093	-4.061023	6.776333	-10.037699	7.896732	-7.217938	6.767628	6.272678	-15.683197	3.944107	-6.649763	9.736386	1.482385	6.270900	1.564526	3.938115	7.897091	-7.054045	-6.578770	-3.374001	-10.478467	-9.718522	-6.520117	5.461259	1.482421	6.270900	-4.072420	3.938116	3.679744	-0.782057	-6.579820	-3.374777	-4.024285	-9.718917	3.420002
5333	6	8.113176	-10.303099	-5.995671	7.830331	-10.683777	8.146646	-9.866367	7.702335	5.804542	-12.553385	6.203795	-9.632334	-3.407605	-5.020101	-5.985619	0.103361	-9.601179	-4.359605	8.777209	2.696072	5.803607	2.373196	6.084828	8.138703	-10.551223	-5.019866	-5.985614	-7.108083	-9.601058	-9.632291	-4.851297	1.516887	-0.542784	-6.174685	-6.264691	-9.632033
5369	6	8.798221	-18.610974	-1.783589	3.521165	-3.498883	5.445446	6.585400	-7.030638	4.360633	2.681138	4.355146	5.444498	2.970695	-6.975736	4.360691	-4.802919	4.355318	2.948407	-8.437520	-13.157055	-1.783589	-12.256280	-3.498883	-8.691655	-7.334686	5.653319	8.312258	-18.028706	8.480673	-8.691655	3.167602	0.017173	7.032367	-8.433995	8.132178	2.968986
5420	6	2.876003	-7.798752	0.458305	-6.152547	1.693904	-5.769889	1.247091	-10.462191	-5.824085	-6.040710	-8.003465	-8.841672	3.557687	1.900266	6.563092	-11.042537	5.418295	-5.730651	8.266601	-15.077510	-5.824085	6.157795	-8.003466	6.033630	8.719827	-10.020824	0.458231	5.990628	1.693698	6.033617	-4.669259	-10.453593	-5.824085	-8.301222	-8.003465	-11.824212
5478	6	3.443321	-8.015199	-4.958653	-9.220692	-14.149709	-2.818819	7.548630	-10.894464	-5.149759	-2.617185	-14.363270	4.788006	-2.988763	-6.018409	-4.446957	-12.845773	-13.584307	-8.771810	13.497574	-11.895251	-5.165963	3.045147	-14.381477	6.502801	-7.134606	6.575949	6.599371	-15.277912	4.081125	-8.803492	8.709296	1.166125	5.793398	0.654690	3.383676	6.250511
5500	6	-6.523762	6.926233	6.421620	-14.816904	9.270298	-11.478779	-5.084821	-3.747263	1.666103	-9.119172	5.620143	-11.466194	9.964154	-14.253610	-3.696300	8.407380	-4.642612	6.716112	9.963236	-8.567046	1.666084	7.770929	3.164152	6.716059	-5.083903	-9.444144	-3.680856	-8.482713	-4.466401	-11.466072	8.524362	2.125062	6.417219	2.066567	9.085160	6.488835
5514	6	-8.219114	-7.214500	-1.066319	-10.144435	-6.813848	-8.306121	2.687451	1.189881	6.393893	-9.195335	7.637323	-4.893804	4.930727	-12.119689	-1.066319	1.546882	-6.814234	-0.541965	-3.520575	5.779043	6.397502	-15.058853	7.646271	-8.306085	9.814991	-12.119721	-1.066319	7.574309	-6.814234	5.168506	14.504197	0.873621	6.386729	2.661623	7.628347	5.159903
5529	6	-2.813514	8.158173	6.890878	-8.128348	4.698407	-8.669192	11.955686	-14.142913	1.578575	6.146620	-10.230955	6.215121	5.837615	-14.130691	1.578595	-2.732117	-10.230955	-1.795594	-4.417156	-7.674771	1.759505	-9.099563	-10.230695	-8.669216	13.246717	1.768249	6.851636	-1.363663	4.648477	5.856739	13.553209	1.768249	6.851636	1.966638	4.648477	6.215117
5544	6	-7.500894	-8.887483	0.855123	-14.594018	-9.221767	-6.338887	-5.001377	6.192653	7.842524	-17.945612	5.798652	-5.882364	5.220701	0.886557	7.665956	-7.089016	5.763545	4.025157	3.297755	-14.161989	0.855123	-3.400128	-9.221771	5.247600	-5.190222	2.793500	7.752350	-17.978677	-0.098111	-5.941905	9.904106	-14.185393	0.855123	2.454682	-9.221771	8.763792
5548	6	9.781978	1.502816	7.073523	5.430488	7.696872	7.347219	-4.254320	-9.950131	-1.860799	-9.926708	-6.783489	-10.078489	-4.528571	7.538384	7.424457	-12.953032	8.022269	-10.195946	10.020095	-15.657085	-1.887129	8.068735	-6.837832	7.377292	5.059165	-1.080883	6.081013	5.938028	5.039530	7.346807	4.756796	4.180567	7.367826	-1.559179	8.013385	5.330841
5577	6	-8.473612	-10.782420	-3.711274	-8.593733	-8.466717	-3.917493	8.249723	0.910879	5.295803	1.880632	7.618416	5.905752	8.075923	-16.835897	-3.711274	6.219767	-8.530932	5.954512	-8.352548	6.995923	6.056297	-14.403029	8.254319	-3.917514	5.534301	0.911704	5.297139	-3.056066	7.618786	4.578191	1.290039	6.926643	6.056297	-9.045416	8.253772	4.454893
5589	6	8.494426	-17.098813	-7.839978	9.307762	-7.433784	7.456949	-7.268399	-11.007442	-7.839978	-3.506476	-7.433784	-4.743551	-2.854219	-11.007442	-7.839978	2.912386	-7.433784	-0.695811	13.647203	0.804209	4.035094	7.283296	6.860916	7.456953	-3.306947	6.942791	4.641584	-6.933680	7.386907	-4.454036	3.832778	0.834989	4.075958	-3.186268	6.928071	-1.295477
5605	6	0.662664	6.213903	8.016128	-12.734021	8.106130	-4.555269	6.944408	6.083955	8.016127	-8.148503	8.106129	2.656236	0.889401	-8.932710	-3.805284	-6.735505	-9.545729	-4.278383	-4.526962	-8.739692	-3.805284	-10.260012	-9.545729	-10.027656	-4.744647	6.356937	8.016128	-15.850804	8.106132	-10.028647	12.131693	-9.012674	-3.805284	0.782782	-9.545729	6.664197
5610	6	11.434075	-11.758140	-6.361435	7.949896	-11.429067	8.106109	4.352518	-11.757104	-6.361434	-2.013112	-11.429067	-3.772779	13.780773	3.338835	5.409290	6.518598	5.764546	8.106109	-1.252462	7.852697	5.409450	-7.218939	5.770347	-9.005394	5.718455	3.338838	5.409290	-3.444857	5.764546	-3.773561	-2.666535	-7.245569	-6.125491	-5.791349	-11.429063	-9.346451
5656	6	2.906951	-16.851514	-3.699276	-4.763643	-7.393438	-8.659511	3.193310	-0.529139	4.002617	-5.864125	5.274595	-8.673993	8.778168	-16.915096	-3.699276	1.569885	-7.393438	-2.878225	-3.401746	-10.715409	-3.699274	-9.580762	-7.393438	-11.572957	8.704106	-0.570887	3.962517	0.379541	5.113247	-2.882421	11.398368	-16.915096	-3.699276	5.910266	-7.393438	2.765710
5660	6	-6.910913	-9.744994	0.773388	-8.751885	-9.236527	-6.097441	8.018530	-12.184645	0.773388	5.932826	-9.236527	5.852321	-5.080316	5.565416	8.058092	-14.362618	6.051457	-5.898313	8.304757	3.125482	8.058039	0.319269	6.042289	5.674615	1.476860	4.614793	8.058092	-12.574123	6.051097	-2.181451	6.847280	3.127715	8.058040	-5.450381	6.042332	5.188818
5679	6	-10.171640	-8.806714	-2.485282	-9.406964	-11.165493	-11.969247	-9.873421	7.183623	8.092540	-11.675990	6.706803	-11.963540	7.914541	0.644742	7.833329	6.072521	6.700730	4.933777	2.622376	-9.713957	-2.592903	6.374364	-11.169236	-0.509166	8.848205	-15.152901	-2.724214	8.317486	-11.170288	4.942857	2.926494	5.425516	8.085153	4.466380	6.706661	-0.399991
5681	6	-7.924385	-9.301656	-3.636563	-9.999982	-8.442661	-10.982766	3.692077	-13.165066	-3.636563	5.151101	-8.442661	-0.703511	-6.690514	8.048225	6.425774	-12.140802	6.691162	-10.982556	5.101166	2.771611	6.425625	3.391446	6.688608	-0.614110	6.859212	-14.723622	-3.636563	7.245836	-8.442661	4.476231	8.166381	2.622455	6.425549	5.121125	6.687302	4.477407
5706	6	10.789992	-11.022531	-3.219904	9.491773	-10.304209	5.768003	6.640554	-11.022251	-3.219904	7.957286	-10.304209	0.902761	6.577740	2.840140	7.682067	3.121092	4.934490	0.902700	-3.536212	-7.272850	-3.219895	-6.647324	-10.301275	-9.572298	10.727717	2.839822	7.682066	4.688198	4.934486	5.768003	-3.598676	6.590063	7.683375	-11.452464	4.941938	-9.603330
5717	6	-5.605036	5.497376	8.350946	-15.365788	7.521495	-10.324957	6.797021	-10.483381	1.308603	1.212824	-7.984448	-1.633401	2.651882	-9.756517	1.323730	-5.146834	-7.982474	-6.487977	13.291552	-10.483381	1.308603	7.043256	-7.984448	3.999579	9.489240	-2.094700	5.364810	2.595268	2.912434	3.951540	-3.489231	-4.190242	2.448808	-9.748795	-7.176299	-9.113725
5731	6	10.771141	-12.402510	-5.132581	5.339787	-11.352144	5.562077	3.330867	-12.402510	-5.132581	-6.192800	-11.352144	-6.169158	2.503072	3.260885	6.432797	-10.280029	5.104252	-6.172511	-2.947445	-10.482815	-5.132581	-12.297039	-11.352144	-12.505682	9.943572	3.260879	6.432797	2.427578	5.104252	5.560848	-3.626267	5.180671	6.432815	-15.152788	5.104252	-12.523170
5738	6	5.858432	-13.312396	-4.757364	6.732601	-14.697547	-0.306429	-9.001291	-7.648412	-4.757222	-5.732176	-14.345417	-12.855132	8.484982	-13.389949	-4.757365	6.805233	-14.697970	6.233425	-8.230113	7.596550	5.672035	-7.450369	3.137315	-12.832265	9.565323	1.568193	5.493628	5.175778	2.717120	6.244394	7.098767	1.576754	5.495945	5.129936	2.719910	-0.199986
5759	6	3.469737	5.149236	6.149666	-8.322987	5.173638	-4.512262	9.071246	-12.083769	-4.742976	7.343555	-10.486507	6.428941	-3.750724	-5.636924	-4.624911	-9.572455	-10.461672	-11.144760	8.084354	1.803551	6.103767	-3.376419	5.168294	5.279237	12.479024	1.802538	6.103703	3.053634	5.168282	6.428941	0.353839	8.213254	6.150114	-13.287844	5.173654	-4.536118
5761	6	10.153048	-10.353559	0.084105	9.423119	-11.007379	5.152204	-6.411687	3.514211	6.013004	-14.143751	-0.473422	-7.449955	-8.855940	-3.440589	4.297779	-11.016921	-6.517841	-7.449941	-7.130916	-5.876879	0.959124	-9.416910	-11.007174	-7.449829	-6.842496	8.533014	6.403710	-14.584545	4.305047	-7.449955	10.434677	4.327535	6.403638	4.217090	4.305047	5.143380
5809	6	-0.540619	-5.271339	-0.916994	-8.651474	3.931222	-6.965051	9.364558	-8.807941	-5.141852	3.776812	-2.539841	7.365002	9.364402	-7.404137	-0.925394	3.776812	3.895176	7.365002	11.650457	2.950037	4.900693	2.304822	8.169684	7.364985	-0.540715	-6.676250	-5.141336	-8.651586	-2.526156	-6.965057	1.871694	4.718619	4.900772	-6.459730	8.281148	-1.537678
5825	6	-6.578135	6.386665	7.407646	-14.604617	6.364054	-11.808870	5.421224	-14.785137	-4.806270	2.951404	-4.139594	-2.122893	-7.212339	-8.904019	-4.806270	-11.868588	-4.139594	-12.249005	11.567840	-14.786566	-4.806270	6.693616	-4.139594	4.225014	3.151419	-0.756929	0.653321	-5.461604	-0.801319	-7.374278	12.101057	0.477857	7.400829	3.937566	5.898383	4.225057
5865	6	-7.178979	-9.989306	-8.142329	-7.169038	-8.829969	-12.309653	4.914278	-14.965923	-8.142329	1.033868	-9.038173	-2.086902	-4.382768	5.419977	3.802495	-7.297810	6.056773	-12.011843	11.539143	-15.268238	-8.142329	7.560106	-9.039533	5.176640	10.520654	-2.895932	3.761736	7.448505	3.698370	5.174392	4.032552	-1.600760	3.799602	0.861002	4.647665	-2.480254
5920	6	9.300962	2.190669	6.653710	-6.944994	7.411622	-4.690674	5.000543	-9.848949	-0.954312	-5.806754	-8.220394	-4.690677	9.002119	-12.072758	-0.954312	6.970760	-9.186936	6.837081	11.284266	-5.387056	3.614632	6.556385	4.950031	6.837081	7.712236	-4.499686	3.614852	-6.219088	5.390303	-4.690674	13.555446	1.763842	6.651036	5.830899	7.407476	6.837081
5962	6	8.398970	-9.022812	-6.430993	7.648386	-7.800329	6.407164	12.044758	2.716178	4.949715	6.236278	8.232089	6.425800	-6.881454	-3.428851	-5.505785	-4.934316	-7.703088	-10.202742	-3.237137	8.323952	4.978475	-6.381832	8.340437	-9.543586	6.724887	2.716180	4.949715	-0.174957	8.232090	-0.962332	-1.746971	2.290373	0.110062	-4.936934	-3.108391	-8.794042
5975	6	-4.666641	8.806381	6.885055	-16.297111	5.809597	-10.377573	-5.846756	-2.656518	2.403201	-12.743553	4.116526	-10.377041	-7.926557	-8.958113	-4.767773	-9.767577	-1.734649	-10.344073	0.884485	8.417072	6.885055	-14.487592	5.809597	-5.493900	6.224830	-13.971196	-4.768022	4.171994	-1.741129	8.048807	-3.123444	1.277448	1.537573	-10.490162	0.390237	-10.364284
6017	6	8.930478	-12.014162	-4.823947	5.847241	-9.049126	8.762384	5.319038	2.407620	5.704409	-4.109033	6.849707	5.334391	-7.281274	-5.383966	-4.809685	-6.599315	-9.028379	-6.653282	-7.253200	8.916373	5.897488	-10.454159	6.914844	-6.925254	9.193057	2.275009	5.668471	1.983316	6.836929	8.463363	-2.425146	1.993663	1.019447	-6.606717	-3.441090	-6.622133
6031	6	8.717223	-6.015029	-5.840058	2.978727	-8.581878	-0.139098	9.374844	-6.034564	-5.840177	5.573760	-8.581878	5.447099	-2.634966	0.206809	-2.010360	-9.877041	-7.047775	-11.602799	-8.680879	7.877412	5.114411	-13.209202	7.301514	-11.602862	-2.638190	-3.174160	-5.633305	-9.877044	-8.581853	-11.602800	9.151081	4.945390	5.108786	2.257799	7.297189	5.447099
6101	6	10.389369	-12.404201	-4.032064	5.944374	-9.146736	3.704286	10.809984	2.844220	7.322124	-1.195363	6.650071	3.704041	-3.464585	-6.711611	-4.032062	-10.562903	-9.146732	-10.162657	-1.731752	5.022056	7.322293	-12.380571	6.662277	-6.370358	12.001389	2.844220	7.322124	4.123889	6.650071	3.704286	2.975379	2.844519	7.322125	-5.990484	6.650078	-6.039758
6104	6	-0.169291	-5.656845	-0.044859	2.998766	-3.704763	-3.354973	10.432456	-11.367892	-0.304590	7.176916	-3.707140	1.879696	-7.084872	4.400267	6.054149	-10.954400	7.843062	-9.880277	-10.701386	-1.092342	4.059854	-8.957970	7.180078	-9.878164	11.635652	-11.421729	-0.304795	7.187366	-3.707142	3.882544	-6.404246	-4.736434	0.153200	-5.418166	-3.702264	-9.604172
6145	6	-6.446737	8.613575	8.429418	-11.569993	6.656745	-8.070931	6.210933	1.498396	8.324080	3.852811	6.493309	1.278803	7.405779	1.498101	8.324039	3.889299	6.493277	7.064109	6.543607	-15.912652	-4.191278	6.624472	-8.808946	1.279265	-5.948938	-9.263955	-4.173638	-8.783161	-8.496235	-8.070343	7.732934	-15.912733	-4.191278	6.653660	-8.808946	7.064165
6155	6	7.233619	-9.264882	-5.656145	2.148981	-13.473837	-1.250374	10.753018	-9.264882	-5.656145	8.653426	-13.473837	4.309920	-6.418276	7.256476	6.404628	-15.961454	5.916711	-6.928642	2.969194	-9.078843	-5.656145	-4.813100	-13.473837	-5.485939	-2.890975	-5.265710	-5.656144	-8.915414	-13.473837	-6.928279	7.091145	3.256775	6.404600	3.034538	5.916143	4.298806
6165	6	-2.978400	-10.585818	-3.719701	-3.567504	-10.583443	-13.146092	11.765623	-14.841894	-3.719702	8.528656	-10.583443	4.810227	-4.643629	6.140720	6.591347	-8.008922	6.533246	-13.609940	4.505364	-14.841468	-3.719702	-1.389841	-10.583443	-4.079194	10.108574	1.850302	6.591215	5.404335	6.512100	4.809354	7.992237	-14.841894	-3.719702	2.932709	-10.583443	-1.153961
6179	6	1.108437	7.607725	7.884349	-11.098546	6.074688	-8.153608	7.265104	-14.505511	-0.741305	1.850586	-10.482733	0.612005	1.498620	-9.849926	-0.741305	-5.394444	-10.482733	-7.055128	-4.488471	-9.762350	-0.741305	-9.428851	-10.482733	-11.546716	-4.877379	7.635459	7.884349	-14.848587	6.074688	-11.546718	11.850959	-14.505576	-0.741305	6.157780	-10.482733	4.703159
6215	6	5.365448	3.318615	6.615126	-12.573222	4.451562	-0.382065	8.022066	-14.779638	-1.950563	3.101170	-10.286116	6.595636	-7.446001	-9.341858	-1.950563	-15.663861	-10.285874	-6.859821	-4.158901	7.169101	6.617059	-18.901423	4.464724	-6.856591	2.598783	-11.116380	-1.950563	-3.158343	-10.286095	5.509465	6.554323	2.497405	6.606197	-0.237299	4.422652	6.567931
6242	6	12.766524	-9.636199	-3.873601	7.402272	-7.875267	7.179208	10.946144	4.921132	6.396326	2.941192	8.526166	7.156126	-4.018762	8.387554	6.396326	-14.594931	8.526166	-11.250180	16.631788	1.530814	2.006315	5.721120	-0.205475	7.178761	12.767418	-2.075617	0.559056	7.339464	4.457447	7.179203	-2.198698	-6.234355	-3.873601	-9.941425	-7.825413	-11.250025
6247	6	-3.860300	-9.022490	-3.850165	-9.980082	-11.935135	-8.046798	10.293467	-10.706569	-3.850165	8.833161	-11.935140	5.595063	2.707643	4.384300	5.596746	-8.228168	6.290711	-2.783507	4.409387	-10.706183	-3.850165	-3.504836	-11.935140	-1.908156	9.426620	4.030621	5.596688	4.142736	6.290680	5.443336	-4.719876	5.714727	5.596779	-14.725228	6.290735	-8.058464
6266	6	-2.647540	-9.399481	-6.628480	-8.279568	-12.322598	-12.189617	4.439047	-11.791118	-6.628480	-4.444526	-12.322598	-5.383986	12.795241	-14.463903	-6.628480	5.983932	-12.322598	4.062748	14.889897	2.250475	4.746036	3.324771	4.714373	4.062748	4.274629	5.073449	4.762694	-7.213149	4.819381	-7.042002	-0.560686	7.188996	4.762728	-8.575046	4.819684	-12.188078
6300	6	9.762174	-13.005414	0.344847	3.143518	-8.496483	4.184751	-0.030725	-10.158242	0.344852	-8.630298	-8.496482	-12.898471	-0.479334	6.679717	6.396079	-11.829092	5.172452	-13.337627	3.744153	-12.861569	0.344847	-4.180360	-8.496483	-3.987245	3.307887	4.339401	6.394549	-7.392329	5.172438	-6.270160	3.779860	-12.877352	0.344847	-4.018864	-8.496483	1.317658
6343	6	0.638387	7.415061	5.814145	-14.820116	6.799451	-11.176549	-8.674521	-8.066728	-5.689985	-11.615776	-9.791914	-14.080288	-4.499159	7.771194	5.814145	-17.245711	6.799452	-14.072042	2.103866	-0.101358	0.432579	-8.096667	-4.854501	-9.081478	-2.621094	0.682554	0.432592	-10.793337	-4.811026	-13.972479	7.366432	-11.361548	-5.692413	3.780387	-9.806549	4.710232
6359	6	-9.196261	-8.046212	-4.517888	-10.868668	-8.132128	-10.917181	6.376987	2.334919	6.153615	2.436806	7.373984	5.428973	-11.905407	6.728826	6.153719	-15.561837	7.375828	-10.917247	9.430258	-12.439966	-4.517888	6.882671	-8.132151	5.437074	7.930804	-12.439966	-4.517888	6.169326	-8.132151	0.097009	4.621875	2.340283	6.153617	1.629713	7.374004	0.069044
6361	6	-2.186716	-4.026600	-1.187403	-10.754625	-9.898019	-11.032035	5.605191	0.382738	8.898141	1.077403	4.654801	3.922985	-1.750026	6.659747	8.945808	-17.149475	6.169879	-10.688343	8.528391	-11.586234	-1.879469	7.553606	-9.907198	4.701212	2.658643	-10.916224	-1.879469	-4.493968	-9.907198	-5.189584	-4.332442	-0.497657	4.608333	-11.625095	-4.477956	-11.207723
6433	6	-11.060586	-6.593148	-2.146822	-9.830483	-11.588554	-11.706140	8.105934	-11.164157	-2.571188	5.404728	-11.837914	0.985937	-10.030929	6.937944	8.217916	-12.460739	5.442935	-12.021576	8.201521	-11.164159	-2.571188	7.585029	-11.837914	5.381509	9.229493	2.366686	7.903126	5.048030	5.431256	5.369038	9.093474	2.366686	7.903126	2.741825	5.431256	0.901897
6524	6	-8.431281	6.773047	7.415550	-11.406819	6.140930	-10.868275	9.265810	-13.174570	-4.384059	3.742440	-13.210856	-0.086214	4.221295	2.199641	7.415550	0.159682	5.904247	-3.156347	-5.278090	-8.730322	-4.384058	-8.344396	-12.906290	-10.868275	9.534124	2.088529	7.415550	4.158219	5.886154	5.078593	12.689050	-13.174572	-4.384059	7.220797	-13.210856	5.078593
6530	6	3.705683	2.762791	3.653735	-11.083270	6.154744	-4.140650	-5.386922	-7.959526	-8.582485	-11.366148	-9.286749	-6.643698	12.668335	2.757783	3.653735	0.578089	6.153763	6.359965	-1.791532	6.235389	3.653754	-15.980732	6.438236	-5.258755	9.761690	-11.326600	-8.582485	5.418683	-9.516722	6.684718	5.705527	-11.326599	-8.582485	-0.455594	-9.516722	-2.116393
6575	6	4.726639	0.963317	6.674347	-5.458118	6.018485	5.616216	-7.102324	7.853476	7.509197	-18.699354	7.040460	-3.534037	-9.437094	-10.958218	-4.669837	-13.536789	-8.392820	-3.518089	9.899597	0.706742	6.516244	1.247250	5.222473	8.443286	-1.335904	7.849957	7.509174	-9.869245	7.040460	2.703494	8.676650	-17.092842	-4.702559	5.020489	-8.392820	8.550339
6598	6	10.253279	-11.586962	-5.800779	7.783790	-9.216683	6.422600	-3.550662	8.406804	5.152148	-11.259817	6.281055	-11.192477	12.659753	3.686554	5.151883	5.685151	6.280996	6.421678	-2.882267	-6.868091	-5.800779	-9.161213	-9.216681	-11.192277	0.623105	8.226705	5.152148	-10.829216	6.281055	-7.473962	1.053189	-7.178293	-5.800779	-7.829246	-9.216682	-5.753443
6623	6	-4.900869	6.051815	6.066338	-14.871639	6.602297	-12.902164	14.091996	1.344102	3.909384	7.773980	0.249907	4.554499	-4.740880	-9.327174	-5.246735	-10.451253	-10.293582	-12.902162	9.757485	-13.692004	-5.246735	8.195286	-10.293582	4.554499	3.141815	1.347161	3.909408	-5.771236	0.249938	-7.006482	9.604743	1.352961	6.066104	3.842568	6.600470	4.554484
6687	6	12.225553	0.885214	5.273391	4.101316	5.569736	4.347113	-6.948738	-10.237472	-4.198152	-7.553828	-9.330913	-12.461394	8.236068	-16.204669	-4.198680	7.206635	-9.330915	4.347529	-2.651887	6.861114	5.335581	-10.902019	6.110058	-12.499614	8.351704	0.885214	5.273391	0.189978	5.569736	-0.993313	5.090707	-16.198547	-4.198680	3.467878	-9.330915	-0.899033
6738	6	14.346713	1.649291	6.892062	3.836210	5.944730	0.120182	11.598810	-15.289964	-2.839270	6.613862	-12.160414	0.122418	-5.082047	-9.139315	-2.839270	-10.312362	-12.063298	-9.396227	12.675197	-15.289965	-2.839270	8.426378	-12.160414	6.672337	-2.271902	7.487617	6.892112	-13.012608	6.599271	-9.396302	15.424248	1.649291	6.892062	5.707483	5.944730	6.672176
6743	6	-8.332763	8.466679	5.827162	-7.907323	9.502940	-12.283412	8.825840	2.130565	5.743700	4.707839	9.476333	6.220772	9.139092	-16.047018	-4.819632	7.067272	-4.616621	-0.107885	9.365054	-16.047018	-4.819632	9.556302	-4.616621	6.226864	8.472945	2.130565	5.743700	2.189204	9.476333	-0.150028	-7.791693	-9.711051	-4.604924	-2.953426	-4.616621	-12.151194
6763	6	10.506770	-17.331542	-4.450942	6.567740	-11.110286	5.155393	-8.122772	-11.264247	-4.450911	-9.703265	-11.110286	-12.418072	3.881166	1.621106	7.486060	-10.849268	5.411159	-6.950974	-2.566957	6.386789	7.486068	-14.521120	5.550213	-12.414135	-1.713231	-0.557116	1.124950	-9.648392	-10.319621	-12.395000	16.062362	0.315293	7.483755	1.733334	3.223380	5.155393
6785	6	-1.563547	6.704541	5.546069	-11.341851	9.202974	-12.956036	10.239536	-14.819062	-1.214018	6.125956	-9.538416	6.254153	-4.358775	-8.826802	-1.214017	-7.094131	-9.538416	-12.499056	13.645532	0.702582	5.078919	2.363412	7.839591	5.890017	4.288414	-14.156146	-1.214018	2.387187	-9.538416	-0.497640	8.997522	-5.586399	4.656442	3.229326	2.315888	6.055709
6824	6	-11.249222	-4.024811	4.703993	-8.791438	-4.465584	-9.964088	-4.939374	4.663147	8.787532	-12.006768	7.588072	-10.013570	8.984319	-10.997249	2.358238	6.381452	-6.986920	5.612312	5.313620	-10.997249	2.358238	1.287846	-6.986920	0.119515	10.004578	0.572377	8.787222	1.942581	7.444234	5.377720	-5.998938	-7.699840	2.358501	-7.453579	-6.985685	-9.883667
6839	6	14.634145	2.786658	3.075302	6.140231	-2.488786	9.082671	8.795767	-11.372327	-1.750637	6.144896	-7.080901	9.082756	4.501757	4.736140	8.352465	-3.056867	4.439710	5.976773	-5.115967	6.465129	8.353807	-16.066089	4.439791	-7.257262	-6.873059	-9.643341	-1.750562	-9.949125	-7.079897	-7.228225	-1.067975	4.558095	3.095275	-9.137863	-2.473832	-7.204232
6877	6	-5.612362	-5.276840	-7.200998	-7.853366	-5.012339	-13.644570	6.048875	-9.357492	-7.254691	1.263784	-7.583679	-3.077702	-4.160312	7.421789	5.439170	-10.016384	8.772924	-13.772365	1.987543	3.484056	5.420199	-8.470523	8.767155	-9.268401	12.163836	-9.357493	-7.254691	5.624385	-7.583680	3.478745	13.520235	3.395366	5.417726	3.476001	8.766756	3.328805
6894	6	9.085212	-9.505598	-4.139445	6.835880	-10.293935	6.976182	-9.661352	-4.359175	-4.139371	-10.163417	-10.208746	-8.301230	12.409121	0.050147	4.192342	4.769117	5.608461	6.976182	1.323580	-0.120557	-1.487939	-4.855222	-4.102490	-2.318705	-6.285098	5.378977	5.963518	-11.679851	5.755932	-8.301233	-3.909368	1.603943	0.688788	-7.342179	-4.089179	-8.261737
6911	6	13.381473	-10.275864	-5.057062	6.830047	-11.335971	7.036985	-6.665029	9.444982	6.662586	-13.475376	7.119984	-11.616171	-2.787030	-4.072831	-4.960733	-8.575386	-11.284774	-9.661922	9.507453	-10.275864	-5.057062	4.721390	-11.335971	0.523194	1.372198	3.423267	0.657038	-5.243858	-5.076257	-6.730191	10.965244	3.242090	6.621020	1.948504	7.113993	7.035513
