118	5	-9.796175	0.935293	0.293659	-9.312637	-4.252978	-10.053629	4.194051	-8.289012	-1.996199	5.854406	-11.118610	4.927511	-15.024988	-6.324770	-1.995844	-9.311265	-11.118610	-10.053578	-11.483145	6.159651	5.862276	-14.910269	2.668002	-10.107679	6.153906	4.216931	5.862269	0.137204	2.668000	3.701441
393	5	-11.611151	-11.473229	-4.139736	-8.035340	-11.852612	-8.865512	4.261930	-12.336818	-4.139736	7.535499	-11.852612	8.349742	-0.117162	-11.752403	-4.139736	7.464542	-11.852612	6.258051	-10.282556	4.557861	5.801574	-11.530527	3.364009	-8.861491	5.590991	3.634417	5.801574	4.039193	3.364008	8.527159
410	5	3.171160	-8.550655	-1.111642	7.205246	-10.892487	5.458282	-7.085034	0.561651	2.674546	-10.863135	-5.345559	-13.121465	-12.500907	7.299311	6.061891	-15.608476	4.952616	-13.161345	3.457898	5.022128	6.061849	2.517098	4.951776	5.130005	-12.575982	-5.698441	-0.598866	-10.859082	-10.846308	-13.121350
417	5	-11.330569	5.766091	7.163778	-12.632364	2.284475	-5.476488	3.429321	0.233000	7.160799	3.146309	2.284458	8.492244	-11.852098	-9.741014	-4.258580	-9.236061	-8.689058	-5.476488	4.057279	-15.343565	-4.258580	6.541031	-8.689058	8.494250	0.776528	-9.771375	-4.258580	5.821385	-8.689058	6.704667
511	5	0.149780	-9.206565	-2.657919	1.847168	-11.414832	7.418983	-12.497979	8.625159	6.369130	-16.512543	1.879541	-5.393349	4.858819	6.140467	6.368945	2.487071	1.879244	7.529564	-12.652780	-8.952515	-2.657918	-12.542581	-11.414648	-5.393392	4.711735	-11.327733	-2.657920	6.460110	-11.415245	7.566544
536	5	-9.501294	-10.065961	-1.322011	-5.105128	-11.688311	-9.822843	-13.487659	0.427219	5.228846	-7.028748	-0.585211	-9.877511	-10.369100	5.694774	6.768976	-8.825890	3.817137	-9.866619	4.254506	-16.657462	-1.322011	4.204159	-11.688311	7.091224	2.820507	0.895082	6.768163	0.441203	3.816492	5.404528
683	5	-1.544258	-10.752019	1.102086	6.341522	-10.651095	5.155324	-14.149400	-10.751998	1.102086	-6.722527	-10.651094	-6.134366	-15.744942	0.687230	5.529699	-12.546178	-5.119568	-6.135206	4.114395	-17.288207	1.102086	6.650020	-10.737442	8.364151	-1.575732	-10.752016	1.102086	4.398005	-10.651095	1.159427
848	5	4.909235	-10.620621	-2.563523	4.899103	-15.476489	6.340729	-4.448508	3.518738	3.559562	-11.014029	-6.635776	-8.615471	-6.175815	-5.973671	-2.563519	-1.235963	-15.204932	-6.660692	-7.740965	8.434726	8.235595	-12.922038	1.810789	-8.615471	4.400620	3.799319	8.235531	-0.225418	1.810789	6.340683
857	5	5.518133	-7.649463	2.943317	6.209838	-9.570358	7.281900	-4.507919	0.895602	3.312515	-9.986311	-4.351787	-8.962749	-5.226631	6.658561	5.969837	-14.847634	3.943049	-9.217666	4.837921	2.402006	5.968426	-2.392302	3.912626	3.957402	8.391488	2.401232	5.968423	1.337202	3.912562	7.353370
876	5	-7.240310	-6.213223	-3.392370	-9.887579	-16.528303	-13.657769	7.169083	-11.484402	-3.393146	8.223264	-16.528303	3.871244	3.602368	-8.961726	-3.393143	2.324276	-16.528303	-2.184675	1.263400	1.223001	3.018188	-3.955161	-9.853981	-8.354081	-5.205532	1.566609	3.040277	-10.276794	-9.769057	-13.657766
880	5	-13.920263	-7.048959	-4.812110	-6.959908	-12.507681	-7.779113	-2.560458	-7.381537	-4.812110	5.121304	-12.599413	2.577477	3.919383	-10.984385	-4.812110	8.079927	-12.982998	6.654730	-13.419245	6.782484	6.791752	-9.256518	3.900051	-7.779113	4.415035	2.544633	6.762043	5.845130	3.561960	6.661590
891	5	-2.912632	-12.498683	-1.606631	3.070317	-9.013217	4.080659	3.561331	-16.354334	-1.606631	7.402998	-9.013217	7.584756	-10.975741	-12.498683	-1.606631	-5.332957	-9.013217	-6.225692	-9.183031	6.667825	7.406156	-13.303467	2.558933	-6.225704	5.378874	1.785854	7.389223	0.247811	2.556848	7.175869
925	5	-5.316740	-9.191876	-2.967708	-9.312154	-5.250964	-10.711605	2.826031	-11.716958	-2.969883	2.444244	-5.251507	-1.718992	6.171570	1.886510	8.287807	2.211909	1.553263	4.699173	-5.427613	6.369698	8.297763	-15.800129	1.553820	-10.739585	6.450461	-13.673781	-2.969946	8.574191	-5.251523	4.715595
1175	5	-10.426849	6.478663	8.944832	-12.201381	2.832553	-13.304886	3.064665	-9.641365	-0.503852	1.802209	-10.459343	-2.230561	-4.783897	0.699915	3.655464	-6.434546	-3.533802	-13.293916	-7.711369	-5.607494	-0.503518	-6.392551	-10.459075	-13.293289	4.681672	-10.607755	-0.503852	6.819110	-10.459343	2.620419
1192	5	3.288112	-15.792364	1.474873	7.555027	-17.130870	5.383690	-5.096472	-9.438541	1.474873	3.026819	-17.010618	-5.033788	-3.642071	0.663016	4.156513	3.144858	-8.118115	-4.532435	-10.100043	0.664051	4.156513	-4.901856	-8.117606	-7.937414	-11.403336	-9.438493	1.474873	-4.532498	-17.010614	-7.422444
1223	5	3.645726	-6.182892	-0.038982	4.539517	-11.624142	7.152918	-12.758902	3.502029	6.046351	-9.855705	-3.442893	-9.520262	2.352687	2.179280	6.043358	1.951942	-3.458733	5.400832	-12.789433	6.356246	9.120057	-9.858434	2.920257	-9.520360	2.330908	5.078331	9.117225	1.946719	2.917095	5.343860
1276	5	4.657658	-6.035088	-2.878197	8.765849	-12.737059	5.693913	1.475700	-0.146142	2.070287	-9.695327	-10.663684	-5.009723	-4.576735	-2.220209	-1.035360	-8.062051	-12.679814	-9.827315	-6.960530	9.109597	6.541521	-14.777072	3.171515	-9.827323	5.142602	5.621222	6.540718	2.294485	3.171485	5.683771
1297	5	-8.045511	-8.584078	-4.126115	-1.029693	-9.078273	-11.805130	-12.328433	7.960048	7.335622	-11.450864	1.943782	-12.348367	-9.933543	4.330290	5.780976	-9.607501	-2.364334	-12.348367	4.049392	-11.117426	-4.126115	6.831264	-9.105178	7.164602	3.426640	5.383080	7.335622	1.774960	1.928231	7.148835
1299	5	5.188165	-16.513980	0.904150	3.973949	-15.175533	-0.780380	-5.891956	1.880684	5.544159	-13.549785	-4.258562	-12.016587	7.200349	-16.514016	0.904150	8.880960	-15.175533	4.686010	-0.907203	-10.193328	0.904150	-8.303202	-15.175533	-11.472549	-5.883937	3.070029	6.264340	-13.549807	1.658261	-12.016586
1338	5	1.309330	-1.065659	-0.865792	6.629524	-11.848589	7.114206	-7.656328	2.498352	-0.076852	-11.023975	-10.010135	-9.670306	1.307418	-1.048551	-0.851693	6.612499	-11.835608	1.243884	1.292743	-3.113420	-3.667993	6.650837	-13.435742	1.231266	1.295823	-3.119724	-3.678267	6.668432	-13.440431	7.105316
1340	5	-4.368781	1.778716	-0.029684	-8.608881	-12.384677	-9.764553	7.570699	-8.459221	-5.556279	5.676042	-17.808563	7.045898	6.042257	-8.458644	-5.556182	-0.842326	-17.808563	2.202280	-8.731310	-2.074275	-1.949606	-8.602887	-17.803513	-9.770855	1.631348	0.284305	-0.508523	-3.904775	-14.397667	-5.859280
1383	5	3.837250	-15.941255	-2.434274	7.430468	-16.821740	6.043443	-5.735285	1.587849	3.500650	-8.555485	-10.497065	-11.654846	-11.748194	-10.199118	-2.332671	-8.534084	-16.821740	-11.654848	-0.119086	1.175585	3.397174	-4.893425	-11.042100	-11.434185	0.427377	-1.180571	2.311155	2.998586	-15.989806	-3.559594
1455	5	-12.055764	-3.975405	3.914197	-11.427906	-11.114099	-10.924476	-11.240475	-10.202287	-0.365133	-9.617057	-18.257253	-10.880160	-8.507161	1.882506	4.109908	-11.564425	-6.042842	-10.926097	2.545636	-13.715645	-0.365133	6.083045	-18.257672	5.360477	-8.261499	3.619601	4.109909	-11.564382	-0.911079	-10.926097
1471	5	5.433572	-11.720757	-3.110978	7.019217	-10.760067	6.470274	-6.660909	3.299451	2.856980	-5.716704	-2.456593	-9.801792	-8.794979	7.640480	7.150722	-11.694330	2.313727	-9.801792	-10.348450	-7.889536	-3.110978	-5.596589	-10.760067	-9.801792	7.010971	3.809889	7.150722	0.112069	2.313727	6.467271
1512	5	-13.949037	-10.152059	-5.914776	-5.159454	-13.943929	-9.414362	-2.246795	-10.152067	-5.914776	3.578293	-13.943929	6.548714	2.260592	-11.370784	-5.914783	6.563210	-13.943929	0.501283	4.397953	-15.874026	-5.914784	6.759815	-13.943929	6.940388	-9.981824	4.208004	4.544020	-7.687053	1.886015	-9.414383
1542	5	-9.937988	-5.340017	0.768289	-7.184221	-15.247595	-7.252426	4.405351	-7.036803	0.763334	6.562109	-15.281630	8.174178	4.791309	3.545615	5.811216	4.931253	2.396976	8.174157	-10.135338	5.270296	5.813760	-8.820493	2.396976	-7.252426	-5.080234	0.040351	2.290020	-7.360123	-5.829273	-7.252413
1547	5	-4.428701	2.902142	0.610663	-9.398478	-6.981666	-9.116605	-8.872221	-3.226709	-4.874611	-9.398478	-15.546971	-9.148404	2.493293	-4.201963	-4.875097	6.143073	-15.546987	5.847400	3.422791	1.413989	0.592554	-1.679228	-7.316027	-4.991692	0.347051	2.625371	0.610493	-5.973033	-6.985090	-5.923662
1612	5	5.006782	-9.573674	-7.008160	7.999270	-12.027488	7.211428	-9.973672	-3.716048	-6.754626	-7.632136	-7.447995	-6.106984	-10.249935	5.852681	5.631806	-12.270427	4.059461	-6.106984	4.486140	0.136623	5.465967	3.360601	4.058004	7.209311	-4.594635	-3.717413	-6.755283	2.558723	-7.448013	-2.002514
1676	5	-12.416735	-6.120886	-5.176425	-8.656858	-8.483514	-8.378582	-8.749978	-0.216217	2.451655	-10.800162	-2.454484	-8.378582	5.182710	-11.398363	-5.176580	8.488567	-8.483517	5.279230	-9.757237	1.544577	7.678288	-14.260483	0.173040	-8.378582	-9.757105	3.516119	7.863864	-14.260480	1.997588	-8.378582
1727	5	-14.326655	6.688580	8.357658	-10.970404	2.470558	-10.813440	-9.604944	1.341217	3.173771	-7.350910	-7.198002	-10.813440	-12.387739	-5.243921	-1.864188	-5.057281	-11.801648	-10.813440	2.951145	-7.694012	-1.864235	7.401512	-11.801648	6.072169	-0.614347	-5.243924	-1.864188	5.336375	-11.801648	3.774208
1748	5	-9.197334	-6.742428	-5.513105	-7.680341	-12.773030	2.765479	-13.303600	-6.742428	-5.513105	-12.039192	-12.773030	-3.638274	4.536386	-11.521599	-5.515701	5.658903	-12.840407	9.673645	-9.353452	5.855865	6.155046	-12.853686	1.810030	2.765477	-1.631172	-6.742867	-5.513106	4.292982	-12.773111	5.450169
1788	5	-6.880987	-10.425704	-2.003791	-10.615595	-11.529194	-7.705748	-9.817321	6.367301	6.327679	-12.462596	3.416755	-7.921870	6.110362	-16.004550	-2.003791	6.577196	-11.529194	5.521495	-3.759606	2.292505	3.586411	-11.113279	-1.468674	-6.562287	3.195925	4.230026	6.327676	4.644054	3.416755	5.101273
1937	5	-12.087786	-10.535667	-5.629445	-7.554974	-16.868718	-5.345562	-1.567681	-10.695356	-5.629498	6.706025	-16.868722	3.745301	5.054466	-14.005158	-5.629713	6.914769	-16.868738	7.484405	-0.754003	3.276641	6.131327	4.863002	1.394696	4.464260	-11.290665	3.566429	6.142506	-9.562203	1.402343	-5.345562
2192	5	1.960039	-9.138058	-3.432445	-8.039908	-16.330202	-6.611396	-3.038625	-2.343150	0.443258	-13.524169	-13.350720	-13.195958	2.131869	-2.855767	0.035381	-8.004703	-14.820809	-6.609491	-3.400103	-8.831017	-3.382175	-13.751511	-16.330199	-13.200950	7.604858	-15.356469	-3.663242	4.544143	-16.330211	4.146000
2198	5	-6.655458	5.299967	4.632652	-11.478807	-2.126261	-10.564446	5.218701	-8.414763	-3.407459	7.472241	-13.927375	5.820758	-9.937055	-5.545224	-3.393720	-6.402933	-13.927368	-10.708972	5.327903	4.977089	7.134711	1.038471	1.525707	5.757160	-9.355061	7.926229	7.140266	-12.759464	1.525712	-10.700297
2214	5	-14.780231	-11.793107	-5.590987	-4.778912	-13.063597	-7.976865	3.176376	-17.361761	-5.590989	7.997076	-13.063597	6.312304	-9.048238	-11.793107	-5.590987	2.216073	-13.063597	-2.156284	-11.625813	6.899975	6.940165	-8.407067	4.316775	-8.035596	-2.552975	-11.793112	-5.590987	7.436051	-13.063597	6.071475
2271	5	4.711451	-8.817332	-3.314418	5.993535	-9.006300	7.661602	-9.294456	-5.755631	-3.314418	-10.356999	-8.970521	-5.582902	-7.055197	8.950586	4.936041	-14.110984	2.215742	-5.582901	4.421168	6.116464	4.936041	-3.339660	2.215703	7.654873	7.980793	3.792593	4.936041	2.215554	2.214759	7.661603
2282	5	-11.486099	-8.505216	-2.924102	-5.398012	-13.056769	-8.385197	-10.987970	7.023997	7.191082	-11.585719	1.967219	-8.396464	-7.101100	1.904082	2.387477	-5.411345	-7.180895	-8.385504	-1.405444	-8.509908	-2.924206	2.840334	-13.057157	4.177185	4.895740	-11.972917	-2.940175	3.195148	-13.169771	6.873565
2307	5	-11.770350	9.268466	6.786679	-13.431472	2.584002	-13.969108	9.395410	-5.867740	-5.684423	7.725109	-14.757724	4.926104	-6.138099	0.665330	0.867578	-8.444754	-8.893353	-13.277744	9.047235	-5.712564	-5.684026	2.617170	-14.757647	-1.725187	4.170264	7.134031	6.786679	2.715039	2.584000	4.495843
2447	5	3.901560	-7.592890	-5.674368	7.548289	-8.841560	6.226098	-11.793491	-6.993973	-5.674368	-3.657868	-8.841560	-5.793390	4.977367	5.328454	5.846303	4.728301	1.915995	6.317323	-10.720275	5.935926	5.846308	-6.556219	1.916000	-5.793388	-5.156362	-6.993973	-5.674368	3.589143	-8.841560	0.153220
2533	5	4.883963	-14.975399	-4.592942	7.245137	-10.699457	9.364811	-7.960667	-10.874432	-4.592941	-7.558599	-10.699457	-7.403826	-5.968289	6.495163	6.771374	-10.552238	1.589383	-7.406700	6.613077	0.956880	6.717225	4.292541	1.412076	9.362262	1.023844	-0.378987	1.769302	-3.194253	-2.853084	-3.811150
2598	5	10.926730	5.544410	3.885708	5.549645	-6.075619	6.537746	-6.449200	7.731493	3.885708	-5.486800	-6.075619	-11.220735	-9.418880	9.180677	6.746547	-8.571249	1.939505	-11.220735	7.942374	6.993696	6.746547	2.463076	1.939505	6.528608	10.030618	-4.729828	-1.200911	6.138678	-13.947917	6.537746
2616	5	-10.989069	6.795592	6.158032	-11.088984	1.912330	-10.090985	6.577245	-12.572518	-5.616752	5.701552	-9.714536	8.188496	-4.818961	-7.533820	-5.616506	0.103297	-9.699903	-4.498577	5.681210	2.206836	6.155500	0.654250	1.886560	7.746010	3.270888	4.018174	6.157862	0.073546	1.910270	1.056720
2794	5	-12.626692	-9.151500	-5.031561	-11.083032	-10.425315	-8.396065	8.818547	0.723321	4.644172	4.383245	-1.835946	8.003721	-8.057747	6.805404	5.974234	-14.083921	-0.895950	-8.396065	4.605885	3.085007	5.677176	-8.427722	-1.119560	-2.021025	3.383731	-11.050271	-5.211619	5.533590	-10.511578	7.983732
2955	5	-13.265846	-7.569408	-3.679232	-5.633896	-14.953861	-10.529658	-7.167467	4.368536	6.294771	-11.750245	-2.686299	-10.529666	-7.160841	9.345962	7.190791	-11.828012	3.659898	-10.529666	2.933988	-10.325868	-3.679232	7.660399	-14.953884	4.996256	9.134177	4.285084	7.190722	1.680459	3.659780	5.082832
3144	5	-11.157930	-8.074980	-5.573137	-10.446922	-14.783673	-9.925781	-6.130234	2.497861	1.056719	-10.447057	-10.009561	-9.925780	9.106468	1.376732	1.012626	6.171643	-10.146338	6.563942	-10.293708	9.555724	7.442487	-15.294978	2.184668	-9.926137	4.095704	-9.145432	-5.573137	6.171491	-14.941636	6.509572
3155	5	-11.064621	6.410702	6.386023	-16.445581	3.088601	-11.712967	-9.117710	-4.334551	-1.148204	-12.857290	-8.508353	-11.712958	4.549823	-0.243700	4.429346	4.035762	-3.114082	5.816486	6.062114	-7.895628	-1.148384	5.369834	-8.840710	5.902520	-11.224214	2.958633	4.863079	-14.709512	-2.311984	-11.712967
3192	5	-3.542522	-9.869727	-3.529403	6.292797	-8.768062	3.514293	-15.667975	-9.869720	-3.529403	-3.391275	-8.768061	-8.671724	3.147986	-12.399809	-3.529404	7.528365	-8.817388	7.278622	-15.353191	8.237197	6.594972	-8.889832	4.487740	-8.963964	3.414974	5.085795	6.594932	2.008298	4.425750	7.021923
3206	5	-11.410167	0.853065	3.304312	-10.922109	-2.517950	-9.878192	-2.009693	-5.867911	-1.418774	1.990502	-8.555443	3.127288	0.380903	0.852941	3.304301	1.788564	-2.518146	4.973969	-13.449008	-5.867911	-1.418774	-10.709770	-8.555443	-9.883501	4.840460	-12.481309	-1.418798	7.473901	-8.555539	7.165137
3211	5	-12.114233	-8.270893	-0.902396	-5.731545	-16.097002	-9.112126	6.180508	-13.231099	-0.902396	8.712327	-16.431034	5.165666	-13.604892	3.620380	5.596700	-8.096258	-4.738170	-9.139927	4.679226	5.463013	8.039179	4.503524	1.545600	5.084739	-13.610945	9.334564	8.054850	-9.942297	1.568572	-9.140942
3344	5	-9.323123	-4.701354	-4.614758	-11.760074	-9.820721	-9.415879	5.529638	-8.077770	-5.018879	5.307440	-10.928751	5.912706	-9.345272	6.269734	5.371402	-13.088552	3.086956	-9.415880	-3.675398	1.313696	0.109868	-11.814687	-5.848780	-9.415650	5.450376	2.964224	5.350589	3.989479	2.831287	5.895627
3370	5	-7.817901	7.003515	5.699572	-14.512486	2.008830	-9.906627	-11.225597	-8.346938	-6.766495	-10.138112	-10.745259	-9.906611	4.842359	1.742669	5.456628	-7.637223	1.954771	0.385483	4.069620	-13.285777	-6.767133	5.067264	-10.745266	6.448230	7.691215	1.722744	5.450387	1.207435	1.953290	5.685286
3380	5	-13.697073	2.334851	2.788978	-7.802021	-5.084980	-8.413650	-16.466538	-8.138310	-1.609346	-7.603827	-15.372064	-8.413650	-1.688391	2.267507	2.775217	3.009839	-5.105824	7.785674	-15.193396	6.717259	7.514944	-13.867263	3.081909	-8.413650	1.307995	-0.255903	1.815807	5.453827	-12.339256	8.301307
3422	5	-10.329231	-5.560339	3.782330	-4.236255	-9.407246	-10.793611	-6.693531	5.787369	8.247132	-7.239990	3.071980	-10.831713	2.593261	-0.855184	3.874906	4.739308	-9.125560	5.069447	-6.392376	0.795119	5.533869	-5.145797	-2.414889	-10.817365	-1.118216	0.779668	5.531427	2.233002	-2.476650	4.602439
3434	5	-1.531536	-10.778449	-3.804113	0.141768	-12.411633	3.087974	3.675581	-13.502240	-3.804113	6.042293	-12.411633	6.378308	-12.152064	6.481417	6.860324	-4.245949	2.628880	-0.848261	-13.230156	-10.427969	-3.804113	-7.923357	-12.411633	-9.304766	4.740737	2.731369	6.844938	3.912698	2.626011	6.581688
3524	5	-6.667967	-8.322031	-3.662590	0.553626	-16.382551	-8.144265	-9.818710	4.881954	8.174389	-10.356856	1.516192	-14.518075	-9.807541	-8.317964	-3.662337	-5.302068	-16.382486	-14.242686	-2.813658	0.130061	0.229943	0.571665	-8.036984	-8.140164	-5.871461	0.225583	0.286288	-5.301818	-7.843668	-14.242599
3884	5	-6.643391	1.923572	4.729071	-13.808401	-2.727068	-5.589035	-6.434600	-9.375630	-0.737561	-12.303850	-10.341193	-5.501251	0.995495	-9.397252	-0.737561	-1.577176	-10.341193	3.646937	5.498513	-12.029709	-0.737562	4.446154	-10.341193	8.643548	0.632552	1.916878	4.728947	-4.029923	-2.727476	3.355983
3987	5	-3.108926	-3.355268	-4.282281	2.091851	-11.433524	5.378920	3.928214	2.315889	6.708772	1.667120	1.596241	8.851243	-7.177848	8.290021	6.737274	-11.456989	1.660758	-2.758035	3.542612	-9.315180	-4.323700	6.772998	-11.565375	8.783784	-7.564903	-3.355268	-4.282281	-6.382864	-11.433524	-2.775366
4032	5	4.735009	-12.437134	1.313688	5.868546	-12.764595	6.636386	-10.311639	-6.167956	1.313688	-8.750562	-12.764595	-7.018656	-9.632248	2.565802	2.616908	-9.165257	-6.614016	-7.016835	-12.722330	8.537250	6.592996	-11.884552	3.094975	-7.021118	5.310074	2.263661	6.582104	2.792411	3.093059	6.705250
4056	5	3.036311	-13.190579	-4.741195	7.948443	-12.766786	6.275133	6.936905	2.040727	6.216932	4.275222	3.405115	6.330475	-4.419145	-7.608795	-4.741194	-7.320582	-12.766760	-8.371520	4.060545	2.040727	6.216932	-4.453518	3.405115	0.432051	-0.207862	2.070503	6.216952	-5.906930	3.406189	-8.370007
4104	5	-1.847689	-8.891037	0.672463	1.441561	-7.921003	6.363598	-14.149339	6.687425	8.447929	-11.309879	3.543867	-8.846711	-14.149310	5.899116	7.941390	-11.309397	1.284667	-8.846711	-14.216828	-8.889961	0.672463	-6.818395	-7.921002	-8.846710	3.356943	-13.698598	0.672462	6.606468	-7.921170	7.365711
4120	5	-7.196708	-7.335592	-1.555885	-7.206822	-11.783866	-8.998554	1.257756	3.629792	3.528752	-5.946275	-2.542311	-5.724725	2.750925	-9.782073	-3.395081	6.893198	-11.905102	7.157272	-2.526488	9.377612	7.920126	-13.621839	3.787231	-9.190609	4.284176	4.751230	7.920124	1.278786	3.787133	7.008073
4249	5	4.806379	-9.007772	-5.455571	7.624980	-15.143627	7.505970	-13.592691	1.260136	5.527967	-10.807531	-3.316211	-9.652211	-12.524118	-4.574378	-5.455548	-7.391841	-15.143565	-9.649469	-1.828969	-4.574397	-5.455548	4.514933	-15.143565	2.393386	-13.801881	6.028030	7.304362	-13.509085	3.130271	-9.652235
4283	5	-5.685624	2.187549	2.011011	-4.583610	-4.344749	-9.788590	-12.148817	-8.709919	-4.433460	-4.542532	-13.738251	-9.788590	4.618310	-14.731199	-4.433460	6.774440	-14.051381	6.835797	5.353124	2.996313	6.332299	3.272672	1.593565	6.835750	-11.469746	9.028167	6.764229	-8.737419	1.749774	-9.788594
4336	5	10.125774	-8.661841	-8.109015	8.533885	-11.885745	6.608613	-6.738893	-1.166645	-4.370120	-8.891197	-10.883686	-10.242136	10.138349	-3.041573	-5.831795	8.533884	-11.877684	6.608613	-0.443802	-1.170357	-4.372923	3.147075	-10.891019	-3.914805	-0.365640	-1.171253	-4.373600	7.818627	-10.892783	1.319011
4404	5	-11.173080	0.864626	0.523196	-10.774045	-2.560793	-7.440461	-16.387283	7.767328	6.815445	-13.333549	3.337069	-7.461084	3.324958	-5.735751	-4.178574	4.317401	-3.030023	5.661472	1.237361	7.688144	6.815439	1.124550	3.336987	4.950185	-14.453169	-3.672744	-4.172230	-10.664030	-2.979762	-7.459461
4635	5	-6.829522	4.393244	2.527871	-9.400793	-2.234136	-7.129879	8.905393	1.284657	2.256366	6.512798	-2.440288	9.100512	6.257680	4.754254	7.736389	1.899681	3.311565	8.509951	-9.435759	7.609376	7.738831	-14.093889	3.311600	-7.183294	6.333452	-6.508448	-2.414036	6.463660	-11.080410	9.099424
4676	5	7.546241	-14.202695	-4.019349	7.353258	-13.261701	6.263717	-10.261526	-8.595075	-4.019090	-9.837051	-13.261602	-3.418671	-9.260827	7.104942	6.907805	-15.991092	4.145488	-3.389601	8.039804	1.082960	6.645805	1.356556	3.731359	5.859700	3.302559	3.907041	6.902137	-5.875138	4.143898	2.561304
4719	5	5.281473	-9.594666	-2.324263	8.335396	-11.911650	7.058047	-10.694577	7.128100	8.705206	-13.300854	3.302476	-8.882750	-11.334409	-5.719510	-2.012954	-7.378486	-10.984813	-8.882750	-7.504723	0.783275	1.452158	-11.010332	-3.805768	-8.882750	7.278940	2.928850	8.400939	2.531385	3.301236	7.058609
4746	5	-4.006451	-8.739843	-5.617363	-10.042528	-13.047954	-3.913135	2.548958	-12.431838	-5.617365	5.087214	-13.098623	5.135960	1.967902	-12.431838	-5.617365	-2.600111	-13.098623	2.270141	-2.542685	4.214056	7.401381	-13.778086	2.197654	-3.913102	3.678877	3.269476	7.367129	1.505026	2.108038	5.026819
4802	5	-10.051904	1.857272	6.536677	-15.830922	0.957404	-10.740431	6.355163	-10.534187	-0.794533	8.324057	-11.721610	8.241390	-10.156330	-9.532699	-0.794533	-9.452461	-11.429627	-10.742976	7.087999	0.800127	6.051449	1.759540	0.855788	8.184231	-6.274525	1.566806	3.389810	-9.960396	-0.998366	-10.340227
4821	5	-10.389370	-11.412698	-1.656001	-9.850430	-12.820616	-8.338256	4.002697	-14.911593	-1.656230	6.238099	-12.820616	3.370468	-6.362680	3.869432	4.119651	-12.551072	-0.316740	-8.338406	-7.823812	5.989777	6.273936	-12.938784	1.949812	-8.338408	6.561690	1.958408	6.246110	3.401290	1.906772	3.370000
4900	5	-10.915205	-6.628546	-6.851100	-9.321287	-13.617627	-11.256204	0.257147	1.615483	-0.447051	-9.066295	-8.235852	-11.231105	3.755954	-10.686768	-6.851100	5.735448	-13.625893	6.762824	-1.435701	7.221500	4.601884	-10.621688	3.963954	-11.256466	8.532579	2.481359	4.594781	4.499420	3.931730	6.778372
4924	5	2.749534	4.276438	7.777973	3.569822	3.834935	7.167246	3.737608	-12.818826	-2.768673	7.222089	-14.007818	7.350356	-9.952890	6.542725	7.778758	-12.341525	3.844945	-9.136631	-10.474497	-0.118913	2.643705	-9.819482	-3.369093	-9.136636	-7.529558	-4.165987	-2.768060	-8.714282	-13.906376	-9.136349
5060	5	-14.816463	-6.846608	-3.523410	-9.842090	-15.115510	-11.318358	4.688166	-8.806520	-3.523438	7.459041	-15.115510	6.452899	-1.430199	-6.850249	-3.523411	2.044024	-15.115510	2.799148	-15.895712	3.770417	9.419525	-15.656533	0.161006	-11.318596	3.072311	2.789448	9.419400	1.629293	0.160739	6.008665
5087	5	-6.889983	-5.597946	-4.487594	-9.279123	-12.698433	-8.689789	4.284460	-10.434318	-4.496726	6.791108	-13.823681	0.492520	4.402585	-10.442508	-4.496728	7.393347	-13.824036	7.086858	-1.842846	-5.597946	-4.487594	2.190013	-12.698433	-4.833798	-7.984211	8.118362	7.554833	-15.033404	2.574701	-8.689789
5206	5	-9.124171	-8.074705	-3.510067	2.327039	-15.720314	-4.775562	-15.195113	-8.074295	-3.509917	-4.153896	-15.720314	-10.321979	2.207727	-8.864417	-3.753700	6.093346	-15.720348	5.844507	2.953745	4.878472	5.477880	2.130144	-1.507118	6.189573	-14.515017	6.000544	5.494457	-8.736974	-1.503329	-10.403140
5215	5	3.397913	-13.799400	-8.721017	6.339044	-15.909461	6.911929	-3.846931	-11.168666	-8.721017	4.026251	-15.909454	-2.004280	1.468013	-11.654128	-8.721017	6.259400	-15.909458	6.304100	-10.346474	-11.168299	-8.721017	-8.550086	-15.909454	-7.856031	-9.875625	5.998295	3.843974	-13.443185	2.767919	-7.936342
5261	5	4.036115	-14.548091	-2.919473	7.887471	-12.047845	5.987757	-11.685833	9.275619	8.153328	-6.538489	2.744762	-10.923433	-10.222221	-8.488124	-2.918600	-2.054185	-11.155479	-5.237183	2.985829	3.797184	8.142281	3.291135	2.730110	5.802671	-5.840755	-8.488124	-2.918600	0.678116	-11.155479	-4.009809
5271	5	-8.398502	-12.847574	-3.824170	-7.892932	-6.095843	-13.482989	4.930621	-16.024126	-3.824170	3.672707	-6.095843	-0.875949	-2.621766	-12.939614	-3.824170	3.605848	-6.095843	-7.466652	6.078267	-16.587168	-3.824170	7.966134	-6.095843	4.158940	-9.477660	4.259062	7.079803	-14.085467	2.753511	-13.483029
5337	5	-11.548456	-6.590966	-1.616260	-6.289148	-12.021241	-9.992923	-10.694856	8.256411	6.882178	-11.410335	3.305722	-9.975078	-9.272806	3.784378	4.109627	-6.433706	-1.279094	-9.909870	7.587061	-12.148434	-1.616265	6.707632	-12.021362	7.309682	8.337218	2.659012	6.855883	1.325335	3.303780	6.896268
5384	5	4.611390	-16.888139	-5.513993	7.169657	-14.832690	7.391289	-9.774808	-10.321843	-5.513993	-8.258349	-14.832690	-7.430610	-9.778992	-2.319655	1.023692	-8.301618	-14.762433	-7.430611	4.525387	1.073431	6.207895	2.892456	3.933079	7.389437	-9.254698	8.037615	6.251522	-12.572155	4.139787	-7.430616
5386	5	-14.656113	-11.081578	-3.433315	-10.105696	-10.915164	-8.601811	4.076569	-13.064243	-3.434106	6.864009	-10.968630	6.307749	-15.093951	4.788362	5.717822	-11.845192	3.075682	-8.601811	3.700507	2.823129	5.670270	5.088163	3.004823	6.250041	-2.297992	-11.081583	-3.433315	2.517892	-10.915164	3.221469
5599	5	-10.797309	-5.686268	1.801716	-9.701405	-6.866067	-10.808938	-8.786486	4.719409	5.463759	-12.635581	2.071996	-10.777846	-6.120661	1.504868	2.645612	-9.704917	-2.752096	-10.575107	1.468349	-10.701378	1.801682	2.622048	-6.866067	-1.221153	4.864829	-11.486487	1.801682	3.241509	-6.866067	5.961506
5615	5	-15.413252	9.088034	6.277083	-10.214358	3.575620	-7.359447	-14.514772	-7.826791	-4.783327	-7.161145	-13.589184	-7.357817	2.777597	-11.815948	-4.783330	5.497730	-13.589685	6.269594	-4.300549	-7.826791	-4.783327	0.675597	-13.589184	3.519140	2.859581	4.921492	6.276244	2.442372	3.573186	6.215564
5778	5	-9.786687	-11.657728	-4.811029	-7.689759	-16.476542	-6.421867	-2.545843	-11.710365	-4.811030	1.512194	-16.477109	4.217747	4.543058	-14.201307	-4.811047	6.237063	-16.489707	6.292054	6.393892	2.155797	7.130918	1.213504	0.257742	5.872362	-7.351800	6.186363	7.343781	-12.597283	0.959107	-6.418081
5834	5	-12.309112	-9.841424	-2.650532	-7.042043	-10.993383	-5.429617	-9.980173	8.911722	5.520690	-12.532627	1.240455	-5.430104	-8.521645	2.889372	3.255538	-7.376163	-1.635921	-5.429840	5.512080	-15.727349	-2.650532	6.572080	-10.993470	9.173928	7.704479	2.999188	5.444032	1.091569	1.208700	9.189824
5863	5	-3.728246	-0.351570	-1.349282	-9.427848	-7.318161	-11.818668	-3.795759	4.006988	0.605248	-9.585042	-0.109601	-11.823440	4.835928	-9.922056	-4.789849	8.256426	-14.353202	6.487387	-5.861097	7.863721	6.402134	-15.267221	3.116506	-11.870153	8.406611	1.013743	5.722133	3.564022	2.970068	6.502507
5899	5	5.607272	-7.895568	-2.170120	5.101427	-13.709556	7.057343	3.479446	-0.196540	3.516117	-4.793401	4.129287	4.924755	-5.466950	-2.368214	-2.170117	-12.486125	-10.104998	-4.540608	-4.590074	6.451967	5.236443	-17.621410	4.142430	-4.540601	-0.766948	-2.368215	-2.170117	-12.456031	-10.105005	0.613559
5987	5	4.585026	-9.439794	-1.240244	5.850377	-11.704208	6.743901	-6.937381	-7.095357	-1.238561	-9.235551	-11.704196	-9.315851	-0.382000	1.413110	3.201902	-11.800278	-3.735784	-5.773773	-0.084805	-7.331587	-1.239050	1.635848	-11.704200	4.261170	-3.833488	5.414283	5.482436	-15.707810	2.338124	-8.329489
6070	5	2.844476	-6.451946	1.656883	7.564548	-12.598136	6.074164	-12.552850	7.491224	6.484988	-15.397870	1.480849	-7.025600	-11.218039	4.884815	5.184925	-14.982491	-4.224725	-7.025600	-10.635470	-4.386334	1.657216	-11.448998	-12.235932	-7.025600	3.159800	4.871046	6.379704	3.620361	1.395854	6.101736
6073	5	-14.805470	-13.815066	-2.860182	-5.322003	-10.224153	-6.536414	-2.753130	-13.815066	-2.860182	5.774736	-10.224153	4.081503	0.720873	-13.877636	-2.860182	8.095266	-10.224153	7.264930	-14.360725	4.326914	7.220471	-9.388964	2.697546	-6.765575	-1.901385	4.326906	7.220471	3.501371	2.697546	4.091279
6082	5	-13.203760	-8.233507	-5.576956	-4.781796	-15.346904	-4.964342	3.504646	-10.195073	-5.576956	7.306391	-15.346904	7.494018	-10.556942	8.239684	6.562795	-9.185778	3.635416	-4.964581	-1.473682	-8.365863	-5.576956	3.305897	-15.346904	3.948469	6.100785	4.313054	6.562793	2.938589	3.635413	7.531597
6109	5	-8.349115	-9.138746	-2.954063	-9.561639	-13.618847	0.824971	3.268682	-15.740646	-2.954499	5.499374	-13.618847	6.974415	-4.822822	1.847968	3.054089	-10.075236	-7.106501	0.824376	-12.372847	-9.138746	-2.954063	-10.004764	-13.618847	-3.336723	-8.855531	1.848364	3.054128	-10.518156	-7.106440	-3.337221
6136	5	4.114186	-10.060205	1.332704	6.732689	-12.686961	6.365494	-9.015884	2.564782	3.965948	-11.167612	-3.875821	-8.468998	-11.454220	-3.980116	1.689613	-10.890677	-10.760347	-8.498750	-11.774043	8.521877	5.845957	-15.248427	2.940375	-8.500103	5.225267	2.810025	5.511513	2.530764	2.706803	6.570848
6147	5	-12.494305	-9.182483	-0.223260	-8.713296	-10.171582	-7.808627	5.571646	-15.059885	-0.223260	8.200318	-10.171582	6.803813	-9.586568	4.469705	4.535392	-11.471660	-1.259152	-7.808621	-9.594486	6.797478	6.671294	-14.051880	3.016732	-7.808621	8.470702	0.899562	6.671271	2.861696	3.016687	6.806234
6159	5	-10.836937	7.025978	4.805639	-13.878174	1.251399	-6.547197	-11.358070	-8.953225	-3.888349	-12.743345	-15.723639	-6.546036	5.831795	3.812858	4.781433	4.764908	1.251328	3.816812	5.294746	-11.784030	-3.888456	5.873930	-15.723644	3.864616	0.790744	6.611593	4.805418	-2.304556	1.251399	1.017190
6162	5	-10.325115	6.589973	6.304452	-11.685762	2.577013	-10.330298	-5.888463	2.112874	3.767553	-5.968802	-3.393180	-8.464159	-9.899964	-5.999612	-0.191258	-5.730008	-5.317443	-10.323509	5.519278	-5.154600	2.487665	6.063007	1.499835	4.004727	5.526193	-12.181746	-0.191288	6.064277	-5.317680	4.004727
6198	5	-4.195496	1.248494	-1.189314	-10.797792	-5.804813	-10.775533	5.223373	-5.510053	-3.569246	6.286341	-9.826120	5.912543	-4.839845	9.144172	4.869556	-13.637867	3.643316	-10.775564	-8.688760	-2.590973	-2.074617	-10.722505	-7.129158	-10.775536	9.097095	3.625598	4.848537	3.304244	3.631020	5.912542
6206	5	-9.511972	-10.499444	-3.969358	-4.813587	-12.404606	-6.087491	6.511863	-16.761686	-3.969358	8.242230	-12.404681	6.475764	-4.144914	-10.499444	-3.969358	0.072255	-12.404606	0.136762	4.171287	-15.772919	-3.969358	8.068894	-12.404681	0.532621	-2.825493	-10.499444	-3.969358	2.193631	-12.404606	0.142738
6266	5	6.062474	-14.443569	-3.993198	8.859375	-14.089244	6.799707	-10.575164	-8.055117	-3.780003	-8.634933	-13.978772	-6.034069	-6.666984	3.013444	1.396529	-8.654377	-3.501317	-6.034049	4.607790	0.780242	5.649720	2.868144	1.917096	6.761109	-11.115464	5.958073	6.350848	-14.603269	1.939104	-6.034070
6272	5	-11.422771	5.769140	8.107007	-11.415110	4.051123	-4.348055	6.172178	2.003648	8.026341	-0.850685	3.931467	8.016337	8.350034	-15.743332	-2.898498	8.911735	-8.464495	9.788591	6.453960	1.849789	7.985563	2.593014	3.903430	9.757990	-9.446047	-11.113047	-2.898498	-5.102653	-8.464488	-4.249668
6328	5	-12.102618	-1.023427	3.960849	-12.271109	-9.997756	-5.902271	-11.560207	-12.231120	-1.204851	-11.532333	-13.585119	-5.898747	5.000641	-17.092573	-1.204851	6.418075	-13.585119	7.392480	-8.781527	6.340223	5.687363	-17.774790	3.084345	-5.907444	2.685309	3.772526	5.686867	-7.245491	3.082646	4.086722
6344	5	4.099759	-15.477064	-3.060439	9.592120	-10.820295	4.453398	-13.571245	-10.623400	-3.060439	-5.684323	-10.820284	-12.637995	-8.107645	-10.623400	-3.060439	0.753223	-10.820284	-6.983331	-10.494827	7.142153	6.438283	-9.680908	4.285634	-12.905651	7.277392	1.623821	6.438194	5.661151	3.919174	4.473583
6362	5	2.468126	-7.566281	-2.261386	7.962392	-11.417903	5.748539	-14.620296	2.273046	5.379514	-9.370709	-2.819231	-10.704179	-10.935478	-7.028733	-2.261383	0.307756	-11.262949	-5.583145	-15.504608	8.208491	8.758388	-9.523925	2.502441	-10.704506	3.570180	1.933436	5.285206	1.911492	-2.843605	6.180045
6448	5	-9.875382	7.477253	6.641476	-12.621445	3.160674	-5.533275	-5.169960	0.284872	0.197213	-8.013373	-8.600631	-5.533268	5.136839	-11.909729	-4.120969	4.046114	-13.380255	6.310484	-9.717681	-4.886066	-3.209270	-8.013236	-13.211484	-5.533275	1.024773	-5.019000	-3.426353	2.788295	-13.238455	2.851271
6458	5	4.499227	-6.904972	-4.017867	7.640431	-14.393379	9.119438	-11.457432	-3.947568	-3.039301	-6.968660	-14.240294	-6.881678	-4.314932	3.637185	1.084371	-1.526550	-5.622947	2.163173	-8.740585	-3.949923	-3.041591	-1.529678	-14.240763	2.125875	-7.133487	3.676639	1.084437	-6.968656	-5.622878	-6.881044
6520	5	-10.658858	-2.965354	2.048645	-8.831591	-7.251095	-9.771651	-7.611378	6.078280	5.701775	-10.478880	2.688815	-10.202986	-7.956323	-10.965322	-3.954512	-8.530478	-13.405063	-9.650728	2.361252	-11.994536	-3.954533	5.691733	-13.405069	7.397367	2.690485	4.685826	5.701299	3.747749	2.687546	7.441547
6542	5	-2.417910	-8.809229	-3.460968	2.521082	-11.844134	6.770008	3.763383	-14.112679	-3.460968	7.173933	-11.844134	7.213570	-5.130795	-8.797361	-3.460968	-3.854678	-11.844134	3.167022	-12.254946	-8.797360	-3.460968	-8.540896	-11.844134	-2.074301	-12.028698	5.199417	5.697632	-11.006180	1.921415	-2.428396
6574	5	-9.055526	3.400616	6.985916	-11.820944	-4.490876	-5.909753	-5.255962	-5.389002	0.553122	-5.853011	-13.208179	-5.909751	6.439936	-8.381678	0.532678	6.316690	-13.223386	1.506364	-0.925872	-5.389885	0.553096	2.172771	-13.208198	0.140785	6.728848	-8.383124	0.532677	6.441928	-13.223386	5.831088
6689	5	3.838549	-8.926590	-4.415266	6.162933	-14.002205	6.014529	-11.780476	-6.096470	-4.415248	-10.180031	-14.002201	-10.810501	-11.698116	9.202626	7.846747	-11.914892	3.124086	-10.876446	4.118454	5.926396	7.846747	4.487007	3.124086	6.030262	-3.620875	1.856104	1.973873	-10.173714	-7.741573	-9.627048
6776	5	-9.061142	-6.439782	-4.137645	-7.303622	-11.522182	-5.250800	-2.442685	-6.441793	-4.137645	2.236565	-11.522987	0.738734	-2.289485	-6.442269	-4.137645	3.949032	-11.523177	4.404816	3.622640	-9.236422	-4.137645	3.980964	-12.132514	5.449790	-9.929297	5.125454	7.086883	-10.201205	3.737549	-5.250800
6942	5	-13.430388	2.949715	6.198130	-8.196266	-3.283642	-0.962944	3.927154	-14.982107	1.934430	8.818304	-10.636743	6.217395	-1.715047	-10.842362	1.965040	5.062617	-10.593676	5.137147	-11.648683	-9.457957	2.015702	-4.837443	-10.523343	-0.329947	-3.630736	2.906227	6.195772	1.677502	-3.283969	5.113841
