1	1	-14.896627	-6.098380	-5.658580	-8.698062	-12.817307	-16.609550
6	1	-14.779689	-7.865585	-6.006909	-12.136535	-12.761476	-7.439302
8	1	-14.613266	-6.109180	-0.960571	-9.452518	-15.453419	-14.974242
30	1	-11.230794	-13.650238	-3.162162	-12.810540	-17.304005	-11.807287
32	1	-16.351865	-10.410615	-5.926949	-12.324439	-13.014706	-15.479938
33	1	-17.724399	-7.216501	-3.877892	-9.219594	-9.804654	-10.136595
34	1	-15.117293	-9.134721	-2.852192	-14.332489	-17.606877	-9.364888
36	1	-12.066626	-8.524291	-5.292585	-12.555368	-15.138455	-14.478285
51	1	-14.202485	-11.932479	-8.177818	-7.230887	-17.135973	-9.513989
61	1	-14.427385	-9.527839	-5.862047	-5.024181	-16.100102	-5.606894
63	1	10.276134	-11.360662	-3.088576	8.310463	-14.738961	7.671587
64	1	-11.688162	-10.170115	-3.515754	-10.328462	-19.002990	-9.418857
65	1	-18.698639	-9.605671	-4.915073	-11.282203	-13.657666	-12.511979
69	1	-6.641302	-10.796113	-4.657893	1.430780	-16.673908	-4.867765
70	1	-17.960311	-6.867643	-6.359191	-11.081731	-11.523864	-10.094421
74	1	-12.637590	-7.378349	-8.255054	-11.351612	-19.148121	-10.202309
80	1	-14.821104	-11.805457	-6.742927	-10.826277	-14.277007	-10.582481
88	1	-11.071471	-13.458228	-6.822079	-13.405597	-14.294255	-16.654557
97	1	-9.805469	-10.202073	-2.388402	-10.161177	-16.535133	-14.516462
98	1	-13.220498	-13.965589	-0.653229	-5.928269	-20.280307	-6.559186
106	1	-4.598405	-6.671863	-11.480439	0.796468	-13.383686	-3.730770
113	1	-12.179729	-10.570047	-6.128396	-15.255561	-11.945465	-12.138542
115	1	-15.999721	2.108508	5.946383	-13.146588	-6.068099	-12.805630
117	1	-13.085037	-7.550074	-2.695583	-8.644996	-15.358121	-8.919472
125	1	-10.348373	-10.386313	-7.016042	-5.520740	-11.582981	4.491223
148	1	-9.512384	-8.148238	-2.307989	-14.357089	-12.540246	-6.497179
151	1	-14.080902	-7.211083	-3.990643	-9.871266	-16.362858	-13.449350
159	1	-12.433068	-10.211536	-1.991386	-5.898860	-15.093623	-12.906782
163	1	-11.883167	-4.560149	-4.284793	-11.369804	-13.952731	-11.325066
167	1	-10.221539	-10.118347	-5.144754	2.192442	-15.817833	1.045060
172	1	-12.055537	-13.110500	-3.818446	-10.618786	-16.810258	-10.976837
176	1	-19.618101	-8.187082	0.953910	-13.445494	-6.369049	-10.818752
178	1	-17.280258	-12.605536	-9.625341	-12.134591	-15.258880	-4.154924
216	1	-13.633821	-10.865548	-6.519689	-6.350036	-12.949951	-11.892255
226	1	-14.870434	-12.303558	-5.532718	-12.051991	-16.556412	-10.089643
247	1	-13.663717	-10.618308	-5.483799	-3.029903	-18.745788	-10.740595
248	1	-11.041608	-11.926921	0.236875	-15.066967	-13.506806	-9.417340
254	1	-17.302281	-9.082698	-6.462409	-11.977541	-13.208094	-9.631264
258	1	-9.967146	-0.638638	-2.211946	-1.696283	-19.178373	-9.915328
260	1	-6.618599	-9.494665	-5.242480	-7.847481	-17.126283	-15.902912
261	1	-14.911658	-13.458824	-5.469158	-9.547952	-6.337692	-8.816756
263	1	-12.242772	-1.024247	-2.043130	-12.011574	-14.964016	-9.599296
271	1	-11.002930	-5.188762	-1.915815	-12.014900	-12.703045	-11.867054
276	1	-18.305164	-9.484584	-1.713649	-9.134774	-8.927335	-9.898719
281	1	-16.019468	-4.127655	-3.157042	-8.045226	-16.163272	-10.412818
286	1	-13.041182	-8.181904	-5.796973	-7.016233	-17.102777	-9.811534
289	1	-11.974150	-16.438100	-3.556752	-10.531582	-19.085278	-13.752049
290	1	-11.955761	-12.817945	-2.979550	-11.149635	-12.289379	-13.157978
300	1	-8.724765	-12.865542	-0.352586	-4.428915	-10.884888	-14.162248
304	1	9.363455	-16.744643	-8.721778	7.158579	-17.144116	6.941008
314	1	-14.020321	-13.058891	-5.504593	-9.381861	-14.746484	-11.957988
319	1	-17.961572	-13.095168	-6.326428	-11.129804	-13.721149	-12.088633
325	1	-10.946490	-12.948843	-5.572977	-5.364856	-17.004652	-12.174171
328	1	-14.145024	-9.256848	-1.808102	-7.113227	-12.093963	-7.971164
334	1	-11.969740	-8.015747	-5.392003	-11.749308	-14.334299	-11.266076
338	1	-14.171937	-8.262325	-7.200520	-11.569818	-23.100262	-5.960350
341	1	-12.345613	-11.095282	-9.851046	-7.004499	-19.781703	-12.465986
342	1	-13.161399	-14.251426	-2.443764	-10.689704	-16.613272	-9.131280
353	1	-14.520804	-7.665754	-2.498765	-10.218696	-12.952205	-9.442766
385	1	-14.438471	-15.351226	-4.324516	-12.289567	-16.571464	-10.345225
390	1	-16.186926	-9.442548	-3.534495	-15.906984	-17.888801	-12.560410
392	1	-11.944950	-10.667669	-7.177923	-9.420463	-9.396672	-9.728904
401	1	-15.002666	-14.732046	-3.436841	-13.486159	-15.672735	-10.304401
414	1	-11.371878	-11.187111	-5.206746	-10.138503	-14.818815	-10.923489
420	1	-18.688271	-11.108541	-7.011239	-4.876291	-14.833059	-13.356079
436	1	-15.585883	-9.138717	-6.646026	-11.363563	-15.606228	-10.543811
458	1	-15.469913	-8.152334	-6.408058	-9.317561	-17.231744	-12.827075
461	1	-15.430175	-9.143557	-5.757996	-8.771914	-14.902478	-14.258103
467	1	-13.203087	-11.893151	-3.219990	-9.854758	-17.922658	-9.891101
477	1	-14.604995	-12.008097	-9.603102	-8.643994	-12.815580	-7.878014
498	1	-13.992444	-8.899261	-4.945925	-5.831041	-16.422423	-13.078571
501	1	-15.569052	-9.406689	-4.237026	-12.890732	-17.675063	-9.340236
510	1	-13.822616	-9.913286	-6.602939	-9.691720	-11.152384	-9.766280
518	1	-18.146128	-6.528818	-7.256142	-8.415329	-13.453300	-8.922936
523	1	-12.508903	-11.552938	-4.760349	-14.690065	-19.211767	-13.044741
527	1	-12.766944	-9.876579	-5.673379	-9.043577	-11.565313	-10.174061
533	1	-8.702635	-2.967719	-4.752088	-8.278585	-8.222141	-14.750872
553	1	-11.698494	-13.128765	-3.435167	-13.032348	-17.068030	-7.920707
559	1	-11.331852	-9.435288	-5.870467	-9.705441	-15.370377	-15.514097
560	1	-17.296350	-12.507569	-5.569744	-16.944807	-10.911016	-9.540690
561	1	-17.377941	-6.320158	-5.886055	-7.118078	-11.740310	-10.468101
564	1	-0.107569	2.168249	0.169245	-12.929700	-7.381900	-7.963602
578	1	-15.657136	-9.141315	-4.056091	-9.597021	-15.465725	-10.861536
579	1	-16.343117	-13.875604	-8.531820	-10.996382	-14.175416	-8.439279
581	1	-19.103315	-10.235497	-5.111059	-3.795674	-14.182229	-7.849135
585	1	-9.725361	-10.074653	-6.614170	-5.078301	-16.273641	-11.153950
593	1	-16.386556	-12.612072	-6.086555	-8.940034	-14.767339	-12.830766
600	1	-15.041503	-7.908826	2.145323	-8.239884	-10.180622	-9.320158
613	1	5.062119	-10.441468	-3.855234	8.728083	-17.760263	7.811522
625	1	-13.773343	-9.649652	-3.483962	-9.104951	-15.195795	-10.901045
627	1	-11.709395	-7.835857	-3.549974	-13.510539	-15.255449	-12.058138
635	1	-10.951657	-11.643529	-7.006181	-11.710548	-14.852010	-12.675582
640	1	-18.930037	-10.216810	-4.761245	-7.681840	-12.808802	-10.705491
652	1	-11.176444	-12.976244	-6.339411	-8.425416	-16.211866	-12.024183
669	1	-17.275480	-11.286792	-0.372258	-11.682150	-17.086816	-5.577494
670	1	-13.985054	-15.876225	-6.543979	-10.445189	-15.999355	-9.705332
690	1	-16.638138	-8.642100	-3.435411	-3.333855	-12.272650	-10.962797
691	1	-18.517890	-11.428764	-0.402048	-12.674446	-18.101098	-8.503742
693	1	-15.502410	-11.908437	-5.331873	-6.104827	-15.508684	-7.895364
704	1	-10.140051	-9.836009	-4.795757	-9.900428	-16.786743	-13.389647
719	1	5.327221	-11.892290	0.074805	7.825967	-14.418224	7.680765
723	1	-13.950182	-14.783110	-6.178221	-11.010967	-19.928632	-7.939885
730	1	-12.222077	-9.673229	-2.609136	-0.714664	-15.709991	-13.602787
754	1	-15.321897	-13.989367	-2.217904	-9.103290	-14.105485	-5.608252
780	1	-11.120238	0.023311	0.263600	-14.657687	-6.889035	-12.045000
784	1	-14.346980	-11.618951	-2.701033	-10.248622	-9.608460	-11.820540
807	1	-16.887427	-11.293273	-7.746653	-9.202251	-16.567203	-13.233536
836	1	-9.193298	-0.076788	-2.264618	-8.873164	-12.032884	-11.897766
837	1	-14.501760	-9.292445	-4.747983	-10.828493	-15.104747	-9.643125
838	1	-9.017641	-10.489187	-7.021656	-9.703906	-13.568357	-0.826435
841	1	-15.023917	-10.479629	-4.921297	-7.565174	-14.119009	-12.201489
847	1	-13.168705	-8.084151	-3.681418	-11.223524	-16.489694	-11.396153
859	1	-10.580380	-4.193375	-2.872384	-8.614021	-15.398718	-7.645272
861	1	-16.267359	-6.947595	-4.452281	-16.350946	-14.791275	-7.177629
862	1	-10.279736	-9.863125	-6.498506	-7.006046	-6.725287	-8.489660
867	1	-8.271731	-9.688549	-3.986935	-10.352753	-13.481132	-15.200739
870	1	-12.808127	-12.116560	-5.766940	-2.904656	-13.574514	-7.340068
873	1	-13.824901	-8.529318	0.266462	-7.828062	-12.225282	-7.363892
874	1	-7.676930	-9.682923	-9.202577	1.928030	-19.329047	-1.913781
885	1	-18.770070	-10.682820	0.004365	-9.998033	-14.942722	-12.963417
890	1	-13.945341	-13.200589	-4.694496	-11.046829	-17.567233	-7.504462
900	1	-11.406151	-7.916746	2.574029	-10.469121	-12.612751	-7.555186
918	1	-15.149035	-10.996291	-1.239545	-6.255639	-15.156366	-13.976494
920	1	-14.728589	-9.145734	-6.696632	-6.855082	-14.979796	-6.165932
921	1	4.323359	-11.098043	-2.958700	8.024959	-9.590983	7.262977
927	1	-12.049277	-10.680321	-4.027116	-7.485554	-16.258183	-12.557162
931	1	-18.470187	0.416391	7.717289	-17.686304	-4.252748	-6.941602
939	1	-13.998214	-8.031778	-5.209902	-9.466051	-15.485370	-13.629058
953	1	-15.806777	-12.521047	-3.155826	-10.657592	-14.941528	-7.016933
956	1	-15.572435	-7.951999	-5.485208	-11.674655	-14.333938	-9.943350
958	1	-8.691982	-8.283082	-4.353906	-14.019362	-11.509000	-14.291448
960	1	-15.258960	-14.886338	-6.110160	-2.781768	-15.871817	-9.003710
972	1	-8.646891	-10.845657	-5.846658	-14.910489	-14.747483	-12.276243
976	1	-17.197264	-6.392618	-4.410335	-8.426920	-16.159077	-7.483536
982	1	-11.961972	-9.865529	-6.089799	-12.135132	-14.940592	-10.958474
989	1	-12.851286	-7.442816	-7.276198	-8.085146	-11.392557	-10.444404
1015	1	-11.641341	-12.940557	-4.670203	-8.244452	-13.157662	-15.252581
1027	1	-14.087540	-12.680270	-2.064200	-18.140483	-19.451137	-8.657546
1029	1	-11.635218	-11.456651	-7.718007	-8.569234	-14.398789	-9.293147
1031	1	5.687523	-11.812274	-4.512374	8.241248	-14.303030	6.542640
1034	1	5.351154	-15.748234	-4.697554	7.639217	-11.521910	8.977655
1045	1	-12.580091	-13.264536	-5.828220	-11.041130	-13.962263	-14.183974
1047	1	-7.118360	-2.933593	-3.272761	-10.126034	-16.439743	-11.765012
1053	1	-10.423704	-10.938322	-1.538083	-7.774435	-18.836389	-14.004640
1055	1	-14.833928	-9.022656	-2.005001	-10.600077	-10.620343	-17.455576
1057	1	-11.085727	-15.398210	-6.661646	-3.828643	-14.850598	3.884328
1065	1	-11.014005	-9.551149	-6.124255	-14.189762	-14.079422	-4.903196
1068	1	-14.195945	-9.665029	-3.898100	-8.943464	-18.010035	-3.590894
1082	1	-9.909757	-10.645075	-4.256439	-15.961470	-12.354937	-13.975965
1094	1	-12.314710	-10.615163	-9.908011	-12.551161	-17.133137	-10.871391
1098	1	-13.845370	-8.957215	-5.627483	-10.338525	-19.299086	-10.769158
1104	1	-11.658175	-14.533073	-2.718833	-10.270048	-15.317880	-7.906268
1108	1	-16.659905	-9.760058	-0.167727	-11.116165	-15.461096	-9.695109
1116	1	-13.707428	-10.761536	-6.545510	-6.947437	-17.320703	-11.966906
1123	1	-14.301565	-11.122618	-5.201190	-9.700743	-17.020032	-5.702654
1130	1	-12.490830	-7.658675	-1.767925	-8.733932	-12.843766	-8.624072
1137	1	-15.961928	-8.845069	-1.629513	-4.762202	-13.493979	-10.050045
1147	1	-17.014348	-10.586905	-3.821014	-7.184841	-13.822417	-10.525531
1151	1	-15.268766	-9.494614	-6.081738	-10.131399	-14.759104	-11.125306
1164	1	-12.632961	-9.265995	-3.884953	-7.557833	-11.963909	-7.752395
1176	1	-14.168043	-6.149731	2.119223	-7.384336	-16.923620	-10.541225
1177	1	-12.722491	-11.555555	-1.160158	-13.587481	-15.469784	-9.452373
1178	1	-9.311299	6.620095	6.504764	-20.118597	4.474214	-10.898979
1193	1	-14.232496	-12.600845	-6.055292	-6.095443	-13.548815	-14.558078
1197	1	-19.317954	-9.012587	0.529002	-11.374842	-15.145260	-9.585838
1203	1	-11.349740	-11.627631	-5.448391	-9.098251	-14.469814	-10.486994
1204	1	-8.828264	-9.033128	-4.592209	-12.140596	-13.514934	-15.224101
1206	1	-12.774136	-11.879957	-7.769267	-8.801429	-14.872017	-9.239839
1214	1	-3.575782	-8.354345	-4.966244	4.797698	-16.638273	3.839689
1217	1	-15.203128	-10.680476	-7.463248	-12.439378	-11.500802	-10.341723
1227	1	-6.586744	-10.974284	-5.872365	-9.052009	-17.749165	-14.017408
1234	1	-12.104034	-16.074953	-6.868898	-13.505455	-8.717996	-12.497954
1236	1	-18.592332	-8.285791	-6.437385	-10.829759	-14.683441	-9.160995
1245	1	-10.089179	-12.807817	-2.773428	-15.905475	-16.706383	-12.446773
1246	1	-14.986526	-13.175913	-2.330467	-12.011475	-13.922728	-7.981014
1256	1	-14.786618	-6.417357	-4.719864	-10.664478	-15.110509	-10.286107
1263	1	-14.989425	-9.462192	-3.730605	-15.506615	-13.078081	-8.926154
1278	1	-14.319761	-10.812293	-6.236458	-11.466474	-6.961316	-10.577095
1284	1	-6.516997	-13.327432	-2.887922	-11.024765	-12.153235	-13.609983
1302	1	-13.946660	-11.417565	-5.498693	-9.896190	-12.009931	-13.987034
1305	1	-12.287729	-12.553826	-2.329013	-16.834726	-17.759660	-10.959061
1325	1	-11.739251	-8.242569	-5.989425	-6.817236	-17.343884	-13.983010
1332	1	-13.016145	-12.948302	-5.031048	-11.108430	-15.151914	-13.318710
1333	1	-12.166277	-12.257426	-1.294253	-10.238946	-13.786558	-11.068433
1335	1	-13.619446	-8.972452	-3.246719	-6.993339	-13.689958	-10.611069
1342	1	-12.295380	-7.726093	-2.871151	-7.090562	-14.098843	-11.081574
1349	1	-11.705654	-12.396788	-5.635339	-9.782930	-11.486838	-15.953958
1357	1	-8.600673	-13.677740	-9.888497	-4.660624	-16.491304	-12.751901
1360	1	-15.614497	-7.043205	-7.810800	-10.799822	-9.367167	-13.124972
1361	1	-10.941132	-11.825431	-3.847321	-14.851662	-14.179899	-11.295505
1380	1	-9.885742	-6.312722	-1.760535	-10.629590	-15.686947	-10.423527
1388	1	-12.996170	-12.804090	-8.359728	-9.019898	-7.468748	-8.387057
1407	1	-10.055025	-8.642524	-0.991594	-8.312259	-13.016647	-15.491715
1410	1	-13.889175	-8.965016	-4.507331	-11.772987	-13.759125	-11.173237
1413	1	-10.413629	-7.961091	-5.957787	-9.093025	-16.550396	-13.941362
1419	1	-15.348675	-7.250762	-5.107135	-14.441181	-17.974471	-8.820403
1428	1	-12.780388	-6.529101	-7.361669	-8.268872	-14.134360	-6.380422
1436	1	-11.328880	-10.923071	-7.193903	-11.618185	-19.791066	-8.944528
1460	1	-14.800923	-8.451971	-3.452407	-10.753629	-15.080675	-13.968732
1462	1	-17.762687	-10.311411	-3.630041	-9.791460	-18.107293	-9.028131
1468	1	-11.959335	-6.521148	-5.006512	-12.847969	-15.326311	-8.111473
1470	1	-17.338783	-10.620346	-7.908454	-15.417045	-15.285847	-9.761989
1481	1	-9.370655	-10.384549	-5.082459	-4.723558	-15.929573	3.166112
1483	1	-14.311846	-10.666277	-0.793515	-11.546057	-15.059381	-10.383084
1484	1	-17.393226	-8.361681	-5.581692	-7.112483	-12.784665	-2.531525
1485	1	-14.429261	-9.088569	-3.815305	-11.697345	-13.943853	-11.207389
1496	1	-18.773531	-7.582012	-0.530399	-8.266581	-13.230903	-12.986985
1501	1	-17.148423	-8.086645	-2.234193	-8.280401	-15.114473	-9.698493
1522	1	-11.455184	-14.789131	-4.284595	-11.174554	-14.656281	-7.609218
1548	1	-15.458567	-1.526916	4.811046	-17.886827	-9.003991	-10.768206
1555	1	-13.708180	-8.261165	-4.859187	-8.862221	-15.681844	-16.518151
1561	1	-8.385505	-12.235959	-2.005257	-4.302068	-14.240977	-15.999883
1562	1	-13.474961	-8.221432	-4.045514	-8.561296	-13.005275	-6.005797
1579	1	-15.317664	-9.989461	-4.734881	-6.205874	-17.850596	-13.395439
1580	1	-12.319996	-10.502447	-3.598479	-9.620126	-10.749436	-12.726422
1588	1	-14.884535	-7.764543	-5.378214	-14.053594	-14.021430	-9.853956
1605	1	-13.507787	-11.130273	-3.703650	-12.460930	-15.829485	-9.908515
1607	1	-11.359112	-4.748405	-2.379086	-10.039542	-13.692908	-16.422028
1614	1	-16.606031	-13.161050	-5.149509	-11.063282	-11.958970	-9.752286
1627	1	-15.466648	-11.426252	-3.759819	-5.829984	-9.433575	-11.983355
1628	1	-7.639900	-4.578347	-3.943257	-3.929352	-13.253820	-9.506868
1629	1	-8.461825	-9.551367	-3.698691	-1.184327	-15.160892	-8.889336
1647	1	-12.149194	-10.182044	-1.966409	-10.667400	-12.201317	-6.415264
1651	1	-14.209450	-12.352597	-3.809842	-8.943126	-16.850036	-8.233008
1656	1	-14.598031	-14.170057	-2.239447	-13.186807	-16.199281	-5.964174
1679	1	-15.619184	-9.063135	-3.566382	-8.403252	-16.318694	-13.446664
1683	1	-14.960010	-11.982264	1.286798	-12.029990	-11.237103	-10.891742
1696	1	-6.645963	-9.893828	-3.220378	1.114420	-15.623183	-3.677893
1705	1	-14.471821	-8.469805	-7.509940	-9.240409	-15.084074	-6.926919
1735	1	-12.423995	-11.070732	-4.210536	-9.192067	-14.184395	-11.944205
1740	1	-17.514113	-10.179315	-6.997333	-6.690346	-17.534690	-8.183351
1747	1	-14.418255	-6.949804	-6.152499	-13.452772	-11.952494	-9.577811
1768	1	-15.413190	-11.690246	-4.040977	-7.049763	-10.420415	-9.889705
1783	1	-17.200872	-12.899878	-3.350569	-6.905267	-15.158696	-10.181795
1791	1	-10.989294	-10.620081	-3.729327	-1.617991	-13.338455	-11.012063
1794	1	-9.918300	-9.087446	-6.030832	-12.759221	-14.942483	-8.074358
1795	1	-9.526128	-6.111794	-5.781927	-9.576285	-15.414485	-13.611254
1804	1	-14.806990	-11.454494	-3.788136	-12.855828	-16.808054	-7.868541
1816	1	-14.299497	-11.045307	-4.605400	-12.367194	-18.246480	-7.051559
1817	1	-10.547023	-7.122684	-5.875467	-17.224468	-14.719933	-11.877237
1838	1	-10.104812	-10.524792	0.956712	-15.301657	-14.046724	-10.671468
1842	1	-13.935468	-9.926554	-0.982706	-5.442284	-15.013618	-10.051245
1853	1	-11.759918	-8.344353	-5.055528	-10.160692	-18.648763	-15.254027
1854	1	-12.221229	-12.177507	-7.244953	-6.772890	-14.182617	-11.319472
1860	1	-13.229396	-6.769063	-4.521863	-7.574928	-17.660934	-11.178948
1872	1	-13.278332	-12.543579	-4.737542	-6.852334	-18.654359	-11.666620
1880	1	-11.100054	-9.725784	-7.864507	-9.822258	-10.940885	-13.395025
1883	1	-14.589849	-14.766136	-4.645545	-10.980731	-16.760485	-10.781286
1885	1	-8.308711	-10.162761	-3.725215	-7.020938	-16.701799	-14.637359
1887	1	-14.513992	-11.109835	-6.238660	-9.637507	-14.150109	-11.274764
1905	1	-10.369783	-10.552416	-4.087714	-12.921678	-12.189138	-9.138513
1912	1	-14.621520	-10.667758	-3.471262	-3.732595	-15.738322	-10.200828
1915	1	-13.625439	-10.568053	-4.153754	-10.344777	-15.676971	-8.616550
1917	1	-10.233037	-7.668223	-4.819912	-8.280615	-16.213270	-11.705546
1918	1	-14.317795	-9.434678	-1.740811	-3.704364	-13.377009	-9.348031
1927	1	-5.173095	1.790799	2.557511	-16.233842	-10.224058	-10.652037
1928	1	-9.012992	-12.260823	-4.230231	-7.927798	-14.015996	-16.641176
1931	1	-12.816843	-11.267644	-7.654672	-10.647941	-15.828405	-12.255295
1949	1	-9.448612	-6.556076	-4.052900	-13.404662	-18.279418	-13.470929
1952	1	-14.655709	-8.068400	-2.432714	-11.975231	-11.892100	-6.339110
1958	1	8.829297	-15.014863	-0.399308	8.652131	-14.467462	6.665536
1959	1	-9.814869	-5.983369	-2.050095	-8.250469	-13.141079	-11.342196
1970	1	-13.484093	0.472751	4.340539	-17.711934	-7.498408	-11.755312
1973	1	-14.724668	-5.277845	-6.629593	-11.656315	-13.527687	-16.675425
1978	1	-11.286159	-11.348143	-0.421303	-11.005689	-16.451881	-12.710086
1982	1	-11.878492	-9.133294	-5.707975	-9.867956	-14.875706	-8.444010
1987	1	-11.224704	-8.254986	-5.064346	-8.777650	-17.667404	-10.721249
1992	1	-15.484665	-9.215328	-6.528375	-9.396030	-16.906638	-11.477771
1994	1	-12.775385	-11.713292	-5.167806	-12.250595	-13.068318	-8.112499
2011	1	-13.178008	-11.486346	-6.225995	-5.917476	-16.670262	-10.847196
2023	1	-11.332043	-10.308107	-4.753058	-11.205622	-16.660367	-14.011069
2024	1	-16.718445	-5.802038	-3.275615	-9.575851	-6.949893	-9.498428
2039	1	-16.806581	-12.290784	-7.463484	-9.243443	-12.735980	-12.243726
2044	1	-14.245429	-11.029039	-5.544163	-13.607423	-17.074602	-6.647727
2047	1	-16.782458	-9.317981	-1.337819	-8.017341	-19.057914	-10.525851
2069	1	-12.396181	-14.885352	-3.222202	-14.540281	-13.886899	-9.662447
2070	1	-10.977250	-7.375671	-6.495066	-6.681973	-15.602097	-11.468727
2072	1	-16.443584	-9.900737	-4.510068	-11.156400	-16.793898	-12.104321
2073	1	-12.509625	-11.647964	-2.869747	-11.695791	-14.805930	-7.915014
2076	1	-10.227947	-11.120813	-3.449515	-13.618074	-14.054519	-10.289325
2087	1	-13.517146	-13.091244	-2.861592	-16.709033	-14.683595	-9.776537
2089	1	3.699945	-13.736246	-4.024787	6.703911	-15.575500	7.708667
2107	1	-10.962182	-9.796619	-5.780988	-9.176174	-13.606253	-16.161540
2115	1	-15.679315	-12.302626	-6.355610	-10.815792	-12.697003	-14.169789
2122	1	-8.042476	-8.456324	-4.454417	-9.748529	-18.649936	-11.723599
2128	1	-9.286630	-13.030549	-4.857071	-6.204263	-14.763862	-8.226163
2130	1	-14.659375	-7.819513	0.454347	-9.316655	-13.681306	-10.520659
2131	1	-14.365681	-11.428726	-8.115416	-7.777508	-12.410387	-9.249428
2132	1	7.695069	-15.719211	-0.000177	9.179454	-15.440557	4.216103
2135	1	-16.567143	-5.056329	-4.584452	-8.509366	-14.049046	-5.885128
2144	1	-13.357555	-8.967563	-7.438741	-11.781038	-14.775875	-11.454812
2158	1	-11.273604	-13.472521	-3.332789	-11.313679	-10.098596	-15.823549
2174	1	-4.217035	-13.359284	-5.550257	2.765916	-16.008163	6.531777
2177	1	-16.390411	-7.684003	-6.907723	-7.463278	-9.165182	-10.731641
2182	1	-15.799295	-8.280384	-7.447285	-14.343501	-18.651954	-10.245477
2185	1	4.803271	-9.628871	-7.042046	6.112846	-16.981981	6.236999
2194	1	-14.372213	-10.744836	-3.910183	-10.977989	-16.165147	-10.487148
2210	1	-16.236810	-7.313386	-3.802373	-8.070337	-14.040434	-10.377788
2220	1	7.392580	-17.677130	-4.467555	9.521851	-16.288030	6.648491
2227	1	-10.533294	-10.160079	-5.261624	-15.109770	-12.410275	-7.323215
2229	1	-15.207949	-9.348077	-2.925245	-11.191867	-18.439328	-7.950259
2230	1	-15.828350	-5.314326	-4.054066	-9.685198	-11.902069	-11.470689
2234	1	-10.029301	-13.472783	-5.863498	-5.818167	-12.092041	-11.283527
2268	1	-7.484063	-12.029333	-3.365703	-10.719517	-21.097074	-14.670356
2269	1	-15.107110	-1.789448	0.367008	-9.459330	-10.408930	-13.693951
2274	1	-11.893711	-5.313211	-1.420064	-5.623558	-12.324918	-8.386891
2277	1	-16.296498	-5.731145	-4.864414	-12.807080	-14.791041	-13.680536
2287	1	5.894001	-11.845398	-2.106695	7.666363	-11.385591	5.512547
2305	1	-13.647941	-8.835034	-5.601038	-9.090835	-11.213986	-10.223858
2306	1	-10.464728	-10.467926	-6.300407	-2.089546	-9.764621	-11.305212
2309	1	-15.365820	-8.704020	-0.813630	-11.769387	-14.034703	-10.572747
2313	1	-11.808240	-7.264117	-1.794034	-7.194430	-16.694534	-9.834282
2318	1	-17.616815	-8.465607	-4.471171	-5.133091	-15.511196	-12.192768
2320	1	-13.003563	-10.152437	-7.976375	-9.054562	-17.567871	-10.323713
2322	1	-13.943905	-8.777527	-6.907332	-11.332498	-13.221877	-11.463615
2328	1	-12.359498	-8.723466	-4.575431	-9.946178	-10.453143	-9.384989
2331	1	-10.271008	-9.048157	0.524336	-15.527130	-15.566856	-12.895790
2341	1	-9.806047	-10.465688	-0.859013	-10.541275	-18.890804	-12.780840
2352	1	-13.665268	-7.381148	1.431641	-7.325726	-16.316206	-10.180511
2354	1	-10.562891	-14.639704	-5.820178	-11.699921	-17.708613	-10.793522
2358	1	-17.557408	-9.794460	-2.801336	-7.150720	-17.534840	-5.306066
2377	1	-15.229743	-9.961158	-4.981109	-7.700839	-11.415821	-6.989052
2380	1	-10.798174	-4.774859	-6.364415	-6.266384	-13.135963	-10.437953
2383	1	-14.301477	-6.441932	-8.645331	-3.508259	-13.933289	-8.918193
2387	1	-13.538860	-9.157277	-3.650249	-1.053027	-15.523901	-6.746000
2396	1	-13.137893	-10.327571	-1.768039	-12.633000	-14.848840	-14.191531
2424	1	-12.802013	-4.094905	-1.496482	-11.017589	-13.974656	-11.278384
2429	1	-14.038175	-12.869301	-4.762250	-12.876391	-12.824005	-13.714003
2441	1	-17.041415	-12.224861	-3.713317	-8.503745	-14.933015	-17.687654
2443	1	-19.005600	-12.260545	-3.825749	-4.909376	-11.816888	-7.668654
2449	1	-10.458236	-7.522776	-6.556817	-11.912340	-14.751946	-14.873996
2451	1	-9.681824	-9.774272	-3.560277	-8.868669	-15.422439	-15.092298
2457	1	-13.146264	-10.096794	-3.959875	-12.085248	-14.828317	-4.997146
2480	1	-10.090580	-1.399036	-4.164059	-12.968835	-8.744986	-11.786379
2483	1	-15.946476	-9.545119	-7.405869	-12.165608	-19.314600	-5.992008
2492	1	-10.535956	-11.731377	-6.312874	-7.654126	-8.682995	-14.520824
2504	1	-15.630879	-8.648637	-7.115155	-6.174641	-14.010158	-6.843015
2518	1	-16.882065	-7.860082	-3.691222	-8.659072	-10.817923	-8.710347
2527	1	-10.325675	-7.555809	-4.706617	-11.905655	-15.622029	-13.368341
2528	1	-11.013888	-10.427379	-4.026613	-13.019640	-15.257121	-11.291397
2529	1	-9.054538	-7.823180	-4.637175	-13.797327	-11.261223	-11.875369
2534	1	-17.091588	-4.631568	-5.786795	-9.296444	-12.599584	-2.236563
2537	1	-12.824630	-12.009451	-2.965103	-10.882813	-16.804026	-10.279237
2540	1	-15.170769	-10.927606	0.209131	-9.952707	-13.683647	-10.009893
2550	1	3.774862	-10.630805	-4.419417	7.558883	-14.663793	5.975703
2552	1	6.017068	-17.789781	-3.464369	7.169646	-16.499406	7.594233
2553	1	-17.420253	-13.938174	-1.914168	-11.809489	-15.626427	-10.402036
2556	1	-13.563395	-13.075908	-2.461986	-11.980063	-15.417349	-8.030635
2560	1	-15.121519	-11.981291	-4.428129	-8.169957	-14.446030	-7.629119
2564	1	-11.807820	-13.592489	-2.751907	-12.684060	-14.550455	-8.145117
2566	1	-16.605344	-11.508511	0.557773	-5.101365	-13.009707	-16.260068
2570	1	-14.491839	-8.114878	-2.380164	-9.861156	-16.865185	-13.194992
2573	1	-15.238918	-11.179006	-3.934611	-7.337657	-14.798021	-8.766856
2583	1	-7.836353	-13.269950	-2.376318	-12.772538	-11.909698	-8.484445
2588	1	-14.797314	-7.993216	-0.572297	-10.165731	-11.328715	-10.959664
2591	1	-12.146817	-11.124859	-5.401829	-12.176727	-12.303033	-9.025721
2596	1	-6.303320	-3.577525	-0.382550	-12.010310	-14.543742	-11.062304
2605	1	-13.034215	-10.375995	-5.802035	-4.124818	-15.248630	-7.156562
2632	1	-6.606534	-10.622122	-3.980349	-3.124125	-13.356144	-14.108747
2634	1	-13.640563	-8.069076	-3.270651	-16.475357	-18.181031	-10.543839
2637	1	-14.934187	-8.840531	-4.080160	-8.532532	-14.619870	-16.619651
2640	1	-18.154405	-10.749182	-4.081145	-9.219342	-17.108800	-7.052467
2648	1	-17.151650	-12.079333	-7.262406	-9.667347	-11.103280	-8.283137
2655	1	-0.307072	-15.357098	-2.312087	6.012336	-9.912013	5.515622
2661	1	-13.748588	-12.241144	-4.481809	-7.256323	-17.094303	-9.415750
2666	1	-5.225508	-14.981215	-6.599680	-9.231473	-14.078079	-14.836460
2674	1	3.186640	-14.366977	-3.664478	8.507888	-15.947129	8.705340
2691	1	-15.187682	-6.607384	-3.192973	-15.455209	-11.018517	-13.455695
2697	1	-16.651827	-6.415592	-3.518667	-9.799584	-14.616798	-11.956014
2712	1	-14.838755	-7.611638	-4.055571	-8.833776	-13.323378	-6.317060
2731	1	-14.418723	-10.815304	-1.535088	-3.067579	-11.967994	-13.430693
2739	1	-13.515694	-8.401987	-5.972827	-6.671765	-14.784340	-9.603990
2742	1	-11.625822	-8.297945	-9.483618	-15.815058	-15.935683	-14.036479
2751	1	-12.085853	-14.904828	-4.648709	-11.015437	-15.813217	-13.660680
2753	1	-9.987373	-7.653347	-5.098826	-11.130016	-18.098219	-9.923574
2754	1	-16.655359	-12.716871	-3.682700	-11.268621	-15.192672	-10.665747
2755	1	-9.084938	-9.680534	0.757351	-5.664922	-16.774791	-14.591272
2757	1	-13.914007	-12.011071	-5.126628	-13.372360	-12.667466	-15.213359
2776	1	-15.517761	-6.979390	-4.212819	-14.985291	-11.126471	-10.403124
2799	1	11.025942	-13.639809	-5.121615	5.347249	-16.934002	5.603490
2801	1	-8.659437	-10.294632	-6.339178	-8.950428	-14.171269	-6.196230
2803	1	-13.922792	-12.869256	-8.539526	-10.909437	-7.195853	-8.412212
2809	1	-8.881330	-6.146019	-7.959820	-15.184838	-12.995822	-9.393643
2815	1	-12.546603	-9.322337	-1.794550	-9.961793	-17.495656	-8.031326
2817	1	-20.530260	-12.627683	-3.305601	-7.943137	-15.406346	-13.173592
2821	1	-16.015385	-6.855175	-5.118408	-8.601139	-15.669787	-10.702966
2822	1	-9.383145	-9.307899	-4.292041	-6.101652	-18.073763	-13.986517
2838	1	-19.256387	-9.303199	-2.457691	-5.714794	-16.387974	-6.879207
2847	1	-17.065564	-7.664687	-8.860854	-9.921122	-13.280722	-12.412256
2854	1	-9.184055	-11.311936	-2.667177	-12.038328	-12.351331	-10.842070
2859	1	-15.112811	-5.214658	-9.440790	-8.207563	-14.924062	-11.099913
2866	1	-16.732165	-11.456340	-6.558271	-4.769628	-14.527237	-7.980337
2869	1	-12.709421	-14.903630	-3.756541	-13.708929	-15.952180	-13.047397
2873	1	-4.137868	3.161991	4.628084	-14.159060	-4.760054	-3.754222
2875	1	-15.409961	-10.542837	-7.813330	-11.109147	-16.127623	-14.916631
2879	1	-17.149898	-10.058083	-8.962319	-9.909011	-16.550634	-15.052899
2882	1	-15.465493	-13.580789	-2.369779	-8.178462	-14.890294	-10.544387
2887	1	-10.308378	-8.774762	-2.871226	-11.376735	-19.103417	-10.009160
2897	1	-10.199352	-6.785090	-1.850046	-5.280513	-12.978005	-13.668903
2912	1	-7.681643	-15.812712	-4.038122	-7.894164	-14.721541	-5.470043
2928	1	-10.439962	-8.476274	-7.433332	-9.792826	-17.093074	-14.376433
2946	1	-13.481663	-11.361265	-7.136650	-12.037566	-13.262302	-12.740842
2948	1	-11.803515	-8.956868	-5.600506	-13.367142	-16.516619	-11.111478
2956	1	-17.735756	-12.632377	-3.006002	-10.289093	-16.444769	-9.469592
2959	1	-12.513990	-11.277346	-3.665114	-3.923620	-11.416283	-11.949603
2961	1	-10.595439	-7.287030	-5.072987	-10.928579	-15.545968	-13.617144
2967	1	-11.349008	-7.010302	-4.836655	-8.440560	-16.847906	-11.094159
2970	1	-14.365141	-10.591172	-4.868716	-8.481074	-16.144491	-5.737712
2985	1	-8.381504	-13.684628	-0.529207	-9.855826	-11.821240	-8.563573
2995	1	-11.848993	-8.333669	-1.281693	-11.576363	-17.404457	-11.497868
2999	1	-15.656075	-10.536222	-5.684733	-11.632085	-11.115805	-0.353750
3006	1	-16.140311	-6.749768	-3.968324	-10.397654	-14.185994	-4.714865
3025	1	-15.648095	-13.514100	-4.319990	-13.164415	-15.773657	-11.126281
3033	1	-15.052652	-10.843111	-9.212985	-17.224051	-13.890131	-12.107237
3039	1	-13.596073	-8.288648	-6.102556	-10.775593	-8.685350	-10.899851
3040	1	5.485860	-15.393283	-5.252660	6.267551	-15.435110	8.966629
3049	1	-15.012097	-7.648606	-6.406072	-7.343898	-15.024381	-10.165303
3053	1	-16.899207	-6.237388	-1.012015	-10.432839	-18.159437	-12.115632
3058	1	-12.613038	-7.283322	-2.744145	-7.491948	-16.493457	-9.566954
3063	1	-11.556917	-11.137011	-0.861674	-10.872365	-9.672368	-8.711921
3068	1	-14.236822	-7.972489	-9.136640	-10.013848	-10.732225	-8.916539
3071	1	-13.051213	-9.023989	-4.809549	-7.177966	-18.465661	-11.555530
3082	1	-12.666994	-10.810146	-3.125563	-10.086379	-14.071055	-8.852446
3086	1	-8.719673	-3.269242	-1.865062	-7.938318	-11.127975	-15.464716
3115	1	-15.400569	-6.207038	-4.097295	-10.076058	-15.373893	-9.406783
3127	1	-15.968627	-14.726440	-6.773351	-7.832008	-9.245054	-8.588516
3128	1	10.959995	-15.380850	-5.361425	5.435196	-9.863224	5.944191
3136	1	-15.257354	-10.890704	-1.450277	-9.823760	-17.258925	-11.865534
3137	1	4.420059	-15.884914	-7.402031	7.965756	-14.035891	8.451226
3139	1	-11.126782	-9.726812	-7.503486	-14.712672	-12.747991	-9.655254
3141	1	-11.111693	-9.200832	-1.353190	-13.537984	-15.217585	-9.637412
3161	1	-12.844451	-10.644684	-1.963825	-6.514323	-14.396121	-14.409166
3190	1	-15.931940	-14.609427	-3.169566	-10.824821	-14.809868	-3.009793
3193	1	-10.936177	-13.152873	-1.668173	-11.842995	-10.587087	-12.128081
3194	1	-10.726848	-10.173410	-6.395585	-13.882375	-14.662572	-17.585086
3196	1	-16.555115	-9.687790	-7.415277	-11.910827	-16.239907	-9.964689
3198	1	-16.039288	-14.027902	-7.286084	-12.072157	-15.656492	-5.279051
3200	1	6.116743	-11.253108	-4.858268	7.456966	-9.445360	6.396094
3217	1	-14.409846	-10.061941	-3.064800	-16.447672	-15.234244	-7.057440
3230	1	-14.012283	-9.723085	-4.145765	-5.408327	-17.685633	-9.051973
3240	1	-10.755083	-8.047391	-2.815939	-15.766619	-14.006583	-5.364867
3245	1	2.625145	-10.236087	-5.307827	6.116097	-15.060080	7.111827
3253	1	-16.608157	-11.533539	-5.754524	-5.042413	-11.017105	-9.449496
3256	1	-12.525648	-8.752803	-4.389074	-9.539635	-17.792358	-13.250426
3263	1	-8.682653	-10.048462	-10.630008	-3.383229	-17.478465	-11.605428
3265	1	-12.483720	-3.587215	-4.177850	-11.968725	-9.268237	-5.072808
3266	1	-13.946727	-10.896250	-3.427808	-9.805878	-15.022280	-12.942815
3277	1	-17.349386	-10.969278	-7.229158	-8.879845	-17.755619	-5.919428
3282	1	-10.400780	-9.033464	-6.781735	-9.084419	-15.064917	-15.748997
3294	1	-17.678772	-12.617201	-5.828285	-14.091016	-12.743916	-12.439895
3303	1	-11.345299	-6.356823	-4.757146	-9.351752	-15.724299	-14.214608
3308	1	-13.015169	-7.279001	-7.023597	-11.156136	-15.127902	-8.838713
3320	1	-13.179146	-12.044790	-2.458577	-8.342688	-16.426095	-14.658858
3324	1	3.487404	-13.880912	-6.971775	8.732061	-14.762544	7.319597
3325	1	-13.130943	-10.762572	-3.732586	-9.010902	-11.932383	-12.708581
3358	1	-16.139881	-7.641366	-1.224360	-10.354723	-13.502071	-8.421904
3364	1	4.037299	-18.859714	-3.281880	7.259873	-16.962752	4.715266
3373	1	10.568051	-14.990451	-6.965079	8.477655	-16.443807	6.984324
3374	1	-16.157460	-9.189209	-2.795531	-10.156042	-16.313881	-5.600429
3379	1	-6.245412	-5.504670	-0.179394	-8.028906	-10.600273	-13.316832
3384	1	-9.137836	-9.095074	-5.329226	-5.945116	-13.337999	-14.653419
3387	1	-14.368380	-12.002427	-5.484502	-6.729428	-11.744901	-8.799405
3399	1	-7.774438	-7.225262	-3.647690	2.990085	-15.902055	0.463948
3401	1	-14.825723	-6.521667	-1.815311	-7.783597	-13.299884	-9.642642
3405	1	-11.245137	-11.204703	-10.196678	-9.101918	-10.958230	-13.245394
3407	1	7.850118	-15.447766	-4.579044	7.827027	-16.318039	7.894870
3416	1	-14.387788	-10.072188	-4.726712	-6.495613	-13.934177	-7.106594
3417	1	-15.625410	-9.953970	-8.338393	-10.350119	-14.891196	-12.304834
3430	1	-13.532105	-4.300627	-0.451963	-12.469493	-10.848548	-6.868732
3443	1	-5.817926	2.207441	7.406883	-15.213598	-1.823674	-8.647805
3447	1	-12.920490	-9.663149	-2.595758	-11.204182	-14.596124	-12.368330
3464	1	-11.517947	-6.687879	-1.962887	-15.660837	-14.026203	-11.509919
3466	1	-11.375475	-12.165121	-4.973239	-11.768842	-13.685714	-10.520653
3470	1	-12.531633	-8.568183	-6.933378	-8.796235	-18.217689	-12.416711
3478	1	-11.524422	-12.648507	-5.660805	-12.137785	-19.635820	-9.560307
3484	1	8.478786	-14.692158	-3.558565	5.895739	-12.330927	7.207386
3494	1	-18.372865	-14.316500	-9.334230	-6.436109	-12.250851	-3.355872
3497	1	-13.381854	-7.557331	-6.040815	-11.771830	-15.609287	-9.609612
3501	1	-12.337853	-13.262410	-0.944110	-11.097357	-15.744235	-13.955883
3516	1	-11.835267	-8.682385	-2.090399	-10.035139	-18.177108	-13.872200
3517	1	-16.229156	-11.469685	-1.804634	-12.742794	-10.739278	-11.313363
3527	1	-3.923294	-9.945991	-3.918943	1.234052	-12.691359	0.198718
3528	1	-11.649663	-9.358461	-6.037912	-13.053542	-15.435499	-7.922508
3533	1	-17.759488	-11.779185	-1.541116	-5.415243	-14.014707	-12.893867
3540	1	-16.205890	-10.653211	-4.080778	-12.245072	-18.320140	-12.663288
3548	1	-16.256299	-7.595654	-8.079053	-10.194641	-15.260163	-6.252096
3557	1	-13.152784	-14.640495	-4.914473	-7.943305	-14.008444	-9.085295
3561	1	-5.649862	-6.226891	-2.860379	-1.695239	-11.863185	-5.212127
3563	1	7.006988	1.543687	4.543001	4.634663	-8.641226	6.707376
3565	1	-14.606195	-8.971142	-4.282553	-9.737354	-14.891898	-7.565276
3580	1	-10.678324	-6.206191	-5.895873	-6.911402	-14.720067	-16.632561
3586	1	-9.900745	-12.381193	-0.342168	-11.671723	-11.814057	-12.694757
3612	1	-15.298702	-11.397542	0.168626	-6.971158	-15.208505	-3.968869
3615	1	-15.871061	-12.139725	-7.098299	-12.654037	-16.496521	-14.601223
3618	1	-10.680832	7.926856	9.263064	-16.630012	2.774549	-10.470744
3621	1	-14.411629	-10.969797	-4.864900	-11.851133	-13.047763	-7.564596
3631	1	-15.528244	-8.074226	-4.080359	-11.743726	-15.057173	-7.266039
3642	1	-5.080940	-11.550892	-3.848442	-7.684277	-11.100690	-15.464319
3656	1	-13.905059	-7.876931	0.836714	-11.723340	-15.435807	-10.055019
3659	1	-13.052478	-8.178357	-7.460552	-12.086276	-15.863548	-8.542875
3674	1	-14.197081	-7.831412	-2.586973	-16.661641	-13.424718	-12.860020
3678	1	-14.659175	-11.369321	-6.007492	-8.527328	-16.339254	-8.337329
3683	1	-15.681387	-5.473807	-5.928411	-11.892508	-15.158302	-7.925025
3689	1	-17.938782	-14.162528	-5.372975	-11.034814	-18.898357	-9.238512
3693	1	-15.850017	-10.530839	-4.636712	-13.239869	-16.971177	-10.301499
3694	1	-12.693936	-6.749669	-2.386019	-11.664299	-12.631903	-8.033226
3696	1	-14.364264	-12.379622	-7.696791	-8.515965	-17.763539	-9.200315
3704	1	-15.401243	-12.128485	-9.208232	-11.926974	-16.949586	-12.204074
3711	1	-16.506979	-10.486121	-1.685330	-8.062692	-10.618414	-3.887515
3721	1	-16.894490	-9.486100	-2.559706	-10.977319	-12.914599	-10.343912
3727	1	-13.369257	-8.043797	-5.325116	-10.717458	-16.097154	-6.792077
3735	1	-15.139019	-9.762496	-4.846787	-14.082354	-16.968111	-4.943282
3738	1	-9.509206	-6.859593	-4.302543	-6.973478	-16.355913	-13.597286
3742	1	-16.631805	-3.670334	2.110194	-14.362898	-15.456305	-8.088358
3761	1	-16.246492	-13.036892	-3.653410	-9.509529	-18.399619	-12.749740
3778	1	-15.318022	-11.789849	-4.979480	-3.888414	-20.876467	-4.362907
3785	1	-15.870447	-9.056342	-0.570381	-11.744010	-17.378764	-9.990668
3786	1	-15.472678	-7.484976	3.776874	-8.715330	-9.890094	-9.527692
3790	1	-15.070747	-12.095008	-5.357632	-8.634954	-14.554376	-11.401209
3802	1	-16.778130	-12.703262	-6.302484	-8.421010	-16.172195	-11.041738
3804	1	-17.930295	-9.058932	-3.894984	-5.681148	-16.555638	-12.423408
3805	1	-14.266421	-13.045591	-6.777595	-10.987623	-9.993684	-12.039021
3809	1	-12.334752	-11.590319	-5.078256	-2.000838	-10.006480	-9.382478
3810	1	-9.915673	-10.151586	-8.145558	-12.435849	-12.916286	-8.190811
3812	1	-13.064984	-11.406072	-2.321889	-12.520777	-12.847850	-12.695838
3822	1	-13.925909	-9.071614	-0.580716	-8.134636	-11.052419	-8.136991
3831	1	-15.610926	-8.600309	-5.900300	-10.883129	-10.883122	-8.412927
3832	1	-9.773290	-6.666089	-7.484679	-10.636725	-16.839457	-14.447610
3835	1	-11.995031	-9.934571	-4.091478	-9.134148	-16.849153	-7.070845
3838	1	-13.895751	-10.467095	-3.822576	-12.901024	-12.938502	-10.786041
3841	1	-12.178537	-12.241771	-1.422808	-13.610723	-14.603928	-6.230335
3846	1	5.417210	-8.406781	-5.461547	7.459718	-8.916905	6.573769
3852	1	-12.283038	-13.243021	-3.301409	-13.815428	-14.443395	-7.890474
3855	1	-9.679477	-5.868060	-5.660516	-12.714844	-16.676211	-6.710471
3861	1	-11.445140	-8.950843	-4.580383	-9.918991	-11.130223	-7.783142
3864	1	-16.245639	-8.243927	-6.155127	-11.234824	-12.603275	-13.315192
3874	1	-12.674783	-8.532897	-1.735869	-9.630077	-12.661364	-12.677092
3905	1	-12.658424	-3.566612	-7.136550	-11.570138	-18.407307	-13.984724
3906	1	-15.477304	-11.940130	-3.327967	-12.960497	-14.300955	-6.770848
3915	1	-14.103485	-9.152982	-1.997231	-10.329622	-15.917096	-9.740572
3926	1	-11.874723	-9.786020	-7.733283	-11.320991	-17.162161	-11.268783
3932	1	-11.442955	-9.993851	-1.539610	-9.412356	-17.561074	-10.354988
3934	1	-13.246316	-13.348668	-7.248482	-10.577701	-16.917430	-12.163869
3946	1	-14.521484	-10.299538	-1.791099	-13.175669	-14.480257	-7.093940
3947	1	-14.168992	-8.025794	-7.037765	-1.609881	-12.744586	-8.936973
3948	1	-12.680354	-7.652733	-4.455042	-11.128892	-17.774668	-14.501939
3952	1	-15.530529	-11.842955	-9.135361	-12.762377	-16.895455	-9.521142
3964	1	-10.559292	-7.049030	-3.226786	-12.251753	-12.143072	-10.724968
3972	1	-12.651015	-9.592617	-1.283324	-11.229881	-10.712426	-7.556415
3976	1	-15.052553	-5.989364	-6.466702	-11.117438	-11.339319	-13.222336
3979	1	-13.372187	-8.072823	-5.922409	-9.756951	-12.145243	-9.724087
3985	1	-17.335204	-13.110900	-6.294762	-9.778117	-16.092829	-6.611087
3988	1	-17.062433	-9.051575	-4.896899	-10.206180	-13.877808	-10.349964
3993	1	-10.080991	-8.600692	-1.589989	-10.936948	-15.190107	-13.415489
3997	1	-11.645744	-12.993674	-2.898067	-9.510579	-16.037435	-12.131867
4000	1	-13.551494	-14.137889	-1.835087	-6.670556	-15.932801	-8.749080
4003	1	-18.432170	-11.611534	-7.376292	-12.577709	-16.266059	-10.994890
4007	1	-15.506309	-8.765447	-5.815532	-9.929141	-16.957689	-11.146115
4009	1	-14.817915	-3.832592	-3.801150	-8.669695	-13.718098	-11.790300
4012	1	-10.368551	-5.995452	-3.910585	-8.575799	-10.071314	-8.191207
4020	1	-13.800247	-10.448391	-1.459966	-12.044634	-15.522980	-11.437269
4038	1	-17.677245	-7.355141	-6.169062	-13.563502	-13.361714	-11.821501
4047	1	-5.218592	-8.904539	-4.905696	-6.125196	-11.380254	-12.265007
4057	1	-14.542538	-13.576518	-3.130152	-10.905957	-15.965892	-14.520354
4063	1	-15.473080	-4.244419	-4.138795	-15.135922	-16.969227	-5.509537
4069	1	-16.885361	-5.471051	-3.757125	-6.280201	-17.563713	-9.521842
4086	1	-13.759526	-14.978682	-2.374726	-6.881924	-13.747631	-9.661572
4091	1	-17.001640	-6.007621	-1.398447	-10.584005	-9.636203	-9.108444
4099	1	-10.303512	-0.553287	0.460645	-11.941330	-14.000945	-9.598888
4102	1	-16.589283	-9.060544	-5.613844	-12.098182	-11.464384	-9.168897
4103	1	-12.931538	-7.371941	-5.873531	-10.890166	-15.179499	-9.416507
4119	1	-11.299238	-7.483129	-4.405549	-9.824616	-18.652803	-13.857223
4126	1	-12.933623	-4.944414	-4.306680	-11.114984	-12.680814	-5.714059
4128	1	-14.682143	-11.029490	-4.876226	-9.157838	-14.417025	-8.678081
4130	1	-17.300237	-9.622219	-6.025245	-13.799213	-17.605651	-7.553434
4135	1	-11.746589	-6.295424	-6.146151	-9.979473	-14.862608	-12.147881
4137	1	-15.060810	-11.563361	-7.719071	-12.301885	-14.684818	-8.833788
4140	1	-14.098043	-9.732215	-5.734898	-13.568962	-15.247874	-4.399000
4142	1	-11.755731	-11.437884	-4.454219	-9.544328	-14.349921	-13.759425
4154	1	-13.662974	-10.059966	-8.307572	-11.152192	-11.911767	-11.561190
4156	1	-13.160427	-7.914807	-3.729953	-6.707627	-17.308884	-9.941933
4168	1	-14.835049	-7.636569	-1.208224	-6.482836	-16.101982	-12.513826
4188	1	-15.100132	-13.413258	-5.888220	-4.081877	-16.114049	-10.423308
4194	1	-15.325254	-7.175787	-6.866428	-13.339249	-12.792606	-10.227920
4209	1	-11.499438	-9.891571	-6.851345	-8.047507	-11.672135	-13.161487
4212	1	-11.159978	-10.335920	-2.624884	-10.722826	-12.568812	-8.370197
4216	1	6.133084	-14.183735	-4.577815	7.093637	-18.638258	6.895348
4236	1	-14.241242	-7.534599	-5.784430	-5.480245	-13.974413	-7.264957
4245	1	5.646937	-17.865908	-5.207159	7.179286	-15.421868	6.205948
4256	1	-17.364076	-13.220162	-5.520901	-8.789498	-16.543007	-10.546154
4261	1	-10.288519	-11.101448	-7.533961	-10.101093	-15.680367	-13.376848
4262	1	-15.665905	-6.897159	-6.647910	-6.166439	-12.192872	-8.792656
4267	1	-15.315038	-6.946899	-3.373305	-5.413919	-15.769069	-11.657785
4288	1	-8.287122	-12.843817	-6.222294	-9.403923	-18.004044	-6.893475
4293	1	-14.815494	-6.596241	-5.740700	-8.178784	-13.399110	-7.403067
4305	1	-13.890076	-9.666475	-8.472692	-10.288182	-15.987843	-4.483303
4310	1	-12.122610	-9.911352	-6.323412	-11.259398	-13.329404	-9.134427
4330	1	-13.409425	-11.561925	-8.459213	-2.683738	-13.263988	-12.199156
4335	1	-7.211817	-2.880213	-3.555412	-8.825160	-14.347281	-6.506932
4337	1	-13.185490	-8.530771	-5.643034	-11.812523	-13.742825	-9.478060
4340	1	-14.955165	-11.579182	-4.795958	-7.677206	-14.129889	-14.936209
4341	1	-8.527404	-9.535274	-4.352733	-6.944115	-12.723156	-13.256073
4345	1	-7.611201	-12.311107	-5.289312	-12.321724	-18.358392	-14.889119
4347	1	-11.878161	-12.119898	0.777505	-7.354473	-11.644745	-9.109613
4356	1	-11.625273	-9.441007	-7.497715	-6.806133	-19.399778	-12.810981
4359	1	-20.818787	-14.675051	-3.042594	-15.445009	-10.458715	-14.686030
4364	1	-12.330306	-12.513086	-4.980920	-7.092520	-14.589247	-7.242536
4367	1	-9.863384	-5.749773	-6.540330	-11.612410	-11.112867	-14.184143
4379	1	-15.657445	-10.239967	-4.103621	-9.824932	-14.740296	-5.412462
4388	1	-9.671215	-10.719232	0.525731	-9.270636	-13.040792	-9.246490
4415	1	-13.390970	-10.577969	-6.166849	-4.779864	-18.003610	-9.348890
4418	1	-15.164036	-9.510300	-5.728333	-15.665867	-12.155007	-15.583301
4421	1	-3.185457	2.808952	3.529394	-6.986966	-5.106367	-15.905285
4423	1	-18.480764	-10.498461	-8.022382	-13.015142	-13.275403	-15.352213
4427	1	-10.157452	-7.689141	-5.263076	-16.640429	-18.613322	-10.745560
4433	1	-18.575915	-8.285699	-6.182757	-8.635716	-14.135855	-8.404342
4456	1	-12.806244	-9.734787	-8.574254	-0.868247	-15.923222	-4.929347
4463	1	-14.360722	-16.052184	-5.014104	-8.217323	-15.677305	-8.807453
4476	1	-14.914774	-9.794550	-3.644089	-9.890834	-15.065847	-16.243133
4482	1	-16.397506	-10.976746	-3.978535	-7.404370	-9.821858	-10.223053
4487	1	-9.985329	-10.677271	-2.293236	-10.882923	-13.899430	-14.465280
4488	1	-15.181254	-8.841437	-3.625292	-14.475461	-16.692656	-11.888932
4489	1	-13.780244	-9.857569	-5.705552	-15.956252	-19.058454	-7.271605
4490	1	-11.865162	-12.162161	-7.369734	-2.349201	-9.773785	-9.706260
4497	1	-15.201758	-12.098620	-5.814541	-13.961809	-13.453913	-7.753952
4503	1	-13.789209	-6.812730	-7.599012	-6.842400	-23.745146	-6.691377
4512	1	-7.187127	3.247945	-1.051328	-10.084337	-8.939563	-16.871231
4514	1	-12.487535	-8.881330	-6.659189	-8.004184	-12.159423	-12.721373
4518	1	5.464154	-14.552937	-4.002071	7.029929	-12.833385	7.950807
4522	1	-12.468907	-11.317708	-6.459212	-15.478827	-12.518479	-11.290255
4525	1	-6.570672	-7.707281	-6.734318	-8.295460	-17.353671	-14.751752
4529	1	5.936299	-16.551293	-0.430869	8.831025	-11.167630	6.111550
4541	1	-15.447262	-10.543872	-5.400017	-10.215771	-14.526248	-5.870808
4543	1	-15.607671	-8.639613	-4.725830	-12.850202	-16.149052	-9.980405
4547	1	-13.297391	-12.495984	-5.468894	-11.788632	-12.080169	-15.071091
4555	1	-16.600960	-7.587590	-2.303854	-10.435184	-15.635353	-8.206303
4562	1	-13.155115	-7.169216	-2.436695	-11.265361	-16.768075	-11.728266
4563	1	-15.397624	-7.397741	-7.802077	-10.847981	-14.387018	-10.674371
4568	1	-15.860046	-7.583138	-7.026291	-8.742874	-13.622193	-9.707185
4573	1	-13.932186	-13.447069	-1.439483	-8.947280	-18.478951	-5.133293
4574	1	-15.358762	-8.251477	-7.155143	-10.039245	-17.416324	-14.896539
4579	1	-14.961421	-12.023636	-5.634516	-8.695732	-17.139630	-8.070380
4585	1	-13.289502	-8.131381	-6.607794	-8.138898	-13.236639	-11.511769
4602	1	-0.197653	-8.369949	-8.554720	-12.021750	-14.457961	-15.551486
4606	1	-14.847106	-6.732985	-5.674143	-10.617034	-14.789940	-12.738430
4607	1	-12.575308	-8.858768	-3.520273	-10.695795	-15.240531	-9.871312
4633	1	-12.168916	-12.667170	-6.164068	-13.914780	-13.895398	-1.631700
4640	1	-14.653101	-11.843749	-4.816375	-6.868930	-11.640758	-12.124344
4641	1	-10.613706	-8.737260	-6.769743	-10.276010	-14.392184	-17.764909
4645	1	-15.378386	-3.411044	-4.297435	-13.765767	-13.122028	-11.016559
4664	1	-15.542358	-7.097426	-0.227283	-8.940282	-17.256406	-17.210581
4665	1	-14.065233	-6.788042	-4.681965	-11.557987	-13.754441	-9.449934
4667	1	-12.219286	-12.220965	-6.468842	-10.052996	-13.656265	-14.113287
4669	1	-11.347960	-12.261244	0.420580	-14.397726	-10.984030	-13.741816
4675	1	-15.995860	-7.904955	-5.916495	-6.402145	-14.349171	-14.019284
4693	1	-14.410202	-11.992459	-3.900203	-9.674314	-19.194520	-11.532014
4725	1	-12.558917	-10.363230	-6.173229	-11.320965	-18.539383	-10.990084
4732	1	-13.692382	-10.609849	-3.935946	-6.184729	-17.561626	-9.184479
4753	1	-18.517400	-13.968593	-3.343634	-7.185903	-16.238026	-11.006723
4755	1	-12.244786	-11.236065	0.494015	-8.139485	-15.090185	-9.748118
4766	1	-11.615541	-10.246344	-5.007628	-10.623492	-14.620020	-12.645547
4770	1	-11.637042	-10.248915	-2.859057	-12.215290	-11.927182	-11.747499
4785	1	-15.859082	-7.777368	-5.301041	-7.625261	-14.159789	-11.481619
4799	1	-17.709361	-9.856690	-5.172265	-10.917505	-13.995505	-9.329290
4806	1	-10.968800	-2.419150	-1.517588	-10.043251	-14.164635	-4.362937
4807	1	-14.612450	-15.499333	-4.086527	-7.351943	-15.406112	-11.836380
4809	1	-14.585951	-7.889666	-0.120943	-8.975070	-12.901288	-9.852441
4815	1	-8.509705	-8.614471	-4.495183	-5.281815	-12.771324	-9.801375
4832	1	-15.550182	-16.015496	-6.497281	-9.865538	-18.490325	-6.844392
4836	1	-14.724694	-10.197233	-0.160040	-11.147974	-17.865677	-10.919335
4844	1	-11.445364	-11.447407	-7.699167	-8.020851	-13.788296	-14.362336
4866	1	-17.124218	-8.649299	-4.972693	-9.296995	-11.972274	-12.562874
4869	1	-7.508225	-10.387095	-4.124383	-10.201498	-10.394266	-12.902266
4875	1	-13.589761	-9.568731	-5.688176	-11.126644	-16.133080	-11.120036
4885	1	-11.108827	-13.714011	-3.906060	-10.722058	-13.721046	-9.535447
4891	1	-17.455153	-4.536306	-3.032097	-9.787961	-18.087569	-8.908474
4893	1	-13.522617	-8.296362	-2.824971	-9.652926	-14.938120	-14.363822
4898	1	-10.393753	-10.849205	-4.663452	-13.618124	-13.225319	-8.669595
4904	1	-11.455949	-10.651894	-7.465402	-14.176578	-17.367286	-4.129974
4907	1	-16.332582	-11.060774	-2.960580	-11.810880	-17.365478	-11.684616
4909	1	-16.297958	-12.323340	-6.761036	-11.025672	-16.430558	-8.309371
4913	1	-13.576766	-10.959734	-8.784556	-12.095040	-12.369369	-4.213643
4915	1	-14.007662	-11.145865	-1.962788	-15.363676	-14.090728	-12.412468
4926	1	-15.318047	-0.715404	-0.822248	-10.245581	-9.445639	-6.287047
4946	1	-18.272928	-6.781584	-4.704487	-5.980729	-14.637666	-7.664113
4952	1	-8.971183	-13.732050	-3.423225	-9.033910	-14.428155	-10.224168
4957	1	3.418202	-13.185812	-4.327077	8.578578	-14.340767	9.384369
4961	1	6.621622	-7.177526	-6.690426	5.923985	-12.552318	7.406372
4965	1	-12.910784	-9.169911	-7.798556	-5.961548	-14.097591	-10.430285
4971	1	-11.813305	-7.654862	-3.771177	-8.452294	-12.142226	-17.113341
4972	1	-15.225046	-14.294603	-6.273241	-6.873505	-17.085209	-10.263920
4975	1	-15.845277	-12.425007	-1.670008	-10.940545	-15.597297	-12.843810
4983	1	-15.016054	-11.882281	-2.773233	-10.380975	-15.512377	-13.376038
4991	1	-10.747150	-10.223003	0.503391	-2.023009	-13.544223	-8.717736
5001	1	-9.224741	2.089717	-2.038567	-10.479550	-7.854782	-8.624186
5005	1	-15.340350	-9.189766	-2.120861	-11.376814	-17.060695	-11.053347
5008	1	-16.323985	-14.074323	-3.132927	-8.545197	-14.429833	-13.852793
5009	1	-14.336840	-8.831051	-5.906315	-9.987080	-15.896200	-7.790731
5013	1	-14.873980	-13.141542	-1.571662	-11.345293	-16.900294	-9.984454
5014	1	-15.552334	-14.538992	-5.680458	-11.278929	-16.371363	-5.735691
5038	1	-13.929512	-11.687830	-7.737093	-11.421612	-13.860713	-9.394106
5041	1	-15.512221	-9.273423	-5.251848	-11.276864	-10.001234	-10.819714
5045	1	-13.539064	-7.224442	-5.835667	-9.304580	-16.342964	-13.956355
5049	1	-14.646486	-7.631440	-6.054962	-13.162786	-13.199571	-11.637144
5065	1	-17.686552	-14.007372	-3.246834	-14.277887	-14.848607	-11.524748
5066	1	-14.876128	-11.765948	-4.421837	-6.787655	-16.118588	-10.166128
5068	1	-15.375326	-8.732355	-1.575030	-10.374207	-14.964780	-10.898262
5070	1	-12.249951	-8.451222	-0.164534	-12.168999	-13.274226	-5.753756
5076	1	-13.593518	-12.431212	-0.827936	-11.936456	-17.432924	-9.081829
5078	1	-14.337600	-7.357453	-4.617381	-12.470528	-14.359713	-13.930489
5082	1	-15.243031	-15.335819	-4.934308	-6.763976	-15.146469	-10.714776
5089	1	-16.960995	-12.289017	-5.540838	-10.481633	-16.873200	-10.203812
5094	1	-16.727701	-8.645768	-6.620960	-9.893302	-12.656354	-9.923588
5100	1	-13.615232	-11.787249	-2.465410	-7.836551	-13.076979	-8.253504
5107	1	-9.856959	-9.033990	-4.421217	-4.933908	-15.547474	-7.961225
5108	1	-14.947464	-10.829255	-2.328232	-6.479134	-16.660623	-9.214885
5148	1	-14.069971	-8.663474	-8.298093	-7.958011	-15.499730	-11.037354
5152	1	-14.572934	-10.171746	-5.121747	-10.170489	-16.810311	-10.587724
5157	1	-15.872610	-8.804649	-5.307487	-8.713169	-16.830666	-5.488119
5165	1	-12.059255	-6.519266	-4.826362	-11.535898	-13.835772	-8.544014
5167	1	7.156930	-14.660757	-4.213263	7.383473	-15.440584	5.386042
5182	1	-16.018291	-8.629167	-5.759486	-16.343579	-14.577575	-12.227122
5186	1	-14.646930	-8.639649	-3.079860	-11.164364	-14.184190	-9.500748
5196	1	-16.979175	-9.668306	-4.192996	-9.831407	-11.681741	-14.399493
5202	1	-16.394451	-8.877534	-7.199430	-6.872645	-10.637756	-13.160851
5212	1	-11.368986	-13.364157	-4.829796	-14.105889	-17.653121	-13.279683
5219	1	-13.753107	-7.849622	-6.479755	-9.631200	-12.428753	-8.132491
5224	1	-14.507913	-8.291748	-5.266787	-12.481865	-12.326731	-10.159023
5229	1	-11.650936	-11.273850	-5.928057	-13.055160	-13.215291	-11.277687
5234	1	-18.482098	-4.937733	-4.947241	-7.415988	-12.417301	-10.941049
5240	1	-17.971029	-9.298117	-6.519583	-5.052417	-15.573820	-9.753184
5242	1	-11.196726	-11.350963	-3.066258	-10.678301	-13.418912	-15.720091
5246	1	-11.683824	-5.870146	-5.393202	-7.331317	-13.793005	-8.501805
5256	1	-11.723402	-6.115299	-7.234303	-5.888982	-14.407405	-3.314838
5258	1	-11.458138	-12.922167	-6.460514	-10.412703	-12.315215	-11.119871
5260	1	-14.905761	-11.163933	-2.111727	-9.522778	-15.363824	-9.550790
5265	1	-12.172853	-8.074342	-2.528394	-11.829964	-12.111370	-4.582792
5274	1	-11.326217	-11.080303	-3.985518	-9.778940	-11.435253	-13.386426
5275	1	-17.682780	-8.149097	-3.525245	-10.053837	-11.946692	-11.026094
5285	1	-16.186494	-13.988749	-0.486702	-8.713540	-11.446620	-8.034191
5294	1	-10.841694	-12.148647	-2.810249	-9.550310	-12.657106	-12.345550
5312	1	-10.852890	-9.541765	-4.736225	-11.800351	-11.087908	-8.294124
5314	1	-12.708159	-4.743416	-4.701383	-12.042187	-10.935447	-11.827821
5320	1	-5.843413	-11.725266	-3.817522	-7.021218	-13.179525	3.547970
5351	1	-14.216373	-12.124338	-0.469563	-8.716862	-14.677084	-16.300548
5368	1	-12.683742	-13.619033	-5.260480	-16.443732	-18.177910	-8.429260
5376	1	-12.334609	-10.586313	-1.831331	-10.564084	-13.998285	-10.584180
5381	1	-9.680305	-8.941041	-3.257738	-10.758926	-16.679994	-10.148427
5397	1	-15.754000	-11.417797	-6.078705	-11.706567	-12.403509	-16.045506
5406	1	-15.279705	-12.217932	-3.729155	-13.167281	-17.173628	-10.590903
5422	1	-11.452008	-11.535068	-5.885149	-8.606186	-13.575186	-4.895900
5435	1	-15.457299	-10.999552	-1.468068	-9.817034	-8.739735	-11.370689
5437	1	-12.350434	-11.597036	-10.453663	-6.977844	-9.602105	-13.184844
5440	1	-9.942577	-7.551397	-4.028228	-13.443113	-11.987311	-12.175551
5445	1	-11.832528	-11.993490	0.583545	-11.590490	-9.681612	-8.724858
5466	1	-16.117491	-10.108146	-7.615639	-8.283238	-12.194844	-11.791407
5468	1	-11.885972	-7.410779	-5.690131	-5.023922	-13.193583	-9.324282
5470	1	-15.249314	-10.186890	-6.211704	-8.885597	-13.276585	-11.855884
5482	1	-15.804876	-9.928197	-3.794041	-11.402811	-15.221312	-7.791002
5499	1	-11.295841	-11.576701	-5.054202	-8.771097	-12.223158	-7.941770
5510	1	-10.134160	-4.572150	-8.650962	-5.431799	-9.734810	-12.393904
5519	1	-15.906001	-10.447652	-7.885156	-11.684558	-12.833533	-10.912925
5523	1	-17.247312	-12.730774	-1.866465	-9.579527	-10.995994	-11.518482
5525	1	-12.164340	-12.364401	-1.537220	-12.039033	-16.378676	-11.211798
5528	1	-13.698788	-12.108774	-4.839446	-13.992897	-11.999883	-11.751906
5532	1	-11.716218	-13.290283	-2.857185	-9.285372	-9.821489	-5.739279
5534	1	-13.912801	-6.957359	-2.643965	-9.612680	-14.215901	-16.385217
5536	1	-12.428950	-6.872938	-5.068459	-12.343898	-12.593100	-7.071829
5538	1	-15.675752	-13.022146	-4.670690	-14.272483	-12.599554	-8.015647
5542	1	-7.269721	-9.834310	-5.844258	-7.104038	-11.356362	-16.664557
5573	1	-14.059852	-12.924746	-2.778894	-5.559611	-17.937724	-10.067996
5576	1	-14.894254	-7.640726	-6.556201	-11.727162	-13.119237	-10.263931
5578	1	-14.761694	-6.771114	-4.142424	-11.582749	-13.144115	-14.969203
5585	1	-11.769409	-15.566299	-5.847521	-10.779573	-11.153043	-10.764496
5587	1	-16.392293	-7.660184	-0.079559	-8.633321	-14.155962	-4.985071
5589	1	-15.061575	-11.745083	-4.205643	-8.013429	-13.807979	-12.560353
5593	1	-13.336356	-8.339612	3.143328	-9.235217	-10.851964	-7.249553
5600	1	-15.245876	-9.501223	-4.467691	-11.545507	-17.452718	-6.977111
5609	1	-13.413600	-7.032815	-3.127364	-3.436360	-8.852132	-6.240902
5610	1	-17.275204	-12.544922	-5.460285	-10.122861	-16.161252	-7.896239
5621	1	-15.216134	-9.791736	-6.565243	-9.633330	-16.000382	-9.124111
5632	1	-7.724579	-11.621271	-4.228972	-12.984224	-12.786818	-13.117933
5638	1	-10.385862	-9.812569	-5.660373	-9.449364	-12.619093	-10.508863
5649	1	-13.925687	-13.764619	-5.339305	-4.137278	-14.493709	-8.447070
5660	1	-17.470612	-7.849964	-4.896726	-7.276937	-12.390503	-9.636954
5664	1	-11.546789	-12.245175	-8.331553	-8.153612	-15.820100	-15.343872
5670	1	-16.132999	-10.356596	-1.423077	-10.030501	-11.451021	-10.122008
5674	1	-16.975824	-9.906124	-4.151658	-11.554519	-15.726594	-6.597238
5675	1	-12.781732	-7.833290	-7.913972	-12.575149	-16.084633	-5.673547
5681	1	-17.625745	-10.228688	-4.262708	-10.765830	-15.841692	-9.617831
5685	1	-7.522353	-10.889595	-1.229282	1.532630	-15.641259	-6.747399
5688	1	-14.985237	-9.619495	-4.016532	-9.449945	-13.714400	-7.954462
5695	1	-11.778254	-9.550321	-2.953729	-8.253381	-15.508672	-8.174680
5716	1	-15.201085	-10.069193	-4.828900	-9.923585	-16.929132	-10.649105
5721	1	-13.995305	0.345808	5.076595	-13.340797	-8.024642	-11.356965
5736	1	-16.509194	-10.800322	-1.774443	-9.334634	-15.600617	-10.638634
5743	1	-7.959974	-6.527371	-4.974322	-7.535225	-15.561748	-12.125090
5744	1	5.524731	-19.201128	-4.764398	8.089370	-17.456084	7.509149
5745	1	-14.770325	-9.333579	-0.497554	-13.997301	-12.351470	-11.682520
5772	1	-14.471777	-9.594932	-1.115096	-5.477982	-13.359484	-11.792596
5775	1	-10.281819	-11.478146	-3.544470	-9.228931	-13.952615	-13.413619
5777	1	-17.371738	-15.025883	-4.494185	-7.176493	-12.310703	-9.873011
5787	1	-11.078846	-14.680170	-4.807909	-8.814677	-15.840256	-14.614625
5788	1	-13.748583	-9.007865	-6.971286	-10.560643	-19.044988	-9.896609
5809	1	-12.841371	-9.216966	-4.365219	-8.696603	-9.699554	-7.130868
5811	1	-14.795147	-7.925840	-4.781130	-6.072134	-14.447568	-6.393536
5814	1	-17.747270	-13.155150	-6.530118	-8.677951	-16.569077	-6.620911
5820	1	-18.724359	-9.459102	-6.010700	-9.995677	-17.411654	-10.917467
5831	1	-12.473134	-9.020139	-1.660125	-8.009068	-13.688960	-9.651672
5842	1	-13.113932	-11.034978	-10.100549	-12.101234	-15.712100	-16.644027
5850	1	-14.930277	-6.637421	-5.953651	-9.887790	-17.924210	-13.045264
5867	1	-11.221782	-11.288580	-1.576617	-11.164314	-13.534784	-9.114524
5868	1	-7.077928	-11.836706	-1.855681	-16.170233	-14.672753	-10.124361
5872	1	-16.279199	-10.762046	-2.709216	-9.633626	-9.090937	-14.352530
5875	1	-7.972738	-11.962487	-5.061308	-9.394832	-14.576684	-11.442121
5881	1	-11.390765	-10.646292	-5.570285	-8.943239	-13.155906	-3.791443
5883	1	-9.921400	-7.213440	-5.127676	-0.952928	-14.925441	-7.371613
5886	1	-16.525407	-15.701162	-10.943598	-10.643431	-13.366842	-9.678278
5888	1	-14.235923	-6.710172	-2.111694	-0.422481	-13.082034	-7.014797
5892	1	-5.685112	-8.352924	-4.446956	2.232990	-19.630813	3.631472
5898	1	-17.809188	-9.209275	-5.196163	-9.926181	-13.916378	-10.324317
5900	1	7.619638	-13.978100	0.135290	7.145584	-13.399884	8.511765
5901	1	-12.692394	-12.682630	-7.228301	-5.923699	-13.996849	-13.847105
5906	1	-9.286479	-10.348917	-2.503958	-11.277149	-12.172530	-11.240689
5912	1	-15.842513	-11.072255	-7.531577	-8.576146	-16.703030	-10.686688
5913	1	-16.310648	-11.394039	-7.728952	-10.751815	-12.172588	-13.772591
5915	1	-13.050298	-10.669797	-5.847269	-9.225187	-15.172646	-10.002027
5925	1	-12.679469	-9.316341	-6.732721	-2.393576	-15.205563	-5.931638
5928	1	-13.578386	-12.104133	-8.459790	-12.587224	-17.761364	-8.341966
5933	1	-14.132018	-7.559959	-9.268089	-12.665015	-18.094900	-12.450514
5936	1	-15.016540	-8.447276	-2.173193	-9.431557	-17.609254	-5.639320
5942	1	-18.099270	-8.535396	-3.600608	-10.446344	-18.674401	-8.258780
5943	1	-16.491562	-11.040250	-4.653988	-9.757797	-12.105887	-11.551768
5949	1	-13.774939	-6.713999	-4.191591	-11.879837	-15.723364	-12.490004
5960	1	-14.164143	-8.939940	-6.821045	-12.497263	-10.617494	-13.787918
5965	1	-8.754135	1.024183	-2.359666	-10.375506	-14.294173	-7.077304
5967	1	6.000709	-15.635618	-0.830835	6.891703	-16.445691	9.596154
5974	1	-16.210111	-11.190545	-3.409924	-8.099754	-16.295820	-6.055357
6006	1	-10.545456	-11.310597	-3.173755	-9.495163	-16.255897	-12.519771
6010	1	-16.651816	-10.840118	-3.583758	-11.522556	-16.284418	-13.126240
6012	1	-13.717271	-12.949825	-2.891587	-10.573750	-16.494860	-9.376924
6013	1	-17.773195	-12.806557	-4.780943	-11.942408	-16.122017	-13.063479
6015	1	-18.212778	-10.972318	-2.038428	-7.776084	-19.310336	-5.091023
6019	1	-14.074782	-16.344489	-1.511640	-9.413653	-11.721653	-9.775538
6024	1	-13.559868	-15.591412	-2.556858	-7.222681	-14.390719	-7.314828
6029	1	-18.920439	-9.283739	-7.544143	-3.614753	-14.403562	-6.352532
6038	1	-15.957921	-8.814879	-6.365112	-15.335740	-11.410117	-11.226137
6050	1	-16.704391	-11.300743	-3.025084	-12.731343	-12.441089	-9.258601
6051	1	-17.830012	-10.381929	-0.419553	-13.106002	-13.311795	-13.349795
6053	1	-4.671469	-10.685852	-6.199054	0.824391	-7.585342	-1.814493
6054	1	-10.532909	-9.721983	-5.401208	-15.643009	-15.155245	-10.903350
6056	1	-13.588026	-9.758905	-8.983749	-7.016076	-15.345496	-6.776760
6062	1	-13.013888	-11.255425	-4.877593	-11.833738	-14.264641	-13.445947
6074	1	-13.252483	-10.265389	-4.946654	-11.613244	-14.261238	-7.597368
6075	1	-10.258529	-5.821664	-5.911130	-15.540014	-15.269731	-13.807389
6076	1	-14.959932	-11.262395	-3.131544	-9.989946	-15.276991	-6.645146
6086	1	-12.948703	-5.264799	-4.135629	-8.117029	-12.222458	-12.203464
6089	1	-10.827430	-10.342909	-5.169925	-9.386705	-11.827399	-9.998324
6092	1	4.451744	-14.706010	-3.521895	9.521749	-13.458803	8.116966
6120	1	-12.487778	-12.928576	-4.148992	-5.616855	-19.564887	-11.945658
6121	1	-13.321916	-9.250127	-3.994215	-10.280727	-15.680861	-4.364504
6122	1	-15.491632	-10.526107	-5.680224	-10.158726	-13.385072	-8.368387
6129	1	-18.143198	-8.408683	-5.753771	-13.296440	-12.722664	-11.623942
6138	1	-14.036419	-4.715368	-3.652985	-9.119473	-15.860656	-7.562547
6140	1	-13.281813	-6.845668	-9.460830	-7.506410	-12.375741	-13.779167
6144	1	-16.813219	-6.908227	-8.586130	-13.660495	-11.543707	-8.318582
6157	1	-16.411218	-6.664426	-9.326118	-5.412736	-13.394317	-10.951376
6173	1	-13.048295	-2.761861	-5.487006	-3.225726	-16.495954	-10.292059
6175	1	-11.375354	-9.439012	-6.965245	2.784348	-8.247294	-8.807771
6186	1	-10.710650	-12.774836	-3.471685	-1.954104	-14.764207	-14.834542
6193	1	-15.589908	-11.829308	-4.875933	-7.001652	-12.498113	-12.208457
6194	1	-6.380116	-7.444434	-6.994984	-9.430545	-16.101079	-10.094701
6196	1	-12.131033	-10.929853	-4.653330	-12.189183	-15.789865	-6.450767
6204	1	-12.459983	-12.352676	-3.252742	-9.436380	-13.006721	-8.584041
6205	1	-9.612647	-10.771049	-2.322503	-8.042956	-11.306751	-14.411990
6208	1	-6.381129	-10.451866	-5.854069	-8.252909	-11.719341	-5.194026
6219	1	-13.763509	-14.662423	-11.016854	-11.659189	-15.120071	-10.897822
6224	1	-13.490264	-11.981188	-3.605483	-7.369449	-14.287585	-13.207273
6225	1	-14.512821	-6.456958	0.373474	-10.561542	-15.727859	-7.593277
6227	1	-14.959946	-10.589266	-5.003347	-8.592038	-17.488581	-11.667274
6229	1	-16.243738	-8.911683	-5.432303	-10.338068	-14.280401	-11.464875
6231	1	-16.531960	-6.071998	-3.609318	-12.357413	-11.213421	-6.511496
6233	1	-13.249801	-7.789246	-7.215372	-10.393346	-14.069793	-12.155977
6240	1	-14.176444	-9.990208	-8.136443	-11.745070	-9.627956	-9.769607
6242	1	-13.296402	-6.786440	-0.898412	-9.681743	-12.233174	-12.250721
6253	1	-11.506239	-10.219840	-4.098038	-9.397911	-17.796930	-11.113231
6260	1	-14.681430	-5.644948	-2.920664	-5.099403	-18.885476	-12.278259
6269	1	-14.477429	-11.674340	-5.709576	-9.228578	-13.735029	-13.774326
6284	1	-14.101285	-5.591841	1.948521	-7.784505	-12.666188	-11.476058
6295	1	-13.919000	-8.283379	-1.992784	-9.303364	-20.841511	-10.747889
6298	1	-13.349178	-7.779067	-6.282800	-15.508094	-15.240577	-6.867948
6299	1	-14.338079	-8.508473	-10.091183	-8.173010	-12.833649	-10.287422
6304	1	-16.377109	-9.535298	-3.047731	-10.071051	-17.490222	-4.822466
6312	1	-14.869399	-11.331550	-0.506193	-9.669415	-18.996543	-8.883642
6316	1	-15.132652	-9.694452	-6.181928	-6.503718	-15.099709	-11.970093
6323	1	-11.648075	-9.575858	-5.914319	-10.487430	-14.721256	-7.336165
6325	1	7.293076	-20.892523	-9.078635	7.127863	-16.028846	8.870661
6346	1	-16.052087	-11.095386	-6.695940	-10.768560	-14.756918	-12.627241
6348	1	-15.512155	-7.734069	-4.940255	-6.389565	-16.417277	-11.776305
6360	1	-9.577308	-11.626535	-5.986551	0.598220	-9.443944	-7.112215
6363	1	-14.777094	-12.044606	-4.003227	-7.681247	-14.436482	-11.430668
6376	1	-10.378369	-13.293379	-3.418612	-11.349504	-18.002077	-8.806094
6379	1	-6.544048	-15.743135	-6.087998	-9.545804	-12.078606	-15.074872
6394	1	-9.644360	-13.395164	-6.733774	-5.653170	-18.369858	-12.162121
6395	1	-14.962043	-11.313664	-3.886240	-7.656018	-13.529109	-11.851394
6398	1	-16.633005	-12.109230	-1.397290	-7.045403	-15.020205	-8.590437
6402	1	-14.125209	-14.547998	-5.853589	-10.736177	-11.401232	-12.097023
6407	1	-12.842460	-8.786314	-3.890059	-10.463059	-17.148413	-8.938992
6408	1	-13.320346	-8.442971	-6.819772	-9.273267	-14.744247	-13.163411
6414	1	-13.855655	-15.363737	-4.734360	-8.699537	-14.207530	-11.741655
6415	1	-12.548192	-11.757876	-2.450985	-7.828637	-14.935612	-13.697840
6431	1	-15.501233	-7.311635	-0.671609	-10.442650	-17.805448	-2.945061
6438	1	-16.790279	-9.540845	-5.371719	-4.189009	-13.015925	-9.102236
6444	1	-17.358398	-9.699793	-4.173239	-13.338073	-14.243655	-11.040421
6446	1	-7.659757	-9.300471	-3.205411	-14.071959	-17.098450	-9.328629
6449	1	-18.256940	-9.714577	-1.032026	-11.521990	-13.771729	-8.729864
6482	1	-16.138725	-8.403317	-2.069903	-12.111713	-15.680217	-9.931303
6489	1	-14.080672	-10.187309	-5.347790	-11.482917	-16.565536	-10.428127
6512	1	-19.496002	-8.485123	-1.427516	-9.215309	-13.624761	-11.374381
6514	1	-15.384658	-9.441100	-3.429110	-9.313074	-10.507354	-8.875070
6528	1	-16.023044	-12.286462	-3.656589	-9.634523	-13.774782	-13.502796
6532	1	-13.882378	-10.365065	-4.243111	-14.109548	-20.315335	-13.152941
6538	1	-9.714468	-8.155614	-4.147918	-13.318600	-12.341463	-7.473118
6539	1	-12.345132	-8.999479	-6.547737	-12.705713	-16.070488	-13.937407
6548	1	-8.835540	-5.765841	-0.302867	-10.425303	-16.630365	-15.380661
6563	1	-14.733317	-9.272025	-4.823681	-9.426601	-9.004065	-7.235745
6575	1	-12.740800	-12.628608	0.372058	-11.337450	-18.082533	-9.985789
6580	1	-16.039374	-10.905811	-5.770374	-10.606990	-15.826178	-8.526166
6583	1	-14.068148	-7.326035	-4.727484	-6.434275	-17.108460	-8.842089
6586	1	-14.983489	-9.234270	2.957891	-12.014519	-15.084591	-3.365608
6589	1	-18.082371	-8.760373	-5.348070	-13.461332	-17.269314	-5.564327
6590	1	-7.591228	-9.574587	-6.115923	-1.398227	-16.092147	-11.228416
6595	1	-14.862935	-9.910735	-3.850867	-9.531122	-16.132339	-11.619818
6600	1	-16.318389	-7.712028	0.176860	-8.417571	-14.478085	-5.887727
6607	1	7.655369	-13.464522	-4.092877	6.814443	-19.051258	6.146674
6614	1	-10.863887	-9.862733	-6.395752	-11.541701	-15.308550	-9.969185
6624	1	-11.326877	-10.896924	-6.149470	-8.077381	-16.545397	-16.121696
6635	1	-12.516291	-9.120161	-3.782213	-8.075499	-11.870393	-10.695789
6641	1	-15.101127	-7.593279	-4.421183	-11.310097	-16.638045	-9.987068
6655	1	-13.523320	-10.006679	-9.462825	-9.317331	-12.305074	-8.664213
6664	1	-12.198569	-6.757205	-2.607901	-9.436636	-11.449025	-13.959243
6676	1	-13.863416	-4.934551	1.479985	-10.281114	-12.520168	-10.278102
6677	1	-12.792660	-12.772709	-5.955431	-13.510383	-12.400173	-10.206920
6681	1	-12.648668	-11.408775	-5.014075	-9.028942	-13.416146	-13.665899
6700	1	-15.279687	-7.883903	-4.654772	-15.403974	-14.017537	-11.072302
6701	1	-15.508084	-8.574964	-5.574727	-8.769696	-17.077893	-13.588700
6705	1	-15.139338	-11.593549	-5.444184	-5.283336	-12.497975	-13.404606
6721	1	-17.277462	-5.522434	-5.477418	-10.702115	-16.604745	-9.554546
6726	1	-15.012597	-16.777964	-6.788890	-7.661031	-10.090064	-14.710512
6745	1	-12.713877	-9.748682	-5.039906	-2.662482	-11.583875	-10.805856
6746	1	-15.015158	-5.522213	-6.598480	-5.542164	-17.214457	-7.844879
6749	1	-6.004636	-9.890891	-4.509377	-6.369620	-14.641265	-9.117484
6750	1	-14.850186	-6.727930	-5.033242	-7.706849	-16.606981	-11.966685
6751	1	-19.288495	-11.691524	-7.029917	-7.546589	-13.540774	-11.372632
6754	1	-15.834674	-8.640255	-5.918630	-11.437373	-17.953296	-14.229553
6763	1	-12.349743	-10.125510	-3.121066	-17.079669	-15.795453	-8.907135
6772	1	-17.019344	-10.894881	-7.237369	-8.590818	-14.217014	-10.951765
6780	1	-9.552061	-0.647377	-2.757732	-10.130693	-8.413263	-12.808492
6789	1	-12.238582	-11.222471	-6.516806	-10.755996	-15.427596	-12.126179
6794	1	-15.628102	-5.515991	-1.190999	-8.164388	-13.109365	-13.742692
6804	1	-15.559273	-6.992077	-4.877456	-8.570978	-13.062925	-14.010343
6809	1	-20.953563	-11.708497	-3.483448	-9.472716	-15.531610	-10.719179
6813	1	-14.460198	-7.151541	-4.716798	-7.074854	-15.749662	-8.739136
6814	1	-12.302153	-7.983828	-3.402122	-9.448618	-15.582511	-14.873478
6820	1	-10.994733	-11.516189	-4.323671	-7.460359	-13.315197	-11.624838
6859	1	-13.256298	-10.010231	-7.729584	-15.282993	-9.509605	-4.184351
6864	1	-15.113316	-9.949185	-5.999649	-10.228078	-13.810504	-5.725709
6868	1	-10.778042	-7.803297	-5.208140	-8.838964	-10.164544	-7.653320
6870	1	-15.003552	-10.706643	-4.966603	-9.114024	-13.178069	-9.791297
6884	1	-14.020698	-11.038703	-3.993048	-12.902041	-14.725464	-14.049124
6906	1	-16.038837	-6.877535	-0.329876	-14.526596	-12.953688	-10.969824
6907	1	-13.770126	-9.257487	-5.108793	-7.590572	-12.114433	-7.356987
6908	1	-15.476104	-10.266185	-4.265712	-9.331588	-16.403963	-0.138589
6909	1	-9.989427	-14.821607	-5.934506	-4.151110	-9.315928	-13.691204
6933	1	-11.728578	-13.894848	-4.297051	-9.752353	-15.032152	-8.139819
6951	1	-9.028467	-11.108534	-1.951221	-13.558837	-14.735196	-10.189855
6954	1	-11.129981	-11.040260	-5.587688	-9.879944	-12.197647	-12.286913
6960	1	-10.228957	-9.332764	2.618004	-12.675136	-12.836894	-11.923419
6964	1	-9.623269	-8.354678	-3.858389	-9.269442	-10.657243	-9.428297
6978	1	-16.404527	-9.521833	-0.823456	-8.021355	-17.088084	-6.879413
6979	1	-16.360023	-10.412861	-2.736349	-12.160880	-18.432075	-7.715732
6995	1	-12.382072	-11.985097	-9.110680	-9.127814	-12.852243	-10.687299
6997	1	-13.723851	-14.908448	-5.999219	-16.455493	-11.989460	-8.692386
