64	5	-12.546634	7.558806	6.949696	-8.182392	6.759360	2.464179	-6.736352	-9.230871	-4.435875	0.852444	-7.580184	2.677321	-10.808325	-9.230865	-4.435875	-2.692043	-7.580184	2.464200	-3.312049	3.070221	0.536403	0.844861	-2.546907	2.674808	-7.354840	3.079670	0.536404	-2.700640	-2.546841	2.464199
104	5	-15.257155	6.304605	6.733396	-11.314163	7.170136	-6.618279	2.307096	5.470570	6.733396	3.463794	7.170136	9.163038	-16.619363	-8.490531	-3.187186	-5.541740	-5.399607	-6.618279	-5.338914	-8.496241	-3.187186	3.510663	-5.399607	4.809036	0.953170	-8.878833	-3.187186	9.060083	-5.399607	9.145209
166	5	-10.928685	9.011167	7.389042	-14.654792	6.159207	-9.094718	3.213485	4.754533	7.335701	1.065987	6.134716	6.881039	-11.424953	-6.303498	-4.018013	-9.172055	-9.834617	-9.094718	2.673243	-9.994282	-4.722653	6.330011	-10.224831	6.433086	-1.332166	-6.402325	-4.058181	1.780226	-9.858858	2.969022
168	5	-12.241733	4.555029	7.629059	-13.315868	7.847822	1.175458	-12.370713	-5.802765	2.233622	-7.054492	2.462645	1.175458	-12.402888	-11.240762	-4.329008	-7.021532	-2.813507	1.175458	-5.690813	-5.802765	2.233622	2.258099	2.462645	6.510347	-5.720567	-11.240762	-4.329008	2.291901	-2.813507	6.510398
189	5	-8.961973	-4.505865	-4.474294	0.658748	-12.128920	-1.923457	-13.395006	7.817820	5.968184	-10.108727	4.115431	-8.013383	-3.509217	1.546220	0.896323	0.658672	-8.664260	-1.923439	-8.117695	1.546220	0.896323	-7.122422	-8.664260	-7.995936	-13.570304	-4.505865	-4.474294	-7.122340	-12.128920	-7.995933
201	5	-11.599272	0.241704	0.183687	-11.370500	-2.909003	-10.077854	-15.331773	7.921035	6.269609	-13.851366	7.157948	-10.077857	-15.728912	-10.030382	-3.876028	-11.265323	-6.441603	-10.077857	0.308283	-10.255256	-3.876150	3.153934	-6.449170	5.924054	0.730122	6.953793	6.269606	1.189971	7.156019	5.829012
213	5	-10.615061	-0.766528	0.972196	-8.379060	-3.558658	-4.744610	-2.158436	-1.359407	0.954964	2.202487	-3.593252	4.341779	-6.226592	-3.984600	-4.985572	2.408327	-9.729848	4.276813	-13.828588	7.330993	5.366809	-10.192930	4.146297	-4.744764	-16.223269	-3.935053	-4.958415	-8.175404	-9.600196	-4.744556
229	5	-5.741750	8.038676	6.764055	-14.523183	8.860623	-10.382968	-4.529693	-10.239633	-4.077219	-9.990230	-6.360050	-10.381204	3.972468	-12.620079	-4.077219	7.241266	-6.360050	6.583425	2.595153	6.480228	6.764055	2.594792	8.860623	6.583110	-3.260233	1.007224	0.915177	-9.990202	-0.657125	-10.322571
291	5	-13.740661	3.050901	3.182896	-7.938708	4.457781	-9.652411	-17.049635	-10.785167	-6.076358	-7.828807	-9.771968	-9.648737	-6.899523	-10.787856	-6.076358	2.495525	-9.771968	3.143224	-3.336036	3.018929	3.182819	2.430444	4.457451	3.143224	2.045527	2.084006	3.178084	7.371800	4.422450	7.589267
324	5	-10.605379	-10.929643	-2.812203	0.188554	-10.606007	2.859133	-13.643925	6.155355	6.400391	-10.160791	5.344338	2.690326	-18.549109	-10.929643	-2.812203	-12.036756	-10.606007	-3.752871	-12.596784	-10.929643	-2.812203	-5.919810	-10.606007	2.690326	-19.596249	6.155355	6.400391	-15.986995	5.344338	-3.752871
386	5	-15.707568	-4.671874	-4.864296	-5.636877	-13.998993	-6.004133	1.728846	-5.223003	-4.864296	6.817143	-14.000587	8.483553	-4.179562	-4.684754	-4.864296	6.729247	-13.999054	3.744319	-10.809335	2.417257	4.689002	-12.202831	0.766752	-6.004133	0.788183	1.973997	4.483761	-6.355350	0.654915	3.198289
423	5	3.198434	4.224420	5.521322	3.405177	0.486369	7.012420	-16.424639	-8.746524	-0.430922	-10.905580	-10.528485	-10.094331	-11.779411	6.833632	5.529456	-14.549699	0.569515	-10.094331	-12.535744	7.379870	6.564056	-15.292297	6.068559	-10.094331	2.370132	6.030918	6.564051	2.004483	6.058995	7.008833
449	5	-13.097198	6.089881	5.268274	-12.054459	7.381575	-9.101908	2.265275	4.955751	5.268274	5.162389	7.381575	5.481693	-11.356857	0.048280	0.147398	-10.259367	-3.471789	-9.101908	-11.680171	-9.113427	-6.121019	-10.256140	-9.451828	-9.101908	3.683629	-11.894278	-6.138607	6.936150	-9.451828	6.320214
477	5	-9.259850	-8.514247	-7.634127	-7.582466	-9.078783	-8.800437	-11.311336	6.166342	5.109645	-11.528251	8.159827	-8.800437	5.716928	0.254388	2.791322	6.318848	7.195932	5.867034	4.790973	-14.409083	-7.634127	6.331212	-9.079416	5.866848	-8.291180	5.755809	-0.222342	-7.578284	1.595785	-8.800437
665	5	-9.347008	-9.973741	-6.775798	0.142655	-8.669822	-7.477292	-12.760075	-9.973741	-6.775798	-5.962776	-8.669822	-10.956316	4.065750	-11.742515	-6.775798	8.286528	-8.669822	7.025651	-11.956541	8.562742	5.246430	-1.567954	7.243934	-10.911339	4.858088	6.792004	5.246430	6.610023	7.243933	7.027159
722	5	-0.011518	-3.812538	-1.656494	6.636259	-9.470999	3.430374	-12.722254	7.551078	7.156765	-7.118946	4.792240	-7.756294	-3.115342	7.551076	7.156765	2.382985	4.792240	3.197740	-4.447479	1.167768	1.807465	1.677760	-4.701976	-2.604032	3.513041	1.101635	6.320512	4.560231	4.437654	7.829182
782	5	-15.785933	-11.713948	-3.170031	-10.323546	-8.257168	-2.402007	-12.191205	4.666853	7.056749	-12.702814	3.506999	-2.402012	-12.190255	4.619513	7.054781	-12.701582	1.337537	-2.402012	5.116778	2.710373	7.053439	2.522090	1.337357	8.406596	5.115807	2.760286	7.055621	2.520597	3.506847	8.406542
844	5	-4.808439	-9.542792	-7.908847	-10.082397	-10.503959	-6.482071	6.947699	-15.458304	-7.908847	6.032090	-10.503959	7.399416	-4.251539	7.352554	5.007391	-11.308588	6.677919	-6.476248	7.398704	1.361064	5.002270	4.806912	6.524120	7.395626	2.358453	6.905974	5.007391	-4.183528	6.677919	-1.498219
862	5	-7.492479	-13.081602	-2.038132	1.586018	-7.608961	-6.523569	-0.894191	-13.081606	-2.038132	5.751436	-7.608961	6.497102	-2.374569	5.759228	8.398023	2.057395	6.015203	6.299302	2.219992	-14.237203	-2.038132	8.180079	-7.608962	6.499679	-15.361289	5.759228	8.398023	-8.217434	6.015203	-8.702704
952	5	-13.902097	8.157188	6.182109	-4.348012	6.874688	-0.629209	-14.201760	-3.522246	-0.720978	-1.788535	-9.898656	-0.599526	-4.909818	-3.539226	-0.731254	2.123216	-9.901413	2.108929	3.062609	-11.410058	-3.326763	7.404480	-10.101903	6.272273	3.125942	2.528022	6.131291	4.910710	6.868198	6.335562
1002	5	-8.467828	-9.252777	-3.938368	-8.582863	-5.368319	-4.600724	-5.706865	5.534688	9.182090	-13.432354	8.544856	-4.838874	-2.768260	-9.292510	-3.938415	-2.764188	-5.368320	5.070640	0.017097	-9.509530	-3.938629	2.819584	-5.368324	7.602819	3.234144	4.088202	9.180207	2.620062	8.544856	7.741846
1017	5	-11.478307	-1.787834	4.939704	1.492953	2.833644	2.969380	-22.022501	-1.787834	4.939704	-6.806899	2.833644	-4.647121	-20.131232	-11.187267	-4.481777	-4.781567	-4.383137	-4.646929	-16.551588	5.369685	7.079985	-8.177251	7.063744	-4.647121	-9.065972	-11.187267	-4.481777	3.584258	-4.383137	2.999077
1102	5	2.967154	-0.518452	2.976405	5.380435	7.574197	6.778597	-9.407165	5.132025	3.021315	-11.753972	7.674907	0.504007	-13.710475	-8.638076	-5.381703	-11.748757	-5.018635	0.504007	-9.636487	5.132025	3.021315	-11.930165	7.674907	-5.989996	-13.939477	-8.638076	-5.381703	-11.924951	-5.018635	-5.989996
1143	5	-7.351420	-7.509725	-4.682157	5.916282	-7.710929	2.014325	-10.604131	-7.509725	-4.682157	2.491151	-7.710929	-3.567789	-15.031432	-7.509725	-4.682157	-3.899201	-7.710929	-10.310490	-4.751306	7.895960	6.545730	1.907080	6.713387	2.012454	-12.226952	7.895960	6.545730	-7.885296	6.713387	-10.310793
1280	5	-14.466386	7.339360	5.638812	-12.924735	7.695412	0.688309	-8.258573	-5.894930	-3.277644	0.797946	-0.089301	2.524442	-15.777725	-5.894930	-3.277644	-8.356213	-0.089301	0.729895	-17.647877	7.339360	5.638812	-13.727736	7.695412	-5.761404	-19.174873	-5.894930	-3.277644	-9.250066	-0.089301	-5.738821
1305	5	-14.944237	-13.383178	-3.636673	-9.974480	-11.223050	-9.652434	1.348958	-13.638270	-3.636673	6.688737	-11.223050	6.808203	-5.223103	-13.383178	-3.636673	1.272398	-11.223050	4.165640	-15.566002	5.217141	6.885427	-13.031734	4.328486	-9.658438	0.692716	5.172520	6.885427	2.879691	4.328486	6.758396
1335	5	-14.698644	4.314376	4.859786	-9.874204	5.561400	-7.536747	-15.207988	-11.185425	-7.199927	-8.552461	-8.492357	-7.536745	-6.716134	-11.188291	-7.199928	2.097326	-8.492357	3.340928	-10.532476	-11.185621	-7.199927	0.340725	-8.492357	-1.019446	-6.326391	4.310621	4.859776	0.748747	5.561398	3.340187
1397	5	-16.630373	-11.061259	-7.286981	-12.506147	-7.718332	-12.140776	2.077616	-15.149675	-7.286981	5.427069	-7.720009	5.021162	-11.858744	5.022664	4.293679	-12.780818	5.602026	-12.140776	4.193785	-0.534073	4.280763	2.922348	4.432755	-0.774317	6.834982	-0.534480	4.280742	6.290619	4.432580	5.716396
1718	5	-16.092890	-7.408932	1.078590	-6.494973	-6.621761	-7.388427	-12.655822	0.921727	6.683325	-10.004937	-1.433609	-7.396780	4.030544	1.555106	8.952635	2.962810	4.997657	7.588093	-12.853648	7.444134	8.953009	-10.087030	4.999001	-7.396787	2.633891	-0.550691	4.546887	3.918945	-4.020123	7.236640
1768	5	-14.540902	5.064138	7.126750	-7.330509	6.791108	-6.626868	-7.500824	-12.490686	-5.695019	3.114255	-12.498280	2.493378	-17.907883	-12.484100	-5.695018	-4.809707	-12.497695	-6.626867	-12.205583	0.002186	0.839181	-4.899197	-6.274356	-6.626867	-1.941875	-0.406611	0.785224	3.027992	-6.340330	2.493599
2001	5	-13.626119	6.589216	4.528643	-9.197909	6.508778	-4.701971	-16.450736	-10.259301	-6.508111	-8.319237	-6.467947	-4.701971	-6.165468	-10.259301	-6.508111	2.305981	-6.467947	4.093491	3.327962	1.872821	4.528390	6.505980	6.508751	9.327673	-3.285693	6.589216	4.528643	2.397085	6.508778	4.102288
2037	5	2.688526	-11.497350	-4.219053	7.053885	-10.547624	6.285867	-7.444776	4.174338	4.608125	-11.485963	0.090151	-11.526914	-7.754200	0.673890	2.959572	-10.355729	-0.614098	-11.522465	-10.544112	7.782238	6.198125	-13.460764	5.737029	-11.658366	2.018508	1.844559	6.194016	3.654826	5.366316	5.753751
2155	5	-16.678132	6.804894	6.691603	-7.951748	5.922465	-6.990636	-1.777768	1.275410	1.773867	4.534326	-4.427521	8.226550	-13.005735	1.275443	1.773867	-5.112822	-4.427480	-6.963593	-4.156897	-4.718831	1.119873	4.710101	-8.104980	4.380987	-15.371105	-4.718831	1.119873	-4.855459	-8.104980	-6.944720
2235	5	-17.724155	-9.371288	-3.216366	-7.148215	-11.411399	-5.100736	-14.466605	6.375972	9.712725	-10.060633	6.907541	-5.100742	-6.261711	-9.374222	-3.216366	2.436056	-11.411616	5.513403	-0.091807	1.584228	3.316923	4.076276	-4.464303	5.751975	-11.616155	1.806046	3.323912	-9.867461	-4.375698	-5.100742
2261	5	-8.563036	-7.828736	-5.387381	2.852184	-5.754730	3.206749	-17.798105	9.502099	6.581694	-8.267237	8.449121	-6.495623	-3.071513	5.722681	0.402470	4.103737	-0.583115	3.284927	-12.914949	5.722682	0.402470	-6.675703	-0.583115	-5.912777	-18.225703	-7.828736	-5.387381	-6.600676	-5.754730	-5.876178
2298	5	-15.036585	8.213577	6.813935	-14.411136	8.224703	-11.469326	7.139990	4.991186	0.877335	6.485990	-0.853229	6.774309	-11.717527	7.373489	0.882981	-10.120427	-0.848909	-11.469326	3.597321	5.834429	6.810786	2.179186	8.224102	6.409911	-15.451439	-5.483616	-1.914126	-10.070360	-7.509022	-11.469326
2334	5	-12.553370	8.575187	3.878086	-11.333399	5.624716	-5.258126	-3.796614	6.716429	1.357389	2.102000	-0.203978	3.471132	-13.051138	-4.460725	-7.983123	-10.249151	-10.437791	-5.258126	-6.024358	-4.460725	-7.983123	2.103168	-10.437791	3.466852	-10.836487	6.716429	1.357389	-10.250796	-0.203978	-5.258126
2335	5	1.981442	-10.645943	1.082961	8.153306	-9.079134	4.060087	-15.188490	-10.574933	1.083741	-10.170615	-9.079126	-7.545283	-14.122596	4.295903	8.130637	-16.542911	7.892885	-7.545283	-18.853480	-1.840518	7.004673	-16.540892	5.141319	-7.545283	3.012651	2.198668	8.039488	1.772875	7.863818	6.238332
2336	5	-15.959928	-13.681193	-2.746240	-7.096068	-9.821241	-3.528531	-13.842741	5.874732	8.546690	-13.054588	7.506942	-3.528531	-6.626798	-13.681193	-2.746240	5.244632	-9.821241	3.110364	-8.433559	-13.681193	-2.746240	1.051731	-9.821241	-0.168401	1.719532	5.140795	8.546687	1.808726	7.477572	5.169465
2494	5	-10.632913	6.366259	3.928482	-9.652011	4.686365	-8.276094	-9.072938	0.822021	-0.071423	-9.176002	-5.916073	-8.237946	0.553425	-4.715516	-5.599915	4.218306	-11.715710	5.029798	-13.884552	-4.545060	-5.423661	-9.173696	-11.715691	-8.237732	3.817943	2.972789	3.925310	7.150812	4.682718	6.094244
2511	5	-11.338097	-12.417848	-5.210817	-6.841658	-9.657865	-4.555547	-16.781125	5.673979	6.304591	-13.105071	7.246129	-4.555591	0.476634	-13.000524	-5.210817	7.108837	-9.657865	5.328307	-11.408992	5.673793	6.304591	-7.361402	7.246129	1.418963	4.284107	-15.312137	-5.210817	9.043579	-9.657865	7.546164
2586	5	-11.345293	5.914587	7.738055	-11.240831	8.242229	-6.315982	-2.056045	-12.109755	-3.179096	5.061267	-6.412255	2.880427	-9.156410	-9.913553	-3.158094	-10.266672	-6.405936	-6.315982	-1.576991	-4.332960	3.586813	4.977231	3.867914	2.880479	-4.254071	5.901971	7.737692	2.509179	8.242191	2.880410
2607	5	-13.238668	4.206995	6.736481	-13.107146	5.075468	-5.764653	-17.301873	-8.734594	-1.928260	-9.309225	-7.826063	-5.764653	3.563162	2.664128	6.736139	4.543699	4.970117	5.403409	-12.995730	3.941262	6.417584	-13.105639	-1.259705	-5.764653	3.834045	2.023925	6.379305	4.546752	-1.442827	5.466191
2672	5	-12.001517	-10.699448	-7.125514	-8.108209	-8.422476	-4.517390	-7.695379	7.338092	4.661427	-9.942172	5.780863	-4.517751	3.474162	0.908619	4.442546	6.977516	5.383206	7.068884	-2.393000	7.338000	4.661427	6.619272	5.780863	6.678167	-6.702059	-10.699448	-7.125514	3.112941	-8.422476	6.653088
2745	5	-12.516735	-1.295530	-2.165885	-8.018378	-9.221343	-6.395932	-17.389673	8.509401	7.625266	-13.508958	6.225049	-6.395932	-11.002458	5.431761	1.561197	-8.992379	-5.011597	-6.395932	-2.545904	-1.295530	-2.165885	3.574928	-9.221343	4.117427	-1.035697	5.431760	1.561197	2.630295	-5.011597	4.292873
2788	5	-16.748116	8.489247	7.327721	-15.758132	1.061725	-6.171093	-17.647937	-5.191722	-4.635880	-9.739587	-10.636643	-6.171165	6.253931	1.708300	1.328826	8.109980	-2.984424	8.071262	-16.762873	9.059855	7.344731	-15.772336	4.734551	-6.171095	-11.349453	5.223676	1.328849	-9.720077	-2.983850	-6.164711
2815	5	-16.932922	-8.021943	-5.301530	-5.423966	-11.214744	-10.093276	-12.225095	1.753292	0.916657	-5.424048	-3.435203	-10.093276	-13.106237	-8.021943	-5.301530	0.367891	-11.214744	-4.881941	-8.398662	1.753292	0.916657	0.367804	-3.435203	-4.882193	-17.537096	7.410750	6.912317	-9.822896	3.831214	-10.093276
2937	5	-9.592244	6.579501	8.036585	-10.045687	7.843654	-11.671665	2.585634	3.809900	8.029578	3.044593	7.843651	5.949604	-7.814798	2.893630	1.875528	-6.657903	0.708623	-10.009378	2.958142	-0.437610	1.730699	6.465760	0.699003	6.420088	-10.423573	-9.443185	-3.556880	-6.536908	-4.860828	-9.919807
2962	5	-16.176584	5.451762	7.964630	-18.267940	7.982040	-7.661009	-12.812769	-7.397462	-3.676138	-13.300352	-3.590713	-7.642061	4.494091	-10.569428	-4.347929	4.224212	-3.594283	7.277342	-12.833143	-6.911987	2.645012	-13.310776	2.876257	-7.642201	4.490647	-10.172908	1.785806	4.223072	2.723000	7.277326
2989	5	-13.017676	4.526564	6.715164	-18.506447	7.211730	-12.678089	-12.724213	-8.663787	0.095216	-12.030515	1.199930	-12.678052	-12.734094	-13.073508	-3.594555	-12.030859	-7.182858	-12.678054	-2.947561	-13.179596	-3.594555	4.551625	-7.207387	4.368210	-2.937447	-8.925790	0.084497	4.557951	0.988846	4.379471
2993	5	-8.046964	-9.407310	-7.866231	0.895212	-10.928889	-6.305339	5.648168	2.064541	3.712566	7.517810	7.731830	6.381907	-8.870192	5.843063	3.720994	-5.570249	7.933785	-8.833426	-14.360942	-9.405858	-7.866231	-4.893146	-10.928889	-8.833522	-3.058987	5.797828	3.720994	0.195661	7.933710	-6.905637
3059	5	-4.106698	-5.845065	-2.419159	1.760918	-11.386220	4.044347	-8.796101	-5.845063	-2.419158	-1.777140	-11.386220	-7.092247	-10.522361	4.184402	5.291072	-5.743320	-0.291174	-7.837114	-5.940593	1.491076	2.719439	-4.181270	-5.069823	-7.837070	-11.186336	5.889498	7.233074	-6.333773	6.311885	-7.837114
3105	5	-3.801915	-10.721043	-3.694756	3.400326	-9.345869	6.658383	-8.601975	6.675623	6.724154	-14.683908	5.557020	-3.214856	-9.685275	-10.720721	-3.694756	-10.983985	-9.345869	-3.214780	-2.739096	6.672693	6.724154	0.136572	5.557020	6.658693	2.619200	1.200662	6.567179	1.843416	5.421356	7.337367
3239	5	-12.329057	-7.811498	-2.677199	-3.788963	-12.025875	3.754942	-7.972875	-0.524377	2.495375	-3.876612	-3.791167	3.749886	-2.548954	-0.524378	2.495374	2.667364	-3.791168	7.037112	-7.185443	-7.811498	-2.677199	1.270764	-12.025875	6.776715	-13.357859	6.820045	6.560604	-7.829867	5.178156	3.710167
3331	5	-17.476540	-8.131377	-6.270839	-5.992351	-11.325810	-8.976459	-8.467715	8.163976	5.167187	2.182134	5.868098	0.267503	-12.129903	-8.131377	-6.270839	3.479589	-11.325810	0.197384	-14.008950	8.163977	5.167187	-7.340215	5.868098	-8.982937	3.750467	6.766519	5.167187	6.064879	5.868098	6.129451
3488	5	-13.402672	-12.473792	-6.177370	-7.928546	-9.794339	1.479099	2.696949	-15.826291	-6.184229	3.723095	-9.794340	8.171570	-14.176715	-12.473792	-6.177370	-10.930427	-9.794339	-3.862400	-14.697531	6.437010	5.595598	-10.095001	5.682079	1.431085	-15.359700	6.437010	5.595598	-13.065452	5.682079	-3.868573
3508	5	-11.334220	-10.898137	-4.961791	-5.717170	-15.636138	-11.158282	-2.852381	-10.898350	-4.961791	4.852467	-15.636138	5.573879	-7.787178	-10.898137	-4.961791	1.798652	-15.636138	-4.599206	3.169570	-15.667177	-4.961791	7.831894	-15.636138	0.141699	-2.864362	-10.898345	-4.961791	4.268878	-15.636138	0.077982
3634	5	-16.312355	-9.561046	-6.356517	-3.185771	-12.544551	-9.199102	-6.051985	-9.561046	-6.356517	6.462750	-12.544551	2.510074	-14.935366	9.041325	6.571033	-7.402097	4.271294	-9.199244	-3.385702	9.041325	6.571033	2.321216	4.271294	2.505525	2.791240	7.392836	6.565686	3.636629	4.271262	5.923686
3688	5	-12.031650	6.716610	7.674104	-7.951652	8.341485	-6.154616	-9.516997	-9.956706	-5.246134	0.195089	-7.086573	-2.542606	-6.252419	6.716610	7.674104	2.189770	8.341485	2.618802	-11.532801	-9.956706	-5.246134	-6.153704	-7.086573	-6.154566	-5.745918	-9.956706	-5.246134	3.989170	-7.086573	2.619557
3820	5	-10.740051	4.118471	3.711993	-4.748879	-1.103753	-9.498689	-10.330984	-6.455753	-2.948150	-4.724561	-10.696491	-9.498689	-15.327485	7.412184	6.418128	-10.891005	5.514692	-9.498690	2.630833	-7.732714	-2.949162	3.407760	-10.696792	-0.262579	5.037549	-11.194222	-2.949175	9.055094	-10.696796	5.537473
3831	5	-14.984515	-4.249708	-1.702308	-8.344916	-8.649233	-6.613775	-1.482895	-4.369172	-1.702308	1.755757	-8.649306	4.767518	-17.015602	7.230706	6.787499	-13.186782	7.288336	-6.613775	-4.421029	3.922429	2.476802	1.586962	-1.326255	4.767375	-16.433810	3.924549	2.476802	-8.430057	-1.326255	-6.613775
3834	5	-18.894894	-6.790695	-3.379840	-8.316969	-9.139462	-4.945239	-16.865384	5.859305	4.258071	-9.083914	7.241967	-4.945239	0.344232	-7.088704	-3.379840	2.856519	-9.139462	4.441638	-5.860178	-6.795217	-3.379840	2.647061	-9.139462	4.214705	2.380030	4.921401	4.258070	5.815069	7.241966	7.345330
3843	5	-15.790737	8.316181	8.288233	-11.976241	6.399687	-12.397437	-14.639385	-6.539893	-1.548171	-6.416602	-8.560605	-11.889218	-12.474566	1.377880	2.242769	-6.579488	-3.618286	-11.936484	3.216690	-11.155838	-1.563766	7.314197	-8.560650	5.849579	1.791440	7.743297	8.288233	1.554555	6.399687	3.580960
3971	5	-11.557014	7.110006	6.817635	-9.740398	8.244730	-11.419172	-11.035590	-11.047862	-3.641363	0.109479	-8.572040	-5.929852	4.820456	3.139896	6.817339	2.943289	8.244715	6.964391	-13.955898	-11.047272	-3.641363	-5.673956	-8.572040	-9.304276	2.136832	-13.315109	-3.641363	6.018082	-8.572040	6.148362
4022	5	-14.467157	-10.510900	-3.947133	-4.633476	-9.399690	-8.568953	-8.935870	-10.510900	-3.947133	1.849555	-9.399690	-5.764180	-9.989651	6.921023	5.471895	-8.072259	6.610573	-11.583525	0.943888	6.907372	5.471895	0.851523	6.610573	4.319210	3.176327	4.480901	5.471841	3.754256	6.610164	5.543196
4055	5	-8.832504	7.558181	6.299150	-15.641332	6.812971	-8.573979	-4.685249	3.906068	-0.162873	-11.381894	-2.679577	-8.573978	-9.019956	-5.862115	-6.427726	-11.381928	-9.070644	-8.573979	6.165725	2.921957	-0.163199	5.144025	-2.679580	7.577628	4.716586	-0.858326	-3.292176	5.135826	-4.892878	7.576151
4224	5	-4.922641	-8.989052	-4.701849	1.208929	-10.579230	5.250622	-16.078903	7.006894	6.592859	-15.466351	4.922120	-5.300494	-17.855440	-8.989052	-4.701849	-10.133093	-10.579230	-5.276596	-15.698777	-8.989052	-4.701849	-5.775952	-10.579230	1.253557	-15.725432	4.884804	5.187253	-14.283813	1.255249	-5.299716
4306	5	-16.138705	-4.465847	-1.623538	-14.608368	-0.550236	-13.677375	-16.954276	6.744766	7.013907	-20.219132	6.447748	-13.677506	-16.138942	-2.965416	0.266470	-14.608506	2.841954	-13.677375	1.997458	-8.659111	-1.627655	2.959763	-0.550249	3.835300	1.997233	-7.278763	0.175243	2.959593	2.840857	3.835153
4338	5	-9.839641	4.927139	2.441057	-10.849325	-4.290960	-6.014354	-14.401355	-1.993070	0.074899	-10.017358	-9.980115	-6.029182	1.478477	-2.307785	-0.157518	2.846030	-10.026491	6.307380	-13.117343	9.054337	6.382810	-15.457040	2.463888	-6.028237	0.000087	-1.998989	0.070553	0.811254	-9.981118	5.367485
4354	5	-9.812753	6.574034	5.790692	-10.482432	7.533139	-2.027380	-10.325801	-8.196754	-3.253354	-7.913929	-11.298736	-2.027380	2.167761	5.731955	5.790692	5.069873	7.533139	6.262687	-6.041511	-8.201103	-3.253354	2.707965	-11.298736	3.755032	-6.218671	-8.200574	-3.253354	1.326341	-11.298736	0.907526
4359	5	-18.478885	7.176485	7.860447	-15.379817	8.308373	-4.874788	-16.796352	7.176485	7.860447	-13.141046	8.308373	0.395483	-19.149706	-10.889154	-4.305501	-8.968908	-3.862749	-4.874788	-9.455485	-10.889154	-4.305501	1.919058	-3.862749	3.899462	-17.467173	-10.889154	-4.305501	-6.730137	-3.862749	0.395483
4366	5	-3.222618	-8.688104	-4.696989	1.052974	-8.061118	3.199751	-12.108456	-8.687628	-4.696989	-10.286941	-8.061118	-5.511973	-9.013462	6.693194	5.983836	-0.189209	4.668694	3.180963	3.357422	-10.663419	-4.697226	6.055854	-8.061120	9.005335	-13.907709	6.693194	5.983836	-11.919893	4.668694	-5.511973
4589	5	4.106082	4.506727	6.705076	3.713091	5.189107	7.676537	-3.253527	-11.291683	-5.828226	3.268710	-10.785904	4.000059	-14.258796	-11.267715	-5.828226	-6.310558	-10.785904	-6.505308	-10.442645	6.323523	6.705119	-10.466440	5.198227	-6.513386	0.763218	5.979800	6.705119	3.071402	5.197738	4.004997
4642	5	-3.524749	-5.162634	-7.516780	2.152861	-10.480310	5.888513	-17.482327	5.400954	3.920832	-10.069028	5.423649	-5.797957	-15.316212	-5.162243	-7.516780	-9.397005	-10.480310	-5.797957	-5.771403	5.400942	3.920832	1.158811	5.423649	5.052651	-0.979584	-0.136376	-2.984722	2.523138	-8.572679	5.973081
4834	5	-8.586206	7.849029	4.631680	-14.960594	6.155239	-5.227732	-7.457180	2.146064	0.003514	-11.855122	-2.354768	-5.227732	-13.268362	-5.355509	-6.293394	-12.073077	-10.996744	-5.227732	2.444989	-0.216149	-0.006212	5.214971	-5.228259	6.858173	-1.720951	-5.355518	-6.293394	2.698460	-10.996744	4.421940
4912	5	-19.746852	5.785898	5.482467	-13.912453	8.206918	-7.735697	-19.302532	-9.240734	-5.420409	-9.282462	-6.803766	-7.735697	-4.498451	2.426821	0.557174	2.236804	-0.111180	3.004906	-9.604660	-9.240734	-5.420409	2.329071	-6.803766	3.004926	-14.209646	2.426821	0.557174	-9.362587	-0.111180	-7.735697
4916	5	-11.804093	5.641756	5.830420	-9.634388	8.508299	-3.324125	2.372908	-4.599951	3.002543	5.203094	1.953773	5.114527	1.106949	-9.454106	-3.298748	4.466315	-2.778249	5.090381	-5.085931	-9.177961	-3.298744	3.256866	-2.778249	5.081583	-14.607522	-9.177960	-3.298744	-1.444436	-2.778249	-3.323524
5051	5	-17.304718	7.206258	5.868017	-11.189454	6.216261	-9.299616	-17.616841	-9.720631	-5.690687	-8.773770	-8.006223	-9.299602	-22.586896	-3.112267	0.578089	-8.778043	6.201737	-9.299603	-11.874037	-3.112267	0.578089	2.339740	6.201737	2.848292	-6.902979	-9.720631	-5.690687	2.344238	-8.006223	2.850343
5104	5	-9.353040	6.178101	4.993291	-5.445075	4.007332	1.341289	-13.380316	-7.425832	-7.647419	-3.535644	-6.654239	1.350397	3.582971	1.721316	4.989298	3.117919	4.005795	5.637717	-10.919575	6.178101	4.993291	-5.714443	4.007332	-5.008045	-14.969716	-7.425832	-7.647419	-3.835648	-6.654239	-5.003612
5122	5	-19.207168	-10.122627	-3.775032	-8.576109	-11.093486	-9.901019	-18.729205	8.020893	7.718611	-13.756535	6.762840	-9.901081	-13.683067	-4.060839	1.254175	1.553245	0.335527	0.077506	-19.455244	-4.060839	1.254175	-8.589531	0.335527	-9.901020	-13.423619	-10.122627	-3.775032	1.573462	-11.093486	0.085291
5140	5	-0.293616	-11.657335	-5.351304	3.174261	-5.846107	4.522902	-11.592699	-11.653626	-5.351304	-6.999293	-5.846107	-10.284469	-12.452116	4.772906	6.525400	-11.470051	6.451425	-10.293186	-6.450755	1.046590	1.432547	-8.353736	0.182832	-9.871311	-2.724969	-11.653650	-5.351304	-0.982674	-5.846107	2.670177
5141	5	-14.792008	6.608185	8.065294	-16.958311	5.770418	-10.489804	-13.694228	-2.720822	2.305522	-11.032226	-8.274116	-10.452152	-13.705702	-8.632118	-1.493778	-11.026970	-10.992305	-10.452015	-3.859072	-2.722197	2.305136	3.218867	-8.274454	4.087091	-3.872570	-8.633447	-1.493778	3.211667	-10.992305	4.043310
5187	5	-8.114105	-11.225846	-6.041571	2.351320	-2.502596	3.101119	-12.102531	3.848169	6.560699	-10.037469	5.821496	-4.615580	-13.047592	-11.225846	-6.041571	-1.280307	-2.502596	-4.488985	3.114327	0.497395	4.986140	1.038880	5.198428	6.813372	3.009750	0.159273	4.969627	1.039437	5.171442	6.826297
5305	5	-14.599588	3.141323	3.977144	-8.376499	-2.072002	-5.452366	-4.997123	-10.321498	-0.293870	4.938143	-12.120282	6.387091	-15.970282	-10.320832	-0.293870	-5.168695	-12.120282	-5.452380	-2.314924	3.113796	3.976977	1.596076	-2.072066	6.501908	-20.201470	6.320306	8.842323	-10.815948	2.915057	-5.452398
5321	5	-17.081562	5.608577	6.455923	-7.258874	7.630830	-11.466573	-15.092758	-11.796863	-5.129359	2.877306	-5.042294	-5.345742	-14.306080	-5.780948	0.334448	2.877186	3.350699	-5.345746	-18.627455	-5.780948	0.334448	-1.385741	3.350699	-11.365640	-19.413777	-11.796863	-5.129359	-1.385547	-5.042294	-11.365588
5399	5	2.492488	-0.455615	-0.112941	5.588858	-6.992161	8.199803	-14.716573	6.596511	4.892160	-13.185245	6.090769	-9.764053	-11.728412	0.370094	-0.111582	-10.733672	-6.833216	-9.764053	-17.403520	-7.789665	-4.815365	-10.733508	-13.302767	-9.764053	1.973704	6.504542	4.892160	3.127581	6.090767	8.147027
5488	5	-17.096710	6.705838	7.493267	-15.526025	8.534470	-11.888602	5.566215	-16.655267	-1.883793	4.750200	-7.248477	6.928433	-12.607668	-11.166204	-1.881427	-12.920772	-7.093708	-11.888602	5.023805	-16.005239	-1.883763	3.852592	-7.246354	1.112283	0.938143	6.523168	7.493257	1.258867	8.534243	3.771942
5580	5	-13.166578	-5.984432	1.538626	-4.571470	4.235447	-12.148595	-13.571304	2.343457	7.998643	-8.292482	8.984093	-12.148651	-6.908135	-5.984432	1.538626	1.724959	4.235447	-5.860054	-6.785139	-12.503336	-4.435353	1.815849	-6.749810	-5.843384	-13.043694	-12.503336	-4.435353	-4.464020	-6.749810	-12.148576
5589	5	-15.719612	3.256420	3.232926	-7.563707	-4.519248	-2.894819	-4.062684	3.256420	3.232926	4.042778	-4.519248	4.264260	4.557509	-13.089303	-2.367491	6.859580	-13.366054	9.584462	-11.862364	-6.544742	-2.342710	-7.304512	-13.025546	-2.885361	0.271551	-6.547725	-2.342812	4.649950	-13.026174	6.456612
5601	5	5.461205	-9.326953	-3.661858	7.401745	-7.089849	6.672434	-1.691920	-6.648497	-3.661839	1.845889	-7.089847	-0.885624	-11.018440	-6.569504	-3.661835	-5.315720	-7.089847	-6.755993	-12.916302	8.516918	6.137648	-11.360725	4.009506	-6.756970	3.349320	7.081279	6.137647	1.076331	4.009501	6.281239
5633	5	-14.840749	8.242053	8.793644	-16.722994	5.969021	-6.722966	-11.254421	2.519936	2.366419	-12.366736	-3.336597	-6.722966	-13.401398	-2.347324	-1.203957	-10.339365	-5.630494	-6.722966	-5.072336	-2.347324	-1.203957	1.100584	-5.630494	1.853203	1.614387	-2.510289	-1.211041	7.047690	-6.120853	5.424805
5642	5	-5.179524	-9.218548	-3.655686	2.047444	-11.032426	5.134094	-6.361346	7.019870	6.499918	-11.954762	5.632575	0.101350	-13.772089	-9.218548	-3.655686	-7.954606	-11.032426	-4.321105	3.055784	5.498272	6.499917	0.973024	5.632452	8.082859	-11.466250	7.019870	6.499918	-13.721339	5.632575	-4.539023
5665	5	-11.151318	8.419205	7.541051	-15.249416	7.344934	-5.343072	5.379155	-5.003936	3.846589	6.096985	2.122039	6.824771	0.333292	-14.944275	-1.395493	5.073624	-9.575032	6.681258	-14.603366	-9.930078	-1.395493	-10.675301	-9.575032	-5.525201	4.232384	3.393912	7.541051	3.384522	7.344904	6.812726
5774	5	-13.104481	-8.135466	-5.161461	-9.253972	-10.138430	-5.938442	-2.093675	6.469094	3.277173	3.182040	4.525699	4.427106	4.437311	4.385096	3.276832	6.148539	4.491624	7.386643	-6.315082	-8.138665	-5.161461	3.266860	-10.139451	4.402808	-8.886704	6.522485	3.277174	-9.334724	4.526084	-5.938442
5921	5	-12.819919	2.225907	0.496648	-5.724261	-4.002991	-3.410686	-18.770751	-6.787496	-5.695327	-3.777120	-10.459689	-3.410648	-14.365338	8.502876	4.769545	-8.897973	6.421030	-3.410686	1.704075	7.866319	4.769543	0.937941	6.420991	6.462923	-12.410847	-6.787496	-5.695327	0.945702	-10.459689	2.483953
6150	5	-17.152082	-10.204414	-6.343754	-6.371338	-12.650511	-9.055927	-5.739076	-10.204414	-6.343754	4.762344	-12.650511	3.365617	-13.105508	3.514212	4.276156	-7.436902	5.418421	-9.073474	-12.421852	0.141741	2.941933	-6.908196	5.387252	-9.070244	-1.137067	1.729779	4.266896	3.747797	5.418243	3.365792
6151	5	-3.546447	-6.921066	-7.866925	3.235779	-11.826558	4.574768	2.565447	-9.075868	-7.871421	7.235173	-11.826558	8.300258	-13.635750	-6.921066	-7.866925	-4.685544	-11.826558	-1.610792	-13.955125	8.209802	4.884547	-10.011658	5.363060	-1.663962	3.151668	4.493320	4.879795	2.478710	5.359635	8.367005
6171	5	-15.506204	-7.599726	-6.105039	-9.312166	-7.589877	-9.648141	-9.397921	-7.599726	-6.105039	2.043065	-7.589877	2.629897	-15.421965	4.471783	5.373673	-14.557675	6.286078	-9.648090	-9.398755	3.592603	2.368769	-9.314153	-1.237911	-9.592202	-3.015863	3.592028	2.368768	2.769534	-1.237911	4.613135
6344	5	-17.303059	5.786764	7.072451	-13.199724	-0.423798	-4.411698	-17.303059	6.378755	7.074084	-13.200953	4.751146	-4.411698	-13.316859	-9.712660	-0.799854	-9.118520	-10.953879	-4.410415	3.751495	-12.246429	-0.799854	7.028809	-10.953879	9.088170	-2.699339	-9.801800	-0.799854	1.217049	-10.953879	4.994884
6410	5	-15.627463	-12.190850	-4.686240	-8.169568	-12.227865	-2.520492	-4.130992	-12.206573	-4.686240	1.626689	-12.227865	4.254236	-10.040502	5.592652	6.776654	-9.488357	5.560332	2.895487	-10.663842	-12.191015	-4.686240	-3.801589	-12.227865	3.010257	-14.920352	5.592907	6.776654	-13.680956	5.560332	-2.530537
6603	5	-3.088577	-6.115240	-7.130452	3.231637	-11.396874	4.125564	-12.372485	-6.115240	-7.130452	-8.506754	-11.396874	-6.146790	-1.985404	4.667631	4.985784	1.338543	5.930581	6.010454	-6.066324	-6.115240	-7.130452	1.401818	-11.396874	1.239767	-11.227976	4.667631	4.985784	-10.409977	5.930581	-6.146790
6668	5	-5.328877	-8.221740	-4.482494	1.831407	-12.176474	4.423055	-14.660022	-8.221740	-4.482494	-2.635711	-12.176474	-3.187238	0.733480	6.845044	8.007896	3.002909	6.065971	5.731464	-14.049690	7.368140	8.007898	-12.266291	6.073454	-3.210324	0.002601	-8.313743	-4.482494	6.340268	-12.187801	5.393678
6672	5	-7.516855	9.332422	6.602109	-8.384354	6.719991	-12.478986	5.126198	-12.907549	-4.835341	7.961624	-9.791626	4.565939	-5.652639	-8.469329	-4.421070	-7.944911	-9.738657	-12.478982	3.221937	5.193842	6.587584	7.462050	6.678918	4.235887	0.333970	6.328831	6.595953	1.586959	6.702476	-5.983745
6694	5	-12.126309	6.796264	6.548608	-14.856155	8.045586	-5.915281	1.739995	-11.181818	-3.727803	6.119882	-3.849359	4.938343	-12.477247	-10.212692	-3.727469	-10.249632	-3.802675	-5.915281	2.730985	-5.452752	3.170680	6.329052	3.390323	4.957175	2.181106	4.469595	6.548539	2.007690	8.016978	4.954412
6724	5	-17.099201	-8.973972	-5.415746	-8.096875	-11.024426	-3.248755	-0.483116	0.624077	0.392990	1.170136	-5.242060	6.467649	-15.901505	7.464910	6.700007	-13.052934	5.109460	-4.029779	-6.834395	-8.973972	-5.415746	1.169675	-11.024426	4.866387	-10.749589	0.626275	0.393004	-8.096791	-5.236743	-3.242854
6777	5	-14.697545	3.964678	7.381688	-11.002784	6.065248	-9.795981	-2.967883	-13.456961	0.113470	1.263957	-11.067436	4.168117	-13.828912	-13.376096	0.113829	-6.822496	-11.067436	-9.793945	2.324652	-15.055806	0.109286	7.438151	-11.067436	7.507248	1.711249	2.614430	7.262798	2.866260	6.039700	7.336387
6790	5	-15.402718	9.327381	6.759152	-13.755319	5.652497	-4.287310	-15.290950	7.713864	6.050544	-12.903640	-0.055032	-4.287310	2.372248	5.754712	6.011069	3.729017	-0.060382	6.777693	2.068264	7.774786	6.751211	1.928182	5.652294	6.592307	3.849332	-10.004181	-0.355087	7.326964	-9.322883	6.858199
6798	5	-13.844415	3.065321	2.929180	-8.545210	-2.687694	-8.232882	-20.377847	-6.134812	-1.910612	-8.477599	-12.138915	-8.232882	-8.335937	-6.134812	-1.910612	1.096912	-12.138915	3.373995	-19.039318	8.763893	7.296407	-13.762501	5.364218	-8.232883	-1.713121	3.064335	2.929179	1.487383	-2.687700	3.382129
6941	5	0.399013	-7.636010	-1.528748	3.358802	-6.055835	3.918357	-10.015965	6.663371	6.398850	-4.925010	7.141277	-8.397762	2.156690	4.518974	6.398330	3.295008	7.141267	9.360240	-1.983139	2.957263	0.064730	-2.038078	-0.751025	-8.306505	-11.771722	-7.508803	-1.528700	-2.043309	-6.055835	-8.308420
