439	8	-14.694380	-1.524771	2.088723	-6.312930	8.197949	-12.377672	4.047366	-4.794993	2.073219	8.992581	5.700877	6.418792	1.950874	-2.352802	2.086536	3.722346	7.574070	0.235903	-11.391153	6.233526	5.888561	-12.345305	10.192003	-12.377672	7.946970	2.982095	5.888442	3.328396	10.028966	6.418810	4.080930	-14.539800	-3.830998	9.011159	-2.497224	6.418793	-15.275082	-11.295798	-3.826279	-6.302533	-2.463229	-12.377672	1.839537	-11.907456	-3.828121	3.666349	-2.476317	0.235481
680	8	3.507387	-7.675973	-6.189253	4.343514	-3.975202	8.756245	-5.617391	-4.140940	-0.632379	-9.121631	5.667607	0.929885	6.400465	-0.077223	4.567487	2.191785	10.909056	9.016004	-4.937197	6.747826	4.651451	-14.242754	11.237663	-5.012183	-8.439850	-4.140871	-0.632379	-12.235242	5.667655	-5.533192	-2.244144	6.744224	4.651451	-10.086356	11.237655	2.575065	-5.541538	-4.410418	-6.189108	-8.955668	-1.927008	0.949574	-8.365160	-4.410357	-6.189108	-12.102704	-1.926964	-5.529937
1021	8	4.001998	-15.270131	-4.240653	6.579624	0.209792	7.460630	-11.142326	6.485234	6.462318	-13.507645	11.426009	-7.019679	-12.047057	-12.169405	-5.840959	-8.744725	-6.109616	-5.966357	4.738983	2.435778	6.458061	0.887650	11.425859	7.164601	-12.047057	-11.226933	-4.240458	-8.744725	0.209792	-5.966357	-2.521428	-11.226933	-4.240458	1.591510	0.209792	2.542127	4.001998	-16.212563	-5.841011	6.579624	-6.109616	7.460630	-2.521428	-12.169405	-5.840959	1.591510	-6.109616	2.542127
1195	8	-13.468449	7.093154	7.669341	-6.403035	12.386727	-9.558179	4.844781	4.664384	7.669339	5.794103	12.386698	8.359067	-1.164766	6.986823	7.669341	2.469347	12.386727	2.516261	-12.927968	-5.721185	0.408144	-4.785894	-4.718672	-9.558166	5.349070	-8.516284	0.408144	7.459734	-4.718673	8.359325	-9.330306	7.092791	7.669341	0.173810	12.386727	-6.526666	-6.710462	-5.723523	0.408144	1.898562	-4.718672	-4.021602	-0.534588	-5.882743	0.408144	4.506171	-4.718673	2.532636
1340	8	-10.491102	-2.542433	-0.374189	-13.157522	3.537547	-7.476816	-11.788926	5.144654	6.145315	-14.994334	11.403626	-7.486706	3.636735	-5.884332	-0.390222	4.963238	3.507950	8.182718	3.610108	-13.344909	-6.593758	4.999957	-3.737214	8.174726	5.362456	1.695446	6.135179	-2.725388	11.292885	4.793659	3.159725	-5.804196	-0.390222	-1.011947	3.507950	5.402308	-14.693460	-10.059676	-6.593758	-13.114841	-3.737214	-7.492614	6.553409	1.686526	6.134862	3.206618	11.290220	8.595822
1391	8	-9.024761	7.009166	7.021797	-11.933781	12.510183	-4.864075	6.049712	-10.355777	1.072040	8.009403	4.569578	7.241923	-3.695506	-10.947460	-2.722476	2.205151	-0.818561	1.992622	-8.231718	-4.796854	1.073366	-6.885657	4.569758	-4.863914	7.212332	1.417261	7.021797	2.961278	12.510123	7.243089	5.961376	-16.505425	-2.722476	8.009534	-0.818561	7.241733	-10.400370	-10.947460	-2.722476	-6.885526	-0.818561	-4.864055	0.111809	-10.951852	-2.722476	2.651902	-0.818561	5.084717
1397	8	-10.733446	-8.705606	1.939061	-10.656699	5.127165	-11.837905	4.761856	-16.911985	-3.117999	6.045073	-3.946125	0.965620	-10.482801	-10.495443	-3.117999	-10.592485	-3.946125	-11.837903	-10.314785	2.197258	6.748935	-16.376342	11.112595	-11.837928	-10.494783	-9.110389	0.431933	-10.595686	1.300735	-11.837903	4.510590	-15.122147	1.939061	6.033964	5.127165	0.965221	4.749854	-15.526931	0.431932	6.044593	1.300735	0.965608	7.251691	-15.122147	1.939061	7.330685	5.127165	5.880017
1778	8	5.782086	-8.239906	2.069451	4.370906	5.001679	4.926471	-9.945585	-7.491133	-1.554163	-14.040093	-4.524113	-10.942775	-8.833586	6.334133	5.748788	-19.619755	11.876725	-10.942264	0.991123	-7.892740	-1.554163	-6.596231	-4.524114	0.689028	5.847062	-13.497783	-1.554163	4.374196	-4.524115	4.926486	-4.538872	-1.906887	2.070939	-14.033910	5.245765	-10.712836	2.567292	-4.174799	2.069459	-4.429422	5.004086	0.806536	2.796036	4.083657	5.748788	-9.816932	11.876491	0.810762
2101	8	-7.108678	6.954279	6.635343	-14.991696	11.383799	-9.188693	8.424540	4.007572	6.635327	2.537511	11.383792	-1.276274	7.033602	-6.178134	0.544135	7.330608	1.135009	-1.277295	-9.244316	-7.545868	-3.878825	-10.249801	-4.039554	-9.188719	8.190000	-6.178134	0.544135	7.872238	1.135009	5.168351	9.631015	4.007572	6.635327	3.107795	11.383792	5.168562	5.484263	-10.478235	-3.878825	7.328675	-4.039554	-1.286532	6.650011	-10.478235	-3.878825	7.876723	-4.039554	5.166510
2105	8	-10.860233	-3.678203	1.846607	-8.884039	3.340724	-5.333192	-1.679704	-10.528552	-0.043255	3.061469	-3.286067	7.987364	4.124224	-6.171898	1.846599	5.892389	3.340723	8.854831	-11.333823	-10.418438	-0.043255	-8.473683	-3.286067	-5.349286	-10.933805	3.623663	8.477948	-13.585513	10.974812	-5.336037	4.496120	-13.102360	-0.043255	6.366590	-3.286067	8.859959	-1.346391	-3.835678	1.846603	2.913245	3.340724	8.126708	2.452444	2.223713	8.477411	-3.633890	10.961934	4.802145
2106	8	5.349180	-7.509265	3.116312	6.668975	6.858943	0.386854	-8.351379	7.306953	9.202441	-14.554685	11.658684	-11.772714	5.834888	-7.509348	3.116310	6.908852	6.858939	5.570751	-1.139784	-6.034524	-2.565421	3.725239	-2.501335	-5.199730	3.181161	-7.464171	3.117387	-3.465772	6.861143	-6.441059	-6.595954	-6.008241	-2.561004	-8.814697	-2.501334	-11.772714	3.523891	-12.551607	-2.690009	-3.340246	-2.501367	-6.269259	5.626131	-12.569017	-2.690009	6.678875	-2.501367	0.386949
2114	8	-5.733156	-6.233802	1.194385	1.123451	5.720263	-0.521563	2.379111	-1.621751	4.421938	4.743550	9.967755	7.463246	4.420249	-12.554401	0.129922	6.543394	5.396186	7.550276	-11.750516	4.509345	5.943420	-8.565744	12.227687	-8.447262	4.423550	-14.938711	-2.074710	6.543540	-1.673726	7.550302	-5.663228	-8.684890	-1.804689	1.131033	-1.625479	-0.513582	-11.055374	-6.233802	1.194385	-4.071821	5.720263	-8.447215	-10.992845	-8.684890	-1.804689	-4.071587	-1.625479	-8.447213
2856	8	8.683872	-10.593851	-6.081770	5.153171	-4.899874	5.631169	-10.208597	6.446644	5.906476	-15.629319	11.147150	-10.673873	8.683877	-9.797978	-5.554264	5.153169	1.255586	5.631169	-7.491552	-6.716631	-6.081770	-11.659317	-4.899873	-10.509791	5.874394	2.578758	5.906416	1.009879	11.146242	4.505446	3.793488	-10.579854	-6.081770	0.240337	-4.899874	-2.791479	-7.490362	-5.877401	-5.554225	-11.659319	1.255612	-10.509640	3.793494	-9.783981	-5.554264	0.240334	1.255586	-2.791487
3282	8	-1.040426	7.823563	8.158056	-1.666981	12.890605	1.660981	4.440172	-6.015931	1.984967	6.367716	7.642371	5.902099	-1.426612	7.875429	8.158056	-7.042453	12.890605	0.991142	5.440709	4.214658	8.157565	3.773976	12.890572	5.927563	-4.329765	8.033074	8.158056	-7.395321	12.890605	-0.820663	-7.180160	8.055421	8.158056	-9.460440	12.890605	-7.119454	0.061286	-10.545722	-3.288532	2.324897	-2.181333	3.505919	4.540238	-13.206820	-3.288532	6.593131	-2.187284	5.922774
3513	8	-11.351355	5.831528	7.536138	-15.308790	13.809164	-4.952939	-1.978363	5.826616	7.536138	1.918635	13.809163	6.200081	-12.873633	-5.098633	0.972385	-10.631517	4.771759	-4.952939	-11.811292	-9.420490	-4.174566	-10.619038	-1.368045	-4.952939	2.540196	-13.691526	-4.174566	7.055811	-1.368101	6.204247	-3.794538	-5.098747	0.972385	3.576669	4.771755	5.950738	-2.619166	-9.421785	-4.174566	5.862090	-1.368045	6.201019	2.295700	0.747132	6.151442	3.778988	13.641458	6.204165
4024	8	-8.697852	-6.139896	-3.162473	4.059860	4.321775	-0.933778	-11.526075	-9.223473	-9.692943	-0.876786	-1.641408	-0.938041	-11.524262	-6.139896	-3.162473	-0.877176	4.321775	-0.938048	-8.700127	-9.223473	-9.692943	4.059938	-1.641408	-0.933778	-2.054852	-6.139925	-3.162474	5.430946	4.321774	5.488370	-2.057906	-9.223501	-9.692943	5.430803	-1.641408	5.485794	3.554328	-10.692064	-3.186980	7.868654	4.316636	6.154668	3.554324	-13.775545	-9.693286	7.868729	-1.641409	6.154668
4162	8	2.544997	2.849667	7.518903	-7.309851	12.205961	1.402407	-10.820025	-11.343408	0.963508	-11.691302	-1.478107	-10.908250	2.343158	-12.223101	0.963502	-2.274413	-1.478111	7.284112	2.302184	-5.683127	1.171240	-2.301089	5.121582	7.253153	-5.373056	3.844527	7.565570	-15.903203	12.207654	-10.908071	-10.846736	-4.784901	1.219032	-11.697829	5.149803	-10.908250	4.756419	-6.485592	1.157987	5.020794	5.113748	7.980080	4.775756	-12.992669	0.963500	5.028746	-1.478112	7.980080
4939	8	-6.196930	-10.270809	-2.502870	-0.437701	-6.471883	-7.986424	-10.304329	7.780769	8.355541	-9.490709	11.279085	-10.897372	5.466635	1.148330	7.942226	4.103500	11.268609	5.653937	5.452704	1.148369	7.942245	3.595399	11.268611	0.242816	3.171026	-9.531160	3.422957	6.011542	4.720919	0.246266	4.759145	-16.854652	-2.502883	7.457098	-6.471883	0.246290	3.184749	-9.545144	3.422957	6.494829	4.720919	5.654968	4.772759	-16.854881	-2.502883	7.930008	-6.471883	5.654977
4948	8	4.377554	-16.528790	-7.218002	7.945098	-8.891862	6.667428	-5.687706	-11.234811	-7.218002	0.424076	-8.891862	-4.817320	-8.319632	-11.234811	-7.218002	-6.154858	-8.891862	-11.073445	-5.447784	7.183807	5.103802	-11.818965	7.578340	-9.985260	-5.447778	7.183789	5.103799	-11.818965	1.238134	-9.985256	-1.933560	-11.235314	-7.218002	4.641964	-8.891862	4.322888	6.926832	1.524739	5.103777	2.281055	7.481827	6.723685	6.926842	1.524698	5.103771	2.281055	1.017490	6.723685
5293	8	-13.286188	-4.355259	1.301279	-5.021159	7.089765	-4.744796	-13.994513	5.038778	5.040109	-8.566406	11.376803	-9.549763	3.149364	2.765358	5.034927	4.149237	11.359209	7.470800	-5.926840	-4.365854	1.301242	1.500354	7.089698	-3.500398	3.429004	-6.795209	1.299604	7.829978	7.086715	7.472192	-13.276412	-7.148858	-3.547797	-5.021150	-1.440990	-4.744777	-5.914555	-7.159083	-3.547797	1.500364	-1.440990	-3.500398	3.442216	-9.568763	-3.547802	7.835230	-1.440990	7.472230
6283	8	4.069604	1.258592	6.726366	5.796801	10.815539	8.252859	4.570985	-6.569594	3.055340	8.470221	5.692079	8.274788	-6.776882	6.235551	6.727435	-9.898506	11.560835	-9.127062	-2.412833	-2.887342	3.067860	-7.232511	7.983434	-9.122305	-6.448801	-11.532485	-2.722425	-7.225149	-4.644786	-9.127061	4.413588	-15.795366	-2.722425	8.477662	-4.668791	8.270136	-1.208712	-6.427251	3.055402	4.471832	5.743831	2.476177	-1.750111	1.851149	6.727298	1.720437	11.032559	2.379293
6643	8	-13.479684	-5.569859	-1.780451	-7.030023	3.190446	-6.566481	-4.251394	-5.569936	-1.780451	0.967585	3.190439	3.020579	-9.233714	6.553174	4.640767	-13.644185	10.115121	-6.566481	6.477927	1.091875	4.607335	3.170697	10.107459	9.086507	-4.205844	-10.364302	-7.826253	0.967589	-2.471587	3.020588	2.882236	-15.447810	-7.826253	7.463179	-2.471587	9.081060	2.835018	-10.634744	-1.780457	7.410249	3.165405	9.080300	-13.434143	-10.364221	-7.826253	-7.030023	-2.471587	-6.566481
6873	8	-12.485885	5.409438	7.019789	-9.552131	10.603314	-11.800403	-9.573713	-3.977315	0.807392	0.877951	3.475222	-5.559953	-12.760029	-9.813482	-3.778527	-5.179965	-2.067175	-11.798630	3.040594	1.847248	7.017940	2.102539	10.572660	7.588845	-12.784042	-3.977315	0.807392	-5.247160	3.475222	-11.798861	-9.555851	-9.813482	-3.778527	0.945202	-2.067175	-5.521334	1.978043	-11.024838	-3.778527	5.486076	-2.067175	7.483217	1.917809	-5.039448	0.807278	5.352743	3.475221	7.468825
