6	6	-12.050203	7.521258	5.706942	-15.038175	13.007538	-5.822321	4.545462	-11.684102	-1.235029	8.360460	-3.893011	6.806208	4.545005	-6.422811	0.434824	8.360407	2.257515	6.806143	4.459736	1.056452	5.371144	3.728421	12.882102	6.793331	-12.047519	-5.243389	-1.235024	-9.585627	-3.893011	-5.822316	-1.210499	-5.248212	-1.235024	3.234659	-3.893011	4.091917
8	6	-12.308313	6.954738	6.473029	-18.440694	12.436543	-6.283448	-11.288021	-10.345601	-5.090303	-12.308656	-4.873015	-6.281928	5.933046	-8.495300	-0.064912	-2.010707	1.840778	5.069532	6.082704	-16.013717	-5.090303	3.865083	-4.873015	6.231837	6.108440	-8.496196	-0.064912	3.864922	1.840778	6.233581	5.907337	-16.012755	-5.090303	-2.010620	-4.873015	5.067536
61	6	-10.176400	8.951132	6.530778	-9.982725	10.906379	-9.388357	3.322735	-4.351431	1.079682	9.446080	3.947321	5.622370	2.525388	8.148318	6.530778	5.425766	10.906371	5.423772	-9.628107	-9.603187	-5.292317	-5.946094	-5.057486	-9.384210	-1.475918	-9.607484	-5.292317	2.938276	-5.057487	-1.590418	3.346711	-11.280772	-5.292317	9.462181	-5.057578	5.627180
102	6	7.750696	-16.020203	-3.942532	2.119324	-4.807884	0.160158	9.288163	-8.683303	2.494802	0.729069	5.710108	6.585324	1.263023	-7.145174	2.495122	-11.379831	5.710307	-6.457263	-8.837648	4.648100	6.443678	-17.193621	12.309074	-12.607517	-2.707077	-11.043417	-3.942531	-7.362143	-4.807883	-11.160953	10.416841	-16.020500	-3.942532	7.054750	-4.807884	6.585456
119	6	3.906342	-16.350286	-4.187838	7.623343	-8.642877	7.240170	-8.240545	3.625380	7.001101	-9.618641	0.351864	-8.626022	-10.493687	-11.115212	-4.187838	-3.525910	-8.642877	-8.625980	-8.251757	7.376054	7.678537	-9.827920	6.799061	-8.626022	6.044136	1.949205	7.652116	1.832087	6.798859	7.239393	-4.395082	-11.115212	-4.187838	1.167019	-8.642877	-2.342260
169	6	-11.798162	-9.808108	-6.173583	-7.705952	0.391436	-10.535148	-11.746899	7.277567	5.409608	-9.534647	11.956238	-10.535148	-11.798162	-10.265507	-6.178726	-7.705948	-5.025467	-10.535148	5.422429	1.745705	5.023497	6.337494	11.671288	6.210891	4.693674	-15.297332	-6.173612	7.794931	0.391124	6.210614	4.693674	-15.754393	-6.178738	7.794936	-5.025637	6.210614
233	6	6.950393	-11.921409	-7.540765	6.511389	-8.361387	7.237478	11.367513	1.175449	4.661080	1.711710	9.311695	7.223685	3.971933	3.797538	4.908569	-8.755278	9.875789	-5.423895	-6.959182	-6.092261	-5.744723	-9.935845	-8.361330	-11.634122	4.793801	2.667437	4.847542	-5.569036	9.846012	1.184886	-2.438662	6.761269	4.955063	-13.626586	9.880302	-11.629520
237	6	3.956442	-8.554577	0.972699	7.139342	3.669127	8.659223	3.956528	-14.692671	-3.509133	7.265570	-2.429194	8.659262	-11.156479	-11.624059	-3.509133	-9.969723	-2.429194	-5.751591	-9.462529	5.814725	6.398041	-12.265303	11.086748	-5.751616	-11.156501	-5.486032	0.972699	-10.095947	3.669127	-5.751595	5.944388	1.243419	6.233528	5.121184	10.955459	8.655588
247	6	-10.362884	6.777144	5.287992	-12.009543	12.139217	-7.947065	5.180781	-14.174567	-4.734152	7.142161	-4.495658	7.126679	-12.059425	-8.060124	-4.733980	-9.525089	-4.495657	-7.878307	6.880608	0.580786	5.287973	4.657696	11.991702	7.071827	5.178838	-8.901271	-0.098180	6.986265	3.376802	7.125291	3.426033	-1.189311	5.285460	4.657786	6.783024	7.071826
253	6	3.638484	-13.450334	-4.044734	9.132785	-7.080284	2.236939	-8.390942	6.442131	7.367770	-12.131152	10.216490	-15.281445	3.636813	-7.571935	2.271583	9.131283	3.755638	2.236865	3.570463	1.129274	7.035574	4.025559	10.200789	2.185280	-8.489438	-8.705580	-3.804751	-6.981169	-7.049681	-14.235830	3.520141	-13.038351	-4.041382	4.401825	-7.079919	-4.289777
272	6	-11.075134	-4.757086	0.039993	-6.071322	5.438538	-9.559083	-11.071532	-9.452013	-4.946196	-6.071322	-3.686398	-9.559083	4.346889	-7.942106	0.039937	7.117922	4.493685	6.629285	8.895066	2.157665	4.848453	2.786650	11.899660	6.618520	-6.553855	6.529799	4.853209	-10.428184	12.203014	-9.559149	4.350493	-12.642844	-4.946691	7.117943	-3.745353	6.629285
277	6	-8.001537	7.108611	9.137921	-13.544121	9.269568	-7.217662	-10.299803	-7.455202	-2.492821	-9.745511	-10.041789	-7.097043	2.303875	6.495722	9.137921	-3.247627	9.269568	3.703148	4.944361	-12.049284	-2.492821	7.201771	-10.041789	7.506176	7.228000	2.189816	9.135542	3.308023	9.259636	7.467597	4.650828	-4.916858	2.853401	3.542442	2.868860	7.472397
294	6	9.423041	1.125853	6.664630	4.142278	12.865452	5.672573	-6.863621	-5.577135	1.353631	-8.993186	3.246486	-11.258485	7.194897	-14.159981	0.644385	6.814023	-2.321357	5.655873	7.194622	-11.560736	1.353631	6.726547	3.232618	5.655869	-4.576570	6.964882	6.787885	-11.663452	13.647030	-10.917735	-6.863346	-8.324953	0.644861	-8.899537	-2.321047	-11.258466
295	6	-13.033682	3.439402	8.202648	-12.870177	12.165142	-8.205639	-12.919970	-8.454489	0.457501	-7.748398	2.327151	-8.204551	-2.109595	-8.454682	0.457501	2.126909	2.327151	4.823051	-12.919966	-13.463770	-2.116779	-7.744551	-1.703982	-8.204550	3.239591	-11.645017	0.457501	5.854265	2.327151	7.154336	3.239597	-16.654312	-2.116779	5.858112	-1.703982	7.154344
297	6	-9.694164	-8.833687	-1.972533	-9.119918	-4.574193	-10.430429	-9.816639	6.373719	7.367014	-14.663590	9.117451	-10.430429	7.163792	2.263287	7.354474	1.715239	9.091787	5.639183	7.308095	-12.998542	-1.972533	7.258886	-4.574193	5.639190	1.728498	5.695173	7.367014	-2.967957	9.117450	4.432818	7.059814	-4.870872	1.435130	3.241546	4.036100	5.639178
301	6	-9.315872	8.443449	4.721243	-14.940547	10.179061	-12.277197	8.881583	-8.954608	-7.035560	6.190126	-6.737812	7.155710	9.357861	5.269559	4.721242	1.480317	10.178889	7.155625	12.871175	3.391378	-0.866414	6.174398	-1.352496	7.155710	-0.946009	6.585070	-0.857799	-8.627446	-1.343910	-12.255386	-9.906401	-5.814128	-7.035555	-10.230136	-6.737765	-12.277197
323	6	4.459252	-17.411358	-3.047092	7.810971	-4.071475	6.712780	-13.074358	5.642014	5.112834	-12.646121	11.647120	-8.236784	-10.457363	-11.569309	-3.047085	-9.289805	-3.998160	-8.236705	-12.690908	-5.628826	0.676440	-9.837569	3.166386	-8.236747	0.729058	5.641048	5.112834	4.452959	11.647111	6.564357	1.462434	-5.651515	0.676393	7.263005	3.138252	6.693335
375	6	-3.328239	-5.391396	-3.822770	1.072449	1.739905	4.793184	-11.970865	7.340947	4.795417	-11.389865	11.591485	-5.204606	-14.949714	-5.391396	-3.822770	-9.924183	1.739905	-5.204606	-3.357667	-11.367035	-7.788704	1.079359	-4.669786	4.799587	5.356341	1.925187	4.781889	6.110373	11.573910	7.333228	-14.982362	-11.367035	-7.788704	-9.917835	-4.669786	-5.204606
390	6	3.646435	-11.210623	-8.062134	3.457616	-3.956297	-1.345989	-7.929818	6.640185	4.253892	-6.628679	9.927175	-10.668025	4.893731	0.498160	4.253693	2.636162	9.668654	-1.144035	-10.570815	-7.444167	-8.062133	-5.763902	-3.956297	-10.666347	5.494694	0.289292	4.253482	8.133172	9.494569	4.931289	5.138841	-13.537436	-8.062134	8.996778	-3.956297	4.917859
400	6	-18.104809	-2.036265	4.999794	-6.422880	8.661212	-5.300177	-7.148180	-2.036265	4.999794	4.028488	8.661212	5.287965	-13.482064	4.542166	8.237393	-8.167108	12.188267	-5.450029	-13.370351	-13.308979	-1.429400	-5.306243	-4.379387	-5.084038	-2.598223	4.542114	8.237393	2.108646	12.188267	5.034411	-2.410276	-13.309066	-1.429400	5.140941	-4.379387	5.343260
422	6	-12.329073	6.368864	7.824841	-13.104967	10.909153	-4.577548	3.034288	5.077008	7.824841	-3.121802	10.904972	4.222930	4.026982	-8.186997	-4.698317	7.152778	-3.852859	9.488807	5.615012	3.303907	7.824813	3.627205	10.852438	9.490665	-13.712818	-4.816041	-4.698317	-9.579327	-3.819711	-4.577548	-1.624252	-5.069647	-4.698317	1.242863	-3.829547	4.724843
429	6	-6.459671	7.337307	6.493963	-14.709954	11.491599	-10.922390	4.971851	-14.059983	-3.510319	8.126938	-5.898224	6.153920	-8.641854	-8.140271	-3.340957	-8.255041	-5.895509	-11.156963	7.336200	1.327012	5.995684	1.639353	11.479195	6.171237	4.658813	-4.156557	2.643379	3.225391	4.214227	6.110434	2.598205	-14.059031	-3.510317	3.320228	-5.898224	-0.133632
436	6	-4.956390	-11.517674	-0.903698	-6.894999	-6.818339	-4.607417	9.963538	-6.825767	3.361076	9.701466	3.097365	9.069138	4.652481	2.161238	6.415267	4.207461	10.123592	9.068295	-11.298606	4.645904	6.422940	-12.438324	10.124963	-4.607424	10.895016	-15.462645	-0.903698	9.719143	-6.818339	9.069138	-6.008186	-2.776422	3.419926	-6.943838	3.263912	-4.607418
443	6	-9.214833	-10.623017	-0.319979	-9.032597	-5.712656	-12.660456	-7.327372	6.801502	7.262368	-13.968411	10.604740	-13.382284	4.834608	-16.509630	-0.319979	5.557517	-5.712656	4.020808	3.534778	-3.067083	4.787512	2.983670	6.425858	3.913002	3.869890	-2.268948	5.312585	1.640551	7.112353	3.836586	3.306729	1.745082	5.998161	4.103268	8.085250	3.959935
469	6	2.200078	-6.589878	-0.764554	7.702535	4.020698	7.298342	3.515583	3.450822	5.762776	2.845811	12.075185	7.339777	-11.347901	8.949888	5.784323	-13.701213	12.097875	-6.798192	2.358654	-13.789057	-3.853886	7.702611	-2.552144	7.307979	-0.263774	-4.775145	-0.684702	6.159447	4.029217	6.337916	-12.275470	-8.397696	-3.853269	-8.773937	-2.552101	-6.797972
486	6	-11.117771	5.398399	5.858011	-16.311117	11.380407	-1.768403	3.817011	-7.942948	-0.347954	1.910842	5.800955	7.679881	4.323083	3.368948	5.857911	-1.688937	11.380396	6.531842	-12.056076	-6.268713	-0.345128	-13.212375	5.802106	-1.766597	3.817677	-14.093039	-6.010544	1.913071	-3.088784	7.680179	-12.055576	-12.418435	-6.010544	-13.210151	-3.088784	-1.766594
517	6	2.837939	4.079079	6.779045	-14.030368	11.575205	-0.888635	-6.141530	-6.348922	0.872455	-14.712361	5.330601	-6.659507	-3.511896	5.222206	6.779045	-20.121770	11.585309	-6.657644	3.843049	-9.063011	0.872435	3.034834	5.329971	6.150402	-6.732837	-12.966247	-3.550839	-14.712300	-2.883935	-6.659513	3.844721	-15.213125	-3.550839	3.034948	-2.883935	6.150451
573	6	8.009183	-4.985370	2.268809	6.343953	4.653453	7.623329	-7.246116	7.904595	8.441754	-14.824964	11.719788	-10.204131	8.087386	2.468174	8.342575	2.920942	11.697209	7.590201	8.024239	-10.585221	0.583384	6.506703	-4.360592	7.623697	-7.309702	-5.331338	0.612627	-11.313795	-4.358130	-10.004664	8.024170	-7.141762	0.726026	6.498643	1.053284	7.623680
673	6	5.831505	-0.773062	8.063594	2.015135	5.034941	8.806667	-4.481756	5.986516	8.982970	-9.202243	5.090159	-0.391628	-0.858359	-12.226846	-0.648590	5.455521	-11.699465	4.893764	4.482377	-18.501408	-0.670171	6.224602	-11.699507	9.137078	-11.503597	-12.226843	-0.648590	-6.800810	-11.699465	-5.897636	3.923107	-0.587334	8.147302	-3.991386	5.056672	3.873724
684	6	1.995717	-4.511894	-6.508075	7.243351	1.028294	6.211291	-12.046866	-4.012894	-3.658972	-9.980244	2.272966	-4.116005	1.927350	-10.743601	-6.568170	7.169207	-6.542521	6.196334	-12.222766	-10.283633	-6.568170	-9.980286	-6.540350	-4.116104	-7.343561	6.471934	4.421481	-11.232979	11.027325	-4.094445	0.524304	6.395921	4.421481	3.745588	11.027324	-0.242308
727	6	4.244669	-15.178464	-2.387445	7.114365	-7.745394	8.157240	-1.315360	-13.038787	-2.387445	4.079606	-7.739728	4.247114	6.182218	1.785956	6.492023	3.149826	10.518192	8.160437	-10.627195	-12.923294	-2.387445	-4.470147	-7.739119	-7.483530	-8.755652	5.636684	6.492375	-8.435678	11.026392	-7.483876	4.731078	-4.522377	4.191823	6.360089	4.820828	8.159963
777	6	10.510242	0.438030	4.562500	5.013009	11.031844	4.777141	6.332392	-5.881379	3.658552	8.548679	7.000634	4.774739	3.782302	0.722896	4.597967	-6.104128	11.054805	-5.651814	-2.187046	6.489178	4.799970	-13.405120	11.148051	-7.514853	6.408992	-12.552394	0.770835	9.038822	-1.190342	4.774981	-5.839129	-6.441038	0.844178	-8.208523	-1.146124	-7.524463
793	6	3.264353	-9.189469	-0.286840	6.903729	3.849912	0.113439	4.601343	-11.930728	-0.374227	7.018604	3.796080	5.743039	3.127861	-13.133040	-5.437220	6.890297	-3.120748	0.065307	1.939143	6.140821	4.716939	-9.696430	10.514508	-6.332221	-1.539673	-10.153997	-5.399114	-10.520956	-3.098648	-8.676387	4.582191	-16.393005	-5.442254	7.018585	-3.123651	5.739801
797	6	5.991432	-15.407361	-4.041006	7.542901	-4.025276	6.708318	-12.004894	4.184897	6.214024	-11.497789	10.275184	-8.182507	-12.834662	-5.747970	0.134045	-7.785162	3.490140	-8.158393	3.263628	-7.119716	0.133900	7.424885	3.490066	6.682633	-10.353773	-12.105693	-4.041006	-7.784968	-4.025276	-8.158348	4.278339	2.093111	6.140931	3.865758	10.259582	6.613298
820	6	-8.464960	-11.094888	-2.961217	-7.966523	-5.110723	-9.226762	-12.466287	6.703051	7.770193	-11.456517	11.020243	-9.226762	-9.346216	-3.437040	3.222482	-8.541413	4.435880	-9.226762	3.120090	2.363930	7.768931	5.061144	10.926461	5.461485	7.384935	-17.735865	-2.961217	9.069314	-5.110730	5.465176	6.297089	-10.187946	3.218105	8.465722	4.204003	5.465176
833	6	4.177092	-10.924927	-5.700081	6.164260	-9.120691	9.342900	7.118467	2.887297	6.875054	0.410642	7.103613	7.966393	-12.020448	-7.033908	-5.700081	-4.479741	-9.116595	-4.275848	-9.647808	8.421467	6.875060	-10.223355	7.133563	-4.275849	-1.761767	-7.383822	-5.700081	2.012788	-9.118175	6.531587	3.268008	5.466294	6.875060	-2.629577	7.132729	3.945669
878	6	-1.801698	-10.136927	-5.636661	3.927016	-5.182201	5.237368	-5.879205	6.722618	7.378710	0.183751	11.832938	5.236738	-10.222978	6.735342	7.378710	-5.957199	11.833000	-6.021525	3.524463	-12.700917	-5.636775	6.258484	-5.350861	6.981658	3.445092	4.024041	7.377331	3.314191	11.794697	6.980254	-9.491271	-3.313733	0.911052	-2.956564	3.956507	-2.798953
881	6	9.844678	-8.926146	-4.460511	6.224549	1.183188	8.305146	-7.136567	-5.555922	-4.459579	-8.389067	1.183778	-8.014560	9.351042	4.739982	4.160722	5.518815	11.428280	8.304794	-7.686756	8.109349	4.160758	-9.094884	11.428281	-8.015508	-7.197588	-9.150441	-8.385131	-8.389067	-3.307096	-8.014560	9.844294	-12.519721	-8.385131	6.224549	-3.307096	8.305146
890	6	-12.773516	-4.922954	-1.049829	-5.361720	6.905056	-8.855154	2.362591	-5.473903	-1.065620	3.783441	6.888264	-0.230415	5.485442	-9.221618	-1.079464	8.569882	6.873539	5.837837	-13.082224	6.387142	4.846830	-8.454228	11.482404	-8.855154	-12.773503	-10.773426	-4.486138	-5.361720	-1.958050	-8.855154	2.362604	-11.324377	-4.486142	3.783457	-1.958056	-0.230415
920	6	2.839449	5.924504	6.307420	2.625582	11.688685	7.288253	-9.502731	6.821110	6.310806	0.351000	11.688692	-5.786989	-8.602325	-8.634387	-5.082886	5.922188	-2.549408	-4.404443	2.863226	-9.530827	-5.400038	7.907225	-2.549408	7.293049	-11.071060	6.821110	6.310806	-4.312677	11.688692	-9.965155	-6.007102	-8.634387	-5.082886	5.985276	-2.549408	1.810534
932	6	-12.074331	5.920314	5.383326	-11.840973	11.161437	-6.877428	3.770620	-7.650651	-0.569109	7.671924	3.956254	7.849422	-11.856788	-10.261042	-4.604325	-7.783066	-5.940349	-6.877427	4.978161	1.181210	5.337635	3.809257	11.160964	7.860372	-11.856775	-4.403979	-0.543172	-7.783066	4.027619	-6.877427	3.770621	-13.460716	-4.604325	7.671924	-5.940349	7.849422
943	6	-5.433098	2.955428	2.940864	-0.930431	10.424004	-5.147970	3.866439	-5.587272	2.093249	6.049386	3.343195	7.389109	-10.143487	-3.057623	2.219644	-0.767519	3.598947	-5.080921	0.004070	-3.518678	2.181913	1.954016	3.480054	2.330551	-8.392385	-5.379459	-4.397517	-0.479447	-2.775593	-4.842883	4.878152	-8.579859	-4.429872	6.436950	-2.782913	7.392193
1003	6	2.041462	-10.996208	-2.639867	8.522434	-7.613128	6.402113	-12.595116	5.853616	6.739390	-7.682337	8.989933	-10.763895	-7.318467	-9.150340	-2.639867	0.656258	-7.613128	-3.215897	-2.072815	-9.164788	-2.639867	6.859909	-7.613128	5.130813	2.428620	3.376345	6.739384	5.464933	8.989919	6.432440	-1.528942	5.823382	6.739390	3.313062	8.989933	5.439176
1064	6	-8.695005	7.645807	5.489402	-16.678961	11.667820	-13.853260	-11.739209	-4.092888	-1.089384	-13.230255	4.149131	-13.846833	-11.745875	-10.243079	-7.508428	-13.230253	-0.789844	-13.846833	8.562132	5.879531	5.489400	1.050264	11.666263	4.088466	5.724805	-11.749423	-7.508431	5.060214	-0.789850	4.793442	5.724188	-5.731194	-1.089576	5.060210	4.118210	4.793440
1159	6	-11.501687	-10.897896	-3.381242	-8.282910	-4.597861	-8.073396	3.507847	1.860922	8.329823	0.400733	12.009833	6.642607	-13.188853	6.298509	8.571653	-14.763980	12.013580	-8.073396	-11.550003	-5.493514	2.624425	-12.857944	3.292531	-8.073396	5.213807	-10.125999	2.606776	2.396980	3.225998	7.615436	5.234076	-15.524652	-3.381252	6.896226	-4.597861	7.621109
1172	6	-10.564672	5.952979	6.851431	-13.022583	11.697982	-7.314450	4.407341	-5.004233	2.309413	7.455294	3.401652	5.978764	3.938157	1.287614	6.841633	-0.917233	11.220760	5.343419	-11.468548	-4.841434	1.260166	-7.175019	-3.444358	-7.314107	5.431967	1.287613	6.841633	1.287025	11.220759	5.970618	4.485167	-9.538099	1.258161	7.490038	-3.494050	5.978780
1187	6	-11.655882	-2.499483	0.075694	-12.338500	4.203512	-11.761802	3.870792	-5.147772	-0.336056	5.877936	3.315899	5.081238	-10.100588	5.591391	5.338104	-16.952899	12.343403	-11.803075	5.310735	1.903582	5.336974	1.240414	12.321584	4.971625	-11.655944	-7.946675	-2.896213	-12.338500	-3.119670	-11.761802	3.870796	-10.492640	-2.896232	5.877936	-3.119696	5.081238
1190	6	-5.925530	6.739313	5.330964	-18.205160	11.637808	-9.109476	7.977042	-5.894036	1.569411	4.455832	3.274254	8.640074	5.728452	2.811052	5.330619	-0.481889	11.637747	5.811670	7.978200	-16.837415	-4.136397	4.483304	-2.366963	8.640454	-3.691887	-11.625622	-4.136397	-13.324791	-2.366963	-9.094391	3.940608	-14.153822	-4.136397	-7.429658	-2.366963	-2.532132
1191	6	-6.834297	7.458171	7.613709	-13.791243	10.915678	-11.373085	-4.670607	-9.212323	-4.301716	-9.509602	-6.262013	-11.372935	4.222373	-13.266701	-4.301716	2.236944	-6.262014	-0.449572	8.727015	-13.267101	-4.301716	7.001760	-6.262014	4.805602	6.467943	-9.444971	2.122988	6.823155	1.197181	4.805506	6.630349	3.405281	7.613701	2.719889	10.915283	4.795459
1193	6	-9.838253	5.327360	5.737201	-10.465717	12.284145	-12.393571	2.735474	-13.691580	-2.344842	8.925327	-2.149875	5.782853	2.735426	-8.195571	1.196899	8.918524	3.324802	5.782805	-9.853486	-6.457680	1.198245	-1.991396	3.328235	-12.283661	2.769306	3.450368	5.737078	5.479124	12.273994	5.816577	-9.863873	-11.954485	-2.344841	-6.761641	-2.149873	-12.393571
1201	6	-8.566308	7.013788	6.038601	-13.534407	10.936928	-7.750739	3.634690	-11.851273	-4.038893	7.224861	1.495415	7.417024	3.606087	-15.757237	-6.047898	7.223415	-4.941408	7.416337	-8.972461	-10.125222	-6.041617	-10.709127	-4.941407	-7.723408	3.796371	1.211739	6.035508	4.411137	10.911200	7.319294	-8.036224	-6.211460	-3.052339	-10.708860	1.496893	-7.723402
1215	6	4.094900	-9.130434	1.340186	6.520839	5.157786	7.851332	6.793045	1.041890	6.520506	2.305626	10.883464	7.935690	-6.904232	6.957270	6.664977	-14.416811	10.883509	-5.896931	4.396113	-14.119329	-4.897015	6.520867	-5.882179	7.880235	4.612095	1.041890	6.520506	-4.297299	10.883464	4.832948	-9.532320	-8.205272	-4.895606	-10.187752	-5.882179	-5.897043
1277	6	5.107957	0.845753	6.745331	3.116589	8.700435	6.766362	10.183860	-5.375770	2.659232	6.629446	4.173295	6.812594	4.747514	0.845753	6.745331	-3.058141	8.700435	5.508608	10.189050	-13.208321	-4.700323	6.706525	-3.878792	6.812594	-6.728961	6.772665	7.339819	-11.876431	8.807264	-9.037948	-1.497803	-11.103374	-4.665628	-7.575430	-3.873061	-8.693352
1288	6	-8.478058	3.161794	7.108628	-12.833099	9.504122	-6.676721	-0.168192	3.142788	7.106853	4.542776	9.504087	-0.354609	-11.988039	-6.032572	0.643316	-12.232207	-8.505723	-6.683972	2.594331	0.337701	6.466791	5.428277	6.757516	5.616481	-0.957088	-6.036384	0.641159	4.607401	-8.506140	5.526468	2.409877	1.124387	6.744491	4.754229	8.998604	-0.324223
1311	6	-11.690551	7.267634	5.430485	-14.150585	10.408814	-10.649923	8.053343	-6.963884	-0.597836	5.205464	2.143997	0.770698	8.055775	-9.430458	-3.077150	7.087618	-1.413890	6.763317	8.056044	-6.963884	-0.597836	7.087583	2.143997	6.763317	8.053075	-9.430458	-3.077150	5.205499	-1.413890	0.770699	4.352901	0.906353	5.122128	1.975747	9.630111	6.666040
1367	6	-9.168475	8.590939	7.294048	-12.659904	13.192111	-5.551005	8.843358	-4.985685	1.480401	6.339937	3.299818	6.144340	-5.329441	-2.966299	1.483509	-10.267238	3.300041	-5.551005	6.037560	6.592920	7.294048	3.940910	13.192111	6.144338	-6.475410	-8.475476	-3.690018	-10.132737	-3.202663	-5.551005	8.729775	-10.509647	-3.690018	6.474193	-3.202663	6.144340
1429	6	-7.168303	-7.581762	-1.406863	-14.027577	-6.239844	-8.434125	8.064958	-13.691712	-1.406863	3.238880	-6.340816	8.191967	-9.515094	8.140371	6.376898	-16.816452	9.538530	-8.434156	-7.167485	-3.620119	-1.381449	-14.028773	1.197686	-8.434125	5.372100	2.028095	6.356027	0.421022	9.013934	7.477558	8.064958	-10.397909	-1.406571	3.238866	0.121208	8.191967
1430	6	9.198206	-11.884751	-4.449988	7.508929	-2.008731	5.559526	-8.353614	7.501027	5.525198	-12.884513	9.984458	-11.650032	3.938013	-11.856955	-4.449988	1.169361	-2.008731	-0.335959	5.402274	1.813987	5.525084	4.401238	9.983499	5.486163	-4.575001	-6.199308	-4.449643	-9.776067	-2.008731	-11.602708	-0.659013	-6.436480	-4.449809	1.063045	-2.008731	-3.544450
1444	6	2.769134	2.763685	3.946645	7.928042	12.297480	6.046594	-2.819037	-1.871641	-3.363137	2.303406	-2.218735	-6.468713	-8.840512	4.555252	3.974842	-4.597079	12.391301	-9.784081	-3.921313	4.554929	3.974839	1.709908	12.391293	-6.567131	3.818614	-9.360514	-8.092938	8.477842	-3.235220	6.051158	-7.768207	-6.060144	-6.152902	-4.009082	-3.235219	-9.765795
1458	6	3.366674	1.989302	7.426718	2.822787	10.842512	5.728080	5.294416	-15.881116	-1.673570	8.400569	-6.911973	5.942031	-6.766578	-9.790256	-1.649702	-4.151217	-6.911840	-9.526692	-8.654899	7.113265	7.871359	-9.710819	10.907726	-9.843019	-6.401487	1.644508	2.440334	-4.349075	-1.116041	-9.418908	2.539130	-2.350634	5.114649	3.943981	6.985478	5.533944
1459	6	-15.291856	-2.867990	5.338007	-6.055193	12.138136	-10.820880	-10.724030	-11.671421	-1.510950	-3.211268	0.512033	-10.820064	-10.981373	1.989894	7.378999	-9.792178	12.422421	-10.820844	-1.295199	1.989894	7.378999	3.252145	12.422421	5.186442	5.083968	-17.227329	-1.516551	9.677000	0.512025	7.001010	-1.036849	-11.671422	-1.510951	8.771507	0.512033	5.534193
1468	6	5.823966	0.576506	6.353070	2.906987	9.875213	5.638384	-8.316571	6.488086	6.423671	-13.300383	9.924708	-8.199708	4.289603	-12.570092	-4.228926	5.789025	-7.298182	5.641222	-9.730288	-6.657581	-4.228926	-10.154545	-7.229641	-8.199708	-0.666384	-12.569509	-4.228926	2.540281	-7.298182	1.275508	-5.451325	0.644162	1.819818	-10.021376	-1.969475	-8.199708
1478	6	-14.524331	7.942604	6.615581	-10.080359	10.600320	-11.931082	-14.631278	-7.307859	-3.574871	-5.658914	-5.594903	-10.403460	2.959224	-10.789101	-3.574876	6.937784	-5.596940	5.264258	-8.635017	-7.307859	-3.574871	0.642314	-5.594903	-6.538673	3.127267	4.241544	6.614329	2.592088	10.597390	5.150051	2.957913	-4.835635	0.449087	6.927000	4.587750	5.264203
1483	6	4.637576	1.207614	6.827176	2.826156	11.015480	7.541354	-12.556095	5.837773	6.827402	-11.319442	11.170745	-5.987382	-14.543340	-3.583181	0.385120	-8.501336	6.458527	-5.986810	-14.553709	-9.947822	-3.647045	-8.377882	-2.131037	-5.986701	3.239016	-7.990360	0.378039	5.678446	5.295932	7.512162	3.239076	-14.382547	-3.647104	5.794469	-2.160415	7.512220
1488	6	-9.086518	4.725389	7.530265	-7.934520	10.073286	-6.038353	-1.086765	-12.999316	-1.725380	5.094675	-3.920726	4.362694	5.046542	-11.014365	0.968011	7.608479	2.167605	8.992053	-9.023357	-12.993797	-1.725348	-3.855279	-3.920713	-6.036251	-1.162742	4.720630	7.529967	0.739189	10.073256	3.349498	5.046741	-17.684241	-1.733588	7.608494	-3.923953	8.992053
1498	6	-10.235642	-2.532735	1.451067	-7.269578	4.202746	-12.609033	4.301866	2.441468	7.507509	1.180239	11.847822	5.928563	-8.809405	7.125356	7.508552	-12.659007	11.851268	-12.609033	-8.526793	-6.948226	-3.303990	-7.245706	-2.044665	-12.609033	3.395556	-6.872868	1.450931	6.571741	4.202546	5.903544	5.104629	-11.659463	-3.303990	6.597774	-2.044665	5.931619
1556	6	-8.185877	5.866854	8.399474	-12.515844	12.294032	2.075103	-9.675643	-10.459217	-1.677294	-6.641769	-3.019832	2.075103	-13.053254	-10.459217	-1.677294	-9.865808	-3.019832	-0.944097	-11.563487	5.866855	8.399474	-15.793745	12.294032	-0.944097	1.820460	-11.524219	-1.677294	4.622983	-3.019832	8.697783	-3.500883	-10.460218	-1.677294	1.060808	-3.019832	6.305644
1572	6	3.289220	2.251169	3.436673	7.845690	9.182346	7.636018	-12.206517	-7.110514	-8.246305	-8.504218	-5.911264	-6.050065	3.568869	-8.809574	-8.246305	7.872101	-5.911264	7.651828	-12.419794	3.778558	3.441442	-8.530113	9.213093	-6.050065	-2.513993	3.730241	3.441432	5.023949	9.213037	1.963245	-2.300408	-7.166362	-8.246305	5.353755	-5.911264	1.973140
1574	6	7.392006	-19.039555	-3.013637	8.512436	-4.501935	7.243379	5.785939	-12.713989	1.658299	8.136972	3.805859	7.242048	-3.994521	-14.417834	-3.013637	-5.250386	-4.501935	-8.692929	-1.742210	-8.188614	1.658903	3.191982	3.806359	-2.694664	-5.826703	-8.174320	1.658915	-5.626134	3.806369	-8.702419	-4.272638	4.528166	6.705607	-11.462397	11.452365	-8.710228
1583	6	-10.280334	-5.100707	-0.205407	-4.642227	2.071489	-10.786458	-10.282965	7.866827	6.633908	-10.484180	10.641698	-10.786735	-10.280275	-6.113158	-4.282214	-4.641968	-5.133989	-10.786458	2.780748	-10.020112	-0.205465	7.345853	2.071300	7.053980	2.800764	2.928674	6.633551	1.505910	10.615304	7.072622	2.780804	-11.032288	-4.282220	7.346117	-5.134009	7.054034
1600	6	6.863069	2.914065	5.609515	2.319451	11.711465	6.696022	-9.825512	-10.787296	-6.532677	-6.760572	-5.979196	-6.014900	4.405514	-14.974419	-6.532677	7.906331	-5.979196	6.696654	-1.215916	-10.787755	-6.532677	6.607251	-5.979196	6.568304	-7.017801	7.985010	5.613945	-12.344068	11.711761	-6.014900	-8.241859	-4.045105	-0.712451	-6.759664	4.815724	-6.014900
1657	6	-7.744259	-6.812768	-4.427906	0.882958	-4.472805	-4.449929	-4.872384	-2.467950	1.734903	0.707402	5.879283	-4.405333	-13.799900	7.839941	6.416728	-10.560590	11.278536	-10.147918	-11.878443	-2.467923	1.734923	-5.209629	5.879291	-8.774722	-14.748293	-6.812768	-4.427906	-5.009178	-4.472805	-8.648950	3.630841	1.193825	5.921624	2.841310	10.797711	4.614039
1663	6	2.319675	-8.722028	2.479252	5.250478	4.921999	6.448490	-13.637474	5.816241	6.232013	-13.221838	12.232306	-10.918550	-15.737870	-6.145089	2.486125	-8.537490	5.063777	-10.918549	-12.081016	-12.496199	-0.429342	-8.183617	-2.203551	-10.918547	6.598410	-17.864054	-0.429360	7.849382	-2.203573	7.075190	4.707805	1.445992	6.181114	2.809825	12.217619	7.075148
1733	6	5.147721	5.196723	5.436908	5.357755	8.680529	4.610786	-13.695126	7.309879	5.436914	-4.701889	8.680529	-10.871452	3.782318	-12.024615	-4.249529	6.741213	-2.617529	4.540619	-14.979194	-9.993372	-4.249529	-3.294873	-2.617529	-10.214872	3.782319	-8.673867	0.063064	6.686651	2.190440	4.540610	-14.991475	-6.591700	0.063310	-3.349456	2.190445	-10.260083
1786	6	-8.945170	5.488289	8.203449	-8.936020	13.760202	-11.340930	6.899545	-7.844189	4.109879	5.953727	8.384675	7.074875	9.451712	-12.797861	-2.415080	6.548971	-4.285979	7.116079	-6.879962	-6.267286	-2.414718	-4.665469	-4.283539	-7.901872	-1.465898	-6.321415	-2.414780	1.507877	-4.283718	-2.415541	5.268801	-12.526072	-2.415080	3.990254	-4.285979	0.992590
1795	6	-3.616979	6.542812	7.347853	-9.633629	10.900879	-7.406475	4.567434	-8.179807	2.755164	3.914690	3.104765	7.089774	0.002594	-4.305666	3.064434	-4.964316	4.710966	0.661305	-3.079674	-4.258891	3.066303	-7.119340	4.742499	-7.377407	6.832643	1.073831	6.858197	1.930322	9.964881	7.089729	4.444123	-11.698158	-2.910566	4.366225	-1.850603	7.089774
1865	6	4.778848	3.653190	6.228729	1.946126	10.632319	6.784909	4.441098	-12.562845	-2.604746	6.526225	-3.477192	7.240959	2.867784	-4.412279	3.038579	6.289145	3.595749	7.236226	-9.693318	-8.124001	-2.604746	-8.520180	-3.476852	-9.191454	-9.155054	8.580759	6.229320	-13.105467	10.646325	-9.356256	-10.729513	-2.934077	3.038927	-8.549510	3.988991	-9.194724
1872	6	-9.284931	6.486934	5.522438	-8.980715	12.937775	-5.551667	-2.270870	-9.339326	-3.239794	4.969054	-1.910316	5.776831	3.882018	-12.472191	-3.239794	6.074322	-1.910316	6.069023	-10.686216	-9.336383	-3.239794	-2.215404	-1.910316	-5.039080	0.355860	-3.191139	-3.236915	4.995220	-1.906752	5.856779	-9.758937	-9.336383	-3.239794	-2.197251	-1.910316	1.035461
1879	6	-10.205503	-5.809918	1.269422	-6.390980	-1.146764	-8.254565	-10.205455	-8.188027	-4.320118	-6.377949	-4.330001	-8.254565	-10.653886	6.113046	7.808885	-10.982933	11.106755	-8.254571	5.263535	3.661283	7.808866	2.546371	11.106755	6.042293	5.827288	-8.661028	1.269380	7.188503	-1.146819	6.046023	5.827303	-10.935840	-4.320118	7.201535	-4.330001	6.046023
1888	6	-10.789334	8.461178	5.993843	-11.609717	11.113630	-9.404764	6.920858	3.178526	5.955412	2.983497	11.112379	6.206576	-9.741957	-9.932117	-6.157697	-9.722076	-6.666166	-9.404748	7.991370	-15.214758	-6.513870	4.846767	-6.667362	6.208594	8.048672	-3.200821	4.299842	3.912328	5.599847	6.208463	7.991360	-8.665229	0.494432	4.752844	3.511123	6.208590
1905	6	-9.455647	-7.634309	-0.958807	-6.672674	2.295110	-10.192936	-9.455538	-12.077685	-6.913313	-6.600050	-1.440130	-10.192868	-6.017370	4.557723	4.534096	-8.324180	11.816280	-10.193519	4.685946	-10.124072	-0.958813	7.127433	2.295110	5.326240	7.697356	2.054804	4.509437	5.630280	11.767393	5.328229	4.685949	-14.567445	-6.913313	7.188787	-1.440130	5.326256
1987	6	-13.714388	-9.332973	-5.260320	-5.192213	-6.085479	-8.757408	-15.262399	-1.989871	7.065097	-11.152919	6.708737	-8.757413	2.887180	2.109301	7.693312	1.299312	9.063198	4.509805	-5.242378	-9.339112	-5.260320	3.250169	-6.085914	2.525859	2.990324	-10.512648	-5.260323	7.456412	-6.143907	4.516804	-13.891087	3.246561	7.693321	-11.301862	9.282788	-8.757413
1988	6	-9.822273	-7.395439	1.865504	-5.879941	4.791208	-5.677864	5.409279	-0.005213	5.784992	4.015186	11.819561	7.069369	-2.669988	-7.395464	1.865501	5.849866	4.791205	5.387455	-6.703353	4.774133	6.790244	-9.681569	11.908187	-5.677865	-9.815105	-8.084284	0.260206	-5.848695	-0.496815	-5.677864	-2.662247	-8.084308	0.260190	5.881112	-0.496826	5.387455
2032	6	-5.383519	6.948581	5.340868	-16.387332	11.639430	-5.996741	6.180362	-8.957568	-3.391249	6.266676	-3.185992	5.786049	-7.786886	-5.390990	-2.439459	-11.461986	-3.185816	-5.997593	7.888210	-1.305837	4.250678	5.656691	6.129633	5.789974	7.779113	3.524334	5.287367	0.887152	11.613521	5.065393	-4.306688	3.333136	1.490305	-11.461994	0.968848	-5.993695
2055	6	-4.634810	-5.303930	1.338275	1.008529	4.888560	2.386177	-12.256841	3.651946	6.259127	-12.671286	12.204829	-7.469333	-4.316388	-9.812859	-4.480288	1.037685	-6.021281	2.398972	3.973843	-15.925370	-4.480288	8.313126	-6.028147	8.322719	-13.806427	-5.303930	1.338275	-9.444586	4.888560	-7.376141	-13.524507	-9.812859	-4.480288	-9.427443	-6.021281	-7.374935
2072	6	-13.968178	-5.775754	2.367081	-7.856258	5.738211	-8.682710	-13.368346	5.530687	8.227113	-11.582108	11.436209	-8.682710	3.376470	-10.634565	2.367075	7.779904	5.737867	8.337599	-12.867832	-11.027858	-1.293602	-7.463302	-2.619544	-8.682710	3.067514	1.053615	8.102925	4.069333	11.436207	8.324324	4.482265	-16.442037	-1.293602	8.376136	-2.619544	8.347013
2076	6	-11.779980	7.344396	7.097909	-18.755699	9.135511	-7.435766	4.927000	-6.398612	1.716533	4.290678	3.392439	8.797606	4.935972	-10.105809	-2.138385	4.290717	-2.843248	8.798063	-11.150861	-2.993779	1.751245	-13.030382	6.152570	-7.402358	-1.117320	-3.025887	1.751237	1.617100	6.070066	2.920574	-11.243301	-6.782175	-2.138385	-13.030339	-2.843226	-7.402357
2118	6	-7.076655	6.311841	4.962180	-18.162950	11.767718	-10.960373	-11.997720	-5.284290	-1.458336	-11.560514	4.389505	-11.179971	4.821317	-11.673589	-1.576165	6.714169	3.562132	6.915779	0.026588	-5.293096	-1.458672	6.223665	4.385705	5.221616	-11.977124	-6.892598	-6.229451	-11.560447	-1.510598	-11.179855	4.840583	-13.324903	-6.331092	6.714233	-1.846270	6.917362
2143	6	-8.210657	5.032917	8.110130	-14.827606	7.807935	-6.792325	5.802185	-16.422127	-1.666913	5.845636	-2.677711	7.076887	-9.103461	-11.746883	-1.666913	-8.820025	-2.677709	-5.890246	-9.889762	-5.351074	2.870910	-11.454914	5.611870	-6.621093	4.993470	-10.037723	2.864727	3.220296	5.601449	6.977524	-0.247439	-11.747213	-1.666913	5.360948	-2.677709	5.131880
2157	6	-8.647333	6.178207	6.890241	-10.863532	12.621332	-8.977594	4.586696	3.834161	6.890235	1.381707	12.619258	6.335753	4.269508	-6.568798	-0.109356	6.472277	-1.704498	6.407626	4.463156	-5.863102	1.910063	6.469737	5.601677	6.429172	-5.752142	-4.425614	-0.107466	-5.621544	-1.701910	-8.353888	-4.507009	-4.433491	-0.107497	2.413003	-1.701952	-3.362360
2177	6	5.556234	-3.002168	1.261438	9.066086	5.155127	6.344601	-11.350979	6.500654	6.695402	-7.893512	11.473375	-9.874642	3.552070	2.569275	6.693164	6.870671	11.107237	5.934720	-9.377113	-7.123562	-1.382248	-3.944869	-4.618846	-9.861464	-0.544346	-7.143027	-1.382474	5.833483	-4.622637	3.474349	5.554556	-11.351358	-1.398285	9.066372	-4.914506	6.344417
2185	6	-11.052325	-8.614100	-7.285642	-10.189383	-1.211064	-2.321226	9.666602	-0.773243	4.644247	4.933458	9.903264	9.132155	4.104898	-7.177333	-1.945783	6.253045	3.285577	9.131708	-5.517410	6.770362	4.666094	-11.574959	12.496181	-2.321226	4.100206	-12.883697	-7.285645	6.252986	-1.211064	9.131702	9.635224	2.497979	4.666091	4.895576	12.494281	9.132153
2271	6	-9.587787	-9.972809	-9.130734	-11.946640	-3.960578	-11.910677	-9.919928	5.405004	2.528911	-12.222399	10.288256	-11.925112	4.299549	1.078955	2.452712	1.436965	9.983867	0.182046	7.082891	-14.311963	-9.131165	6.215778	-3.960578	6.077756	6.683324	1.019270	2.446313	5.953550	9.958564	6.061850	4.849813	-14.299577	-9.131165	1.971899	-3.960578	0.375861
2285	6	-3.805023	-12.894243	-5.812804	1.592006	-3.885635	4.506445	1.995552	-13.742962	-5.812804	5.879982	-3.885635	8.779894	-13.896695	-12.872114	-5.812804	-6.564319	-3.885635	-6.867671	-7.585647	-12.873718	-5.812804	-2.236199	-3.885635	1.387660	-11.458858	2.754797	5.342627	-9.474867	11.592826	-7.787890	2.947932	0.237970	4.766654	3.972367	11.008978	9.130849
2287	6	-15.062308	-9.945135	-0.238200	-9.179867	-7.319181	-4.525675	-10.799760	7.051431	5.443133	-13.938152	10.441794	-4.522924	5.553335	4.089771	5.443130	-4.493272	10.441277	5.838385	-2.782982	-9.977870	-0.238200	2.679438	-7.319181	3.752713	3.977397	-11.716614	-0.238200	6.536284	-7.319181	7.128538	8.006935	2.246543	5.440805	1.767384	10.417211	7.495980
2336	6	-14.497367	6.252400	8.001292	-8.924879	11.636748	-7.824342	3.599429	-11.166554	-3.760563	6.648080	1.104296	8.683636	3.599429	-14.262489	-3.937618	6.650372	-4.993046	8.683668	-3.066788	-7.666337	-3.936049	3.303299	-4.983570	2.458405	-14.420530	-7.625084	-3.935956	-6.816712	-4.983014	-7.720366	-2.737460	-4.162467	-0.992610	3.193946	2.039773	2.453940
2344	6	-9.730958	-10.806687	-4.853629	-10.011455	-2.741165	-9.188986	-7.221641	5.368962	6.779987	-14.828790	10.217182	-9.188874	-9.731831	-4.787448	0.748652	-10.026533	4.254659	-9.188987	4.120591	-5.513255	0.654868	6.775829	3.854724	7.240954	6.629695	4.655518	6.779976	1.838830	10.216365	7.004822	4.121327	-11.520461	-4.855584	6.789088	-2.772840	7.241041
2352	6	4.072952	-12.305538	-5.904972	5.339766	-4.212118	0.444808	-3.652500	-2.227460	-5.902916	-7.496999	-4.210452	-8.664609	-5.309443	7.068550	4.922420	-9.924060	10.764854	-9.396031	2.038227	2.739738	4.920863	2.107863	10.763171	0.303269	6.657693	-12.305538	-5.904972	7.251857	-4.212118	5.464489	5.281194	2.739685	4.920862	4.864970	10.763170	5.445250
2363	6	-8.963774	8.069066	5.951825	-10.330447	10.961380	-3.644196	9.591959	-14.096389	-4.092612	7.074299	-6.167512	6.366948	5.056112	-1.231822	5.951457	5.135527	8.332978	6.366928	-5.049888	-8.230782	-4.092610	-8.391451	-6.167504	-3.644196	5.676234	3.892863	5.951825	5.135296	10.961187	6.366929	3.911151	-11.034742	-4.092612	-3.000793	-6.167512	0.467430
2405	6	-12.662259	4.935741	6.955370	-8.420803	12.594529	-7.578304	3.830209	0.451942	6.488982	5.685645	9.904578	7.432896	-13.194969	-8.054346	-1.499172	-5.919901	-4.450886	-7.579983	3.290098	-11.659461	-2.106045	7.416049	-4.456775	7.331948	-1.244514	4.430969	6.944574	5.413390	12.594075	4.619160	-1.843766	-8.309993	-1.589130	7.152419	-4.452098	3.970513
2438	6	-12.026187	-5.256704	2.711376	-8.672176	5.175456	-11.383992	-12.531444	6.549165	8.120912	-12.891848	10.387787	-11.384000	3.741122	-8.670985	1.952370	6.749616	3.023214	5.154258	3.205692	4.037819	8.109518	2.405838	10.342998	5.021624	3.741137	-10.486294	-3.848653	6.751223	-3.759306	5.154261	-12.025832	-7.519056	-3.824102	-8.659066	-3.076846	-11.383992
2468	6	-8.543424	9.027957	3.461784	-8.863573	-0.251312	-8.263437	-7.790769	-5.297158	-2.819435	-8.162026	-7.275014	-8.260547	3.773969	6.140168	7.587728	4.864140	10.505294	3.244521	8.574845	-10.359520	-2.902174	8.525894	-7.275014	3.246922	-12.522663	9.584422	7.587980	-11.439364	10.505294	-8.265005	7.897580	4.004478	3.456543	7.842224	-0.264261	3.246917
2480	6	-10.176754	6.576889	6.494527	-12.441164	11.359346	-9.954576	4.768067	1.264225	6.494526	1.834596	11.195411	8.523051	-12.313651	-6.926635	-2.668276	-8.748337	0.858382	-9.954576	-12.301312	-7.194322	-5.230104	-8.748269	-5.149902	-9.954576	3.477838	-9.562478	-2.668357	5.569771	0.858328	8.334730	3.492099	-9.863427	-5.230105	5.576522	-5.149922	8.341778
2490	6	10.455596	3.087886	3.194091	7.018598	9.129075	6.672967	-8.377241	6.151977	3.440531	-10.821901	9.590193	-11.020191	4.508580	-11.244982	-8.424407	7.276679	-4.699019	6.672084	4.508537	-9.351998	-3.047438	7.276678	0.814992	6.672083	-14.243380	-9.382708	-8.354080	-10.259293	-4.671442	-11.020191	-14.243423	-7.218010	-2.728735	-10.259293	0.963211	-11.020191
2524	6	3.404227	-9.615207	1.384192	6.216680	0.811042	6.721055	-9.167565	-6.602812	1.416815	-10.056006	0.815938	-6.468424	-9.863814	2.509033	7.798453	-14.163536	10.777738	-6.468424	-9.167177	-13.869261	-4.349774	-10.000957	-5.529683	-6.468424	2.455118	1.145954	7.707094	1.442035	10.355634	5.712574	3.404625	-16.802091	-4.349776	6.269386	-5.529683	6.721166
2585	6	4.460418	1.877260	5.680216	4.999107	9.416714	6.928823	-13.541452	-8.225316	-4.297454	-9.203398	-2.112084	-9.743673	-13.578224	4.704599	5.680232	-10.890748	9.418035	-9.744217	4.396057	-4.849828	-0.014717	6.627418	4.861247	6.929225	4.396442	-11.030683	-4.297484	6.686405	-2.229664	6.929233	-2.049048	-8.446733	-4.297463	0.968510	-2.142890	2.024020
2601	6	6.201739	-15.404091	-4.497286	8.048191	-3.117867	5.750162	-13.019377	7.633563	6.360466	-13.301046	10.870187	-8.269562	-12.315750	-3.647766	1.138744	-9.826156	5.581764	-8.269562	5.231604	2.507274	6.360326	3.872018	10.647510	5.750119	5.959630	-8.812282	1.138456	7.346928	4.515992	5.750160	-12.074846	-10.340089	-4.492795	-9.124840	-3.100460	-8.269562
2661	6	-10.541296	7.383225	6.416107	-14.464893	10.748215	-10.539746	-7.492837	-7.511318	-4.661047	-11.163852	-8.273083	-10.459014	8.893860	-13.032088	-4.661772	6.601644	-8.293296	5.371980	4.884110	1.862694	6.287513	2.481857	10.729998	1.109892	8.171559	-13.032088	-4.661772	6.344249	-8.293296	1.428364	5.743492	1.862198	6.287387	3.354869	10.729985	5.244745
2687	6	-3.920970	3.501512	5.333534	-8.954672	11.281090	-7.159002	3.628178	-0.656100	5.318888	5.275718	10.837555	5.808247	5.338732	-6.107802	2.085471	8.193196	4.203208	5.810247	-6.689658	-10.591691	-1.329627	-6.789091	-5.324072	-8.004533	2.717942	0.533064	5.333295	-1.514011	11.185192	4.499562	5.521230	-15.126849	-1.329627	8.311407	-5.324257	5.810287
2701	6	7.642394	3.599221	7.111138	1.563126	10.194424	7.627829	-6.780361	8.302325	7.111907	-15.602727	10.340164	-7.780026	4.391028	-12.502252	-2.749085	-2.265942	-8.191497	-1.328551	4.228837	3.638102	7.111168	-5.158422	10.198258	4.216218	-5.475011	-7.823756	-2.729213	-10.783910	-7.864972	-7.780026	9.178238	-12.527185	-2.749099	6.377830	-8.191752	7.635049
2717	6	-8.654185	-5.253761	1.147070	-7.851485	5.433293	-10.690353	7.145542	-11.839114	1.147070	7.856358	5.432515	5.563257	2.845782	3.898487	7.065530	3.602488	12.822628	5.534718	-12.953901	5.894460	7.065532	-11.330620	12.822629	-10.691044	7.145542	-18.473882	-3.376031	8.466261	-3.697716	5.563265	-8.654184	-11.888536	-3.376031	-7.241582	-3.697716	-10.689427
2725	6	6.835040	0.520467	7.673665	3.269580	10.711587	8.819849	3.665762	-15.241368	-1.364178	6.404511	-2.897070	8.821354	-1.123568	6.687827	7.867075	-9.743137	11.288032	-6.339234	3.462761	-8.663107	3.342538	5.915538	5.896209	8.810263	-6.058963	-10.564175	-1.364178	-0.068397	-2.897069	-3.081988	-8.995506	-3.981831	3.343335	-7.114198	5.902536	-5.714349
2740	6	-11.980389	5.866543	6.933815	-7.851490	12.551739	-10.573332	2.376683	-3.725903	6.930753	2.254350	6.005404	6.974155	6.069609	1.909469	6.933815	2.284522	12.549204	7.682752	4.716993	-13.890328	-4.914968	8.818938	-2.307257	7.574154	-0.755927	-9.973434	-4.914967	7.934987	-2.307257	4.967930	-6.859960	-9.962239	-4.914967	5.117954	-2.307257	-3.908393
2755	6	3.223162	-10.689642	-5.948990	7.470067	1.351514	6.739866	-10.717509	-7.671392	-3.704877	-8.909011	1.918026	-9.289769	-10.717523	-9.267051	-8.421195	-8.896234	-3.967169	-9.289769	-5.792418	5.292417	4.234852	-10.555200	10.069921	-9.289769	-4.936329	-1.287001	-0.000941	-9.050216	5.969194	-9.289769	3.223163	-12.318424	-8.421196	7.471909	-4.160847	6.739866
2773	6	5.554464	-15.053370	-4.991077	9.227275	-7.467598	9.031434	-13.736759	6.961289	6.922979	-12.989652	10.022571	-7.223396	-13.201231	-11.418709	-4.991077	-3.002390	-7.467598	-7.219408	5.501375	-9.047480	1.193363	9.226952	4.407907	9.031335	5.015333	3.326642	6.912686	3.410081	10.022111	9.029692	-13.243839	-5.412518	1.193490	-3.002810	4.407915	-7.219415
2791	6	3.962596	-10.386137	-1.644774	8.973058	-4.732520	0.242085	-1.570342	6.146375	7.013022	1.461100	12.030446	0.198485	3.493590	0.809371	6.744560	6.971690	11.683039	5.705470	-8.857680	6.155146	7.013022	-10.767428	12.030446	-10.690844	4.925478	-10.478867	-1.644774	8.978207	-4.732520	5.705470	-0.062858	5.966426	7.013022	1.672636	12.030444	5.705387
2804	6	3.056238	-18.076805	-4.944469	6.802886	-3.854622	6.745905	-12.340520	-12.044542	-4.944469	-12.063575	-3.854622	-8.292624	-10.914950	5.398781	6.337272	-13.511051	11.476571	-8.302624	-1.683378	-12.044543	-4.944469	6.092509	-3.854622	4.111226	-0.185112	5.398133	6.337272	5.340808	11.476571	4.890567	2.198112	-0.359261	6.314341	5.356304	11.338756	6.322461
2839	6	-9.260222	-6.142976	-5.651116	-12.352030	-3.800437	-8.666578	11.352021	2.094599	0.999933	0.576178	6.018533	-0.544253	-4.425895	7.479949	1.001000	-11.700392	6.066381	-8.658964	6.220527	-11.300309	-5.651124	0.445347	-3.800437	-0.608668	11.525873	2.094556	0.999933	4.115219	6.018527	6.463649	6.443057	-11.356904	-5.651124	4.063576	-3.800437	6.456833
2873	6	-2.896449	-9.928188	-2.793326	1.112118	-0.614935	-6.383065	5.483780	-15.808374	-2.924323	5.914268	-0.614935	5.447507	-9.025626	-2.275207	5.400958	-6.651446	4.839916	-12.258277	-7.772329	-9.928188	-2.793326	-3.287105	-0.614935	-12.258266	-9.906431	3.021807	7.106519	-9.557725	10.878378	-12.258277	-1.165016	-9.928196	-2.793326	3.857392	-0.614935	-0.135971
2905	6	4.383591	2.282007	6.712102	-4.839968	11.520244	5.128323	0.231504	2.974060	6.853231	-9.651214	11.641114	4.079772	0.231483	2.974107	6.853239	-15.760310	11.641119	0.435181	3.723524	-4.695234	2.737210	5.924650	5.280203	7.700010	3.679997	-11.516296	-0.804497	7.056410	-1.354618	7.694614	-2.874462	-7.589350	-0.671777	-6.171166	-1.354108	2.892623
2916	6	4.838472	1.777362	4.853086	5.979995	11.098682	8.548124	-11.997273	4.623160	5.104720	-9.671296	11.102081	-7.131344	-12.923541	-8.702680	-6.313352	-7.982227	-6.443459	-6.903771	3.965404	-10.769212	-6.488831	7.324741	-6.443459	8.553385	-2.245079	-8.765688	-6.322637	3.205617	-6.443459	4.096640	-1.446126	4.514088	5.101224	1.588809	11.102081	3.985605
2921	6	-7.755961	6.501534	4.479151	-7.042846	10.144988	-12.726602	-2.121111	6.497810	4.479151	3.555386	10.144984	-7.414071	6.533300	-12.593758	-7.079833	9.061649	-0.605366	5.435674	-9.634402	-4.539082	-6.840142	-6.455143	-0.477547	-12.405399	5.918190	-0.096434	4.467499	8.487837	7.706240	5.434729	-4.010363	-4.541006	-6.840973	1.892086	-0.477875	-7.559978
2926	6	4.127694	-0.106725	4.086823	5.413505	8.858443	7.573902	-9.416805	4.212289	4.704052	-7.401549	12.068946	-4.861618	3.348088	-14.455363	-4.808378	6.012010	-3.639840	7.586718	3.281095	-7.676183	-0.747879	6.011069	3.504430	7.586639	-14.131582	-12.453881	-4.783076	-6.267220	-3.638930	-4.394613	-2.352548	-12.537297	-4.784955	3.357767	-3.638998	1.772334
3021	6	-16.264574	5.846252	6.211571	-13.196396	9.597626	-8.433201	-5.108712	-11.732490	-5.017646	1.304435	-5.146342	3.720395	-16.169692	-11.732490	-5.017646	-9.911715	-5.146342	-8.433201	2.721128	-5.336270	0.172024	7.172643	2.836901	9.348015	-12.743219	-2.424123	0.457752	-9.916677	9.453691	-8.433201	1.267598	-11.755440	-5.017646	4.402284	-5.146342	6.722675
3034	6	-5.361319	-8.831735	-5.146524	2.540613	-6.209940	-4.216460	7.451699	-14.885796	-5.146524	9.415780	-6.209940	6.844121	-10.721043	5.977335	6.142753	-11.140155	11.899086	-10.479971	-4.512612	-8.831736	-5.146524	4.769537	-6.209940	1.310523	-10.808736	-8.831735	-5.146524	-7.702884	-6.209940	-10.479968	-5.137314	5.977335	6.142753	1.011443	11.899086	0.553988
3046	6	-11.297980	-3.271201	3.236674	-11.618728	7.216895	-12.178223	-11.234911	-12.004589	0.892789	-11.567371	-1.955536	-12.178223	-8.994230	6.422365	5.976860	-16.868329	11.510776	-12.178223	6.837600	1.238858	5.656195	1.471416	11.171607	6.844176	3.995055	-8.501431	3.165477	6.120275	6.501454	6.856498	4.068361	-17.075692	0.892190	6.163302	-1.957930	6.868974
3088	6	-13.197870	6.649369	5.250846	-13.354268	12.296084	-7.562935	3.420072	-3.607306	-1.224417	6.013855	3.075058	4.738814	3.308169	-9.939529	-6.755815	6.007341	-4.055549	4.738798	-12.893783	-6.213668	-6.754965	-11.284111	-4.051639	-7.562935	2.984280	3.677061	5.250613	3.899359	12.296062	4.738663	3.108960	-2.179907	0.677395	-6.366350	5.723366	-1.760007
3139	6	-8.545311	-10.720559	-6.138255	-11.622730	-6.099209	-8.025492	-8.545310	-5.657897	-0.201043	-11.681734	3.581668	-8.025492	5.138745	-16.028912	-6.138269	5.941586	-6.099209	7.259217	5.138745	-10.972776	-0.217783	5.883260	3.536140	7.259217	7.475835	1.328587	5.699152	4.163019	10.472077	7.263159	-7.357098	6.741357	6.276045	-13.810396	10.494263	-8.025492
3156	6	4.932898	1.565329	9.655724	-1.732142	11.094647	3.991788	-10.231798	6.447179	9.661182	-13.797963	11.181669	-3.867014	7.971277	-13.460653	-2.119880	5.822865	-2.571975	7.385175	3.825670	-4.410745	3.898850	4.081138	3.022930	7.248867	6.115494	-13.460328	-2.119880	-1.655744	-2.571975	-2.347252	-8.224877	-8.564445	-2.119880	-7.313162	-2.571975	-3.866492
3170	6	4.299044	-10.928866	0.148027	5.819453	2.929965	8.346024	4.278282	-12.547473	-2.245136	5.820231	-1.501568	8.346023	-14.665631	4.204979	6.432582	-9.174193	13.327043	-9.893432	-12.961815	-7.339212	0.227891	-5.943855	3.291291	-9.893432	2.518899	2.659312	6.428021	0.819873	13.259430	8.152667	-13.168532	-8.936803	-2.154895	-5.940128	-1.376970	-9.893432
3186	6	-9.523896	5.973925	6.746121	-12.729078	14.087718	-11.663856	-11.625165	-6.775908	0.434497	-9.018384	9.223947	-11.662477	6.416191	2.360625	6.735750	4.189683	14.087718	6.368152	4.297975	4.014871	6.745133	-1.336403	14.087718	5.360611	-1.427077	-6.856262	0.429419	1.612335	9.223933	4.677794	4.561764	-8.935047	0.388061	7.890089	9.223898	6.368102
3229	6	-7.705086	5.910184	8.316831	-13.912751	11.142274	-8.401815	-10.756708	-4.938154	3.161287	-11.607104	7.165539	-8.402065	-10.670638	-9.938947	-2.164267	-9.022755	-5.666379	-8.402049	4.560858	-12.420783	-2.164267	6.877142	-5.666385	6.618690	-3.469442	-9.967089	-2.164267	0.054922	-5.666380	2.302178	7.016060	1.768824	8.316089	2.022777	11.142273	6.624753
3277	6	7.208547	-16.547160	-4.939512	7.514870	-5.401759	7.390919	4.845741	2.203895	6.853662	0.342552	11.236805	7.043563	-9.831208	-11.539183	-4.939512	-7.285396	-5.401754	-7.946561	-11.286170	7.182338	6.855404	-13.668438	11.397603	-7.949453	7.954694	-1.157190	0.783873	7.514696	5.828136	7.400376	-1.579672	7.182338	6.855404	0.264006	11.397603	4.839457
3279	6	-1.724652	-12.722326	-6.326421	6.019779	-6.341940	3.955741	-13.820325	4.159412	5.159791	-9.799273	9.883557	-6.709595	-7.768395	-12.722079	-6.326421	1.234811	-6.341940	-1.761578	4.773996	-19.260298	-6.326421	7.114807	-6.341940	8.674736	-14.200869	-12.722079	-6.326421	-6.105022	-6.341940	-6.706424	-1.271173	4.158542	5.159791	2.434088	9.883557	4.161763
3286	6	-9.747679	4.839235	5.512613	-9.702125	11.395057	2.331421	-7.625545	-9.355928	1.681918	-0.814650	-4.011190	4.868789	4.794878	-8.116229	3.030965	6.683834	3.033702	9.353649	-5.941123	-3.191411	3.031059	-3.990250	3.033849	2.525098	4.638422	-14.274432	1.681918	7.168066	-4.011190	9.353476	-10.120077	-3.191411	3.031059	-8.994539	3.033849	-4.003798
3299	6	6.465466	-12.759100	-2.942269	-6.111401	-7.232632	-2.103042	7.640484	-12.759143	-2.942269	5.014132	-7.232632	8.947574	3.877189	2.106913	6.187078	-9.689586	12.245728	-2.106518	4.973510	2.049686	6.175370	1.100480	12.241716	8.854294	-5.374080	-6.627736	-2.341756	-11.152044	-7.232631	-7.242697	-7.902760	7.850508	6.506295	-14.780538	12.269232	-7.242698
3310	6	-7.638996	-12.651886	-7.717886	-7.776619	-2.076432	-11.634548	-10.932752	5.542188	5.138647	-10.535524	12.046698	-11.634548	8.654400	-10.089014	-1.116029	5.356057	3.287246	7.335562	-7.639844	-6.377845	-1.112046	-7.778323	3.290338	-11.634548	8.655239	-16.240427	-7.717887	5.357756	-2.076432	7.335562	5.331968	1.707183	4.682497	3.061939	11.662098	7.330448
3316	6	-11.470817	-5.196842	-1.668536	-11.259137	3.973981	-9.642122	-12.240715	5.733929	4.953519	-12.695608	10.536925	-9.642122	5.094582	-9.601718	-1.683324	6.564724	3.965011	5.570624	-11.470817	-10.711360	-6.911867	-11.259134	-2.549298	-9.642122	5.094582	-15.108831	-6.911867	6.564727	-2.549298	5.570624	4.323105	1.499976	4.941344	5.092763	10.393474	5.566838
3327	6	2.672807	-8.551983	0.265140	6.525183	5.530536	6.901346	-11.821719	-6.788471	0.265187	-8.192280	5.531935	-6.461136	-13.266365	3.456390	6.248556	-10.295513	11.172244	-6.461136	1.748971	3.379126	6.248556	4.247454	11.172237	6.805838	2.379685	-15.121399	-3.550507	6.510062	-5.673553	6.896156	-12.637980	-14.319638	-3.550507	-8.162660	-5.673553	-6.461136
3361	6	-11.847848	8.136331	6.807020	-14.848313	11.279909	-13.805686	-6.505475	-2.323897	-4.478949	-10.711843	-4.679556	-13.771023	3.763678	-2.357834	-1.037953	2.557958	0.558109	-1.843241	6.682877	-6.775910	-4.985705	6.712544	-5.814200	4.660549	8.832517	-3.768068	-1.744562	6.712247	-0.333545	4.660545	3.952084	4.510510	6.806096	2.561871	11.272145	4.396150
3369	6	-3.356452	-0.772876	1.523042	-12.216682	4.374243	-13.578733	-9.814461	-7.327985	1.061612	-12.208417	3.871906	-13.582351	-9.161890	5.687524	6.588558	-15.772483	11.158309	-13.582351	2.765073	-11.076761	1.061612	6.119266	3.871906	4.431340	-9.814152	-11.533543	-2.656444	-12.199156	-2.509181	-13.582351	2.765987	-15.274704	-2.656444	6.129945	-2.509181	4.431340
3370	6	-11.233719	5.199241	7.825700	-14.973838	11.489865	-4.866141	5.233940	-8.002685	1.738341	7.120127	4.496185	7.683485	5.439076	-18.777067	-3.274737	7.153567	-3.582278	7.683549	-1.235344	-4.317665	1.738757	7.118241	4.500930	4.012419	-0.867624	-15.771637	-3.274737	7.152790	-3.582278	4.016802	-14.277396	-13.057457	-3.274737	-9.483898	-3.582278	-4.866141
3380	6	-12.780056	4.905459	4.257282	-13.663433	10.995472	-8.484738	-11.436149	-6.069858	-4.085628	-11.165156	0.481200	-8.484738	-11.436192	-10.180031	-7.326717	-11.165089	-5.169767	-8.484738	5.996156	-11.878838	-4.088502	6.917631	0.480379	7.404230	5.996156	-15.985894	-7.326717	6.917698	-5.169767	7.404230	4.027211	0.456976	4.195493	4.514631	10.451541	7.365450
3401	6	4.669277	-8.937477	1.934668	6.206332	5.896255	6.663664	-10.124064	-5.599962	1.934668	-8.797815	5.896255	-8.594805	4.670597	-12.823754	-4.393071	6.504984	-5.449071	6.663664	-8.219590	5.474875	6.873704	-11.489347	7.979827	-8.594805	-10.122750	-9.490584	-4.393071	-8.479277	-5.449071	-8.594805	6.549081	2.138678	6.862146	3.452360	7.972053	6.663586
3434	6	-13.053560	5.985980	6.431387	-9.887271	7.467468	-12.194924	-13.420003	-9.547274	-4.200471	-6.037505	-10.668679	-11.623127	-8.562083	-9.547275	-4.200471	0.300874	-10.668679	-9.075807	4.257006	-13.667658	-4.200471	7.610445	-10.668679	3.682543	-1.076575	5.969609	6.431387	2.764841	7.467468	3.628729	-1.438445	-9.557749	-4.200471	6.618890	-10.668679	3.660894
3518	6	-10.269437	8.864205	7.978017	-13.072880	9.815298	-7.316752	-6.760393	-5.634933	-4.163464	-9.111978	-8.100719	-7.316718	4.272690	-12.501385	-4.163464	6.418442	-8.100719	8.046079	4.523535	2.048938	7.977167	2.906644	9.814833	8.043896	8.432778	-5.449040	1.523010	6.150683	3.948778	8.046120	0.074253	7.654673	7.978017	2.270061	9.815298	7.807156
3560	6	-13.041756	-11.127195	-5.162652	-12.405047	-3.345390	-8.446897	-13.573054	7.370533	4.964323	-15.999746	10.883102	-8.446904	3.357224	4.960369	4.963524	1.083735	10.839327	5.251157	-12.978486	-4.400730	0.419973	-12.405050	5.282274	-8.446896	3.919282	-13.909432	-5.162853	5.172323	-3.353528	5.323995	3.920259	-7.418896	0.235175	5.172419	4.528697	5.323995
3597	6	-7.942824	6.364606	4.115360	-10.084139	11.111121	-8.796827	7.673724	2.279294	4.113653	1.560545	11.107308	5.456354	5.286455	-6.260047	-6.504462	8.114404	0.262726	5.926025	-7.652109	-2.127136	-1.448345	-3.044582	0.542517	-5.688985	0.983112	-3.007433	-2.413426	2.300124	0.302287	-0.061009	7.919936	-1.089076	3.943582	1.638099	7.495687	5.477751
3682	6	-13.724088	6.705884	5.933095	-11.150818	9.906063	-8.283595	-11.979850	-3.551730	-1.966993	-6.305825	1.203951	-8.283595	4.057195	4.969454	5.932741	2.416259	9.905970	8.423597	4.985668	-5.345732	-1.980035	7.261279	1.199556	8.458610	4.985667	-9.813552	-4.921425	7.261279	-4.518438	8.458610	-11.980194	-8.035172	-4.921424	-6.305825	-4.518438	-8.283595
3716	6	-9.765098	-5.162793	-1.563260	-8.475553	5.235178	-10.086866	0.549689	7.117255	4.812128	-9.763631	13.389606	-3.439155	11.228699	2.269425	4.793715	4.680126	13.364093	7.185374	-4.401922	7.678363	4.812128	-11.056306	13.389606	-10.086800	5.784372	-9.015683	-1.563272	7.234336	5.235152	7.185374	-9.764735	-7.989708	-4.922181	-8.474359	-1.582082	-10.086866
3720	6	-6.105790	-9.462491	-8.189728	-7.626234	-4.970773	-8.978485	7.094457	2.648956	3.781809	2.500996	8.998047	-2.257215	4.995397	-13.930435	-8.189728	2.590639	-4.970773	-2.309386	-3.976058	7.370176	3.783670	-7.718127	9.002576	-8.921629	5.734256	-14.094736	-8.189728	7.926699	-4.970773	3.860864	7.839226	2.638568	3.781741	7.835309	8.997881	3.900476
3736	6	-8.546712	-2.569483	2.461580	-9.243217	3.633610	-8.949896	5.174344	-5.368440	0.863781	7.716909	3.572576	7.166270	-9.726943	5.913236	5.571245	-10.900244	13.368107	-8.949896	5.171332	-5.382241	-4.240632	7.985535	-1.436388	7.166268	7.415477	2.826441	5.348244	5.769933	13.363943	7.166705	-8.533375	-2.583483	-2.646087	-8.569815	-1.396567	-8.949896
3756	6	9.279185	-13.159585	-3.844198	8.515864	3.209314	6.575953	9.293379	-17.886287	-5.495408	8.515975	-0.085403	6.575953	-5.442137	-1.862737	-3.381736	-7.395619	7.689846	-7.546116	0.083993	-4.718036	-3.558563	2.810195	4.934105	-4.445749	0.108980	-12.330870	-5.495358	2.872513	-0.085334	-4.391207	-5.420240	-11.311986	-5.495203	-7.389472	-0.085118	-7.546114
3800	6	6.163181	2.510399	3.228514	8.070161	9.699280	6.476606	-11.616078	6.433235	3.235653	-8.488065	9.712044	-11.229419	2.805217	-3.558385	0.880360	8.500578	2.891706	6.419830	-14.989049	-0.926294	0.947913	-7.380424	3.029592	-11.152595	-14.080237	-6.105483	-4.376841	-7.296824	-4.297687	-11.140934	3.694493	-9.638553	-4.376841	8.853924	-4.297687	6.471697
3808	6	-9.305014	4.812641	7.491132	-14.696221	12.007510	-6.537268	4.961586	1.880480	7.472790	0.470029	11.931074	6.795173	-12.667899	-2.870471	3.102692	-14.683549	5.112957	-6.537268	-13.103059	-6.992529	-1.591309	-8.414323	-4.475389	-6.537268	-3.882666	-6.992529	-1.591309	2.858530	-4.475389	6.005423	1.785864	-7.247916	-1.591319	6.773313	-4.475396	6.032640
3844	6	4.267748	-6.430811	3.138523	5.224678	5.071998	6.592420	-11.110924	6.055730	6.138992	-12.322155	10.939929	-8.543845	-13.079525	-3.317240	3.144890	-10.751152	5.323145	-8.552978	5.764516	-16.136643	0.926867	5.719037	-4.128779	6.684996	-11.572756	-11.650343	0.926867	-10.367917	-4.128779	-8.547199	-1.194550	-11.657905	0.926867	1.276319	-4.128779	4.228462
3876	6	-3.534789	-13.664487	-6.346797	1.813314	-5.637657	2.670856	-9.466437	-13.611441	-6.346797	-3.404988	-5.637657	2.093366	4.930835	0.489844	3.685497	5.838900	9.885994	6.962588	-8.299856	4.081808	4.162086	-10.481471	10.282557	-4.530957	-5.707690	4.071665	4.162079	-4.477274	10.282553	2.093365	-12.126873	-13.610681	-6.346797	-9.409199	-5.637657	-4.530957
3886	6	-9.437729	5.735616	8.254276	-10.247751	9.324519	-13.454358	-10.794642	-10.694158	-3.126614	-5.998730	-3.468808	-13.453921	5.588962	2.692786	8.253382	3.794383	9.324517	5.750715	4.649070	-7.493355	1.523865	7.417745	2.011692	5.750945	3.012690	-2.568114	7.329435	3.453531	7.680199	5.557092	4.391215	-13.156089	-3.127195	7.799626	-3.468808	5.750505
3925	6	-11.075163	6.846984	6.733015	-14.138149	11.637720	-10.564755	5.631509	-8.830742	0.170879	7.836954	3.045787	6.613512	-9.738601	-4.447818	0.254095	-8.363208	3.124418	-10.363175	-9.758649	-9.161163	-5.599681	-8.363054	-3.435352	-10.363154	4.299604	2.596556	6.606725	2.066571	11.636441	6.160753	5.631568	-13.454006	-5.599797	7.837077	-3.435352	6.613512
3935	6	3.174147	-11.913988	-4.600862	3.976986	-4.420041	-1.423467	-14.063917	-3.530470	-1.906617	-2.985495	1.098636	-11.982093	-13.570428	6.835943	5.142773	-7.476364	12.002680	-11.983007	3.194017	-6.075926	-3.399468	3.980723	1.098619	-1.423405	4.066148	-6.754306	-3.627213	6.516512	1.098619	3.023661	-14.617782	-9.384126	-4.525878	-2.983872	-4.420041	-11.982088
3944	6	10.501803	-11.076573	1.484315	6.642520	1.669544	8.373842	-6.294251	6.917670	6.050520	-7.457778	11.559081	-6.194255	9.975538	1.663056	5.801516	4.837600	11.519378	8.367735	-5.409348	-6.042004	1.875622	-5.537965	1.673502	-6.017729	-5.345809	-12.421987	-1.841444	-5.279069	-3.690307	-5.995211	10.528824	-17.442236	-1.846897	6.839444	-3.690307	8.374024
3967	6	4.689657	-14.306003	-5.084010	8.181296	-7.030151	6.428536	-5.778886	7.203047	6.055714	-12.650035	11.504296	-7.200823	-8.485907	-10.512017	-5.052897	-7.052782	-7.030151	-7.040866	7.395230	3.214932	5.878711	2.755093	11.465770	6.220197	0.499787	6.844788	6.052139	-11.863773	11.503899	0.284345	0.495112	6.846800	6.052161	-12.435493	11.503902	-5.475206
3978	6	-13.046180	-12.545341	-4.955454	-10.883810	-7.646758	-2.168749	1.798698	0.107877	6.209811	-9.652556	5.269317	4.113961	-8.959224	4.893566	6.926532	-16.268047	7.383801	-2.168749	1.846833	-0.429989	6.175813	-9.166956	4.961047	4.283129	2.808737	-19.057599	-4.955461	2.265025	-7.646758	7.505658	1.686596	0.152688	6.186253	-9.653688	5.123463	4.116791
4009	6	10.906768	1.340616	2.046268	8.100984	-2.053881	8.931171	6.850324	6.800163	5.227059	-4.463618	7.843000	-0.769119	9.552046	6.797815	5.227059	5.602226	7.843000	8.895878	5.071539	-5.010653	-3.625896	8.096506	-7.784443	8.930326	-1.341509	3.283576	2.492831	-6.076446	-1.455563	-5.113632	-4.849456	8.620682	5.227065	-8.580463	7.843018	-5.558069
4033	6	-11.964420	-4.179652	2.671386	-2.579926	8.114585	0.511125	-11.719049	7.396495	8.303806	-9.021802	13.893475	0.510517	4.107604	-7.119919	2.671385	6.178414	7.014433	7.150470	-2.733503	-4.270506	2.671386	0.439545	8.060873	5.166336	-11.774028	7.396502	8.303806	-9.034126	13.893475	-4.413790	-12.019662	-4.179646	2.671386	-2.592308	8.114588	-4.413252
4047	6	-6.243646	-11.713340	-6.669594	-7.844124	-5.362707	-12.013111	6.549101	-17.449728	-6.669615	7.670378	-5.377424	5.981312	7.373673	0.317945	5.741661	5.590794	10.111567	6.016687	6.184579	0.317947	5.741662	5.586171	10.111567	-0.280504	-4.760891	6.134170	6.120861	-10.150746	10.629892	-11.793456	5.310181	-17.449684	-6.669615	7.664083	-5.377424	-0.369795
4052	6	-14.169647	-6.815834	-1.013810	-11.431749	1.729824	-8.579950	-13.725200	4.301411	5.011721	-15.457368	11.358815	-8.579949	4.874669	2.523891	5.010991	2.678369	11.238262	7.077838	4.439037	-8.572108	-1.013837	6.705603	1.724168	7.077561	-14.169671	-8.996041	-6.360330	-11.425529	-5.164780	-8.579950	4.439038	-10.744720	-6.360330	6.711823	-5.164977	7.077561
4063	6	-5.908940	8.181260	7.086296	-12.696062	10.922145	-10.435468	-5.322447	-2.223883	0.680873	-8.302074	5.757120	-10.435466	-5.664465	-2.691511	0.676384	-8.302194	0.131043	-10.435468	4.871878	-6.445067	0.677853	6.195550	4.566186	7.292654	10.289214	1.975526	7.059269	1.767923	10.664766	7.271276	4.865446	-7.195643	0.659093	6.195325	-0.932617	7.292653
4088	6	-11.461714	6.522398	5.179788	-10.332199	11.399958	-8.606290	-0.025756	5.430759	5.179788	5.198843	11.399958	7.609726	3.657582	-13.230051	-6.332909	7.898483	-5.574011	7.610420	-11.505147	-9.840969	-6.332909	-8.901704	-5.574011	-8.605986	3.615024	3.157404	5.179788	6.462185	11.399591	7.610314	-0.108002	-10.891406	-6.332909	6.578549	-5.574011	7.610329
4089	6	6.664361	-10.454062	-2.714259	9.258030	7.057536	7.266861	5.043920	-10.301290	-2.714259	6.583383	7.057536	0.929826	-11.218190	-3.748149	-2.703185	-4.039002	7.057539	-11.221093	-8.850800	6.928258	2.356126	-4.040876	11.237665	-11.221060	0.280920	-3.750838	-2.703247	5.328181	7.057539	-1.999888	-5.983897	-3.748149	-2.703185	2.480977	7.057539	-4.970048
4203	6	-10.400840	-5.983409	1.129945	-9.975985	2.830074	-9.355723	-10.392315	-13.094120	-2.689312	-9.975983	-2.216907	-9.354359	-7.811859	5.294771	4.878702	-13.243366	8.641220	-8.497253	5.266322	-15.577004	-2.689312	6.551622	-2.216907	3.920813	5.257829	-8.470250	1.127763	6.551604	2.830009	3.920739	7.774137	2.800018	4.845181	3.425757	8.620645	3.931123
4287	6	-10.471470	-3.631347	-1.122355	-12.343370	3.178776	-9.470412	5.157601	-8.495668	-1.122729	5.592214	3.177661	8.236097	-10.150376	7.573050	5.321266	-13.946566	11.963585	-9.484785	5.445141	2.676991	5.319990	3.989074	11.963535	8.192657	-10.478189	-7.218052	-4.545703	-12.309484	-2.199466	-9.469905	5.157604	-12.078132	-4.545703	5.626093	-2.199466	8.236600
4298	6	-10.291930	-4.588435	-1.908481	-8.674488	7.033292	-4.863355	4.138678	3.824553	4.682368	1.915505	11.296761	8.900809	1.491210	-4.840196	-1.908510	2.346123	6.783143	8.113420	-7.675280	5.975295	4.682727	-12.782226	11.296843	-4.771715	-10.292066	-10.705214	-7.093849	-8.674487	-6.478079	-4.863356	1.491155	-10.956859	-7.093849	2.345915	-6.478079	8.113380
4313	6	-9.721290	-9.958591	-3.422380	-8.449250	-6.409487	-11.800483	-7.985385	6.488865	6.095726	-11.971840	11.053212	-11.800485	9.380186	2.752356	6.017972	1.747059	11.048479	-0.805096	9.507486	2.752356	6.017972	4.648927	11.048479	5.628636	7.718423	-14.093827	-3.422384	5.215693	-6.409487	-0.774321	7.769428	-14.093827	-3.422384	8.092967	-6.409487	5.628709
4315	6	4.659553	-7.710188	-2.082591	6.896927	5.641550	6.362415	-13.398764	-5.996284	-7.531024	-7.574937	-0.266964	-11.697180	-12.625601	6.053064	3.784027	-7.629865	12.934386	-11.697180	-13.398653	-3.702180	-1.006614	-7.574937	5.641551	-11.697180	5.462012	2.512098	3.771185	6.901901	12.927593	6.362418	4.659554	-9.483112	-7.597203	6.896927	-0.266964	6.362415
4348	6	-8.112191	8.365102	7.035736	-14.339317	11.156080	-7.922443	3.457236	-5.916532	0.210276	8.194099	2.102659	8.509151	-12.397802	-6.574766	-4.280616	-8.126862	-4.283139	-5.910312	7.961568	3.288960	7.035686	2.462445	11.150155	9.135673	-1.763982	-6.574878	-4.280616	5.006627	-4.283139	4.967704	3.479575	-11.643340	-4.280624	8.207093	-4.283145	8.517376
4393	6	6.604416	-7.530744	1.979083	8.850153	5.485964	4.256454	6.665199	-10.767478	-4.289221	8.851566	-4.902453	4.256454	-4.963128	7.542388	7.393776	-13.398846	12.599580	-12.109016	9.479787	2.879384	7.389758	3.406501	12.598364	4.256441	-7.834661	-2.872252	1.981578	-7.980113	5.498719	-12.109025	-7.781410	-6.110184	-4.289221	-7.978683	-4.902452	-12.109025
4454	6	3.452063	-13.358808	-5.390488	6.912348	-6.005420	6.972815	-12.947437	-9.913037	-5.339988	-5.781595	-5.875344	-10.165106	-7.103800	-9.913037	-5.339988	0.112600	-5.875344	-5.415031	-1.983005	-9.913037	-5.339988	2.418125	-5.875344	-2.713599	-1.750596	-9.913037	-5.339988	3.059424	-5.875344	3.697538	-8.365858	6.096586	4.584547	-8.982160	11.886295	-10.099893
4456	6	-4.946666	6.249064	6.732546	-9.190148	10.188208	-9.494072	1.423238	1.975895	6.683890	-1.108489	10.166138	-1.866786	-7.225574	-2.682973	5.294007	-9.670873	0.302572	-10.158539	7.499659	1.950355	6.682424	3.239332	10.164533	6.135312	4.478745	-3.160514	6.377676	3.190740	5.226165	6.031285	4.893368	-7.205871	5.282931	3.449640	0.286514	6.060277
4517	6	4.831584	-11.883550	-0.200768	6.168948	-0.261807	-1.215624	-3.774674	3.801400	5.996696	-11.249446	9.695700	-8.034978	-6.344219	-5.332567	0.047740	-4.728128	0.596469	-8.301695	7.743197	-11.883622	-0.200768	8.329354	-0.261807	3.883014	-6.905689	-8.182772	-2.441400	-4.728614	-5.016668	-8.321174	4.871706	-14.278259	-2.507092	6.173144	-5.216545	-1.209206
4536	6	-7.103052	-7.894007	-8.740599	-12.668903	-6.292483	-11.403032	-4.412718	7.806419	3.740677	-12.773081	9.801645	-11.082765	3.944911	-10.318389	-8.740599	3.076666	-6.292483	-1.756770	6.660720	3.387902	3.740677	3.254478	9.801635	-1.396208	9.916288	2.110615	3.740655	5.531641	9.800803	5.145259	7.227452	-12.668684	-8.740599	5.639212	-6.292483	5.101065
4703	6	7.711114	-0.483523	3.512156	6.033673	8.285226	6.401289	-10.959155	-10.235532	-2.258620	-7.977808	1.840412	-4.424833	3.432719	-16.881041	-6.340307	6.333215	-4.670678	6.355487	3.432719	-13.855183	-2.451431	6.333215	1.840412	6.355487	-4.762026	5.673925	4.215967	-9.918217	11.354753	-4.424731	-10.959201	-13.354729	-6.316597	-7.977808	-4.670678	-4.424833
4763	6	-10.491367	-9.000799	-1.432675	-7.833816	4.133625	-11.196378	-9.000099	3.465274	3.883400	-7.975983	10.248138	-11.196183	0.795649	-11.817023	-1.520988	2.750435	4.132882	-0.727169	9.478780	0.597647	3.204112	6.606415	9.762491	4.810041	4.806083	0.597647	3.204112	4.732697	9.762491	-0.100123	5.748280	-11.837732	-1.521204	6.615139	4.132881	4.809215
4840	6	-8.708909	-3.303672	0.773813	-9.402710	1.959370	-6.969876	3.237563	-10.332791	-6.279103	6.276896	-4.374319	6.301778	3.643172	1.763523	5.704085	1.336502	11.829989	6.315227	-10.814139	5.414232	5.707396	-14.361482	11.873311	-6.969876	3.818634	-7.386854	0.206054	6.301535	1.957438	6.316826	-11.496686	-7.709418	-6.279029	-9.397886	-4.374319	-6.969876
4857	6	-8.650790	-10.751766	-5.011962	-1.957472	-9.248999	-3.158732	-1.417152	-10.751767	-5.011962	5.231431	-9.248999	4.135299	-9.619211	6.826130	5.689127	-10.194387	7.351516	-3.411218	4.069341	1.927486	5.185810	4.741791	7.163618	7.526344	5.014687	-15.046648	-5.027529	7.638883	-9.250303	7.642701	-2.912828	6.826130	5.689127	0.036008	7.351516	3.684870
4862	6	-13.741165	6.708867	7.262005	-6.487269	8.932626	-6.939380	-8.893321	-11.353823	-2.360445	-2.669244	-3.309182	-4.387822	-5.141630	-11.353912	-2.360445	2.157941	-3.309182	-1.857443	-2.383209	-11.357922	-2.360445	5.892935	-3.309182	3.496957	-1.706774	6.698419	7.262005	2.076661	8.932624	3.513223	3.091187	4.068367	7.261050	3.211605	8.928015	5.917509
4917	6	4.560775	3.613702	5.947060	0.905013	10.824277	5.202511	4.501618	-7.595789	-1.478697	6.228817	2.894592	5.722677	-12.885703	8.765179	5.947071	-12.408198	11.032513	-7.139465	-11.239552	-2.435420	-0.686638	-7.106088	5.694402	-7.134115	4.501677	-13.914828	-6.921202	6.228818	-3.197848	5.722685	-12.931730	-8.761928	-6.921202	-7.106088	-3.072821	-7.135905
4945	6	-9.491845	7.825458	6.364578	-13.418726	12.778162	-11.849514	-10.472075	-8.261081	-4.009301	-8.228809	-4.847133	-11.682066	-10.432389	-4.242821	0.942313	-8.228864	6.580057	-11.682072	6.665855	5.126158	6.364216	1.410748	12.778155	5.300500	5.738368	-6.946757	0.303943	6.663703	6.162809	5.921263	5.738662	-10.960194	-4.012409	6.663712	-4.847151	5.921263
4962	6	-11.521695	-4.603630	0.901344	-10.356510	3.897997	-7.026301	3.335717	2.853381	4.765997	6.250059	14.311668	6.991324	-11.236383	-11.482136	-2.900035	-10.356002	-1.300630	-7.026301	-11.897309	6.418768	4.766005	-11.403523	14.311834	-7.026301	4.005081	-16.417777	-2.900035	7.331694	-1.300630	7.033477	3.720994	-9.197381	0.897853	7.323541	3.776601	7.025673
4975	6	-8.246688	4.887782	8.642846	-11.560269	11.319369	-8.612442	1.526125	-8.600586	-3.602460	8.073215	-6.564137	6.673360	4.873992	-12.532068	-3.602460	8.623777	-6.564137	7.943108	-3.042358	-8.167046	-3.602460	0.421077	-6.564137	-1.961471	1.190786	4.599331	8.642846	1.366371	11.319368	5.846423	4.997607	-0.486794	8.628001	2.142101	6.097964	7.724900
5006	6	-13.669333	9.615311	6.849765	-11.903069	11.773037	-7.715206	4.176431	4.056979	6.849719	2.926313	11.773037	5.771572	-12.553135	-7.888534	-5.173548	-6.847173	-6.672834	-7.713998	-7.511120	-7.931144	-5.173551	0.797063	-6.672834	1.515163	5.336986	-13.850491	-5.173587	7.990264	-6.672834	5.870152	-9.644891	-7.897319	-5.173549	-2.163649	-6.672834	1.465048
5146	6	-10.681963	-5.473160	-1.561889	-1.537695	4.581267	-10.458082	-10.451193	6.738752	4.941864	-8.744759	10.964857	-11.231209	5.813708	1.523666	4.626061	4.553019	10.552646	6.614551	-10.676045	-9.119027	-7.357329	-1.478939	-1.635356	-10.383755	5.863971	-14.325156	-7.357528	6.477165	-1.635356	6.615300	5.863957	-10.679329	-1.592768	6.421538	4.581267	6.615299
5173	6	4.463741	2.260261	7.518876	1.882145	10.201103	8.207936	-13.882079	8.079315	7.812205	-11.490200	10.206489	-1.919077	3.725417	-13.639525	-0.360504	6.749974	-5.156907	8.207936	-1.953709	-9.361052	-0.205461	4.386972	-5.156665	3.386668	3.534574	-2.427963	5.098951	4.521262	4.806632	8.207934	-14.453492	-9.361047	-0.205461	-6.664354	-5.156665	-1.919067
5207	6	-6.978891	-3.661305	-2.033711	-8.486828	2.447675	-11.808701	-8.086374	8.343878	4.634921	-12.821843	13.402522	-11.808701	-8.820820	-7.997077	-5.305128	-8.480190	-3.962655	-11.808701	5.450620	4.024807	4.634917	0.977173	13.402248	5.746357	4.834463	-7.613962	-2.110601	5.465980	2.304226	5.746739	4.819735	-11.784043	-5.305131	5.471914	-3.962665	5.746736
5221	6	2.713183	-5.255824	1.857511	7.890584	4.088173	6.015490	-10.325448	6.665441	6.219300	-9.345882	10.420153	-11.139774	-10.237021	-2.902851	1.857612	-7.473736	4.125134	-11.135858	-12.085249	-10.515401	-4.096601	-7.255842	-5.060109	-11.170366	4.404624	2.262358	6.217862	6.052166	10.383931	6.132762	2.675693	-12.769384	-4.096601	8.106592	-5.060109	6.011199
5266	6	-11.136190	-13.067766	-5.174674	-9.923137	-5.911374	-8.485476	-11.136189	-12.882698	-5.147812	-9.923139	0.311930	-8.485476	-9.807418	4.684398	4.870804	-12.630680	11.982775	-8.493155	4.633334	-13.948039	-5.176031	7.575614	-5.911374	5.650998	4.633334	-13.762971	-5.149354	7.575612	0.311930	5.650998	5.960855	3.802582	4.847615	5.025509	11.932250	5.582598
5294	6	3.135462	-11.986689	1.525508	4.530708	3.624377	7.509685	5.010604	-17.706899	-4.298025	4.937603	-5.658533	7.597440	6.915961	0.538458	4.101163	4.009086	11.465179	7.598355	-4.606075	7.092066	4.104187	-11.398315	12.071684	-8.087858	-9.383578	-5.438300	1.525694	-10.669684	3.624562	-8.087844	-7.534413	-11.156328	-4.298025	-10.460183	-5.658533	-8.087799
5298	6	-13.211080	6.391359	6.764144	-16.280093	13.041069	-3.663710	-12.720238	-4.421589	-4.546999	-9.935851	-0.478874	-3.663662	2.872317	-4.355019	1.504834	6.314740	4.934449	7.450436	-12.514294	-2.265562	1.505963	-9.980973	4.967585	-3.663665	2.889359	-6.579399	-4.547007	6.359610	-0.478882	7.451062	-4.540556	-2.265562	1.505963	-0.361599	4.967585	6.034194
5326	6	-9.021417	5.112463	7.455235	-14.439721	13.087728	-6.250399	-11.340654	-11.475542	-0.162909	-11.161879	-4.165108	-6.250399	-11.342798	-9.297672	1.478714	-11.308110	0.971345	-6.250399	2.773414	-1.982726	5.304444	4.613965	9.961408	4.545641	5.474985	-0.794809	6.231256	4.457336	10.192452	4.585858	3.340871	-3.986428	4.797752	5.011848	8.394720	4.618710
5342	6	-10.308004	4.050525	6.950472	-9.295210	12.626112	-9.692890	1.884980	-6.446538	0.643516	6.982571	3.241187	7.099016	-10.055477	-5.668382	0.662875	-5.457201	3.241232	-9.174228	-10.055589	-10.413749	-5.210859	-5.457199	-3.168487	-9.174227	1.624779	3.398843	6.942453	3.109446	12.626111	6.395159	1.884958	-11.159544	-5.210886	6.982572	-3.168487	7.098981
5346	6	-0.915968	6.483012	5.759597	2.183044	9.386987	3.252878	4.658575	2.066803	5.759566	5.857579	9.123672	6.228438	-11.775087	6.483016	5.759597	-6.301317	9.386987	-4.895943	4.299377	-13.600335	-1.059861	8.065296	-7.224677	6.170860	-2.159937	-9.324774	-1.059861	3.306874	-7.165267	2.325996	-12.124193	-9.324774	-1.059861	-3.669090	-7.165267	-3.298472
5364	6	-12.628282	6.815381	6.252217	-15.548891	9.938936	-8.994572	6.333780	-10.305140	1.243157	8.048413	3.431982	7.477095	-11.209486	-9.348104	-4.336073	-8.963138	-0.285186	-8.993116	5.021137	0.969303	6.146557	2.373197	9.876224	7.377360	-10.730368	-4.019038	1.243955	-9.906949	3.442289	-8.992201	6.382415	-15.640573	-4.336077	8.990329	-0.285190	7.479239
5368	6	-11.543763	4.738995	7.929064	-16.463749	11.017513	-0.874336	4.230031	-17.445507	-1.046721	7.986256	-4.223745	7.110831	3.350555	-2.558104	5.571168	2.697330	6.106233	7.087987	-11.180593	-12.303108	-1.046721	-10.314854	-4.223745	-0.874336	3.407059	1.437005	7.800435	1.751809	10.975159	7.042920	0.334700	-12.303493	-1.046721	6.862255	-4.223745	3.282246
5375	6	-9.615758	6.142642	6.900782	-12.355450	14.532656	-6.558428	6.162292	-9.941531	0.858858	7.663832	3.654390	6.481590	-11.084700	-9.902020	-4.787832	-7.406717	-4.046314	-6.565941	6.436831	-16.332652	-4.790754	7.674683	-4.113434	6.498625	-11.393056	-3.353285	1.042296	-7.424671	6.134685	-6.566761	-0.423403	-3.364790	1.037984	3.332385	6.121350	3.806245
5460	6	-5.239594	3.762736	4.314906	-5.000184	10.821880	-5.871978	6.870594	-6.584733	2.012781	3.947854	6.752220	9.050345	7.251820	-12.242478	-2.736356	3.948113	1.496683	9.050351	4.483962	-0.484086	4.314339	3.562449	9.337204	9.044232	7.252356	-16.116469	-4.261921	3.948113	-2.113325	9.050351	-5.932878	-10.736080	-4.261919	-4.643884	-2.106490	-5.870717
5485	6	-9.324274	6.788921	6.646161	-15.003443	11.023255	-4.596746	4.914037	-9.321386	0.278223	7.451238	4.029361	7.550019	4.922307	-15.581669	-6.129714	7.452564	-5.863579	7.550130	1.810543	6.590838	6.646159	-5.378949	11.023254	4.200529	5.059786	-3.099500	0.328992	7.451987	4.101660	7.551721	-10.643405	-9.415909	-6.129714	-9.305809	-5.863579	-4.596743
5516	6	-10.822075	4.798163	8.059158	-12.066903	12.025917	-6.186128	3.526040	-6.041491	1.449406	8.074926	3.622459	8.955348	-2.114386	-6.880424	-4.330174	4.058371	0.567818	2.886461	3.503788	0.388135	7.985671	1.911668	10.603821	8.657498	-11.205500	-6.880424	-4.330174	-5.715860	0.567818	-6.183326	4.261026	-12.141600	-4.330196	8.467083	0.567803	9.058274
5557	6	-13.057985	6.281545	5.588851	-16.422797	11.880308	-11.200532	-12.637062	-6.965377	-0.935529	-11.407679	3.024333	-11.184834	4.741890	-12.954498	-1.191553	6.287196	2.800872	5.225088	-12.629715	-8.488651	-7.281702	-11.407352	0.142635	-11.184830	3.296474	1.533113	5.577161	1.268417	11.689116	4.896257	4.748121	-14.401350	-7.296640	6.287390	0.141660	5.225090
5576	6	-12.973009	-11.687096	-2.357786	-8.693250	-7.254976	-9.911841	-12.807695	6.180218	6.906745	-8.977355	7.926618	-9.911884	4.943818	-17.856197	-2.357786	8.077393	-7.259652	6.220101	-0.869421	-15.399919	-2.357786	3.499139	-7.259626	6.208335	4.309748	-0.031048	6.800270	7.774167	7.922868	6.220090	-0.730417	2.256725	6.906549	3.419949	7.926560	6.207076
5621	6	-10.814322	-12.267787	-6.046842	-10.971974	-8.189584	-8.939039	4.303001	-17.239912	-6.046842	6.482829	-8.189587	6.234958	-10.887840	-5.671599	-0.947114	-11.018677	3.800931	-8.939039	-6.914668	6.349139	4.445876	-15.813387	10.991245	-8.939039	4.229510	-10.571651	-0.951260	6.425771	3.770116	6.234953	8.045183	0.996013	4.445871	1.617120	10.397664	6.234872
5651	6	-13.510546	-3.970580	1.391532	-9.042584	3.893834	-11.369588	-10.238185	5.511107	6.773443	-15.372380	12.589485	-11.369601	3.407730	-10.007847	0.872076	7.027892	-0.874441	5.651593	3.439474	-5.755448	1.376985	7.027687	3.891432	5.656968	-13.804681	-8.245376	0.872078	-9.042326	-0.874441	-11.369588	5.352313	3.276745	6.771893	-0.363389	12.589453	5.477388
5677	6	-11.143820	-4.779326	-1.572829	-8.203610	1.990457	-5.837061	7.865714	2.364189	4.319344	6.886163	12.757427	7.568937	4.466610	-8.301433	-1.572830	7.438414	1.990455	7.564175	-7.854539	6.199226	4.321438	-8.759185	12.762519	-5.837061	-11.634255	-9.270767	-6.472187	-8.203610	-4.057392	-5.837061	4.431395	-12.779046	-6.472187	7.438328	-4.057392	7.563688
5683	6	-11.279221	-9.731888	-5.280957	-6.249319	-6.096156	-7.989411	4.407148	-15.055712	-5.281474	9.498428	-6.096175	7.513731	-0.044676	-9.744316	-5.280966	3.152872	-6.096156	-1.866759	3.181107	0.296875	6.662775	3.029572	8.458626	7.513694	-9.056181	-9.731888	-5.280957	0.178315	-6.096156	-4.465475	-10.638047	3.255310	6.821416	-12.714811	8.865014	-7.989940
5685	6	-13.910294	8.029017	7.032238	-14.312659	12.466706	-9.757659	3.873182	-14.226518	-5.769063	8.213742	-2.435798	4.610734	3.701625	1.935965	7.029266	3.960165	11.918460	4.610724	-14.031153	-7.687782	-5.768940	-10.061646	-2.275492	-9.757659	3.874495	-7.352904	0.576513	8.208591	5.391828	4.610734	5.656646	-1.623749	0.817831	8.206560	8.548073	4.610758
5722	6	-5.882657	-4.945813	1.814828	3.961621	4.018904	3.395851	1.953933	-12.362045	-4.515635	8.249132	-4.244797	9.675606	-13.488746	4.829182	5.914894	-7.588666	12.233595	-8.069741	0.345498	-5.035914	1.814827	7.696913	4.018900	4.697932	-18.312468	-4.945796	1.814828	-5.854138	4.018904	-8.069097	-16.816656	-11.701483	-4.515635	-5.497864	-4.244797	-8.068370
5771	6	4.864228	5.962415	6.807963	3.378910	13.025147	4.389738	-9.814906	8.705449	6.807963	-6.776456	13.054198	-10.722128	-4.866907	-1.477908	0.440968	-4.387165	6.718111	-10.715342	4.928529	-4.437094	0.241983	5.791993	4.369728	4.390630	4.925063	-11.000183	-5.426476	5.861965	-3.813195	4.390588	-9.663004	-8.254799	-5.426476	-4.305945	-3.589219	-10.722124
5783	6	-12.581517	5.386776	5.427660	-18.140988	12.148537	-7.062292	2.113177	-6.749056	-0.275364	7.214409	1.944264	6.598154	2.077732	-6.828786	-0.384820	7.214727	1.918067	6.648359	2.380145	-7.174343	-0.647081	7.223649	1.961753	7.045044	2.574541	-6.949686	-0.328457	7.223272	2.052690	6.919659	2.290554	-7.130950	-0.643865	7.222090	1.931177	6.999591
5811	6	-7.187135	5.722961	5.161520	-14.291746	12.929543	-4.894952	-10.852190	-11.232644	-6.264863	-9.085619	-3.308905	-4.894953	4.750770	-8.479465	-0.126400	4.815054	3.328588	6.860658	4.752612	-16.830754	-6.286690	4.876617	-3.308908	6.860694	2.513934	0.005240	4.127899	-5.779123	10.455359	2.512638	6.160433	0.005237	4.127897	0.633415	10.455352	5.988758
5833	6	-12.236337	6.569987	5.067422	-8.541454	11.097532	-0.227554	-11.507466	-8.040742	-1.483594	-7.260770	1.683473	-0.227554	4.018878	2.066821	5.001163	3.152968	11.066462	6.758437	4.848091	-12.545123	-1.483596	4.508027	1.683472	6.779783	4.848094	-15.686326	-2.635262	4.508227	-0.070287	6.779783	-11.507465	-11.181946	-2.635262	-7.260572	-0.070287	-0.227554
5834	6	-11.377112	7.151993	6.323467	-13.829328	11.443579	-6.503317	-10.220623	-5.340314	-3.918365	-9.274142	1.040405	-6.503317	5.039303	-18.050948	-5.368625	6.871395	-2.481893	6.733708	5.039020	-11.533325	-3.918432	6.871395	1.040383	6.733708	-10.220343	-11.857976	-5.368625	-9.274142	-2.481893	-6.503317	3.849171	1.143193	6.314923	2.317598	11.375118	6.729336
5835	6	4.442586	-7.016988	3.451327	4.106367	4.762229	0.410951	-11.302764	4.048067	6.933323	-13.176081	10.191357	-12.081520	-12.280202	-8.718184	-1.079828	-10.859032	-5.333941	-12.081507	5.088728	-13.290192	-1.115240	4.630149	-5.344768	0.474344	4.448031	-7.017920	3.451256	5.958370	4.762162	6.346971	5.091528	-13.290275	-1.115240	6.443353	-5.344768	6.402147
5864	6	-13.952077	-9.467734	-2.251441	-9.233172	-5.310150	-11.152731	-12.508833	9.213486	5.282930	-12.290521	10.754541	-11.151061	-18.137830	-2.624353	2.213688	-9.361068	6.232237	-11.153650	4.590537	3.089339	5.273068	2.866772	10.747495	6.645406	2.158102	-1.189449	2.378827	5.556648	8.231350	5.718367	3.147327	-13.270281	-2.251441	5.886923	-5.310994	6.206217
5870	6	-9.194130	-4.947974	0.567819	-7.833467	9.673702	-8.044707	6.450216	-9.167121	0.239717	9.635791	9.482795	6.866493	-8.140339	6.512002	5.504927	-12.019329	14.375621	-8.044707	7.546824	2.123260	5.493712	5.320175	14.372844	6.866493	-4.309827	-4.984450	0.553329	0.298592	9.665044	-3.231565	0.432787	-5.643993	0.373614	8.916492	9.559353	6.861961
5904	6	-13.685952	4.983534	6.962952	-13.695568	10.281098	-8.156154	-13.149577	-7.235339	0.326104	-7.547943	4.923268	-8.156154	-13.177232	-13.291284	-4.128067	-7.543519	-7.864570	-8.156154	4.097672	2.890046	6.962851	1.553178	10.225389	4.362362	5.184746	-15.543005	-4.128067	7.708410	-7.864571	4.442011	5.184445	-9.487050	0.326102	7.703986	4.922234	4.442011
5911	6	-8.254514	7.660868	9.335900	-15.823095	10.249436	-12.551417	7.587987	-13.890293	-2.239920	5.882828	-6.741004	5.461594	7.391303	1.542414	9.333677	2.799547	10.224482	5.312786	-7.891372	-8.068735	-2.239920	-12.982852	-6.741004	-12.536505	3.024553	-10.078724	-2.239920	4.441360	-6.741004	-0.588497	8.436655	-6.111182	2.854080	5.580737	3.636331	5.456712
5920	6	-8.164831	6.844922	7.487248	-10.406688	12.456703	-5.001811	6.473452	3.298956	7.487238	0.649090	12.456668	8.518684	3.898809	-7.546775	-1.853859	5.011992	0.760579	8.839769	3.860530	-2.671549	3.361382	0.653829	3.395788	8.517557	-7.980193	-5.417280	-1.853858	-6.006556	0.760580	1.932932	-10.079007	-5.416071	-1.853858	-6.049171	0.760580	-4.135114
5932	6	-10.097774	6.553183	5.405205	-13.858697	13.492387	-9.106290	-11.236321	-4.681834	-2.041668	-12.104501	0.767325	-9.106290	5.929091	-7.437163	-2.041668	4.348542	0.767325	6.473618	-12.138119	-9.576446	-4.865772	-12.086802	-5.836812	-9.106290	7.765696	3.799315	5.405132	2.594422	13.492367	6.474391	5.765504	-12.330150	-4.865772	4.366210	-5.836812	6.473297
5992	6	-12.773882	6.969026	6.413987	-12.753571	11.466479	-7.075129	3.125155	-3.029460	6.401875	1.977567	10.706935	6.186550	-11.804206	-9.144864	-3.970579	-8.865263	-5.019228	-7.072710	6.355674	-5.634665	2.674065	2.443719	6.137151	6.929097	5.193548	1.923330	6.413987	2.352396	11.465416	6.799442	6.169462	-14.662454	-3.970580	6.226955	-5.030802	7.065505
6007	6	5.148244	-13.972349	-1.009115	6.981539	1.992860	5.160937	10.119500	0.287872	4.326145	6.138230	8.866348	5.187290	-10.890080	-12.335313	-5.573600	-9.386459	-1.059303	-11.150246	-10.875028	-6.682791	-0.345269	-9.433519	2.494921	-11.150246	-8.704359	5.938502	5.587845	-10.973307	11.777768	-11.150226	5.148243	-17.918791	-5.587264	7.009949	-1.070920	5.160937
6023	6	-4.267699	8.978487	5.033301	-16.248478	11.118624	-6.241221	6.192760	-8.489089	-1.948337	2.782169	-5.093087	8.490824	-3.656586	8.978487	5.033301	-16.243729	11.118624	0.036606	2.403741	7.078559	5.033279	-4.687772	11.104868	3.920952	-3.897921	-1.868689	-1.541944	-11.760009	-2.744135	0.036496	-4.506354	-1.868689	-1.541944	-11.764755	-2.744135	-6.241248
6047	6	-11.533262	6.229899	6.984629	-16.673301	12.328189	-8.847649	-14.511223	-10.598982	-4.507302	-12.110844	0.854497	-8.847649	-14.511223	-10.999182	-5.075442	-12.110838	-3.615767	-8.847649	7.360046	1.171010	6.585202	1.138924	12.232461	4.842286	4.625572	-16.054380	-5.075453	5.467768	-3.615767	4.865124	4.625571	-15.654180	-4.507321	5.467762	0.854497	4.865124
6054	6	-11.254976	7.577676	7.782767	-15.146420	12.051040	-6.842329	-15.035577	-8.272109	-1.455340	-11.690206	-6.019317	-6.848889	3.084780	-1.117881	5.108661	4.638399	6.726110	6.650621	2.628596	-0.721641	5.087726	4.365884	6.724457	6.587457	2.600576	-1.050551	5.066576	4.537637	6.724098	6.626283	2.721181	-1.123316	5.074575	4.587708	6.724579	6.638036
6066	6	-13.202277	-9.256844	-4.944748	-6.029930	-6.420374	-8.506283	-12.667337	7.190611	6.766467	-12.397175	10.126741	-8.506284	-8.125968	-9.258625	-4.944748	3.123172	-6.420374	-2.446500	3.519319	-11.505973	-4.944748	7.986331	-6.420374	7.339602	-3.002450	-9.319375	-4.944748	4.066291	-6.420374	3.249842	4.105375	4.508122	6.766467	1.639201	10.126734	7.206491
6084	6	6.877094	-16.210483	-2.620045	6.993831	-8.887131	6.888772	4.658832	-8.847671	3.241682	6.339675	3.377823	6.888770	6.324046	1.420329	6.694670	5.338830	9.812617	6.888772	-3.318787	7.398091	6.702931	-5.910171	9.830140	5.282492	-7.134657	-10.485280	-2.620044	-6.742218	-8.887131	-0.939036	-7.686529	7.398091	6.702931	-8.408838	9.830140	-0.939036
6086	6	-11.826238	4.347726	6.700370	-13.354586	14.157878	-7.956954	-9.792632	-5.838463	1.983285	-10.623798	4.994582	-7.927218	-10.451252	-8.138549	-2.962229	-10.595509	0.068774	-7.926534	-11.796400	-0.861736	5.597931	-12.314994	11.841497	-7.951339	3.204345	-10.838563	1.953290	7.248736	4.965125	7.625799	5.495577	-13.107013	-2.964307	7.279578	0.067732	7.856080
6091	6	-6.224754	6.552633	5.832143	-13.283615	12.453449	-6.889322	3.591193	0.055797	4.398767	-8.260206	11.746305	-1.586680	-12.256633	-6.975695	-3.007626	-11.439712	-2.954292	-7.508587	3.132980	-6.337742	3.134161	4.237033	6.520227	7.058022	3.249060	-12.569705	-3.007628	4.781849	-2.959795	7.075491	3.902429	-1.645754	3.210336	4.443949	9.246241	7.154075
6148	6	4.493322	4.033091	6.140655	3.395019	11.254881	6.828088	-13.768145	5.904589	6.140663	-10.148604	11.259619	-4.965530	-9.342724	0.138883	-2.028539	-5.619345	-1.135187	-4.965524	-13.764737	-6.431569	-3.974995	-5.619343	-4.415359	-4.965524	3.288259	-8.165771	-3.974995	7.528089	-4.418116	1.286890	3.742542	-8.265409	-3.974995	7.915528	-4.418152	6.791188
6155	6	-8.305946	8.361877	6.135257	-11.178340	12.485909	-7.433166	-12.012430	-2.283290	-3.200121	-6.437352	-5.604161	-7.433166	10.551365	3.749448	6.135224	2.548914	12.485802	6.075622	6.962401	-6.934532	-6.599071	6.748751	-5.671995	6.075679	3.626694	4.952292	6.135255	-1.230090	12.485904	-1.312790	5.068856	-6.708767	-6.598472	5.013251	-5.671995	0.365514
6176	6	4.825539	-7.506561	1.059206	6.616501	3.256588	8.253108	3.731119	-12.427626	-3.946293	6.425389	-7.184919	8.253060	-0.053382	-10.937829	-3.946293	4.544689	-7.184904	8.250464	4.744213	4.349577	6.804742	-3.297738	11.338065	5.688974	6.805232	3.292343	6.804637	2.454358	11.300376	8.203677	0.312234	6.395007	6.804743	-5.142357	11.348903	5.634411
6196	6	-12.739001	-10.619524	-4.405895	-9.579892	-8.267638	-2.351022	3.958024	-13.358378	-4.405895	6.274745	-8.267643	7.165263	-1.609422	-10.619558	-4.405895	3.273498	-8.267638	6.196474	-6.362417	-10.619524	-4.405895	-4.614626	-8.267638	3.681410	-7.021993	6.240091	6.790810	-9.262127	8.518440	3.681409	-13.397082	6.240091	6.790810	-14.125632	8.518440	-2.351022
6208	6	3.130279	-11.991925	-6.893864	6.738740	-7.605095	9.399814	-3.031928	-10.386341	-6.893864	1.054748	-7.605095	3.755328	-9.369139	7.982305	5.841387	-11.502193	10.696641	-7.002288	5.543121	4.520635	5.841100	2.518297	10.696554	9.401357	-11.778780	-10.342694	-6.893864	-7.535399	-7.605095	-7.002287	-0.613084	7.763365	5.841387	1.537192	10.696641	3.771487
6295	6	-4.880919	-5.751820	-0.420216	-2.163448	4.501485	-11.675708	-4.829103	-11.329273	-7.051405	-2.156526	-1.003487	-11.675565	7.827793	1.752852	4.947903	5.030969	11.169976	6.850381	-6.128740	5.869163	4.953263	-4.961091	11.182031	-11.680295	7.539996	-9.931314	-0.978949	7.544506	4.501484	6.850377	7.566786	-15.441646	-7.051707	7.546777	-1.003487	6.850378
6320	6	-8.773207	4.731149	4.792903	-10.706636	12.661763	-10.099668	4.701150	-5.207982	-0.525095	7.859054	3.985906	7.759627	-11.283114	-8.464844	-5.525589	-9.659759	-3.118223	-10.099673	5.394912	0.996894	4.788830	6.868675	12.633341	7.759638	3.411232	-10.155640	-5.525644	7.783953	-3.118229	7.759429	-2.062643	-8.537149	-5.525597	2.040386	-3.118224	4.213834
6379	6	-6.085589	-5.320284	-0.405990	-8.261326	3.681394	-5.885248	5.323038	-13.942300	-1.230617	6.482566	1.554613	7.070295	-4.020769	6.305211	6.506283	-14.006925	8.123684	-5.790764	5.332346	-17.154258	-5.184752	6.520095	-4.092511	7.070342	-7.180093	-11.370603	-5.184752	-8.064532	-4.092511	-5.889878	-7.153597	-8.142430	-1.228686	-8.102210	1.558082	-5.889829
6439	6	-9.186304	7.938999	8.235650	-13.560702	9.906372	-12.320689	6.752021	7.707602	8.235650	4.641885	9.906372	4.376577	-9.016964	-5.021358	1.936065	-13.128333	4.025095	-12.320689	-10.337547	-10.354299	-4.617311	-9.894355	-5.737704	-12.320680	6.552429	-5.251422	1.936065	5.074148	4.025094	4.376537	5.600748	-10.575298	-4.617311	8.306190	-5.737704	4.375794
6440	6	-9.822333	6.519543	6.071094	-15.928020	13.925348	-7.426440	-12.673764	-12.359931	-5.581597	-13.514220	-3.264246	-7.426440	6.061597	-9.726033	0.024445	4.213285	1.827962	6.364678	-12.667111	-5.734484	0.024450	-13.515211	1.828091	-7.426440	8.693750	1.807097	6.070524	1.800382	13.760839	6.363476	6.063511	-16.352028	-5.581597	4.214276	-3.264246	6.364679
6458	6	5.604888	6.563447	5.243809	3.275841	11.734630	6.611244	-6.809793	7.194423	5.243828	-15.171708	11.734630	-8.571800	-8.127822	-11.243276	-6.484119	-13.277063	0.534316	-8.602040	-8.127822	-11.735053	-6.490521	-13.277063	-2.383118	-8.602040	4.416915	-11.868981	-6.484159	5.170820	0.534316	6.499031	4.416915	-12.359203	-6.490541	5.170820	-2.383118	6.499031
6510	6	4.137571	3.940843	6.556239	-0.397480	11.724573	4.982943	-8.050225	6.014701	6.561274	-18.184437	11.752283	-11.701472	4.658422	-15.104719	-5.806440	6.168915	-6.649741	6.571256	-4.932995	-3.997564	0.351114	-11.663188	3.235650	-11.677605	-8.306863	-12.714567	-5.794534	-11.663188	-6.613360	-11.677613	0.910355	-13.215925	-5.798841	0.839833	-6.626449	5.665477
6588	6	-7.671120	6.832724	6.405463	-8.970761	9.137745	-9.378476	-2.022072	-9.911734	-3.807380	1.868543	-6.892736	3.514546	-2.027243	-4.826175	-1.374226	1.867933	2.133472	3.512832	2.828599	2.673576	6.405400	1.323172	9.102781	5.891650	-5.756031	-4.822031	-1.360803	0.087094	2.136396	-7.300691	-5.750850	-9.908252	-3.807380	0.087641	-6.892155	-7.297764
6620	6	-9.675463	-15.763694	-1.397554	-12.719619	-7.715314	-11.090659	5.237754	-10.458619	4.424080	4.093261	3.383586	6.992448	-10.663230	-4.951770	4.425768	-15.091902	4.485216	-11.090659	-10.572080	1.930295	7.282396	-15.543423	9.009904	-11.090659	6.221443	-21.781710	-1.397554	6.465529	-7.716275	6.992513	4.282057	-19.953542	-1.397554	2.987316	-7.716236	0.721363
6658	6	-9.155187	-8.787448	-2.891383	-7.129541	-2.197331	-11.724479	-6.305955	7.272940	6.244431	-10.146288	11.217996	-11.724480	7.208896	-12.153587	-2.891904	8.466934	-2.198891	6.674181	7.288187	3.879827	6.244430	0.883172	11.213448	0.990718	5.277551	-11.205907	-2.891891	3.956150	-2.198851	1.026400	10.058046	3.334719	6.244428	5.450188	11.208284	6.674181
6672	6	-3.680026	5.600127	6.526801	-17.173121	12.941564	-7.262020	5.337297	-8.283046	1.145537	6.016693	4.958751	7.318340	2.496414	-0.191360	6.526634	-10.700376	11.356374	-2.895335	-8.713670	-12.468275	-4.842107	-10.619369	-4.443305	-8.131672	5.666688	-0.191373	6.526634	-4.767874	11.356321	3.246756	5.401663	-18.106900	-4.842107	6.016698	-4.443305	7.325836
6683	6	-14.229304	-6.430369	-0.130935	-12.090889	4.149659	-7.675903	-14.229304	-10.827160	-6.348408	-12.090740	-4.258739	-7.675903	-13.746096	5.719661	4.721683	-13.793249	11.450618	-7.675904	3.865424	-11.905183	-0.137380	6.524360	4.062900	5.947541	3.865424	-16.274157	-6.348408	6.524507	-4.258909	5.947541	3.386177	0.670385	4.701964	4.849852	11.368144	5.938019
6709	6	5.347471	-7.459686	1.167106	6.743037	3.532081	6.346419	-6.988044	-4.326700	1.168512	-9.275734	3.532408	-7.571793	5.361822	-14.678664	-2.909099	6.875795	-3.144373	6.346419	7.135658	1.024155	6.796461	5.423334	10.718903	6.346419	-6.975267	-11.548573	-2.909099	-9.142710	-3.144373	-7.571793	-5.309092	4.348309	6.818681	-10.371768	10.976717	-7.571793
6721	6	-12.314084	8.359303	6.793481	-11.266539	12.715235	-6.805976	5.960636	-3.943825	4.134324	5.598403	8.399286	7.864099	6.090053	-11.295117	-0.831142	6.760607	-3.190230	7.864388	6.861607	2.746711	6.793459	3.682566	12.415758	7.864905	-0.985040	-5.693130	-0.831120	2.468231	-2.267756	3.468042	-13.087866	-5.693129	-0.831120	-8.185182	-2.267756	-6.788314
6734	6	6.319387	2.198237	8.514973	-3.359044	9.679050	4.900268	4.559452	-9.841364	-3.640589	6.384763	-8.559137	6.721392	0.049498	4.619593	8.515634	-8.462963	9.679296	-3.674124	-8.182919	-6.386793	-3.636867	-9.236316	-8.559137	-7.222357	-4.969575	5.861072	8.515638	-15.497031	9.679296	-6.790967	6.689472	2.168992	8.514931	0.082190	9.679018	6.011976
6756	6	5.875608	3.570117	7.734453	3.859191	10.677019	6.051576	-9.927972	9.055250	7.735028	-5.756088	10.683322	-12.725136	3.809939	-13.988739	-4.474138	7.131845	-4.284205	-0.476324	0.264985	-10.930655	-4.473504	6.032865	-4.284205	6.059692	-3.354939	-8.651682	-4.459083	2.802753	-4.284205	-6.536187	6.029059	-14.082900	-4.474139	9.570801	-4.284205	6.060861
6774	6	10.297204	4.427216	4.356547	4.010521	10.427073	8.957622	-7.612025	-6.333530	-5.588532	-7.716888	-2.377567	-6.272959	-0.505792	6.501773	4.356548	-13.408330	10.427565	-6.270153	4.580941	4.427295	4.356547	-1.862984	10.427073	4.254666	5.247546	-8.474553	-5.618877	9.781368	-2.384288	8.956504	1.440188	-6.474107	-5.595282	4.395033	-2.378931	-0.810520
6820	6	-6.642653	8.003008	4.477004	-14.457606	8.806685	-9.410206	8.701340	2.134612	4.347875	4.526329	8.507749	6.626290	-10.432922	-5.292294	-4.186030	-13.571257	-6.986175	-9.410977	6.899206	2.979509	4.404619	-2.181758	8.696894	4.312739	4.487228	-8.702771	-5.660281	5.189927	-7.138835	6.581630	2.941806	-7.474235	-5.327642	-1.828203	-7.118294	4.921760
6833	6	-11.121002	-5.909312	-6.078441	-13.593245	-6.815842	-6.449244	7.763836	-3.758012	0.358360	3.580985	4.900334	9.248830	4.475329	-9.414610	-6.078501	3.474539	-6.815843	9.246065	-8.501122	6.423417	5.381484	-15.463537	9.437713	-6.475707	8.645631	2.801403	5.367204	1.825230	9.436448	9.184957	-4.909374	-5.909312	-6.078441	-2.580195	-6.815842	3.894219
6842	6	5.637446	1.315538	6.603624	2.408185	10.611973	5.833009	-12.763620	-4.628124	0.482342	-7.425565	3.319791	-4.679961	5.559937	-9.962874	0.443039	6.880678	3.303920	5.832050	-12.207904	6.855043	6.619287	-11.755669	10.843979	-4.679857	5.559937	-12.277849	0.437406	6.880679	-0.345874	5.832050	-12.764920	-6.950305	0.437735	-7.425563	-0.345431	-4.679961
6863	6	-11.760859	7.276409	7.847687	-14.412929	12.470161	-7.953015	-10.786471	-10.566725	-1.855870	-11.790268	-3.023985	-7.946607	4.505254	4.179658	7.847686	3.404205	12.470149	6.721857	5.487373	-14.514093	-1.855870	6.052141	-3.023985	6.904831	5.418431	-7.410141	2.063389	5.521309	5.411048	6.888448	-10.855277	-3.503300	2.063598	-12.319782	5.414612	-7.948954
6867	6	7.873579	-20.185305	-1.313179	7.707616	-4.884086	7.550514	-5.279664	-2.837455	2.709151	-11.996500	4.240705	-4.552004	7.825623	-9.431895	2.709150	6.774382	4.240597	7.540445	0.418182	-2.840921	2.709151	-0.381928	4.240703	-0.754028	-5.261745	-13.620988	-1.313179	-11.029207	-4.884086	-4.548223	-7.117609	4.896861	6.179437	-14.965644	10.712773	-4.595896
6913	6	-6.770405	7.284958	4.440787	-14.952804	10.837893	-11.413422	7.543501	1.870534	4.440740	3.265307	10.837860	6.069727	4.342687	1.878525	4.440742	3.263909	10.837861	1.507907	-10.554716	-6.656694	-6.267447	-11.513391	-8.167980	-11.413422	1.963308	-3.060716	-0.690106	3.995631	3.881077	1.246961	3.855612	-11.957088	-6.267816	6.701452	-8.176178	6.069620
6916	6	-9.508672	-5.782179	-7.256932	-2.094921	-6.001363	-7.727715	4.817825	-6.974357	-7.288264	5.702598	-6.365096	6.190354	3.205542	3.969400	3.947292	5.502688	10.433593	6.176899	-5.633094	-5.782226	-7.256934	2.597112	-6.001382	-2.600651	-7.811226	4.988436	3.947497	2.512561	10.508743	-2.601609	-11.690379	4.988436	3.947497	-2.184677	10.508743	-7.870739
6931	6	-14.150585	-4.548813	-1.229250	-5.442798	3.402634	-6.392958	-4.141166	-4.548813	-1.229250	1.871493	3.402634	2.506697	-14.001471	3.355274	5.272089	-8.730536	12.127257	-7.543077	-14.150585	-9.707885	-7.758524	-5.442798	-4.589628	-6.392957	-4.141166	-9.707885	-7.758524	1.871493	-4.589628	2.506697	2.578089	-11.323585	-7.758608	7.040295	-4.589746	7.427205
6935	6	4.302941	4.590663	5.806964	1.899585	11.822012	7.974541	-2.002763	-10.463093	-6.192957	2.054968	-6.528006	2.098510	-9.137257	5.975634	5.839674	-15.568081	11.827080	-6.518422	-9.293157	-10.417561	-6.191024	-9.226360	-6.528005	-6.518422	4.127345	-11.726767	-6.228615	8.234795	-6.528016	8.001699	3.533061	4.892965	5.816903	-3.243925	11.824000	3.766524
6974	6	7.752310	2.351148	5.446384	4.347249	8.645126	8.474592	-7.607773	-10.078171	-7.351150	-5.810798	-9.412644	-6.663513	6.179463	-15.184695	-7.351160	8.352495	-9.412644	8.474592	-6.034549	7.458080	5.446483	-9.816044	8.645178	-6.663578	3.201612	3.803024	5.446478	-8.334114	8.645176	-0.611363	5.698035	2.351610	5.446384	-2.211817	8.645126	6.159740
