94	4	-6.395890	-11.101031	-7.334923	0.407441	-10.373520	3.083187	-13.657631	3.835183	5.217484	-8.061513	5.452085	-8.728006	-16.054669	-11.101031	-7.334923	-5.490773	-10.373520	-8.713358	-8.305767	3.835183	5.217484	-2.975435	5.452085	2.764391
95	4	-14.172934	-5.716538	-11.082156	-5.402131	-11.704055	-4.317106	-7.032424	-5.716538	-11.082156	4.453838	-11.704055	1.869938	-11.299631	-5.716538	-11.082156	-0.944225	-11.704055	1.415198	3.026565	-11.365366	-11.288378	7.141545	-11.712451	7.961415
112	4	-5.900048	-13.071200	-4.754908	3.878500	-9.166685	4.381777	-12.426327	-13.065023	-4.754908	3.388605	-9.166685	0.925175	-12.996482	-13.065001	-4.754908	-8.962063	-9.166685	-3.465436	-12.384071	4.730467	6.999492	-14.630525	8.877994	-3.465436
113	4	-16.238070	-6.422682	-6.936224	-10.617423	-9.248741	-6.839452	-13.386263	7.054777	5.165079	-12.654492	6.486864	-6.863164	-11.011628	3.188885	-0.515642	-10.619182	-3.286856	-6.839490	2.928989	4.921788	5.165073	4.679730	6.486715	7.536962
123	4	-11.361211	5.252233	6.528401	-8.243458	8.835897	-5.983174	-3.267784	-11.988183	-0.272460	2.852215	-8.618532	3.296363	-0.023975	5.250871	6.528401	2.306282	8.835896	3.221536	-12.706478	-11.988182	-0.272460	-4.779941	-8.618532	-4.492252
148	4	-2.842584	-9.374145	-0.818863	3.063007	-11.279326	4.094485	-11.079398	-9.374083	-0.818863	-8.066916	-11.279324	-9.301292	-8.111872	6.153408	6.959577	-12.885192	3.674923	-10.053626	4.519932	3.331673	6.957810	1.622352	3.539172	7.655205
157	4	-12.984274	7.690709	6.942153	-4.137795	6.879187	-9.420630	-14.607751	-9.516479	-0.815435	-3.720152	-8.972684	-9.394235	-6.537648	-9.516649	-0.815435	2.889312	-8.972688	2.995546	-4.141706	7.686006	6.942152	2.571879	6.879153	2.991505
176	4	-10.005696	3.120691	7.308568	-12.287935	6.619081	-6.219250	-8.287910	-11.548091	-1.734088	-6.535439	-9.538153	-6.219238	-2.263327	-11.548091	-1.734088	0.837616	-9.538153	4.146735	-3.075311	-11.548091	-1.734088	-1.432007	-9.538153	4.135654
180	4	-15.488132	-5.871281	-3.383664	-7.756611	-10.789297	-10.739262	-10.464302	1.388619	-1.094083	-7.756611	-4.838699	-10.739262	-15.511420	6.795625	5.452696	-13.704643	6.066195	-10.739263	0.993311	0.597899	-1.115394	2.245328	-5.555739	-4.765806
200	4	-13.503517	-9.455846	-3.507221	-10.997912	-7.916694	-9.006162	-9.554477	1.794934	1.798077	-10.911517	-1.980217	-9.006136	-11.524214	8.356929	6.730558	-15.770914	6.373987	-9.006161	0.150672	1.746669	1.788047	3.308057	-1.980552	3.390801
222	4	-17.181749	-10.419427	-6.673567	-7.362710	-10.265935	-4.581678	-12.415707	6.654057	4.225824	-8.007136	7.353039	-4.581679	-6.981754	-10.419439	-6.673567	1.413237	-10.265935	4.351429	3.390441	2.884763	4.225645	4.452974	7.352871	8.158139
298	4	-13.662705	6.305064	4.083866	-11.826932	9.544727	-8.897202	4.450547	2.415317	4.082597	5.323765	9.537384	7.233919	-7.295023	-7.933717	-4.846352	0.626979	-2.751460	2.410285	-18.099854	-7.933717	-4.846352	-11.503930	-2.751460	-8.897188
308	4	-4.601370	-6.952799	-5.071064	1.343174	-9.340084	4.047797	-12.922698	-6.952799	-5.071064	-6.062576	-9.340084	-5.632247	-12.778070	7.879797	6.035305	-6.128746	6.373530	-5.632247	-4.535311	7.879797	6.035305	1.187475	6.373530	4.034987
309	4	-15.049041	-9.160386	-4.675250	-9.972030	-10.250325	-9.229840	2.439078	-10.197540	-4.675250	7.592622	-10.250325	6.651371	-15.158980	6.572468	7.892041	-14.288908	7.336527	-9.229864	2.316625	5.654500	7.892013	3.225417	7.336527	6.618490
355	4	-9.710987	-12.895673	-7.044324	-10.088159	-9.009090	-9.829490	5.430064	-16.967642	-7.044324	6.823004	-9.009090	7.201702	-9.032231	4.742966	4.326824	-10.943345	6.078159	-9.829483	5.522005	0.648930	4.323648	5.969419	5.241700	7.205644
378	4	-10.931097	3.611918	6.924007	-11.657313	7.043584	-8.522523	-3.501457	-13.125871	-4.032742	5.194142	-6.155533	4.024504	1.464757	-13.229747	-4.032742	6.133895	-6.155533	7.837165	-9.767463	-13.125871	-4.032742	-5.283361	-6.155533	-8.521121
390	4	-13.675219	6.192083	8.030537	-17.729988	0.537855	-9.380560	-14.193137	-4.881106	-2.294191	-13.026623	-11.409569	-9.364413	-13.923291	9.043440	8.371228	-17.765323	5.206679	-9.380576	-10.463229	4.876904	3.116670	-13.518609	-4.860100	-9.369245
409	4	-18.061857	6.623212	6.891420	-14.179682	6.762664	-9.190638	-17.651851	-6.751101	-2.321449	-11.889955	-9.594512	-9.150094	-13.110491	-0.315552	1.271096	-11.902095	-6.505462	-9.150515	2.364423	-1.076954	0.320395	5.097260	-7.604866	7.735570
423	4	-14.505492	5.880534	5.494488	-14.513957	7.046359	-6.868620	-18.539328	-5.941944	-4.065861	-8.269476	-7.150958	-6.868684	-6.685513	-5.941944	-4.065861	2.924541	-7.150958	4.636612	3.365229	2.883629	5.328609	2.082583	7.042229	6.447758
458	4	-14.099608	-11.815130	-4.996383	-6.551987	-7.061803	-3.188428	-7.281715	-11.815130	-4.996383	4.610568	-7.061803	3.039676	-10.047180	6.034866	5.003171	-8.150543	6.817833	-3.188428	-3.230460	6.034866	5.003171	3.011987	6.817833	3.039889
459	4	-3.362777	-8.549947	-3.507074	3.808531	-12.094882	4.065069	-15.053564	-8.549946	-3.507074	-6.296851	-12.094882	-4.403610	-13.793750	7.251412	5.953378	-12.366011	4.262269	-4.403348	3.272051	0.573043	5.943588	1.143531	4.011593	7.052499
473	4	-13.368414	0.626597	-1.216528	-11.315550	-5.245863	-7.393384	-18.635711	-3.485858	-4.157169	-11.315651	-7.517060	-7.395810	-13.428954	5.116109	3.390126	-12.043198	5.018567	-7.393486	2.516701	-0.592168	-3.892982	6.215430	-5.659982	4.693572
504	4	-15.207144	7.428948	4.689679	-12.994152	-0.031808	-9.547220	-14.110648	6.413308	1.449037	-11.647624	-3.073198	-9.547220	-18.872083	9.048151	7.599663	-17.298981	6.662129	-9.547220	-18.910613	-4.469548	-1.623344	-11.644908	-9.225975	-9.547220
517	4	-11.487395	0.357645	-2.442458	-15.026987	-6.618287	-12.048739	-17.181612	-5.103627	-4.383746	-15.026985	-12.999650	-12.048753	-12.693032	6.892230	5.900351	-20.521428	2.228303	-12.048750	-0.135586	-5.438126	-4.383746	3.700352	-13.004089	4.771785
527	4	-4.666873	-9.706994	-6.930136	3.695638	-5.541258	4.540315	-16.749142	-9.706994	-6.930136	-8.462726	-5.541258	-6.650188	2.545709	3.758120	3.590143	7.911496	4.320490	7.219115	-13.235895	4.343797	3.590148	-8.779378	4.320513	-6.650225
551	4	-11.431611	6.226656	4.919758	-9.429175	6.043282	-3.408906	-12.342449	-9.634890	-5.408974	-5.956468	-10.045532	-3.408873	2.094095	-11.949646	-5.408984	4.366849	-10.045532	5.529350	3.028695	3.910853	4.898338	2.272273	6.043057	6.223910
554	4	-14.284657	6.941373	2.274745	-12.039336	-4.844003	-8.140902	-18.659833	-3.905619	-0.987788	-12.006715	-11.172295	-8.139052	-18.987182	7.462672	7.997781	-18.179995	6.085943	-8.223144	4.349087	4.645198	2.204928	7.067422	-4.846137	7.488031
556	4	-13.078522	7.054817	4.929571	-3.821311	6.667351	-10.204931	-0.258492	-12.317837	-5.845241	5.182069	-10.497120	7.669233	-16.326748	-12.241509	-5.845203	-1.630992	-10.495617	-8.519280	3.007835	4.467567	4.929200	5.613312	6.643783	7.676892
563	4	-13.329859	-8.519623	-5.419689	-10.358964	-4.348415	-10.195407	2.652442	-11.697015	-5.419689	6.828095	-4.420732	6.219544	-14.092468	4.977998	6.231959	-13.184100	8.794864	-10.195473	1.725625	4.722504	6.231955	3.995523	8.790473	6.204057
587	4	-11.317487	3.007977	1.779169	-10.044782	-2.164244	-5.906450	2.898643	3.047308	6.666861	1.562211	6.320606	5.682382	-15.766728	-0.612407	1.775722	-10.044693	-7.622664	-5.906505	-13.334344	6.626941	6.666861	-15.705634	6.321057	-5.906502
591	4	-10.632976	-7.837665	-4.939363	-9.559190	-9.903078	-5.943369	-9.923221	5.629064	5.972116	-12.285578	7.256742	-5.939981	2.762502	-12.063618	-4.939416	7.060953	-9.903078	8.258853	2.975622	1.113888	5.972077	4.595850	6.738230	8.315785
599	4	-6.630473	-7.144913	-4.255052	-12.585953	-9.658755	-8.455976	-3.426549	6.979738	6.208064	-16.128164	9.246434	-8.453984	0.259925	-7.157952	-4.256120	2.910540	-9.658757	3.523837	6.007045	6.563016	6.201888	1.103514	9.245596	5.080570
605	4	-8.328793	-7.484223	-2.786638	-7.736834	-8.485865	-13.761145	-12.430641	6.332247	7.540346	-12.909907	5.682830	-13.761601	1.612315	-7.643194	-2.786640	5.727884	-8.540543	-2.766302	2.736536	-8.617125	-2.786643	6.878796	-8.798409	2.702698
624	4	-12.707957	5.936603	6.769133	-15.381274	4.836842	-9.180279	-7.500149	-9.658874	-4.558352	0.687500	-8.087302	2.864038	-16.219126	-9.656309	-4.558352	-8.956386	-8.087302	-9.180279	-10.860728	-0.785078	2.050679	-9.356844	-7.797916	-9.180279
639	4	5.305111	1.400924	1.515262	7.874958	-2.206165	6.506958	-11.330007	7.802925	6.316018	-7.738187	6.234283	-9.534339	-6.244496	4.633488	1.520030	-4.666257	-2.189848	-9.222850	3.363908	6.279990	6.316018	4.808801	6.234283	6.506723
641	4	-6.596875	-7.467792	-6.787720	-0.077803	-8.349594	3.411383	-15.847439	-7.467792	-6.787720	-12.366656	-8.349594	-6.959414	-11.121722	6.591289	4.218498	-13.364078	7.985617	-6.959414	4.732857	0.950430	3.176438	6.452585	5.850692	8.221264
659	4	-11.530217	-10.937974	-3.702191	-11.019212	-11.468182	-6.429088	3.846201	-14.956726	-3.702191	2.760987	-11.499924	7.632742	-8.976103	5.447892	4.222516	-13.552497	6.963770	-6.429088	3.824465	1.445386	4.217924	-0.106264	6.220382	3.150963
744	4	-6.961803	6.522909	8.797011	-13.999537	6.469774	-9.182477	1.277450	-7.595924	-3.009250	2.764093	-6.079042	4.831924	-8.829462	-7.082690	-3.003648	-8.946037	-6.079042	-9.182478	3.110684	5.199261	8.796447	1.080324	6.469773	6.352251
745	4	-10.371881	-8.695185	-2.250722	-10.090278	-9.591412	-4.714850	-8.125993	-8.695185	-2.250722	1.036447	-9.591412	-0.453716	3.113616	-13.494206	-2.250722	5.928395	-9.591412	7.033771	-7.392362	4.527368	6.660053	-16.632310	4.663124	-4.714850
801	4	-17.089811	-4.255243	-5.500133	-12.007725	-10.591667	-8.510451	-15.450174	6.451166	5.355531	-15.386530	6.063869	-8.509860	-4.734881	-4.255243	-5.500133	-0.258600	-10.591667	3.591331	1.981229	5.527762	5.355525	2.448042	6.063859	7.537773
843	4	-15.971403	-4.093676	0.059451	-9.707654	4.371549	-15.000961	-10.598120	4.550237	3.689466	-10.957816	7.062183	-15.000961	-16.554656	-8.804704	-5.126829	-9.521103	-5.834861	-15.000961	6.543275	0.784903	3.689460	5.665298	7.061610	3.514434
849	4	-18.850550	6.596141	6.419549	-12.252946	6.763873	-9.665536	1.349970	-10.960457	-2.403124	7.799005	-7.536119	5.904345	-16.625650	-10.127455	-2.403124	-9.232763	-7.536119	-9.575745	-13.659003	1.535916	2.499156	-9.264898	-2.170521	-9.577930
866	4	-14.796572	-11.458264	-1.343170	-11.874317	-14.847836	-8.084103	-13.105986	5.745645	8.335795	-15.516942	2.971442	-8.084103	3.767045	1.367990	7.865414	3.272572	2.914063	6.623244	1.660621	-11.962536	-1.343171	6.285801	-14.847836	4.515996
871	4	-6.176974	-5.697931	-3.818180	4.138495	-7.492458	4.894566	-16.227219	-5.697930	-3.818180	-7.641803	-7.492458	-5.955277	-13.287487	6.758876	8.298669	-11.818531	6.671742	-5.954922	0.018218	6.704319	8.298653	3.566044	6.671742	6.609774
933	4	-13.992226	7.167546	5.377444	-11.914586	7.318528	-9.946997	-12.276043	5.054773	1.573157	-10.670565	-1.644733	-9.923273	-18.197721	-9.400708	-4.063418	-9.900667	-8.233618	-9.894843	1.921256	4.207892	1.573157	4.665214	-1.644733	7.844462
959	4	-11.367550	7.735032	4.653116	-10.421067	6.466635	-7.398121	-6.953680	-9.492005	-6.739870	1.597848	-4.908749	4.144372	-15.234531	-9.492005	-6.739870	-9.224356	-4.908749	-7.398047	1.969667	1.776509	4.653099	3.349042	6.161603	5.468644
971	4	-18.059061	-5.647668	-6.742211	-8.953035	-10.108239	-4.754595	-15.815506	6.725685	5.400390	-13.615584	6.383277	-4.754602	-11.956362	4.506341	3.583950	-9.237318	-0.002739	-4.754598	2.484052	3.606300	3.565056	6.477685	-0.029475	8.443379
972	4	-9.632962	6.215707	6.924692	-8.160184	6.459011	-10.994188	-10.767061	-9.380692	-1.649953	-6.644456	-6.496751	-10.642449	3.288259	-14.346366	-1.649953	7.241916	-6.496751	8.119445	4.037890	1.189439	6.874040	5.742581	6.458310	8.087014
1006	4	-15.895189	-5.879249	-7.538238	-5.941422	-9.218294	-7.682726	-11.032090	0.524526	-1.002662	-5.934956	-3.765940	-7.682626	-13.032408	7.359921	4.977647	-7.970318	3.463277	-7.699798	5.300427	4.432418	4.977647	4.642567	3.463276	5.893726
1011	4	-3.171125	-11.193808	-6.206998	1.167743	-12.422988	5.130987	-12.084066	-11.193803	-6.206998	-5.579610	-12.422988	-5.110826	-8.716076	6.682978	5.914828	-9.306612	6.520772	-5.108830	3.484451	3.067108	5.914732	3.210386	6.520766	6.997118
1038	4	-10.126508	4.413809	1.683187	-10.057774	-4.467940	-8.777317	-15.667851	5.138529	7.620037	-15.703537	5.335768	-8.777317	-16.027868	-7.357900	-3.443366	-10.037535	-11.715381	-8.777317	4.073214	2.474263	1.679234	6.086628	-4.472789	4.913568
1039	4	-9.824457	-9.546314	-5.416674	1.628762	-7.830886	1.712759	-12.359564	-9.546314	-5.416674	1.413099	-7.830886	-4.108867	-17.845870	-9.546314	-5.416674	-4.351371	-7.830886	-9.733399	-16.858748	4.803332	5.609858	-8.060900	6.127088	-9.733404
1065	4	-8.819667	-3.852337	-5.793654	-12.018037	-10.857842	-9.565497	-9.054493	7.502482	5.224245	-17.821022	6.255311	-9.565497	2.781626	5.942866	5.224245	-0.166343	6.255310	4.294277	2.789062	-5.775677	-5.793674	5.633225	-10.858017	5.182577
1116	4	-10.539670	6.357745	6.993387	-11.775871	7.691862	-6.991237	-12.345357	-8.440918	0.998315	-7.353187	-4.615673	-6.991061	1.428685	-13.574060	0.998315	6.879983	-4.615673	4.547786	-3.578274	-8.440924	0.998315	1.452258	-4.615673	1.524658
1121	4	-2.387993	-8.583882	-2.240038	3.265714	-10.493768	2.783629	-6.725297	-7.175574	-1.821100	0.341464	-10.226964	-2.134873	-8.861483	8.666461	7.434475	-11.499634	5.899789	-8.098283	0.082201	2.894841	7.377775	-1.376408	5.617694	2.771401
1220	4	-3.502301	5.957423	3.034877	1.230727	8.471992	6.929326	-14.264090	-9.698995	-5.137462	-10.550303	-8.313054	-5.807643	-13.866658	5.957423	3.034877	-11.024999	8.471992	-5.807643	-3.823105	-9.698995	-5.137462	1.708696	-8.313054	6.251063
1227	4	-13.263017	0.688326	-3.600567	-10.064022	-4.328314	-8.787892	2.396323	-1.457138	-8.180623	7.454598	-4.353333	8.238518	-15.562514	6.374108	4.295746	-15.340682	5.942620	-8.787892	1.144230	5.977184	4.295746	1.884147	5.942620	7.270893
1235	4	-10.496124	-11.502521	-4.668168	-3.332039	-10.858459	-9.402779	-7.760451	-11.502522	-4.668168	2.543106	-10.858459	-4.891571	-6.251985	5.852431	6.577100	-6.524472	5.182288	-10.017950	3.299464	3.908213	6.577099	4.344763	5.182277	0.297243
1246	4	-11.863523	-9.529852	-2.858611	-9.817164	-9.891419	-8.136691	-9.805288	7.262604	7.232541	-14.365509	6.599132	-8.136691	-9.095330	6.356343	3.232606	-9.981734	-1.780828	-8.136691	2.646289	0.664467	7.171729	0.703168	5.230463	8.943078
1260	4	-11.187453	-10.789371	-6.868358	2.455489	-12.513130	1.740644	-18.081610	-10.789371	-6.868358	-7.679433	-12.513130	-3.306536	-12.253773	7.488240	4.427765	-10.543355	4.329595	-3.306536	5.221537	1.461687	4.355181	5.685876	3.988273	6.878998
1294	4	-15.351141	5.979571	6.676781	-10.657828	6.587714	-10.236525	3.273534	4.452734	6.676780	0.031437	6.587713	6.810715	-7.229332	-8.948984	-2.873032	1.137736	-7.076003	0.878594	-14.272031	-8.947061	-2.873032	-2.057010	-7.076003	-7.461653
1299	4	-6.055701	6.450394	5.097547	1.551402	5.843527	2.463350	-0.911082	-10.497498	-3.705880	4.229880	-9.461829	6.496214	-12.273390	-10.497421	-3.705878	-6.939748	-9.461829	-8.584589	-14.695457	6.450394	5.097547	-9.207168	5.843527	-8.584708
1309	4	-10.294396	-5.421842	0.324008	0.082067	6.035254	-5.974681	-15.459823	4.518635	6.520656	-10.632860	7.498967	-11.137234	-10.289515	-9.938147	-6.093331	0.087872	-1.872833	-5.972219	0.848473	4.436905	6.520444	2.203800	7.498967	5.477480
1311	4	-17.939385	8.023928	6.306154	-14.905719	6.849378	-6.981211	-5.803135	-5.502654	-6.802902	1.823141	-4.540979	4.537929	-18.481908	-5.501840	-6.802833	-9.612623	-4.540979	-6.981209	-1.046472	-5.981135	-6.825449	1.992964	-4.540979	5.562826
1318	4	-18.050623	-11.134090	0.067092	-8.679472	-9.112743	-2.552670	-18.722377	6.270906	8.944544	-14.759252	7.018689	-2.552671	-8.310670	-11.134090	0.067092	-2.488796	-9.112743	5.933549	-7.170939	-11.134090	0.067092	0.067035	-9.112743	8.017693
1342	4	-13.121276	0.824948	6.306806	-12.201586	-0.980455	-11.531329	-13.760034	5.871191	7.645554	-13.219596	6.530488	-11.531329	-10.535747	0.821477	2.260259	-10.461690	-6.904087	-11.531329	-14.129325	-11.390555	-1.691859	-10.231526	-9.366434	-11.531329
1358	4	-12.309896	-8.475022	2.678304	-7.724510	-7.011881	-8.419773	-9.814413	6.739994	6.267929	-12.396909	6.893772	-8.423296	-7.791487	6.452077	3.703599	-10.254822	0.437902	-8.423196	3.744335	4.484244	3.703598	2.471233	0.437901	6.148622
1371	4	-20.157907	3.900267	6.221912	-12.704411	6.611075	-5.219222	-10.863323	-11.775820	-2.980644	3.132230	-10.047220	6.861726	-15.070934	-11.775820	-2.980644	-1.884105	-10.047220	5.261532	-20.371092	-11.775820	-2.980644	-8.217993	-10.047220	-5.219127
1379	4	-20.835220	-5.530689	-6.963553	-8.980360	-8.190400	-6.667827	-3.763244	6.976995	2.637307	2.999833	7.344478	4.782843	-15.285315	6.980112	2.637308	-9.009449	7.344498	-6.667827	-9.314302	-5.530690	-6.963553	3.024992	-8.190401	4.773052
1380	4	-9.863784	1.476002	1.506170	-10.204642	-2.484855	-7.552839	-11.788523	8.114893	6.590298	-12.556284	7.386691	-7.552839	1.525528	-0.480683	0.553128	6.189624	-4.901787	3.281892	2.794907	4.139818	6.488010	4.141689	7.300445	6.826706
1393	4	-13.953721	-9.415992	-1.604919	-9.058609	-7.399712	-8.238470	-13.088027	7.109131	6.748143	-13.695807	8.151792	-8.238603	-8.431388	2.029179	1.789921	-9.059165	-1.531040	-8.238470	0.349250	1.693873	1.756157	1.466026	-1.612521	6.977606
1396	4	-11.342503	-3.390027	-0.621278	-9.273186	-7.314856	-9.600605	-13.883457	8.790896	6.204868	-11.324786	4.558177	-9.600605	-8.748585	-0.105954	1.147280	-9.273169	-4.705581	-9.600605	3.022458	-9.148780	-2.571550	5.929899	-10.602607	6.197639
1459	4	-13.562238	-6.430521	-4.187246	-6.380260	-10.673398	-12.178432	-0.414731	-6.448387	-4.192425	5.866894	-10.673398	5.652684	-12.879871	8.599490	7.030385	-11.984275	6.204516	-12.696819	0.025370	8.540506	7.030188	0.016070	6.204516	4.068882
1470	4	-8.090828	-12.090880	-4.160754	1.120915	-11.281591	3.713387	-20.032539	-12.090880	-4.160754	-7.733224	-11.281591	-4.962175	-14.885503	5.608352	4.389174	-8.843101	4.238824	-4.962177	-6.793380	5.608352	4.389174	0.039640	4.238824	3.713282
1473	4	-8.008970	-3.336927	-5.881795	-10.729091	-11.802281	-8.661152	-5.403965	7.907062	3.634203	-11.803756	4.166414	-8.661111	4.496942	5.783987	3.634203	5.738424	4.166414	4.450149	1.332415	-4.102559	-5.881797	1.782358	-11.803688	4.394442
1512	4	-12.323211	-5.969002	-4.990699	-7.675170	-12.439998	-9.794768	1.834292	-8.252994	-4.990699	7.316602	-12.439999	5.664601	-11.922916	6.899501	5.468026	-11.110264	3.618552	-9.794768	2.234818	4.324012	5.468016	5.216266	3.618486	6.015575
1530	4	-8.234970	-4.693633	0.748781	-8.288811	3.704294	-11.263037	-8.236490	-11.280855	-5.552740	-8.288806	-3.233352	-11.263037	-9.654696	5.031292	6.632405	-13.701847	7.491567	-11.263087	2.812728	-12.468043	-5.552740	5.284409	-3.233795	4.803964
1547	4	-10.400379	6.593537	8.267614	-17.987794	7.308782	-7.129221	-11.025754	-8.696114	-1.237869	-12.009860	-9.910446	-7.129221	5.110168	-11.251343	-1.237874	5.556443	-9.912893	6.030597	-9.325169	0.600274	3.910235	-12.496597	-3.141861	-7.129221
1555	4	-13.989106	7.828843	8.022528	-13.081162	5.428858	-8.306809	-13.542033	-6.216680	-4.146113	-3.894153	-10.431362	-8.258155	2.879018	-8.285480	-4.149808	6.472711	-10.508860	7.189782	-10.439236	1.678323	2.003326	-3.821603	0.197296	-8.244762
1584	4	-15.391031	-12.400947	-5.498600	-10.375042	-13.666076	-8.913904	2.271746	-15.101118	-5.510951	6.421041	-13.666077	7.108536	-14.838758	5.677002	6.786680	-15.857440	4.908356	-8.913955	2.841624	2.921289	6.556453	0.974591	4.811600	7.051254
1588	4	3.659422	-14.297739	-2.732906	7.795942	-8.940058	5.177180	-10.613508	-9.211995	-2.732699	-9.007924	-8.940046	-9.997989	-11.627907	7.426833	7.570090	-14.967934	6.024887	-10.005965	2.571746	5.513629	7.569031	1.812469	6.024887	4.788056
1598	4	3.109807	-12.749841	-5.112261	8.196122	-8.244066	9.356378	-15.019687	-11.490765	-5.112261	-6.379341	-8.204911	-5.351399	-14.879579	5.762324	5.215985	-8.877405	6.034789	-5.945926	3.258987	4.409988	5.214819	5.701553	6.020995	9.378563
1628	4	-13.265800	-12.335213	-4.717482	-11.431301	-10.401562	-5.976519	-3.150460	-12.335229	-4.717482	1.538246	-10.401562	3.190420	-13.927192	4.233290	7.280330	-17.383149	5.104731	-5.976519	2.724725	-18.501932	-4.717482	6.788337	-10.427600	6.966869
1639	4	-6.220619	-9.815977	-3.445124	-7.961602	-9.970735	1.568906	4.033948	-16.194412	-3.445124	5.400886	-10.308013	8.686362	-9.963125	7.476971	7.328622	-14.035452	5.563292	1.568905	-11.123938	-9.815977	-3.445124	-10.694595	-9.970735	-3.938841
1642	4	-13.371393	6.533777	5.090499	-16.612484	9.129789	-10.823142	-18.417701	-6.264492	-6.579606	-11.097525	-10.569762	-10.823515	-12.754246	0.844435	0.167977	-11.097551	-3.925028	-10.822936	3.710200	1.690326	5.080673	1.027045	9.129351	4.213262
1711	4	-12.885470	-8.064783	-6.250716	-7.287352	-10.629933	-7.530149	3.376426	-9.693486	-6.250717	8.212418	-10.629933	8.904939	-3.071612	-8.099650	-6.250716	2.373878	-10.629933	3.453432	-13.794521	6.155936	6.600939	-13.482466	6.559557	-7.530158
1712	4	-7.792196	-12.052571	-3.254477	-7.760488	-9.373932	-6.396762	2.433380	-13.654671	-3.254477	7.322205	-9.373932	7.375293	-9.097849	5.652014	8.166397	-11.388234	6.770073	-6.396830	-1.073542	5.402747	8.166397	2.481371	6.770073	6.234386
1752	4	0.143864	-11.780418	-4.917903	3.996526	-1.963036	5.540259	-19.758505	6.082295	7.300108	-13.945984	7.137536	-7.120396	-12.590061	-11.767651	-4.917903	1.968254	-1.963036	-2.667261	-18.471795	-11.767651	-4.917903	-4.114253	-1.963036	-7.118653
1766	4	-15.342781	-12.078318	-6.067883	-2.887944	-11.063671	-11.362784	-4.032141	-12.078318	-6.067883	3.002370	-11.063671	4.989925	-9.607709	5.212054	3.222234	-4.198531	0.442267	-11.430341	-9.864152	5.212504	3.883105	-4.354546	5.869713	-11.431970
1794	4	-13.654114	-9.609851	-4.333388	-9.521633	-7.630329	-7.799677	-9.853454	5.816860	6.621315	-10.875435	6.612249	-7.770301	2.329974	-0.911022	2.108360	4.342288	0.542826	7.238423	3.617896	-0.121123	2.876204	4.198035	1.815503	7.193854
1812	4	-12.399311	-11.808691	-3.426872	-9.072541	-9.505634	-6.581546	0.969960	-18.029550	-3.426872	4.648586	-9.505634	7.017314	-0.033300	0.051285	7.415565	1.910258	6.022737	6.075756	-9.954268	4.627162	7.415693	-11.150444	7.912669	-6.581546
1819	4	-8.506814	-15.410543	-5.892559	-8.492856	-11.653779	-10.106844	5.104254	-18.793850	-5.892559	8.127979	-11.653779	6.873033	0.003805	-15.479525	-5.892559	7.291736	-11.653779	2.791530	-13.064443	3.723861	5.924308	-11.374157	6.799549	-10.106872
1840	4	-12.015876	5.046752	6.878133	-15.856331	0.223404	-9.590347	-13.248357	-10.703454	1.518336	-11.832184	-11.123655	-9.564924	-12.015878	5.064293	8.314854	-16.623422	4.918999	-9.591040	1.841628	4.140913	6.818357	2.854918	0.217002	5.712051
1861	4	-16.904165	7.543793	6.134946	-10.169344	6.002411	-8.961513	-18.925435	-6.326280	-5.200296	-5.136600	-11.271498	-7.947604	-12.570486	1.263789	-0.128751	-5.136600	-5.228110	-7.947604	-16.255169	5.768028	4.580742	-5.883498	0.247595	-8.285205
1889	4	-14.650475	2.690047	4.027356	-8.473792	-1.387496	-6.885396	-4.899610	-9.560404	-1.633694	3.761336	-9.966506	2.824534	-17.200865	-9.560404	-1.633694	-7.007930	-9.966506	-6.885396	-16.256913	4.858823	6.710049	-10.521111	5.958616	-6.885396
1968	4	-15.249316	1.214621	5.689070	-17.085110	0.395285	-9.950006	-15.754199	-10.561682	-3.721415	-10.634809	-8.459802	-9.950006	-16.408415	6.658950	7.665285	-17.085339	6.540489	-9.950006	2.857941	-12.641045	-3.756724	6.338828	-8.460195	5.411415
2006	4	2.038237	8.578112	7.470706	2.227578	7.040973	8.411824	-11.517568	8.832992	7.470718	-13.903154	7.040973	-7.151193	-7.620257	-4.848424	-3.502718	2.379664	-10.371301	4.710027	-16.034500	-4.848424	-3.502718	-8.241189	-10.371301	-6.998227
2027	4	-8.671835	4.835574	9.653413	-15.792021	5.918803	-3.961061	-10.351084	-14.021858	-1.932491	-10.529303	-11.314350	-3.966586	1.410853	-14.927937	-1.932491	6.701567	-11.314350	7.134659	3.038712	1.517150	9.648745	1.316943	5.717395	7.439276
2047	4	-14.018301	5.910198	6.745475	-12.174885	8.311903	-8.554130	-11.498072	-7.321884	-4.908114	-6.107658	-9.020172	-8.537130	0.202932	-10.538436	-4.908114	2.527229	-9.020172	6.083559	-4.811245	-7.336153	-4.908114	2.491793	-9.020172	1.555341
2060	4	-12.893486	-6.640362	-8.385254	-9.601984	-12.142054	-8.161850	-3.026714	-6.640362	-8.385254	2.574758	-12.142054	3.857015	-10.603316	4.631094	4.080120	-10.515750	3.575128	-8.209120	1.314885	-0.843368	2.988522	6.832655	3.031413	5.802782
2069	4	-17.552207	-6.502985	-3.967059	-10.376222	-11.976088	-8.439939	1.293924	-6.602662	-3.967059	3.658348	-11.976104	4.143461	-14.238913	6.989161	5.756091	-16.582910	6.538663	-8.488446	4.617189	2.024890	5.744982	-0.088682	6.493900	2.908025
2079	4	-12.863472	3.992864	2.839531	-11.298352	-4.566463	-9.101348	-11.508782	-5.396176	-1.251929	-11.082434	-12.195453	-9.096668	2.433034	-8.454001	-2.376144	4.609856	-12.195485	6.787596	-16.022513	6.455487	7.116215	-16.598084	6.071069	-9.129945
2136	4	-8.965398	3.639867	1.873555	-13.120685	-1.714640	-9.876820	-12.658652	-3.632162	-3.958132	-13.187454	-11.853519	-9.876820	3.336777	-0.872609	1.162177	5.005335	-6.500613	6.468245	-14.607436	9.534008	6.998595	-19.537396	4.239943	-9.876822
2138	4	-12.363664	-10.467332	-3.800890	-10.784461	-7.782240	-7.385605	-10.198922	7.534148	7.858748	-14.677085	7.210956	-7.418050	3.835409	1.674259	7.736446	2.814142	7.165927	6.301382	3.654075	1.703314	7.747758	-1.682425	7.170972	4.200997
2161	4	-8.650382	8.184289	2.997078	-8.858560	5.002757	-4.932405	5.239416	2.654776	2.994700	5.257952	4.997876	7.438327	-14.454645	-6.823161	-4.133329	-7.190561	-10.331599	-4.891129	-8.218226	1.845088	1.329125	-7.193705	-4.310464	-4.891225
2176	4	-10.223324	3.348879	-0.137122	-7.440444	-1.483172	-7.859898	3.540248	-10.502467	-3.662712	7.767233	-4.519665	7.062485	-10.237316	8.958664	6.395157	-7.540848	8.153667	-7.859898	5.765476	2.704577	6.391878	8.046724	8.079774	7.076983
2184	4	-16.528802	2.892843	3.934530	-11.524104	-1.220454	-9.061619	-18.302216	-7.250006	0.936005	-9.124506	-7.659531	-8.875649	-18.698276	8.296600	6.872860	-14.003443	5.709770	-9.100326	0.115015	-7.292236	0.936004	3.455422	-7.659532	5.734550
2202	4	-12.030275	5.812560	5.842275	-11.026090	8.724874	-11.296281	4.753363	2.827627	1.318040	6.912373	-3.190212	6.833829	-10.960945	-6.916405	-3.273279	-7.014974	-9.400023	-11.294795	-7.307457	5.552136	1.318752	-7.791984	-2.991904	-11.295986
2239	4	2.925547	-13.457803	-3.824755	9.144610	-11.923248	6.170689	-11.733231	-11.446229	-3.824755	-7.964490	-11.923248	-10.485032	-7.256112	4.892279	5.330318	1.945113	5.416872	0.706661	-14.531103	4.892279	5.330318	-9.000425	5.416872	-10.485034
2254	4	-0.968730	-7.648198	-3.805139	2.772445	-12.517807	5.909992	-10.532253	-7.646046	-3.804991	-4.786210	-12.517805	-3.435958	-7.635690	8.350237	7.198906	-9.135089	4.204845	-4.223071	2.565400	3.236032	6.981350	3.346856	4.159280	7.782180
2294	4	-20.655747	-8.394813	-5.951919	-10.342829	-9.352893	-9.335396	-10.160285	-8.394813	-5.951919	1.277216	-9.352893	1.864284	-7.567449	7.449424	4.498947	-0.651365	6.227839	1.659410	-15.428376	7.449424	4.498947	-12.043088	6.227839	-9.506705
2307	4	-19.253127	-10.765307	-5.498008	-8.172063	-9.769486	-4.669079	-9.760162	-10.765307	-5.498008	-0.765351	-9.769486	3.590590	-14.504151	3.910428	3.943326	-10.071661	6.839648	-4.669079	-14.384793	-1.065112	3.695606	-9.899663	4.974161	-4.669079
2312	4	-11.524128	7.415611	6.905735	-13.536069	7.131913	-8.911188	-13.008062	-11.622361	-5.307956	-10.636871	-11.697927	-8.911188	1.452977	-11.641847	-5.308865	6.331705	-11.697927	6.075577	2.937345	5.739665	6.898926	4.090346	7.131912	6.300113
2341	4	-18.879792	7.881878	6.546854	-8.529207	7.554682	-9.409657	-15.434048	3.045839	1.730275	-6.311533	-4.702012	-9.401019	-8.359228	7.881878	6.546854	2.470731	7.554682	2.841634	-4.887259	3.045805	1.730274	5.014422	-4.702012	2.937122
2342	4	-16.295242	5.875678	8.477113	-17.323837	6.325538	-6.579176	-16.337797	-11.092686	-0.806878	-12.181656	-10.705484	-6.572644	1.652147	-11.294434	-0.815591	6.252422	-10.705484	6.131585	-9.906119	-11.092686	-0.806878	-5.620023	-10.705484	4.441399
2387	4	-5.704630	-7.849033	-2.435348	-0.287798	-13.461833	2.714097	-7.849923	3.033006	3.310528	-11.705628	-6.074469	-2.021665	-13.575634	-7.849033	-2.435348	-9.394476	-13.461833	-1.918490	-12.712970	6.630760	6.618561	-14.574965	3.963543	-2.045262
2424	4	-12.400212	7.428499	3.326635	-11.141155	6.683600	-9.051367	-12.274566	5.024377	-2.500154	-10.177506	0.642414	-9.048871	4.221869	2.594109	3.288109	3.675213	6.648054	4.634139	-17.798837	-3.466004	-8.345682	-10.152859	-0.775028	-9.048755
2444	4	-11.308405	-8.086789	1.171951	-11.772697	-9.148269	-9.423040	-14.174914	6.533707	7.622600	-18.347429	4.811323	-9.440049	4.425673	-11.998791	1.170613	7.505018	-9.149114	7.282054	-14.106609	2.100844	7.519946	-18.346994	-0.897463	-9.440049
2456	4	-14.568503	2.743933	7.343517	-11.579321	8.858225	-8.319624	-12.533832	-13.335632	-0.895129	-5.625812	-6.344746	-8.319623	2.585803	-6.326668	3.819850	4.779513	5.841255	3.405462	4.497725	-18.063596	-0.895129	6.049571	-6.373900	3.794979
2469	4	-9.854597	9.034800	6.289428	-11.238436	4.871492	-8.472817	-9.819650	3.329973	1.644832	-9.128638	-3.121416	-8.472817	7.357790	2.416116	6.282504	3.179015	4.870813	8.614025	3.863882	-4.531559	-4.346796	5.502846	-11.132209	8.477406
2471	4	-16.831516	-7.036120	-4.844790	-10.413653	-9.995202	-9.811305	-15.740372	4.377766	7.091356	-16.982489	0.128988	-9.811130	-15.740414	6.960447	7.093210	-16.982657	6.636436	-9.811130	-10.989892	0.433249	0.950273	-10.426221	-5.174604	-9.802613
2501	4	-10.210787	-8.536020	-1.859736	1.591709	-8.557663	1.740950	-9.641138	7.212690	6.781767	0.629574	7.048224	1.732092	-15.368889	-8.536020	-1.859736	-4.983725	-8.557663	-4.753146	-14.649844	7.212690	6.781767	-5.878899	7.048224	-4.754594
2533	4	-17.623657	5.921546	5.087799	-14.542745	6.833988	-7.358909	-17.807440	-6.572446	-6.137062	-13.650254	-9.113910	-7.358962	0.453920	-6.858642	-6.137064	3.974205	-9.113910	6.278334	0.841866	5.558099	5.087799	3.303691	6.833988	6.399313
2549	4	-13.301737	-10.044728	-7.803972	-5.461120	-5.428315	-4.146658	0.102927	1.975815	-1.226205	3.547141	-2.776206	4.998863	-10.403972	6.895902	4.954205	-10.229751	8.378360	-4.146775	-9.065816	2.336016	-1.226104	-5.461120	-2.776206	-4.146544
2581	4	-13.215628	5.460045	3.698474	-13.905010	6.695563	-11.097311	1.135476	-11.204509	-2.693504	7.236224	-7.290678	7.051122	-15.701928	-10.128558	-2.693504	-10.374782	-7.290673	-11.097311	3.510086	2.555752	3.698441	3.706101	6.593122	7.107261
2641	4	5.879095	6.106204	4.051532	1.303828	7.157946	5.884446	-10.100575	9.082118	4.051559	-13.397848	7.157965	-12.524616	-13.885136	-4.322276	-2.984634	-6.762738	-9.067355	-12.542316	2.177279	-6.550798	-2.986251	7.563017	-9.087414	4.817873
2756	4	-19.730896	-6.245301	-9.158985	-10.917385	-5.506923	-13.223318	-13.742580	4.940124	0.682741	-11.119915	3.612787	-13.223318	-13.738801	3.961083	-4.753499	-10.917502	1.087074	-13.223318	4.369203	1.789186	0.584034	5.370204	3.611304	5.403075
2808	4	-10.745983	7.176477	7.806740	-16.715853	4.561522	-9.181951	-13.068091	-5.762001	-5.169944	-12.140097	-11.180054	-9.181951	-10.278422	5.747391	5.247186	-15.510715	-1.294411	-9.181951	3.479665	2.789132	7.783575	0.773580	4.558622	5.674414
2830	4	-13.868991	-4.299961	-2.224959	-11.481486	-12.716436	-7.982062	2.393691	-5.008983	-2.679531	4.041246	-12.729854	6.644884	-15.464566	8.122281	6.297195	-17.810405	6.198082	-7.982062	-2.964418	-4.299961	-2.224959	0.452508	-12.716436	4.819938
2863	4	-11.874916	-8.239347	-6.194873	-11.255103	-7.757885	-3.115082	-11.707787	6.929810	6.681622	-17.514056	6.785496	-3.115082	2.573889	-9.039711	-6.195436	4.157885	-7.888284	8.329186	3.096164	-2.791520	0.425338	4.167124	3.692108	8.365785
2882	4	6.144745	-9.653151	-1.524723	4.674459	-13.393913	7.134459	-14.266851	4.449705	5.035648	-16.073602	-2.215866	-8.306067	-12.195037	-3.060492	-1.524272	-13.527043	-13.384622	-8.306067	-16.985228	6.334454	7.873295	-19.481590	4.216798	-8.306067
2886	4	-13.855404	-13.482786	-5.229324	-12.052631	-10.343166	-6.271554	-5.817720	-13.495935	-5.229324	0.374609	-10.343254	1.458806	1.947504	-15.035991	-5.229324	4.485830	-10.349545	5.092155	-15.934713	2.858461	6.878481	-18.670202	5.196262	-6.329274
2902	4	-12.550601	6.757641	5.738283	-12.642159	6.506762	-6.689348	-11.858815	-8.369311	-3.018337	-7.090798	-10.859617	-6.689343	3.376267	2.741460	5.738018	2.986526	6.479313	7.306224	4.142059	-14.332511	-3.018376	8.557378	-10.860181	7.319155
2904	4	-14.497500	4.496393	2.075323	-9.211410	-2.390902	-6.607352	-20.540976	8.439541	8.399704	-13.551844	5.353277	-6.607352	-21.042958	-5.369767	-4.200405	-9.091926	-9.792239	-6.607352	-1.807619	4.421129	2.075323	3.588635	-2.390907	6.429826
2930	4	-16.092669	8.342776	7.663731	-13.286034	7.503231	-8.807131	-12.899435	1.682045	2.609565	-9.605150	-1.722079	-8.806998	-16.611499	-8.480738	-3.774343	-7.562478	-10.259194	-8.807136	0.815670	-9.036571	-3.774350	3.049419	-10.259407	3.976703
2937	4	-9.832356	6.248259	7.433450	-15.927954	6.891768	-9.394498	3.210194	4.965046	7.433446	2.703027	6.891768	6.258847	-10.935327	-8.025145	-2.510763	-11.969673	-6.497643	-9.394382	-4.230870	-8.037144	-2.510763	0.317085	-6.497644	3.281530
2941	4	-13.001766	6.146610	6.822578	-15.548009	4.589153	-8.403960	-16.726437	-7.316138	-4.503922	-9.690654	-10.082965	-8.403960	-11.172636	3.319139	3.609866	-13.486075	-1.578239	-8.403960	1.289472	0.543051	3.245449	1.402279	-2.022368	5.014673
2950	4	5.075280	-12.908886	-1.722628	5.312186	-9.655469	7.229692	-3.544326	1.309186	1.318052	-7.510778	-4.064464	-6.866390	-5.066024	-9.800253	-1.711298	-7.510772	-9.655469	-6.911649	-8.491703	6.452023	5.545675	-13.106349	4.109990	-6.917958
2961	4	3.636215	-11.122611	-8.879326	6.617331	-11.521958	7.550870	-6.849761	-5.708192	-8.879199	1.603761	-11.521682	1.493701	-11.673136	-5.708192	-8.879199	-8.649229	-11.521682	-8.193452	-10.000115	6.330783	2.911948	-10.503509	3.253563	-8.193452
2966	4	-12.881656	0.188598	-2.139556	-3.856994	-2.295367	-12.389475	-16.814886	5.139787	7.432855	-5.970401	6.079175	-12.389519	2.916041	-0.435144	-3.856433	8.372274	-3.032466	6.045665	-17.259815	-5.587006	-4.979071	-3.856145	-7.394099	-12.389475
2992	4	-18.737465	-10.665750	2.653406	-7.551360	4.456058	0.569158	-18.497942	-15.780122	-1.869321	-7.526896	-7.167303	0.569158	-18.801522	-15.780122	-1.869321	-8.371847	-7.167303	-5.421524	-19.041042	-10.665750	2.653406	-8.396282	4.456058	-5.421524
3000	4	-16.959375	-11.808991	-4.849173	-8.013063	-9.094416	-10.385948	0.271568	-18.137961	-4.878864	3.328846	-9.094418	2.611402	-12.371212	6.246368	6.348172	-14.020633	8.432606	-10.385948	-5.491271	-11.808998	-4.849173	3.156509	-9.094416	2.478270
3017	4	2.143122	-12.640218	-7.245496	6.440571	-11.382807	6.572665	-12.116260	-1.482291	-6.272584	-8.307613	-5.661312	-5.058267	-13.431919	7.944296	5.393384	-13.531354	6.471035	-5.058452	2.236745	1.599485	5.206142	1.335732	6.420228	6.501848
3032	4	2.043439	-7.667691	-1.762984	7.561192	-10.217969	9.321401	2.140505	4.273493	8.284835	2.904267	4.221544	9.290065	-6.669392	5.730777	8.285768	-3.147869	4.221568	3.265172	-13.632079	5.730777	8.285768	-7.556810	4.221568	-4.670033
3033	4	-15.622089	6.768971	6.764555	-17.569078	8.078793	-10.315764	-15.594335	-11.069530	-1.970610	-12.988450	-9.814025	-10.308092	-12.011908	2.696711	3.005807	-12.991676	-0.327106	-10.308110	-1.535217	2.696711	3.005807	4.596957	-0.327106	5.506548
3038	4	-9.252557	-12.497847	-6.036600	-8.131948	-8.229871	-5.000604	-6.568274	5.914602	6.128772	-12.281944	8.811816	-4.993826	-0.338853	-13.195846	-6.036600	4.418388	-8.229871	3.845530	2.329885	3.663352	6.128772	0.702816	8.811765	4.732935
3055	4	-13.498672	-7.499339	-9.109703	-8.798301	-8.187661	-7.737590	-9.366682	5.436863	3.610376	-11.072828	7.072985	-7.800764	1.272550	-2.645337	-1.228954	3.515257	4.106465	5.319288	1.472632	-2.906058	-1.040256	3.676844	4.177977	5.497868
3061	4	-15.734200	-3.187364	6.860867	-12.032598	3.965830	-7.529142	-12.270875	-14.457393	-4.984187	-5.937550	-9.354050	-7.498500	-4.421228	-14.459669	-4.984187	3.015953	-9.354064	6.122891	-9.442461	2.967588	6.984113	-12.015418	6.269878	-7.334634
3066	4	-11.675645	-7.808271	-9.019311	-6.863305	-11.614559	-10.044314	-11.209410	5.992780	3.232298	-6.877068	4.553914	-10.043346	3.760789	2.755441	3.232288	6.732391	4.552984	5.848951	3.273747	-10.685483	-9.019311	6.637520	-11.614573	5.701119
3103	4	-11.929281	-8.056519	-3.054582	-4.918261	-14.672419	-11.091289	-13.453832	1.697791	5.227547	-7.296316	-1.885707	-11.105974	3.781669	-14.056515	-3.054582	7.622873	-14.672419	5.644062	-15.483759	7.888694	7.770250	-9.162773	4.203370	-11.106077
3145	4	3.122824	-15.112466	-4.584015	8.096147	-11.117795	7.247948	-8.728082	6.851673	5.987322	-13.535783	5.548910	-3.380155	-8.464716	-9.611385	-4.584015	-9.484205	-9.319764	-3.380155	3.104352	-6.086762	2.001619	8.082790	3.358326	7.240514
3148	4	-16.057531	8.093725	6.475787	-15.841717	6.641818	-6.892482	-16.424220	-7.227392	-2.140179	-9.530422	-11.306962	-6.892482	0.557346	-7.232203	-2.140179	6.033115	-11.308279	6.973137	-4.916413	-7.227392	-2.140179	2.229370	-11.306962	3.029815
3164	4	-12.220741	7.147186	7.679826	-15.185186	8.787530	-7.277802	1.792247	-10.357695	-0.035907	3.839660	-4.539234	6.491913	-11.780813	-10.285466	-0.033506	-9.868943	-4.539195	-7.270208	-0.778130	-10.285468	-0.033506	3.025755	-4.539195	5.229922
3170	4	-25.143798	4.064331	8.762520	-9.556374	5.680947	-9.662465	-13.289240	-7.478868	-0.481593	5.098258	-9.203386	1.964414	-24.716943	-7.478868	-0.481593	-0.945625	-9.203386	-6.093351	-13.640570	4.064331	8.762520	1.036445	5.680947	1.955593
3177	4	1.870286	-13.628880	-6.606129	5.483763	-12.586551	7.309072	-7.367907	6.502400	4.976588	-13.467935	6.533008	-7.328348	-8.072192	-10.279957	-6.561972	-11.735104	-12.586517	-7.328348	4.721945	2.561496	4.630694	4.211444	6.433851	7.354688
3196	4	-4.798070	-11.071184	-3.209773	2.669080	-12.099332	2.028341	-15.783677	-11.070686	-3.209773	-7.245142	-12.099264	-4.036560	-15.776996	7.087982	6.602815	-13.443250	4.219439	-4.036560	-15.327069	7.036686	6.179482	-13.251109	-0.311329	-4.036560
3210	4	-16.320088	-10.261177	-6.926395	-7.140000	-8.350417	-8.274808	-4.474766	-10.261518	-6.926395	5.110706	-8.350426	2.344927	-15.254377	7.994702	5.210502	-11.240016	4.525281	-8.302410	-3.412372	7.993212	5.210502	1.020213	4.525280	2.414658
3212	4	-15.379462	7.916485	7.609904	-6.928189	5.216106	-10.407125	-15.379462	7.915277	7.534812	-6.928189	1.447963	-10.407125	-12.454002	-8.592261	-3.531480	-6.598916	-8.725711	-10.407125	2.313638	-9.997996	-3.535074	7.125796	-8.725713	6.200330
3219	4	-12.586308	-5.662825	-2.309609	3.967001	-6.905547	-2.757142	-6.959835	7.114312	5.844950	1.795768	5.591277	2.735717	-18.324170	7.114312	5.844950	-5.405307	5.591277	-9.345869	-7.396997	-5.662825	-2.309609	7.149261	-6.905547	2.790862
3246	4	-11.244532	7.358776	6.494515	-9.448104	8.263654	-9.545813	-10.886633	-8.957653	-3.490486	-5.475312	-7.261352	-9.544996	2.037548	-11.903631	-3.490486	5.852643	-7.261352	5.219082	1.594404	6.193584	6.494515	1.796440	8.263654	4.732257
3293	4	4.632771	-12.796464	-5.506514	6.866945	-9.848418	7.612578	-11.083558	-8.238644	-5.505681	-11.263893	-9.848417	-7.656534	4.224556	2.972911	5.190772	5.067044	7.211851	7.568949	-11.643156	7.104404	5.223198	-13.075167	7.226135	-7.661328
3405	4	-8.592018	-8.597089	-8.339839	5.636754	-8.461171	2.829637	-9.800766	6.228355	4.563025	3.495501	7.155415	2.742972	-18.055629	-8.597089	-8.339839	-2.900254	-8.461171	-0.261158	-19.256854	6.228355	4.563025	-4.825613	7.155415	-4.748853
3424	4	-15.684821	-7.010823	-7.881865	-10.879105	-13.604398	-3.308313	-6.246479	-7.013563	-7.881865	1.984343	-13.604398	5.780785	1.780952	8.480001	5.134571	3.973080	4.156476	6.070947	-11.772920	9.046778	5.134571	-13.813216	4.156476	-3.308313
3425	4	-0.485743	-9.625239	-4.786411	1.480658	-12.338206	3.995331	-8.711264	4.790601	1.755179	-10.376842	-3.388166	-4.313636	-12.470527	-9.625148	-4.786411	-10.373763	-12.338206	-4.313636	-14.305428	9.498635	6.497266	-15.578928	5.408386	-4.313636
3442	4	-15.969365	5.669998	8.088993	-11.862389	5.599869	2.590668	-19.097207	-8.456111	0.416528	-10.732659	-8.648017	-3.347403	-18.363487	5.669998	8.088993	-14.901680	5.599869	-3.369279	-15.972669	-8.456111	0.416528	-6.603381	-8.648017	3.049372
3466	4	-15.607504	-5.775565	-4.527138	-8.076757	-10.218820	-2.152181	-15.237120	5.076622	6.335840	-12.388520	7.432091	-2.152187	-5.856898	-5.775565	-4.527138	0.486794	-10.218820	4.108354	-9.101313	5.076622	6.335840	-8.990679	7.432091	3.607876
3479	4	3.003465	-6.615804	-6.090538	6.257887	-9.479751	3.330741	-10.691793	-5.299929	-5.314216	-9.640764	-9.400280	-13.702053	-9.383817	5.741129	5.967628	-15.703323	7.086460	-13.691713	-0.025809	-5.549778	-5.482096	2.048273	-9.427482	-4.646910
3495	4	-14.598146	6.188893	6.902209	-13.219230	8.486901	-11.680574	-13.912655	-10.664551	-5.982476	-9.440846	-10.015944	-11.680269	2.913440	-2.864184	3.648693	4.687486	3.052209	5.252001	-1.008048	-10.664829	-5.982490	3.444093	-10.015944	2.880755
3496	4	-9.329122	8.563846	6.453676	-12.358289	5.844173	1.420808	-8.248597	-3.469079	-1.566383	-9.521321	-6.912550	1.420808	-11.618013	8.563846	6.453676	-16.314544	5.844173	-4.661107	-10.538142	-9.288200	-4.626755	-13.464925	-10.766410	-4.661107
3512	4	-8.823297	-9.824510	-4.186070	0.441610	-8.287912	-5.602514	-2.856024	6.501132	2.321444	0.441286	2.299281	-5.602387	-6.438966	6.501132	2.321444	-4.331818	2.299281	-6.346853	-12.406905	-9.824510	-4.186070	-4.331360	-8.287912	-6.345784
3540	4	2.285101	-1.920037	-3.796156	8.118721	-4.487850	7.895317	-4.647558	-6.421359	-4.478593	4.584661	-6.984251	3.594956	-13.375019	-0.949444	-2.795333	-7.104787	-4.289925	-8.874134	-16.495319	2.730318	6.733420	-10.487769	5.605031	-8.875076
3565	4	-16.358339	-6.488034	-1.230787	-3.932607	-9.563801	-10.617596	-11.662855	-6.488034	-1.230787	1.643602	-9.563801	-5.753712	-11.489335	4.103877	4.588302	-6.255533	7.066239	-10.612252	3.354108	-1.293287	3.995410	6.724377	5.013679	6.500581
3583	4	-7.099783	-12.287583	-7.989974	1.792617	-7.930244	2.031930	-11.457017	-12.287583	-7.989974	-6.001575	-7.930244	-6.189202	-7.172786	4.581479	4.518750	-8.909895	6.286222	-6.905174	3.366688	0.757953	3.912062	5.652624	5.021122	5.806662
3607	4	-14.240821	-10.908538	-6.713815	-11.716166	-9.619106	-12.764004	-14.497214	5.928538	5.263405	-13.579332	6.829411	-12.764004	1.335023	-10.966645	-6.713817	6.210070	-9.619106	4.912326	0.935167	5.909082	5.263390	4.345024	6.829406	4.749448
3624	4	-19.715914	-10.030329	-1.238107	-9.574694	-9.027826	-8.954037	-15.305835	7.230913	6.977014	-13.276537	7.985538	-8.954037	-14.301992	4.934039	4.154228	-11.142538	-0.739959	-8.954037	2.758471	1.477102	6.849738	2.684182	7.577756	8.071651
3635	4	1.226561	-10.636955	-2.877860	3.800021	-7.489155	8.890550	-15.135257	-6.316965	-2.877677	-6.433433	-7.489155	-9.637728	-18.720287	6.106041	9.079148	-12.709464	7.624873	-9.637731	1.209059	-8.607785	3.222686	3.412137	1.907910	8.885828
3654	4	-7.596911	-9.664507	-5.536150	2.050022	-8.246574	4.120700	-15.308281	-9.664507	-5.536150	-4.210058	-8.246574	-4.093596	-11.325595	7.632474	6.372514	-3.021477	6.988105	1.930776	-15.997293	7.632474	6.372514	-7.806553	6.988105	-5.432232
3693	4	-14.308670	-4.204883	-6.375457	-5.912864	-6.724876	-9.757610	1.407847	-4.532403	-6.375464	1.912781	-6.724876	5.568710	-11.194430	1.872774	0.059071	-5.912866	-2.544538	-9.757610	-16.274347	9.268261	6.378206	-9.419949	7.888081	-9.758188
3723	4	-11.548150	6.410838	6.543503	-15.077719	7.149827	-4.068749	-15.877116	-7.495110	-5.958297	-8.944052	-11.324221	-4.068749	-10.968863	-7.495110	-5.958297	2.528820	-11.324221	0.097784	-7.250923	-7.495110	-5.958297	2.530838	-11.324221	6.058635
3743	4	-16.601667	-10.331520	-7.367715	-6.604573	-6.944620	-8.278187	2.372033	-11.119850	-7.367715	4.917851	-6.944620	7.051225	-16.802325	8.533054	4.846363	-8.885797	6.241032	-8.605630	2.164945	7.903778	4.846363	2.103762	6.241032	6.625998
3745	4	-18.153816	-12.684691	-1.621176	-7.915875	-10.711452	-9.090248	-17.766480	-1.433414	3.327756	-8.446402	-8.672472	-9.090248	-19.703889	5.208238	8.502160	-11.768024	4.959228	-9.090248	-19.703855	3.706216	7.542832	-11.024678	1.637687	-9.090248
3750	4	4.050269	6.420155	7.388710	4.257299	7.254625	5.446879	-7.091512	9.187430	7.388710	-10.753712	7.276452	-9.303442	4.128704	-5.804866	-0.794882	6.833654	-9.890091	5.449008	-2.360136	-2.932206	-0.785229	-6.374095	-7.894800	-9.254348
3788	4	-4.435348	-7.660514	-3.692877	3.470392	-8.385366	4.630059	-7.033532	7.642221	5.822361	-0.023629	7.957446	4.622536	-15.719108	-7.660507	-3.692877	-4.768156	-8.385365	-7.607211	-16.787878	7.642221	5.822361	-8.232772	7.957446	-7.607281
3805	4	-16.793015	-10.303890	-1.702522	-10.524930	-8.174973	-7.578962	-11.362495	1.529846	1.053814	-10.525409	-4.844922	-7.578962	-14.279871	6.753453	7.247366	-11.314565	7.647819	-7.578985	2.213544	5.812933	7.247366	4.999902	7.646773	5.310140
3825	4	-14.554393	7.013066	5.925936	-15.778463	9.117917	-9.073579	-17.401885	-5.739720	-4.586228	-13.254607	-6.215276	-9.000400	3.224872	2.249791	5.536395	4.212585	9.117916	5.728991	-11.477513	-5.739720	-4.586228	-1.147489	-6.215276	2.763337
3850	4	-16.346892	7.546814	7.846374	-13.665512	6.264337	-7.902931	-7.233119	-8.441025	-2.868026	2.097685	-9.380006	2.649481	-14.731083	-8.441022	-2.868026	-8.692075	-9.380006	-7.319770	-15.412151	2.418416	3.223732	-10.806459	-1.951732	-7.761427
3869	4	-7.117899	-11.370654	-3.703473	2.078225	-11.322198	5.774885	-15.236345	-11.367083	-3.703473	-1.433698	-11.322198	-2.077001	-12.879521	6.970839	8.138262	-6.879986	7.069169	3.742011	-18.129545	6.970904	8.138262	-10.392842	7.069169	-2.246924
3912	4	-14.067395	6.621562	8.139518	-15.616809	6.789522	-13.160517	-10.257008	-10.140651	0.561161	-9.361803	-6.234113	-13.160517	3.387039	-12.593471	0.532573	3.273964	-6.234237	-0.158914	4.197183	-13.664882	0.529184	8.013041	-6.234251	6.210794
3913	4	-9.789053	7.603290	3.852374	-11.576609	5.991997	-4.196097	-12.868165	-4.916871	-4.338279	-10.944491	-4.838264	-4.196103	0.505942	-4.917037	-4.338280	4.533374	-4.838264	4.844126	3.743578	1.558885	3.367585	4.373345	5.817558	5.402402
3921	4	-13.601152	2.793360	1.177852	-9.802063	-2.147893	-10.402465	-16.271797	6.996547	6.436227	-16.341357	4.658129	-10.403028	-17.030414	-9.804803	-2.633663	-9.802057	-8.957259	-10.402465	2.658373	1.237822	1.006354	5.275921	-2.338001	5.908333
3936	4	-14.421815	-7.772179	-3.434550	-11.449270	-9.532994	-10.490060	2.365104	-11.745182	-3.434550	5.832885	-9.532994	6.834685	-14.048157	7.348028	5.899495	-15.350332	5.019663	-10.490060	2.439548	3.184834	5.899437	2.276526	5.019000	6.837342
3956	4	-16.816178	-9.045983	-5.593585	-10.166988	-10.984351	-6.726798	-10.597780	4.000248	-0.036482	-10.147302	0.846662	-6.726787	-0.164539	-12.361671	-5.593586	4.256207	-10.984651	6.016695	-14.368887	6.048885	5.035622	-13.026722	4.601466	-6.726798
3967	4	-11.316490	5.775988	5.237317	-10.385280	5.766905	-8.576769	-12.122463	-10.742972	-7.664365	-7.160360	-3.134975	-8.577604	-0.099981	5.775316	5.237294	2.378212	5.766905	4.004922	-2.255459	-10.742974	-7.664365	4.391283	-3.134975	3.076951
3971	4	-12.854387	7.585743	7.081212	-12.577806	6.872323	-11.803940	1.792662	-9.278972	-3.188049	6.992965	-5.294431	6.081218	-13.825016	-7.685204	-3.188048	-8.484578	-5.294431	-11.807590	2.803389	4.511470	7.080566	2.963946	6.872320	6.378710
3974	4	-14.371555	7.037252	6.859639	-14.679641	6.840741	-2.301218	-17.265735	-7.075849	-5.440648	-8.855559	-11.319507	-2.300925	-7.399384	-7.077956	-5.440648	3.095367	-11.319507	4.181041	0.368889	6.642222	6.859639	3.572618	6.840741	5.366481
3975	4	-15.486173	-4.367590	-1.874691	-11.199320	-8.382481	-9.125156	-14.403396	2.568013	4.535677	-12.697303	-0.804053	-9.125156	-18.491317	8.423682	8.125302	-13.812498	6.239608	-9.125156	-4.557442	-4.367590	-1.874691	2.216316	-8.382481	3.620277
3998	4	-7.789435	5.250987	8.148092	-11.752193	8.269649	-4.964592	-4.087041	-10.182704	-3.098122	2.437081	-7.913032	-0.551084	-9.284768	-10.182681	-3.098122	-9.631800	-7.913032	-4.964592	3.006505	0.095355	5.603816	5.493277	6.984548	6.203743
4003	4	1.860252	-9.055476	-7.157866	4.972783	-10.988337	7.046526	-13.896683	-7.551273	-7.150319	-12.005378	-10.988215	-10.817245	-11.294163	6.877288	4.327586	-12.899072	7.109817	-10.900663	5.016751	1.265906	4.228653	-1.085987	7.092555	6.956013
4005	4	-12.386038	-2.596213	-0.028397	-7.544077	-10.588908	-8.413390	-7.477492	3.475028	1.063962	-7.566709	-7.729053	-8.412236	-13.253173	6.493140	7.479039	-13.831409	3.778526	-8.413391	-0.745105	3.071111	1.063961	2.656246	-7.729245	0.038353
4013	4	-14.950661	-4.055077	8.548326	-12.255812	-0.146345	-8.255531	-10.764760	4.980756	8.715095	-12.361886	6.544918	-8.255531	-9.109397	-10.457567	-3.827679	-8.574481	-6.267184	-8.255527	-2.399502	-10.513359	-3.827679	0.873347	-6.267184	4.722367
4015	4	-13.532363	6.028977	6.803877	-12.824588	5.802810	-10.740816	1.789279	-11.314776	-3.671271	3.372960	-11.845159	6.332281	-14.848143	-2.036139	-2.246978	-11.286248	-7.549502	-10.740816	3.797317	2.856288	6.802919	3.538800	5.801251	6.624311
4020	4	-15.781512	7.987657	6.211884	-17.341541	6.504364	-8.959569	-13.340165	-3.393720	-0.325227	-12.133406	-10.130031	-8.959569	-11.943376	1.851925	0.987590	-12.153850	-4.160946	-8.959569	2.541208	-4.010217	-0.520031	6.394578	-10.137382	4.526866
4039	4	-10.572828	-9.726947	-2.787768	4.873131	-6.884524	1.133127	-18.449852	-9.726796	-2.787768	-6.169208	-6.884524	-9.421398	-17.728203	6.202013	6.697813	-10.209066	4.455355	-9.421410	-14.194149	-9.726807	-2.787768	0.672289	-6.884524	-6.147784
4073	4	-12.668275	-6.429397	1.200168	-10.700983	-5.512288	-6.596270	-11.127610	7.125019	9.306598	-15.460932	6.020465	-6.596270	-6.396679	3.959163	4.182593	-12.155313	-0.306101	-6.596269	-5.531876	-6.429397	1.200168	0.503484	-5.512288	4.070637
4075	4	-9.771446	-12.604123	-4.489914	-5.506094	-10.229133	-10.760512	-12.732773	3.577865	6.623002	-8.652145	6.588930	-11.647836	-3.467903	-12.604127	-4.489914	0.813388	-10.229133	-6.363092	2.471483	-16.844482	-4.489914	5.391948	-10.229133	6.159117
4079	4	3.737861	-8.466626	-6.860085	8.067029	-9.032892	5.727115	-10.671910	-6.578857	-6.860080	-9.723256	-9.032862	-10.835880	3.581630	6.161754	4.387251	5.861366	7.099328	5.688196	-10.828613	7.943210	4.387251	-11.896378	7.099330	-10.837408
4089	4	0.601868	-15.175432	-6.545932	3.316643	-9.656614	1.365383	0.606097	-15.177237	-6.545941	3.326114	-9.656614	6.449249	-14.111530	-14.350907	-6.540319	-10.878532	-9.656613	-5.039475	-10.722717	3.552978	4.816398	-14.305853	5.923682	-5.039475
4130	4	-12.444645	-9.267941	-1.258355	-9.344871	-9.404634	-5.125643	-12.495899	7.175842	9.220899	-13.709005	6.114021	-5.125643	-10.871596	1.355518	5.150129	-10.856894	0.104495	-5.125643	1.190226	0.759136	5.140357	2.843202	-0.566969	2.319385
4146	4	1.066149	-9.567444	-3.082715	9.144263	-11.040928	4.380085	-14.418807	-9.562070	-3.082715	-7.791985	-11.040928	-10.517501	-14.321225	5.804278	7.055198	-13.942546	5.371465	-10.517441	1.123119	5.797470	7.055198	2.998441	5.371465	4.408594
4199	4	1.814142	-9.837891	-5.353177	6.472229	-10.391468	7.191894	-10.541069	6.231018	5.935854	-11.100744	6.110803	-9.236887	-9.765935	-7.381727	-5.353177	-5.976419	-10.391468	-9.222928	1.076964	5.647344	5.935854	1.265455	6.110803	6.690865
4219	4	-10.770559	8.708776	7.512534	-16.344558	6.861939	-7.656839	-9.129908	4.461523	1.168095	-12.531482	-2.870284	-7.653347	4.929732	2.973628	7.511147	2.454816	6.861933	6.062590	-15.727574	-7.154508	-3.899617	-12.531343	-11.210027	-7.653354
4220	4	-13.607986	-9.832066	-3.948536	-8.686649	-9.479332	-8.362443	-8.856405	6.173166	3.752753	-11.398318	5.887868	-8.715497	-2.824719	-9.931784	-3.948536	2.931753	-9.479332	3.737996	3.950260	2.420651	3.750741	6.027670	5.886995	6.277582
4238	4	-4.555037	-9.644631	-4.541570	4.727348	-11.991730	4.106749	-14.829187	-9.633824	-4.540139	-5.102260	-11.991730	-7.874488	-4.419857	5.990332	6.215671	1.346420	4.407517	4.159836	-14.710172	6.002197	6.215743	-8.300670	4.407521	-7.874433
4242	4	-14.511939	4.393000	5.163334	-13.070809	5.294418	-8.993659	-18.064866	-12.442908	-5.958110	-7.687072	-6.362217	-8.993658	-11.907553	4.344931	1.628306	-8.808683	0.236907	-8.993659	3.550036	0.560114	4.614452	3.679065	4.348482	7.268471
4302	4	-7.432790	-11.681579	-4.476435	4.883109	-11.911842	5.705957	-18.462948	-11.681579	-4.476435	-6.905983	-11.911842	-5.834604	-16.048775	6.005027	5.395836	-8.709371	5.640233	-5.834604	0.183244	5.604408	5.395836	2.993066	5.640233	6.965880
4311	4	-9.173253	-8.974775	-5.353476	-4.824391	-11.184948	-7.913185	-13.815621	8.042708	5.665266	-11.230398	4.676292	-7.913319	6.122808	-11.643329	-5.385208	7.503343	-11.184953	6.750069	-3.559028	-9.124917	-5.357159	2.632537	-11.184949	-2.351988
4351	4	-6.064199	6.421563	6.671816	-13.909510	8.753599	-2.160889	3.316235	-16.605683	-1.945928	6.742244	0.773867	7.713492	-8.349303	-10.119887	-1.199502	-1.574871	0.773873	-1.583334	3.175889	-10.579728	0.740295	1.526054	5.018724	7.610617
4352	4	0.514251	0.195706	-2.912105	3.899811	-6.529038	6.563879	-12.192567	5.935450	3.503472	-6.398678	6.066179	-8.189495	4.089009	0.935227	3.499014	4.880772	5.303631	6.743537	-13.224277	0.711126	-2.911763	-5.802875	-5.563025	-8.240896
4391	4	-10.319305	7.858968	8.438819	-11.976869	6.478578	-10.695578	-8.744375	-9.074710	0.097984	-8.261781	-7.361521	-10.695575	-11.757229	-4.553154	5.745580	-9.941615	-1.496716	-10.695578	2.187995	-9.583483	0.096096	8.924257	-7.362010	5.867250
4413	4	-6.344484	-5.589135	-3.915664	-2.138218	-8.047407	3.177386	-12.588089	4.270739	6.229445	-14.144468	7.972935	-6.160607	-12.251944	-5.391309	-3.915664	-8.149910	-8.047406	-6.159463	-4.968110	-5.856797	-3.915664	1.386672	-8.047408	3.671404
4417	4	-16.487553	-9.223792	-6.069482	-9.736141	-8.558923	-3.520505	-5.452061	-9.223818	-6.069482	2.069342	-8.558923	3.814544	-14.692210	5.019361	6.117742	-15.432563	7.631467	-3.520505	2.511440	4.011472	6.117690	2.347700	7.629579	6.739129
4444	4	-14.430431	6.717592	8.609850	-11.190143	8.178090	-5.853770	-3.251911	-10.274005	-2.886374	2.372480	-8.979242	1.632421	-10.610678	6.717592	8.609850	-7.024543	8.178090	0.253820	-13.846997	-10.272480	-2.886341	-5.130950	-8.979242	-5.852433
4452	4	1.868616	0.188444	5.854613	3.787057	7.874266	9.520914	-13.328500	5.853989	5.856093	-13.581430	8.124306	-3.030902	-17.619989	-11.501617	-5.768858	-10.273375	-8.385261	-3.030902	-5.345109	-11.501671	-5.768858	1.989554	-8.385261	5.971157
4464	4	-4.414635	-10.088686	-4.902751	3.139014	-11.348290	4.195068	-15.447609	-10.074275	-4.902749	-11.531929	-11.348290	-11.482152	-14.958263	7.212904	6.858185	-13.773080	5.699696	-11.479500	-3.937216	7.192881	6.858184	2.013329	5.699696	4.339949
4481	4	-15.044024	-8.799504	-4.576565	-5.449459	-8.484011	1.902808	-20.040854	-8.799504	-4.576565	-10.298955	-8.484011	-4.338646	-12.114872	6.508199	6.454448	-11.265178	7.513117	1.902808	-16.535981	6.508199	6.454448	-16.114672	7.513117	-4.338646
4488	4	-2.367501	2.206219	2.034122	2.565741	-6.443474	2.031218	-12.209890	2.206219	2.034122	-10.754459	-6.443474	-0.767822	-18.159987	8.376482	7.012880	-15.995803	4.880167	-0.767822	-18.012533	-5.114838	-3.908044	-10.754212	-11.949407	-0.767822
4494	4	-15.209567	-8.210394	-7.919703	-10.329027	-6.987606	-9.164403	-12.112301	5.426740	4.892158	-12.051367	6.898657	-9.164403	-5.483268	-8.210394	-7.919703	0.767876	-6.987606	2.994432	1.088201	-11.882131	-7.919704	0.961322	-6.987609	5.568098
4513	4	-15.944402	-5.388022	-3.320823	-12.466790	-8.775219	-5.317972	-15.037680	3.839075	5.678981	-16.691856	0.585866	-5.317972	-15.037723	5.322743	5.791400	-16.701994	4.318731	-5.317972	-16.382880	-0.956136	5.509914	-16.667464	0.561671	-5.317972
4545	4	-9.111951	2.897796	3.884669	-10.235343	7.311372	-7.029491	-14.410969	-12.255556	-3.484988	-9.752359	-10.050396	-7.029491	0.249324	-12.263655	-3.484988	7.650305	-10.050396	3.540117	-6.186492	-12.255556	-3.484988	2.168702	-10.050396	3.501320
4580	4	-20.180290	-16.545684	-3.569722	-12.326156	-11.447096	-5.502393	-7.263356	-16.545684	-3.569722	-0.539316	-11.447096	3.575152	-17.016668	2.383188	5.065890	-13.264360	5.219101	-5.502393	-3.653987	2.383123	5.065876	0.512083	5.219095	3.575154
4585	4	1.814617	-9.829889	-3.856989	3.912842	-9.839304	5.888036	-0.257756	-5.980340	-3.856988	-6.628209	-9.837602	1.930297	-8.440730	-4.995750	-3.856986	-8.110640	-9.826172	-4.351954	-6.851339	6.635817	5.766368	-13.140041	4.662108	-4.351954
4600	4	-19.188014	-7.544585	-5.560750	-7.534211	-3.998253	-10.882427	-16.114373	8.762483	5.334521	-10.820004	8.247801	-10.882273	2.492660	7.576527	5.334521	3.849350	8.246780	5.678375	-9.436555	-7.545132	-5.560750	2.809028	-3.998255	1.115922
4605	4	-16.089527	-5.963503	3.049800	-2.785680	2.953710	3.112650	-16.807894	3.499739	8.900480	-13.491672	9.699964	-6.565355	-11.069047	-5.963603	3.049799	3.615417	2.953707	3.666360	-21.461024	-5.963500	3.049800	-9.385993	2.953710	-4.826776
4645	4	4.896452	1.694035	3.517755	4.953753	5.245959	6.673386	-12.165439	-2.484150	-4.401387	-11.160940	-5.713923	-10.637639	3.241951	-8.146011	-4.740340	5.884758	-8.814621	6.674402	-11.077003	6.236271	3.863476	-12.491926	5.285438	-10.637650
4706	4	-14.387994	8.049264	8.885456	-12.063836	8.515439	-9.527145	-9.492790	-8.461562	-3.422625	-2.261030	-3.835185	-9.519409	5.833518	-13.660435	-3.601249	7.365950	-3.835187	6.586700	-9.469115	-0.607590	2.763233	-2.272766	-2.104704	-9.519736
4750	4	-15.535002	-12.698159	-8.101736	-6.767613	-8.755581	-7.493756	1.655672	-18.975293	-8.101738	5.257388	-8.767938	5.894727	-12.211459	5.208205	3.448973	-6.823142	4.985322	-7.493759	1.305999	-18.962460	-8.101738	1.766720	-8.767937	0.497535
4800	4	-15.728771	5.576270	8.646266	-11.807924	5.938349	-10.115468	-13.566426	-8.545181	-4.065599	-4.492998	-12.600807	-10.112382	-15.582549	4.667030	8.372233	-11.807451	-0.623449	-10.115373	2.740257	-1.828938	2.396287	8.653049	4.233901	3.299236
4847	4	-15.809983	-10.473152	-2.478204	-9.458594	-9.148923	-8.558392	-11.254498	8.129596	5.519880	-13.624442	7.866234	-8.558392	-5.331854	-10.473296	-2.478204	1.760687	-9.148923	4.462774	4.894395	2.495611	5.519101	2.617505	7.864004	9.686282
4872	4	-6.212038	-11.420405	-5.324190	6.742174	-10.874363	4.813355	-3.114701	4.200991	4.102403	6.040320	8.023654	6.947239	-15.785403	-11.420200	-5.324190	-4.162804	-10.874363	-7.868219	-12.773876	4.215911	4.102405	-4.932834	8.023655	-7.681298
4883	4	-11.416909	7.328613	6.499067	-10.114068	6.373879	-11.344281	1.154113	-5.710679	-0.069041	4.937867	-9.109609	6.553715	-11.367709	-5.589205	-0.068171	-6.900456	-9.109528	-11.344281	1.470904	7.056083	6.499067	2.067987	6.373879	6.606491
4897	4	-18.509123	-7.520711	-4.810506	-9.623028	-11.074311	-6.463851	-15.080219	6.974361	4.600409	-12.171943	6.287327	-6.463857	3.184510	5.270021	4.598353	2.391527	6.255935	7.621601	4.415110	-0.584815	0.303450	4.937298	2.159059	7.661195
4920	4	-12.149185	9.124246	6.209763	-15.975675	6.285854	-9.523138	-11.044651	-8.260203	-5.982971	-13.946061	-11.719131	-9.516396	1.732339	7.458389	6.209631	3.073193	6.274750	6.175822	2.837611	-13.174404	-5.987559	5.200802	-11.917724	6.737204
4925	4	-16.777520	-9.372436	-5.680709	-4.024511	-11.328956	-8.552511	-11.055436	-9.375272	-5.680709	4.853104	-11.328956	3.802666	-13.682191	-9.372850	-5.680709	2.935996	-11.328956	-2.107330	-20.014820	3.767034	6.526862	-10.650551	4.711876	-8.563473
4971	4	-17.498850	-7.638337	-8.578484	-9.083300	-7.649731	-8.423135	-6.551770	-7.641185	-8.578484	3.170956	-7.649731	3.953840	-11.886769	4.468356	3.316507	-9.092934	6.279576	-8.423135	4.977099	0.762083	2.342732	9.527049	6.062860	7.010480
4982	4	-15.283438	-5.240854	-5.377028	-11.796289	-6.221708	-13.218188	-14.939429	7.402424	6.075841	-15.039903	7.356745	-13.218188	2.074163	-5.960911	-5.405460	5.360827	-6.222042	5.402455	2.811890	6.379664	6.075556	2.120343	7.356732	5.436445
4983	4	-13.397284	7.560088	6.212924	-10.897158	8.105057	-10.424752	-14.323712	-2.494991	-0.508258	-6.205324	-8.071606	-10.421757	2.219184	5.398634	6.212918	2.713713	8.105056	6.430224	1.025089	-2.890019	-0.673842	6.017563	-8.074306	6.379849
4984	4	-4.458721	-5.612881	-6.072295	1.637702	-13.431376	3.124351	-8.380631	0.438723	-1.705241	-10.123918	-7.459974	-6.219882	-13.548698	-5.612881	-6.072295	-9.936749	-13.431376	-6.219882	-8.055195	2.935193	3.045703	-15.921590	0.771740	-6.219882
4992	4	-16.372701	-15.582787	-5.174225	-12.410452	-6.868091	-8.880201	-7.824675	-15.583797	-5.174225	0.300314	-6.868091	2.073850	-20.193930	2.809416	7.120094	-16.163273	7.416605	-8.880201	2.897205	-16.702107	-5.174225	4.797083	-6.868091	7.594448
4998	4	-9.382702	-12.370476	-3.508656	-10.239448	-9.469840	-8.462995	-8.718704	4.421288	6.154351	-13.243891	6.632035	-8.419895	0.162433	-12.370912	-3.508656	4.867402	-9.469840	5.238171	0.855332	4.416631	6.154351	2.719513	6.632035	5.591666
5024	4	0.107282	-7.469763	-6.526570	6.579566	-10.447694	3.975886	-16.911462	-7.436847	-6.526525	-10.479151	-10.447447	-6.210386	-15.144251	6.139263	4.122367	-11.626797	3.478519	-6.210386	2.016482	5.058728	4.121205	7.164722	3.477314	6.108742
5078	4	-14.289889	6.225443	6.488933	-11.295880	7.283901	-6.487994	-5.184236	-12.919126	-4.584839	2.709528	-7.423421	4.037024	-16.852272	-12.919023	-4.584839	-5.910523	-7.423420	-6.487915	3.286979	2.825505	6.488474	2.946664	7.214158	7.229146
5081	4	-5.651082	4.883426	4.492837	-12.549580	6.396267	-10.676040	-8.489138	-13.994831	-8.060665	-9.093102	-10.065280	-10.972848	3.587820	-17.974629	-8.060665	7.177353	-10.065280	6.997119	0.815225	-14.075054	-8.060665	1.338395	-10.065280	5.702195
5109	4	-2.348189	-5.195982	0.671435	4.045338	-9.550316	2.996372	-14.979739	5.786257	6.433702	-13.884533	7.375836	-8.097442	2.128809	-5.794263	0.551746	4.466200	-9.551673	5.414366	-13.268470	-5.195979	0.671436	-7.532344	-9.550316	-8.097014
5124	4	-6.383693	4.451543	4.977836	-13.313941	-0.411562	-8.981179	-8.147558	-7.847229	-2.717752	-10.209413	-12.254378	-8.981192	-8.024435	6.454670	7.233875	-13.930647	3.689676	-8.981192	1.520176	6.293116	7.233841	3.205303	3.689544	6.700125
5165	4	2.803854	-10.870127	-8.310931	6.599416	-13.416696	5.597979	-11.786622	-9.657150	-8.310931	-10.821466	-13.241916	-11.986882	-11.361605	7.311366	4.593169	-11.646654	5.168958	-11.982146	3.229078	5.850100	4.593167	5.774242	5.163947	5.700251
5229	4	-14.656359	1.472160	-1.608320	-11.427408	-2.980963	-7.584672	3.636734	-9.644480	-5.123915	4.870695	-9.197622	9.182710	-14.861484	-4.097927	-5.123914	-11.408240	-9.125488	-7.584672	-16.932482	7.672699	4.435233	-12.370298	7.813470	-7.584672
5253	4	-4.057785	-7.308645	-7.951585	1.850674	-7.381119	3.983361	-16.510559	-7.308636	-7.951585	-9.481557	-7.381119	-9.148888	-12.143205	8.425440	3.083296	-9.663294	5.366154	-9.130098	3.455748	4.404130	3.080540	5.661762	5.365095	7.503294
5260	4	-6.466919	4.784287	5.206379	2.660392	4.686063	3.574666	-15.903151	-12.156925	-7.433701	-3.461180	-3.090415	-6.250133	-7.886102	-12.156925	-7.433701	7.039884	-3.090415	3.574620	-17.205679	4.784287	5.206379	-7.841952	4.686063	-6.269778
5318	4	-11.258483	7.717633	6.111553	-18.920822	6.820611	-3.694553	-7.688555	-9.205002	-5.335273	-12.753266	-7.845375	-3.589512	2.959511	-10.988534	-5.335273	-2.663535	-7.845375	5.337527	5.332801	-13.129178	-5.335273	4.218202	-7.845375	7.199933
5328	4	-13.323326	6.293406	5.643541	-15.454557	6.383362	-5.591154	-15.795304	-5.903000	-6.894076	-12.602238	-10.453570	-5.591153	3.215961	2.269894	5.636701	2.061336	6.378197	8.218254	-1.355272	-5.903005	-6.894076	2.263919	-10.453570	4.449961
5337	4	-13.708260	5.613656	3.747763	-9.813595	4.697575	-5.788065	-6.324053	5.613656	3.747763	-0.249219	4.697575	3.539975	-8.900954	-5.354783	-5.827103	1.106143	-11.148368	3.540005	-18.992301	-5.354783	-5.827103	-8.508799	-11.148368	-5.788065
5343	4	-10.851667	-11.195217	-6.411609	3.256692	-9.614587	-1.296198	-14.337598	7.567531	6.127687	-10.588623	6.038313	-6.074282	-14.375289	5.489388	6.123521	-10.588608	0.991961	-6.074287	-17.240109	-11.195217	-6.411609	-4.440754	-9.614587	-6.074098
5362	4	-12.045950	6.033906	6.201186	-11.799717	7.087845	-8.294645	2.034675	-12.164433	-3.913338	7.511746	-9.761564	5.771252	-8.198716	-11.807306	-3.895101	-3.302008	-9.761563	-8.289189	-5.170399	1.434718	1.736243	-3.303847	-3.675383	-8.289196
5379	4	-15.171004	-11.618883	-5.227442	-9.065622	-8.965655	-9.569825	-12.470513	6.727051	5.487346	-12.085401	6.065599	-9.570066	2.453500	0.692237	5.433382	3.198255	6.022151	4.135058	-9.678634	1.906538	0.374437	-10.480593	-2.808140	-9.570036
5387	4	-14.919005	5.307067	2.892934	-7.511370	-2.728799	-5.563146	-17.737370	-1.407803	0.244182	-7.210634	-12.298551	-5.572947	2.930498	2.964066	2.873915	3.015643	-2.761810	7.013526	-20.684661	7.994296	6.736109	-9.325159	4.241462	-5.574936
5400	4	-17.895305	-5.556022	-4.166585	-4.764374	3.586412	-9.484501	-16.953049	0.902199	1.799844	-4.947150	8.418006	-9.512345	-18.904067	1.664656	2.720462	-5.094457	8.426458	-9.526711	2.202517	0.018810	-1.397013	8.481591	8.193252	4.924412
5413	4	-9.503850	-7.309602	-4.218367	1.747425	-6.640485	4.223728	-8.389904	6.315839	7.638212	1.007084	8.344085	3.468592	-18.342518	6.316563	7.638212	-9.769622	8.344086	-2.448354	-19.685918	-7.309267	-4.218367	-9.368238	-6.640484	-2.448356
5415	4	-11.044963	-3.994861	-2.524071	-4.585027	-12.242363	-7.289798	1.876740	-6.769588	-4.388547	6.926335	-12.428153	6.166137	-11.073004	6.697329	4.877499	-6.511624	6.421268	-7.289809	1.845780	3.967418	4.859678	5.057519	6.400643	6.160443
5424	4	-13.696424	-9.885638	-5.551534	-7.365948	-7.761201	-6.749125	-5.653864	-9.886375	-5.551544	1.827709	-7.761202	3.979464	-0.770127	2.768786	5.104627	6.651305	8.161980	4.761018	-8.878305	6.294405	5.372155	-9.033820	8.229316	-6.745167
5446	4	-13.859543	6.148123	5.945461	-14.079150	8.809642	-11.783356	-12.758307	-8.498425	-2.597989	-10.755142	-7.142571	-11.783356	2.219203	-12.713612	-2.627422	6.408548	-7.142571	6.500421	1.260069	1.829920	5.807517	2.711253	8.774310	4.556254
5491	4	-14.377987	5.832050	6.027371	-11.310784	7.867157	-7.791386	-5.336354	-5.224710	-3.951684	0.969854	-5.389610	2.355843	-15.592930	-5.224710	-3.951684	-8.674536	-5.389610	-7.640124	3.088306	4.564468	6.027371	4.486506	7.867154	9.117410
5499	4	-15.603126	6.141517	7.788436	-11.982779	6.790134	-7.899259	-15.880741	-2.451776	5.427906	-11.980233	-5.515528	-7.899342	-12.165351	-7.436531	-4.208947	-7.948383	-10.453453	-7.894587	2.927970	-13.053638	-4.245319	7.689580	-10.453453	4.927648
5506	4	-6.891122	-11.136017	-3.456325	0.586589	-9.811036	3.201688	-18.931603	-11.136017	-3.456325	-9.944670	-9.811036	-6.982417	2.481679	0.211603	7.666620	1.892353	5.885504	9.422902	-13.493319	3.907895	9.325096	-14.330447	6.740306	-6.982417
5544	4	-9.538009	-9.472964	-5.577020	-2.522228	-8.840926	-9.742915	-11.879045	6.393389	5.709721	-5.987840	5.711227	-9.830329	1.835059	-9.607492	-5.577023	6.708991	-8.840927	8.887791	-2.117779	-9.472966	-5.577020	3.114860	-8.840926	3.364343
5564	4	-14.485349	-9.472634	-1.408670	-4.255364	-9.717962	-3.051978	-8.855809	6.787090	3.568078	-6.445619	5.753300	-2.965720	-2.652770	6.761835	3.568078	4.638631	5.752927	3.703784	3.863522	5.841943	3.568076	5.145406	5.733890	6.497023
5570	4	-16.093619	-10.435646	-6.401402	-5.628874	-7.750346	-8.887860	-7.184319	-10.438886	-6.401502	3.541209	-7.750347	1.953086	-15.556495	7.110908	5.303978	-7.479639	7.356635	-8.887860	-6.647575	7.106196	5.303935	1.660417	7.356612	1.920271
5578	4	3.641495	1.830015	4.359651	7.389512	3.646870	4.968220	-8.712561	3.529972	1.276695	-6.585892	-3.198203	-11.850844	-14.714659	-3.735371	-4.106387	-1.046604	-8.906271	-9.387629	-11.228674	7.790782	4.361833	-7.375067	4.229625	-12.072790
5596	4	-15.933146	6.841511	5.159467	-12.892215	5.998951	-6.808232	2.366032	0.266302	-0.809143	6.403048	-5.631144	6.505625	-12.963688	2.282747	1.577535	-9.874145	-2.139441	-6.808232	-16.521307	-4.423814	-6.692549	-9.874096	-7.814839	-6.808232
5606	4	-20.742601	6.989299	7.186216	-10.801394	8.545130	-6.533229	-22.515594	-9.503194	-4.292509	-8.209917	-7.097043	-6.533229	-8.729269	6.989299	7.186216	1.666386	8.545130	3.825561	-10.501083	-9.503194	-4.292509	4.224156	-7.097043	3.832917
5649	4	-11.830931	-1.225816	-1.864863	0.600377	-10.082949	-4.004297	-18.960121	8.508180	6.242571	-9.859456	6.088682	-9.035035	-5.194976	-1.225816	-1.864863	3.499395	-10.082949	2.825661	-17.539423	-1.225816	-1.864863	-5.592083	-10.082949	-9.034722
5654	4	-10.498967	-12.953924	-9.508482	-12.283424	-11.290192	-9.078510	2.529504	-15.346535	-9.508484	7.000484	-11.290193	7.002666	-3.224753	3.805945	3.568465	2.605383	3.218165	2.643545	-9.816895	3.805993	3.568466	-13.220198	3.218166	-9.078532
5656	4	-10.146837	6.954416	6.178592	-15.078901	5.436162	-8.401297	-6.256499	2.155434	1.156572	-9.650739	-3.955689	-8.401297	-11.962744	-9.034877	-5.565510	-9.650715	-9.560912	-8.401297	-5.722382	-9.034877	-5.565510	1.988027	-9.560912	2.759387
5678	4	-10.708811	8.436289	4.537881	-12.414872	5.426864	-7.095522	2.315416	-8.740041	-7.142778	5.328864	-6.884426	6.648451	-1.916437	-6.983853	-6.896584	2.934973	-6.882061	1.819687	-12.028060	-6.983820	-6.896577	-5.658815	-6.882060	-7.095511
5704	4	-14.754745	5.604245	7.437019	-14.676760	6.284085	-8.408988	-15.171396	-10.877556	-5.001438	-9.651991	-10.903425	-8.409388	-2.860906	-10.877556	-5.001438	1.283109	-10.903425	5.632468	1.952136	-11.556477	-5.001438	4.931293	-10.903425	7.060883
5706	4	-9.739005	-9.733930	-5.292837	-10.156527	-10.630703	-9.595505	2.899411	-14.538449	-5.383657	8.204837	-10.632263	6.358227	-10.632245	6.611838	6.878632	-14.904205	7.704970	-9.595511	2.005383	5.182277	6.855211	3.350680	7.704961	5.900999
5715	4	-13.556772	7.199912	5.373368	-14.478686	7.408944	-6.200277	-18.076455	-8.842494	-4.801056	-10.326071	-4.463851	-6.181200	4.113909	6.290406	5.373368	1.788331	7.408944	5.897065	-6.276703	-8.842494	-4.801056	2.405643	-4.463851	3.426379
5716	4	-11.552654	-10.418349	-4.148257	-11.195824	-8.927861	-7.972027	-6.141508	-10.418349	-4.148257	3.497340	-8.927861	2.099216	-10.501182	7.499079	6.624076	-15.233008	6.185340	-7.972027	1.037986	1.324538	5.876720	2.609462	5.823523	4.290563
5725	4	-10.713238	-10.029245	-5.353963	1.164905	-5.918294	-2.065474	-7.155147	-10.029245	-5.353963	3.999134	-5.918294	3.676633	-16.893393	6.036342	6.375065	-13.246093	6.794181	-4.918324	-17.322376	-10.029245	-5.353963	-6.993386	-5.918294	-4.918324
5745	4	-17.911954	-4.994864	-6.163251	-12.620232	-12.699840	-10.194945	-12.773423	6.570548	4.345809	-13.510306	5.859951	-10.194945	-11.633027	1.446793	-0.385462	-12.620300	-6.284630	-10.194945	3.377553	0.243572	4.205212	5.363841	4.224764	7.131223
5755	4	-5.620552	-12.863790	-4.617832	4.961721	-7.684438	2.968253	-2.528372	2.262237	4.990081	3.633439	1.129307	7.049343	-16.352541	2.645030	6.186176	-4.413767	6.649307	-5.674912	-3.955643	2.645030	6.186176	2.685723	6.649307	5.591603
5837	4	-4.881883	-6.062252	-6.384971	0.536940	-10.096337	3.353083	3.860661	2.355726	5.120719	4.856532	7.056652	9.231972	-12.615717	8.241872	5.120790	-12.813007	7.059101	0.524989	-15.745401	-6.062252	-6.384971	-10.885492	-10.096337	0.524989
5851	4	-5.240662	-5.697335	-0.926819	2.188738	-10.464845	4.277170	-14.943393	7.760909	7.196621	-13.117335	7.796483	-2.101917	-12.831538	7.760909	7.196621	-7.880142	7.796483	2.470715	-14.278070	-5.697335	-0.926819	-7.038232	-10.464845	-2.101917
5930	4	-5.527952	6.794367	5.276148	0.025569	8.729668	4.161754	-16.715252	6.817914	5.276148	-12.517244	8.729668	-6.850105	-17.758448	-3.751200	-3.032793	-11.587798	-6.221186	-6.850104	-6.477269	-3.765115	-3.032795	1.134886	-6.221309	4.334052
5934	4	-16.646059	-9.698821	-2.322390	-11.454417	-9.063133	-11.002757	0.175347	-9.701081	-2.322390	4.771617	-9.063133	5.172484	-16.175256	5.589999	5.759800	-13.615144	3.379787	-11.002649	0.760568	5.578560	5.759778	2.770638	3.379785	5.575459
5938	4	-16.226010	-5.014538	3.051095	-9.092876	1.803936	-10.563142	-16.341838	-13.638310	-1.348243	-8.614182	-6.212798	-10.563033	-11.949980	5.276336	6.902455	-11.180571	6.207511	-10.563251	-12.014853	-1.135483	5.300451	-10.119081	4.098950	-10.563230
6002	4	-5.857911	-9.135056	-9.046560	-10.724925	-13.352359	-10.307079	4.973762	-15.003844	-9.046560	7.226245	-13.352370	7.047706	6.912699	1.595790	2.594707	7.348990	2.770036	7.047844	-3.899420	7.806110	2.598440	-10.162240	2.776120	-8.904116
6019	4	-13.616155	7.516295	5.207595	-14.862829	8.067241	-7.163281	2.695479	-8.618711	-5.271489	3.895532	-8.255377	5.333305	-13.557895	-7.649129	-5.268362	-11.286169	-8.255125	-7.163281	1.616883	7.483324	5.207595	-0.277647	8.067234	5.301094
6055	4	-8.466252	-14.336153	-4.994696	-10.627255	-11.103013	-10.766451	3.007386	-15.893810	-4.994696	7.584744	-11.112517	6.500323	-8.896139	2.923772	3.595115	-15.923983	6.293466	-10.766451	2.151088	2.524726	3.592463	1.881146	6.269397	6.485435
6078	4	-8.038571	-12.207287	-1.949077	-6.179867	-8.132365	-9.044857	-9.138905	5.129523	7.973722	-12.306672	3.902890	-10.419955	-3.116229	-12.207299	-1.949077	2.657447	-8.132365	4.749847	3.366882	-14.771588	-1.949077	6.725353	-8.132365	6.377671
6083	4	-15.254529	-13.921107	-5.077409	-8.874028	-3.230104	-3.323612	-10.034322	-13.921107	-5.077409	-6.965213	-3.230104	2.715444	-8.905231	3.120351	7.460929	-11.643754	7.616455	2.715444	-14.125438	3.120351	7.460929	-13.552567	7.616455	-3.323612
6095	4	-12.601926	3.693839	5.525586	-18.363548	7.036896	-11.494617	-12.410677	-11.716240	-6.825088	-12.349296	-6.178890	-11.494617	3.217912	-13.774042	-6.854482	5.481218	-6.178890	5.328035	-12.426627	-4.869968	1.313258	-12.354639	3.695493	-11.494617
6101	4	-5.125678	-12.406183	-7.160764	5.565803	-9.665222	5.768002	0.579529	-12.492693	-7.160764	5.731317	-9.665222	8.650315	-14.435332	-12.406183	-7.160764	-2.624921	-9.665222	-7.518871	-13.751766	3.657778	5.829918	-8.913818	5.930346	-7.538005
6104	4	-9.671249	8.047661	7.168862	-8.342030	7.767695	1.287435	-2.609377	-8.795817	-5.008239	6.411117	-1.065306	6.117597	-4.261450	8.047657	7.168862	3.110860	7.767695	5.924313	-2.609724	-4.390156	0.867695	6.316967	1.923669	6.117528
6117	4	3.515801	2.282167	4.844584	3.643160	8.222358	7.330821	-17.764126	-4.284481	-4.658812	-9.540931	-8.420713	-8.833576	-14.107962	8.401973	5.056266	-11.369930	8.244588	-8.986000	-0.631863	-8.026953	-4.676372	4.581956	-8.428725	6.026955
6127	4	-18.117902	-8.950157	-5.849501	-7.710070	-6.186315	-11.586317	-13.178453	7.643194	5.597316	-11.252382	6.308719	-11.586317	-12.181223	2.156357	0.760810	-7.710322	1.116007	-11.586317	3.344871	3.374278	5.597315	2.370242	6.259848	-0.600568
6140	4	-17.182021	7.035326	5.775488	-14.598561	8.352301	-2.994663	-11.996304	7.035326	5.775488	-10.779374	8.352301	2.296162	-20.608033	-7.319978	-4.430776	-10.932440	-8.367639	-2.994663	-12.879785	-7.319978	-4.430776	-5.850337	-8.367639	2.297054
6170	4	-14.846738	-11.531722	-8.205184	-7.559229	-8.413458	0.482231	-15.211021	-11.531722	-8.205184	-7.825120	-8.413458	-5.383135	-11.866834	5.889776	4.605889	-10.591046	6.274927	0.482231	-12.231296	5.889776	4.605889	-10.857564	6.274927	-5.383134
6181	4	-14.148699	0.983590	0.610186	-11.372909	-2.723718	-4.695174	-20.043947	5.635159	6.824362	-14.713590	-0.228969	-4.695206	-19.867055	-8.002594	-5.032399	-11.137731	-4.882784	-4.695162	-20.236047	6.610144	7.047148	-14.876859	5.567900	-4.695206
6194	4	-18.335521	-8.431552	-10.056619	-10.912074	-8.121721	-9.029268	-12.421132	4.122504	-2.298503	-10.912074	1.130421	-9.029268	-12.500028	4.180519	0.718633	-10.912543	3.411002	-9.029268	4.545512	0.996174	-2.813852	4.603094	0.954875	6.818918
6210	4	-0.688184	-8.858240	-5.751368	3.441698	-8.912185	3.825012	-16.112222	-8.630061	-5.749312	-8.139305	-8.894743	-8.158454	-15.164233	7.774422	6.064566	-12.774620	6.122680	-8.158454	-7.387325	-8.632441	-5.749336	2.038272	-8.894939	3.824820
6218	4	-17.093534	-2.053275	-7.668232	-4.737404	-7.290698	-6.089198	-10.519651	-2.053275	-7.668232	1.499479	-7.290698	-1.880849	-7.865565	-2.053275	-7.668232	3.752775	-7.290698	2.549150	-11.661117	4.458295	3.709858	-5.108044	5.158267	-6.085929
6243	4	-12.723636	2.277510	1.138180	-8.779667	-5.504994	-6.802002	-18.778558	9.312136	7.698699	-15.094928	4.650001	-6.802002	-15.330579	-7.647647	-4.750208	-8.777926	-10.942642	-6.802002	3.403234	-11.307451	-4.750208	6.156224	-10.943937	7.039873
6293	4	-10.761530	2.946350	0.778439	-6.952450	2.601704	-6.205041	-11.479102	0.594508	-5.658351	-6.952262	-6.910126	-6.232678	-12.349722	-4.997324	-10.720793	-6.952262	-12.422140	-6.252447	3.224893	-8.502282	-10.722331	6.994761	-12.422146	7.020546
6307	4	-14.361373	5.951726	7.096558	-19.736068	5.080216	-8.809279	-17.435314	-8.586043	-1.493547	-13.217269	-12.452814	-8.809279	-12.225197	2.472419	1.920541	-13.217189	-5.846263	-8.809277	-1.039011	2.239934	1.913054	5.407445	-5.864443	4.405459
6322	4	0.696751	-10.833456	-6.068048	6.706990	-9.516341	4.202259	-11.970182	1.080564	0.443937	-8.392508	-4.740954	-10.033643	-16.403268	-9.557115	-6.068048	-8.392433	-9.516329	-10.033643	-18.104577	6.307964	6.804573	-13.047787	5.965840	-10.033771
6323	4	-15.227697	-13.542583	-4.282407	-8.248214	-2.304875	-7.226232	-6.547152	-13.542583	-4.282407	3.257246	-2.304875	4.486347	-12.822097	2.895254	4.754934	-10.064432	7.696459	-7.226236	-4.164624	2.895254	4.754934	2.466479	7.696459	4.482008
6358	4	3.518151	-6.232761	-6.875940	8.127818	-10.575978	8.622458	-5.166280	-3.633231	-6.875626	-7.922947	-9.016278	-9.977166	-6.698510	7.236584	5.318182	-10.026508	6.907519	-9.977166	3.986665	3.498095	5.317049	6.458924	6.907469	8.622493
6380	4	-11.941541	6.579795	6.280019	-12.710568	7.169917	-5.715265	-15.728994	-12.011539	-4.637024	-8.043179	-10.503554	-5.715264	-4.568682	-12.011539	-4.637024	3.430765	-10.503554	5.496758	3.208318	3.972503	6.271679	4.109129	7.169670	9.315573
6381	4	-9.474742	-0.567483	-1.923869	-8.408788	-6.046116	-8.494902	3.842268	-10.982721	-6.291472	7.223373	-8.593185	7.797034	4.776643	1.847147	4.523886	4.526394	8.218138	7.797024	-10.598832	7.023501	4.537583	-11.165393	8.227881	-8.494902
6403	4	-16.338972	-7.032100	-3.962076	-8.962376	-8.094646	-8.729245	-16.645059	7.410530	6.787144	-13.411303	6.629950	-8.729302	1.858266	-10.819291	-3.962076	7.413524	-9.100938	6.824703	1.446374	3.988670	6.787130	2.788092	6.582487	6.260568
6405	4	-10.403086	-10.114766	-2.686430	-10.531637	-8.581216	-10.072202	-11.103943	7.029014	8.351469	-17.065363	6.865641	-10.072202	-11.078628	6.019509	6.098519	-17.065363	1.029536	-10.072202	3.854558	-15.464930	-2.734076	6.569421	-8.581437	7.056024
6409	4	-14.886530	8.217560	6.582932	-12.488525	6.963645	-8.926955	-12.471476	5.788003	0.737873	-8.224021	-2.047185	-8.599571	-16.085037	-6.093347	-3.716809	-7.331741	-7.255033	-8.358765	4.088151	1.488422	0.733382	5.245597	-3.236875	5.749427
6412	4	-9.975128	5.575516	5.915328	-9.558331	3.853526	4.948195	-13.709111	-7.035430	-3.683611	-11.230336	-12.053233	-0.630226	-10.126293	-7.035431	-3.683611	-5.218652	-12.053233	4.948398	-13.472845	5.575516	5.915328	-15.570796	3.853526	-0.630164
6418	4	-17.160169	-2.720617	4.867507	-19.155276	-1.117314	-11.165148	-16.502250	-8.858307	1.621870	-12.707021	-8.240309	-11.165146	-12.973267	5.193458	8.205681	-19.159516	3.933118	-11.165148	-12.970275	3.995323	8.183305	-19.159504	0.827259	-11.165148
6456	4	-13.112161	-3.649834	-6.856478	-2.238634	-8.125886	-2.027919	-11.170679	5.980019	5.343458	-5.177946	5.641502	-4.464341	-7.756685	2.094911	-0.517832	-2.201680	-5.920039	-2.026921	-7.954056	2.325913	3.233527	-2.427895	0.113401	-2.027319
6486	4	-15.667720	-4.418623	-6.927764	-9.599552	-8.144218	-11.324590	-13.776709	6.857863	5.872889	-13.707590	8.211951	-11.324682	3.820165	2.965523	5.872889	4.542328	8.211916	6.662995	-10.422471	1.674645	-0.471006	-9.599553	-2.867042	-11.324590
6512	4	-17.406179	-8.704020	-3.521386	-9.652977	-6.725497	-3.845766	-4.010743	-8.704020	-3.521386	0.897279	-6.725497	4.264613	-15.214015	5.120505	4.964077	-12.033104	5.395381	-3.909423	2.462012	4.554303	4.960893	3.753883	5.395380	6.147720
6517	4	-13.293870	2.677113	2.650540	-6.570873	-4.886901	-9.579540	-18.955971	8.553217	6.064441	-10.846842	5.753250	-9.579578	-2.662964	2.677113	2.650540	1.779647	-4.886901	4.238435	-18.523008	-5.887792	-3.106066	-5.577917	-11.479999	-9.579317
6530	4	0.214856	-12.958887	-3.970248	6.824477	-7.320062	6.582270	-10.115038	-12.361334	-3.967927	-1.053133	-7.320062	-4.980009	-11.827804	4.820204	7.120010	-5.018473	6.719812	-11.040223	1.721849	2.560574	6.968257	3.977456	6.719811	7.961132
6559	4	-7.980267	8.072502	4.658495	-7.366471	6.833144	1.150365	-3.812243	-3.610304	-3.325216	3.793416	-9.601696	3.283503	-4.834949	-3.608918	-3.325216	-0.694794	-9.601650	1.434521	2.009844	6.902679	4.658495	3.464796	6.833142	6.314125
6569	4	-7.966697	-9.556475	0.681180	0.345161	-5.963939	3.078187	-20.300108	-9.556475	0.681180	-9.977895	-5.963939	-5.745076	-6.930821	5.184285	7.120253	-0.860817	4.923789	2.577655	-19.009058	5.184285	7.120253	-10.806829	4.923789	-5.745077
6581	4	-9.634812	7.303687	3.858672	-12.229448	8.783337	-6.307779	-13.819396	-6.835253	-2.438210	-11.352813	-4.056082	-6.307779	-13.819398	-4.216447	0.776291	-11.354836	-1.254596	-6.307779	4.003385	1.202327	3.844249	7.025776	8.547818	5.115373
6601	4	-8.799713	6.351531	6.946782	-17.124975	8.884208	-0.479041	3.316704	0.500002	2.556534	6.811570	-2.525033	7.585775	-9.618927	-9.360791	-2.956641	-12.320282	-8.653379	-0.475083	-3.556966	3.237710	2.614028	-9.660557	-2.316468	-0.453466
6612	4	-17.624554	-12.118010	-4.356648	-5.672371	-9.340271	-11.382908	-16.276303	6.282235	7.425421	-11.947649	0.027611	-11.383965	-16.318993	6.331320	7.509550	-11.947755	5.946937	-11.383965	-11.766084	-12.118010	-4.356648	0.800601	-9.340271	-5.259110
6622	4	-15.574966	-8.030055	-1.382453	-6.817112	-10.709711	-6.362708	-4.355767	-8.092561	-1.392534	3.838897	-10.725536	4.809406	-17.899127	9.436622	8.307658	-12.180882	3.207087	-6.456062	-15.611536	2.417208	4.830710	-12.098412	-3.212637	-6.456061
6625	4	-14.674242	6.243672	8.269480	-12.051211	5.264928	-10.986646	-11.146291	-9.617547	-3.533989	-8.116561	-11.705513	-10.986409	3.136559	-12.756551	-3.533989	7.959638	-11.705513	6.468648	-2.481817	-9.617547	-3.533989	2.304297	-11.705513	3.789289
6675	4	-8.988114	-7.502966	-5.494001	-13.507765	-8.410227	-7.265133	4.515695	-12.976448	-5.689444	5.253880	-8.410366	9.142465	-8.003634	7.753357	4.988318	-15.248020	6.833287	-7.268209	6.206162	1.784077	4.564469	3.837435	6.740162	9.044846
6692	4	-16.775511	6.020076	9.089677	-9.866482	7.357557	-8.491442	-6.625259	-12.945977	-3.195522	4.748587	-8.660918	3.540995	-14.428881	-12.945976	-3.195522	0.806670	-8.660918	-2.983912	-19.012523	-12.945976	-3.195522	-5.034188	-8.660918	-8.490488
6718	4	-13.600954	-1.436713	2.984384	-16.028405	-3.670483	-8.789024	-17.348844	7.607436	6.695525	-17.009805	7.052544	-8.789024	-13.603140	2.977853	2.997508	-16.047469	-1.354521	-8.789024	-15.964939	-6.207528	-0.004890	-10.790954	-11.314902	-8.789020
6723	4	-17.445851	5.455602	4.577041	-8.880987	-1.856273	-7.030927	-7.984937	-11.828085	-1.733706	1.376981	-12.183702	3.997868	-17.039859	-11.828085	-1.733706	-3.816803	-12.183702	-6.878271	-17.446402	6.801415	6.746929	-9.403693	3.578069	-7.030927
6735	4	-9.799620	4.915860	5.572568	-13.609931	-0.792091	-12.154175	-12.785394	-9.868450	0.261618	-8.272344	-13.479357	-11.928341	-9.799611	7.386771	6.835386	-14.511561	5.378015	-12.157392	4.628766	1.808314	5.567869	1.485643	-0.792404	5.366848
6742	4	-10.952902	2.453118	3.774593	-10.764733	-2.867229	-12.080255	-16.044269	6.952482	8.517055	-15.940809	5.525706	-12.080264	-16.587188	-7.366899	-2.338923	-10.427187	-12.476637	-12.080249	2.333902	0.081497	2.972717	4.823009	-5.220458	6.658886
6747	4	-15.579010	-9.000539	-5.090144	-3.856292	-8.895279	-10.718150	-9.243068	-9.000539	-5.090144	1.479275	-8.895279	-4.691599	-11.881558	6.785366	6.109460	-7.509537	6.735011	-10.973298	1.969867	3.900458	6.104095	3.097996	6.734614	5.262310
6774	4	-13.544136	-11.237986	-4.177839	-8.305158	-7.883779	1.037276	-16.511692	-11.237986	-4.177839	-11.741020	-7.883779	-4.395223	-9.977639	5.553989	6.321112	-13.132275	7.755653	1.037276	-12.931443	5.553989	6.321112	-16.473295	7.755653	-4.395223
6795	4	-18.996203	7.476252	7.140758	-13.585120	5.343487	-8.274605	-14.052855	-0.369985	-0.461078	-8.029830	-7.234310	-8.012152	2.295413	-1.985422	-3.656401	7.465388	-10.484015	7.004638	-2.683450	-0.372069	-0.465170	2.977431	-7.239119	3.766663
6832	4	-12.896539	7.141854	5.454150	-12.766225	6.975334	-8.327254	2.816178	-10.215375	-6.856324	8.616651	-11.180095	7.416775	-15.049963	-1.498450	-2.656923	-6.977245	-8.227927	-8.326955	4.220365	0.725868	5.453436	3.319406	6.816423	7.416811
6844	4	-11.439644	-5.233738	-1.350061	-10.156243	-7.591622	-6.783273	-13.210328	4.871018	6.193287	-15.716104	7.186667	-6.783273	-5.857595	-5.238418	-1.352242	2.193399	-7.592016	3.934103	-6.273060	3.500607	3.121693	-11.834166	-0.019009	-6.783273
6849	4	-12.902651	-5.711986	-1.419534	-8.146012	-11.223602	-8.813153	-3.185971	-5.715566	-1.419534	1.089945	-11.223602	3.782900	-13.966494	7.907076	7.540540	-14.642443	7.228046	-8.950227	-7.897008	2.741996	3.428177	-8.154824	-2.024149	-6.974674
6868	4	1.445884	6.580842	6.817977	4.046194	5.876586	7.193297	-14.996268	6.633410	6.817996	-11.176307	5.876586	-8.348285	-13.606249	-10.356723	-3.318557	-7.992551	-6.855814	-8.342904	2.017778	-10.596597	-3.318568	7.492912	-6.855814	8.128414
6888	4	3.371069	-5.465154	-5.878345	5.182074	-7.805810	7.201849	-12.440065	6.802442	5.536237	-11.641500	6.990754	-9.701383	-10.693370	-2.822616	-5.877896	-8.854491	-6.612050	-9.701383	2.719291	5.217597	5.536237	2.000225	6.950724	7.182207
6889	4	-18.425957	7.681604	6.706608	-7.797951	6.402692	-7.672857	-8.779174	-4.503912	-4.950324	2.906183	-7.911093	-1.470130	-17.573085	-4.503912	-4.950324	-4.914913	-7.911093	-7.658094	-6.267639	-4.503912	-4.950324	4.140046	-7.911093	3.870971
6909	4	-12.323407	8.144641	6.921446	-16.467970	4.841496	-5.914558	-15.090657	-8.621058	-2.853630	-10.822321	-12.016583	-5.914558	-12.250473	1.786707	3.226825	-11.657408	-2.331011	-5.914558	2.523282	5.384123	6.921443	1.072525	4.841092	7.177316
6914	4	-16.284430	-9.688854	-5.184578	-8.102454	-9.256062	-2.820482	-0.004653	-9.691861	-5.184578	3.231180	-9.256062	7.183903	-16.810634	8.502531	6.705577	-13.436341	8.275571	-2.820485	-6.451832	-9.688854	-5.184578	1.418174	-9.256062	4.587625
6922	4	-8.473897	-11.806496	-6.881607	-2.856809	-4.858839	-8.673675	-13.366023	6.065782	4.427051	-14.532904	8.581098	-8.716443	1.699084	5.882114	4.422936	1.295254	8.578882	5.746849	1.517207	-11.932012	-6.882636	7.709273	-4.858839	5.628272
6947	4	-19.635986	-12.915818	-1.465236	-9.948571	-11.898061	-5.815338	-6.804561	-12.915818	-1.465236	2.512347	-11.898061	5.837180	-18.453501	2.936033	6.031896	-16.396581	3.989136	-5.815338	-17.097452	-2.046672	5.400041	-16.396461	3.314776	-5.815338
6952	4	-3.298676	-10.524226	-6.803522	1.748540	-4.655139	3.745280	-12.255425	5.623184	5.198251	-6.543462	8.125428	-7.659269	-13.519709	-10.524225	-6.803522	-2.835835	-4.655139	-7.628258	2.422963	-17.157489	-6.849285	7.020438	-4.672857	6.735063
6967	4	-16.933464	-10.689357	-4.224396	-7.161815	-10.681707	-8.822456	2.311785	0.673560	4.525756	6.958465	5.413182	8.838129	-16.632526	4.727620	5.699625	-7.502827	6.499450	-8.901655	1.775436	-12.355223	-4.224398	6.596637	-10.729113	8.088565
