49	8	1.988567	1.131423	5.536757	-11.905410	14.208247	-8.403444	-3.716747	-5.009318	-1.061540	-10.101768	5.441983	-13.707001	0.492926	-5.812231	-1.062316	-9.659616	5.441052	-9.153860	6.857791	-10.092170	-1.062409	6.573264	5.440939	4.448998	-2.395455	5.938110	5.545954	-16.044611	14.233159	-13.706531	4.080040	-10.091929	-1.062409	1.496599	5.440939	-1.930531	3.894963	-16.207001	-5.971813	1.496324	-1.494737	-1.930648	-6.302897	-11.124804	-5.971813	-10.101615	-1.494737	-13.707003
206	8	-10.767896	-3.891207	0.846082	-10.050036	4.405657	-5.255947	-10.884770	-10.233595	-1.681676	-10.051636	-3.352491	-5.256010	-1.337878	-3.908842	0.843106	4.022115	4.403554	4.736373	3.704934	-11.915994	-1.681694	6.649984	-3.352498	7.102621	5.115189	4.803578	5.505918	0.925318	12.503356	6.676534	-8.682053	6.489938	5.508015	-15.812082	12.503893	-5.312298	3.708027	-5.650909	0.728610	6.650169	4.322953	7.102670	-1.456457	-10.244004	-1.681676	3.929293	-3.352491	4.732261
331	8	-11.204764	8.257071	5.758786	-13.508958	12.051612	-7.026213	4.350701	1.305166	5.411817	3.392920	11.627171	6.963153	-12.001174	-5.298671	-4.482231	-10.549109	-3.541695	-6.978580	2.774670	-7.191173	0.550499	5.455828	2.579654	7.118641	2.898965	-6.253615	1.252752	5.329077	2.719928	7.110752	3.217367	-4.632773	2.591288	4.985503	3.924289	7.094778	3.403163	-4.298176	2.813202	4.936075	4.428249	7.091249	3.122474	-4.897686	2.404243	5.030446	3.586055	7.097287
375	8	6.847464	1.881659	4.765763	1.100597	9.087638	-0.126898	-9.864213	7.987906	4.788407	-12.144272	9.246302	-9.428653	4.236208	-3.605316	0.446353	7.063095	2.483408	0.123861	4.236444	-7.868022	-4.450197	7.063114	-4.668605	0.123873	4.958803	-3.605330	0.446346	7.576872	2.483397	5.612965	-12.542093	-1.817922	-4.449311	-6.330312	-1.330192	-9.422857	7.793926	1.881659	4.765763	1.789111	9.087638	5.506014	4.959027	-7.868031	-4.450197	7.576882	-4.668607	5.612968
922	8	-10.335932	8.003664	7.087581	-10.922159	7.277473	-8.590795	8.776380	2.898141	2.128945	8.537063	-2.747263	6.661662	7.219531	-1.878447	0.479584	8.591361	3.176620	6.660718	3.858375	5.618784	7.087581	1.611202	7.277473	6.212830	-11.977922	-6.974075	-4.500134	-4.060527	-5.848682	-8.588692	2.148439	-8.877441	-4.500134	8.548486	-5.849148	5.795084	-5.454076	5.288791	2.129169	-2.103084	-2.747085	-8.470233	-0.736912	5.285053	2.129169	1.520248	-2.747085	-2.184483
1069	8	-0.226041	-11.289831	-5.469524	3.622131	-4.520328	4.340848	6.363390	-12.911371	-5.493075	5.912733	-4.520329	5.743896	-6.906594	5.437129	6.272373	-7.286015	12.866740	-10.574687	9.074452	3.773641	6.211024	2.448047	12.866740	5.730828	6.615078	-7.183396	0.984835	5.898628	6.190910	5.743894	0.527661	-5.599077	1.643226	3.651592	6.406738	5.654620	-5.404484	-5.508730	1.692785	-0.295462	6.412907	-6.758348	-6.005803	-11.257857	-5.468749	-0.244003	-4.520328	-6.729924
1138	8	-10.310897	6.567381	5.408969	-14.330492	10.113834	-8.916469	-10.629748	-7.107984	-4.604158	-8.152410	-6.336855	-8.915978	4.832915	-10.577305	-4.604158	8.687431	-6.336863	1.162795	7.089833	3.091985	5.406987	2.905841	10.106067	6.915932	4.814063	-5.147211	1.426134	8.680605	4.396842	1.162794	6.780324	-5.151377	1.426134	8.810044	4.396838	6.973242	4.752628	3.096776	5.407013	2.568106	10.106144	0.922641	6.799174	-10.581305	-4.604158	8.816603	-6.336863	6.973242
1772	8	-12.225740	6.641180	8.184717	-11.820534	11.318768	-8.800036	-11.088636	-5.806788	-3.712148	-7.881607	-4.704850	-8.800035	6.235890	-6.681105	2.306981	6.906703	4.013769	5.588389	4.745141	-5.836539	2.308324	5.929640	4.107638	1.093329	3.523824	4.994119	8.184695	2.278600	11.318425	0.998278	5.642349	-8.746773	-3.738318	7.302906	-4.839735	5.588391	5.487439	3.781985	8.184442	3.362965	11.316755	5.581262	3.932692	-7.708960	-3.736950	6.309641	-4.831900	1.093165
1881	8	-1.694817	-4.610734	-0.216314	3.386099	1.834857	4.720090	4.237679	0.780262	5.763859	5.443362	10.992375	8.160552	-8.962221	-4.607811	-0.215134	-10.248010	1.835687	-4.344994	-7.822137	6.770342	5.823957	-11.681285	11.108414	-4.317203	4.540959	-11.213867	-0.568259	6.960523	1.613018	8.223864	-8.926805	-8.717321	-5.747159	-10.204243	-3.508749	-4.344414	-1.658660	-8.718608	-5.747159	3.457073	-3.508751	4.745209	4.551376	-14.890954	-5.747162	6.995535	-3.509575	8.225846
2010	8	-12.798949	-3.902758	3.028454	-8.477457	4.484697	-6.650348	-10.768277	-11.373722	-2.619316	-8.322723	-4.810943	-6.617135	-10.020381	4.165620	6.325504	-14.643043	11.882548	-6.588387	-3.205564	-3.902895	3.028453	2.148926	4.484636	3.650674	4.130316	-17.018253	-2.619316	7.093064	-4.810956	7.222944	-1.059558	-7.188851	-2.084198	2.303897	1.376077	5.332286	-1.060756	-11.423668	-2.619316	2.303897	-4.810943	5.331458	-10.766993	-7.138724	-2.083716	-8.322723	1.376391	-6.617097
2055	8	-7.385000	-3.803960	1.243447	-0.172144	2.372414	-5.560424	-7.571138	-9.341654	-4.665662	-0.172329	-3.894348	-5.580681	3.515383	-10.184739	1.243443	8.112567	2.372411	6.792117	-0.054758	-4.569945	1.243443	6.745640	2.372411	4.819008	-0.075071	5.581767	5.473371	2.623469	11.935176	4.802968	-10.869907	6.306737	5.473371	-6.752970	11.935176	-5.842916	3.515480	-15.721997	-4.665662	8.112930	-3.894348	6.792144	-0.137192	-9.952558	-4.665662	6.645244	-3.894348	4.753685
2224	8	-12.134853	-5.671927	-1.916552	-4.713236	2.359742	-11.668018	6.985553	-12.232764	-1.916689	6.299526	2.359282	6.832412	-5.999547	-5.671927	-1.916552	1.061762	2.359742	-3.087914	-12.134842	-10.474797	-6.934237	-4.713236	-4.899397	-11.668016	6.985563	-17.021316	-6.934237	6.299526	-4.899397	6.832412	-5.999536	-10.474797	-6.934237	1.061762	-4.899397	-3.087905	-13.239446	7.424789	4.400209	-5.348247	11.949032	-11.796432	-7.128099	7.424789	4.400209	0.493924	11.949032	-4.994994
2446	8	4.860365	4.672209	5.296483	4.795590	11.285306	9.501258	3.746158	-12.800825	-3.209349	9.808600	-5.281512	9.450734	3.718321	-6.244747	3.322562	9.722580	5.667071	9.448252	-2.515186	-4.243756	3.340544	2.783908	9.414470	3.474819	-14.750248	-4.171611	3.343409	-5.859304	9.602818	-0.739364	-13.755070	7.528359	5.296485	-10.782873	11.285306	-0.739364	-2.549736	-10.851261	-3.209349	2.862741	-5.281512	3.460047	-14.775161	-10.794726	-3.209349	-5.767327	-5.281512	-0.739363
3133	8	5.134962	-16.093990	-0.529239	7.440161	0.616405	6.600872	-9.800095	4.995287	6.737544	-16.637348	10.436317	-9.461313	-8.985538	-10.881074	-0.469936	-11.569506	0.620447	-9.347779	-9.048513	-1.533938	5.446651	-16.635568	5.603453	-9.454388	-9.002331	-13.775650	-5.141174	-11.566809	-4.699025	-9.347788	-0.421277	-10.888271	-0.470236	3.917571	0.620426	3.844627	5.134507	-18.982410	-5.148076	7.442449	-4.699025	6.600808	-0.438308	-13.782486	-5.141207	3.876986	-4.699025	3.831601
3639	8	-9.590690	7.739846	6.366750	-12.231554	9.658204	-6.958590	5.402425	-11.037805	-4.245123	7.893912	-7.230219	6.748678	5.263983	5.558720	6.366750	3.559363	9.657639	6.747882	-9.473672	-8.856630	-4.245123	-7.910382	-7.230046	-6.958590	3.785119	-5.613089	-0.109174	4.634895	4.284773	0.728259	-5.175220	-3.483164	-0.108733	-7.915344	4.549587	-6.958563	5.583423	-5.664449	-0.109174	7.889930	4.283665	6.749072	3.565721	-10.914933	-4.245123	4.567391	-7.230217	0.706187
3666	8	-14.615417	-7.622657	0.911898	-11.375874	7.069441	-5.990316	-14.369151	3.909796	6.394406	-16.706710	11.917812	-6.057718	-14.611806	-12.185694	-6.553650	-11.374388	-2.566508	-5.990246	3.382951	-14.160016	-6.555915	6.836705	-2.567449	7.531704	3.607216	1.746846	6.394125	1.534290	11.528185	7.240552	3.382624	-9.642833	0.044218	6.836373	6.425912	7.531702	-2.828188	-7.685158	0.853656	3.060166	7.027039	6.224060	-2.825044	-12.245328	-6.553842	3.063407	-2.566563	6.224321
3854	8	-2.821883	-6.185965	-0.236181	5.706866	4.164305	4.623210	6.053204	1.096537	5.759121	7.067608	11.501882	7.521392	3.596545	-11.610100	-0.236295	8.901802	4.163165	7.520029	-12.472190	-6.185965	-0.236181	-8.335435	4.164305	-9.792920	-12.509990	-12.790382	-6.154435	-8.262684	-1.655767	-9.792921	-10.095578	6.670878	6.103414	-10.565742	11.548823	-9.792393	-2.862848	-12.790382	-6.154435	5.746279	-1.655767	4.559179	3.596694	-18.214601	-6.154435	8.973129	-1.655768	7.520029
3953	8	-11.074671	-5.861276	-3.506559	-9.013538	-10.031729	-7.047613	2.506859	-7.638972	-3.610862	6.787801	-10.031877	3.324220	-7.775188	6.441343	8.266150	-13.357060	6.589779	-7.047537	3.701170	-1.016464	7.966060	2.960607	6.585108	3.390919	5.143035	1.093967	7.938420	2.885565	6.580527	3.379154	4.715114	1.589685	7.890260	2.854534	6.575415	3.371851	2.750377	-1.116046	7.832909	2.897313	6.563907	3.377944	2.823999	-1.307535	7.842728	2.906401	6.564061	3.379817
4081	8	-9.953045	7.427341	6.716864	-11.308917	10.394418	-8.080994	5.845217	-14.446438	-3.490196	8.762101	-4.906394	6.293393	5.845173	-10.575871	1.509961	8.675977	2.316798	6.293393	-11.151012	-2.966639	1.513916	-5.994845	4.812317	-8.080906	-0.373018	-3.000313	1.513814	4.700214	4.789691	4.830741	-11.151297	-9.026489	-3.488419	-5.908262	-4.784276	-8.080882	5.955234	0.427047	6.210501	3.928758	9.939775	6.293391	-0.373269	-9.051728	-3.488453	4.786778	-4.786359	4.830741
4577	8	3.012891	-8.499102	1.588591	5.574901	4.610122	6.994153	-4.131207	-6.240865	1.588793	-12.210883	4.611314	-7.481449	0.150617	-6.845249	1.588647	-0.073920	4.610453	6.530127	-3.375873	6.231254	6.632176	-15.150082	11.414592	-6.895914	3.014993	-12.182889	-1.954272	5.982603	-1.806622	6.994280	0.281700	-10.575771	-1.954271	0.344537	-1.806622	6.570430	-4.129229	-9.923186	-1.954271	-11.805277	-1.806621	-7.479914	3.772467	3.410224	6.632017	2.915272	11.414566	7.030574
5863	8	-12.926681	6.261441	7.823812	-8.635035	9.993279	-7.380193	4.343640	5.645324	7.823812	3.314653	9.993260	8.904798	3.838856	-8.750688	-2.088079	7.133155	-6.499400	8.859900	-13.672950	-6.386267	0.771554	-4.797715	-0.246218	-7.380155	-13.396266	-8.203788	-2.088079	-4.797032	-6.499399	-7.380155	-2.121444	-8.226555	-2.088079	4.452246	-6.499399	3.801290	3.559690	-6.892200	0.771513	7.102993	-0.246235	8.807001	-2.400252	-6.405123	0.771551	4.241675	-0.246219	3.799538
6206	8	3.190428	-5.188007	2.290210	-8.860180	4.958599	-4.049880	-3.918030	7.663830	6.170289	-16.614288	11.720388	-8.797768	5.723055	-6.609114	2.283872	-5.129914	4.043790	3.619650	3.904741	1.421820	6.160548	-6.814817	11.699630	2.430203	11.091981	-6.609488	2.283866	1.171759	4.043522	7.809434	3.200274	-13.858354	-2.826623	-8.606497	-0.837671	-3.999070	5.737251	-15.188967	-2.826696	-4.881501	-0.887127	3.800924	11.104177	-15.189307	-2.826696	1.444457	-0.887135	7.880777
6527	8	-7.000936	6.321672	4.170045	-4.460179	11.263916	-12.587509	-7.957006	-5.156308	-1.968455	2.509605	4.989041	-7.512965	-11.398830	-5.156308	-1.968455	-3.138200	4.989041	-12.572116	4.460498	-11.138318	-6.612100	8.820919	-2.271740	5.038394	4.077740	3.562315	4.169928	2.817263	11.263696	-1.190512	-11.398875	-8.378454	-6.611996	-3.138194	-2.271356	-12.572115	9.946209	3.562315	4.169928	7.511246	11.263696	5.039830	-7.957059	-8.378454	-6.611996	2.509612	-2.271356	-7.512964
6924	8	-6.578984	-5.022326	1.250686	-6.606254	4.977373	-8.654185	8.726825	-10.911602	1.238081	6.812349	3.807227	0.233009	8.728275	-10.911602	1.238081	7.452882	3.807227	6.698939	-9.375997	4.278235	6.095412	-11.434785	12.055666	-11.467085	8.722986	-13.848290	-2.685711	6.833609	0.642172	0.233024	-6.828537	-11.203907	-3.076325	-6.549337	-3.170966	-8.609286	-6.772942	-7.255108	-1.901597	-6.549928	1.164785	-8.609752	8.723874	-16.983711	-3.076326	7.474132	-3.195943	6.698948
