3	6	-4.152005	-4.585829	-0.070798	-4.540813	7.466162	-7.644762	3.891299	1.609508	5.989369	5.701110	13.489150	6.438042	-7.629038	6.944996	5.990417	-6.531233	13.686775	-7.711823	7.388628	-9.479378	-0.070859	6.121708	6.036821	6.440280	7.388633	-15.233687	-4.797559	6.122435	-1.942563	6.440281	-4.152000	-10.358725	-4.796500	-4.540081	-1.891431	-7.644691
52	6	-15.031935	6.783287	6.822733	-15.182405	11.368466	-7.164280	6.019958	-5.926854	0.543545	6.777959	5.956511	8.202727	-14.413043	-10.219443	-5.718934	-9.055555	-5.734705	-7.164280	-9.342194	-3.086614	0.569260	-9.055955	5.966354	-7.164278	-2.842470	-10.262101	-5.718934	1.236467	-5.734705	4.572324	3.323354	-11.702965	-5.718934	6.730215	-5.734705	7.896053
132	6	-11.563523	7.390675	6.952883	-8.704350	12.692842	-6.912482	4.139704	-10.114010	0.146150	5.820297	2.837262	6.432886	-9.746352	-4.231491	0.146233	-5.856942	2.837301	-6.912482	4.139717	-15.594982	-5.607988	5.908203	-2.508218	6.432886	-9.746890	-9.712464	-5.607988	-5.768459	-2.508218	-6.912482	0.862173	2.171563	6.902705	1.979512	12.669773	6.036875
213	6	-11.034699	6.961028	7.803285	-13.602610	11.175536	-6.893861	6.312326	3.323832	7.799467	3.844327	11.175530	7.009836	5.507000	-13.598300	-2.567727	7.371693	-2.877350	7.009909	5.487152	-7.911689	1.445596	6.686030	3.056048	7.009909	-11.763557	-4.826494	1.825828	-10.916235	3.073496	-6.893861	-11.849546	-10.559746	-2.567582	-10.074588	-2.877350	-6.893861
227	6	3.621216	-11.503338	-0.510638	7.118895	0.810763	3.335134	-14.272422	-11.013150	-4.053938	-7.461114	-5.297240	-12.569735	-14.274740	-8.243628	-0.086863	-7.461144	0.810778	-12.569735	3.751820	2.145751	6.121835	0.878168	11.757887	3.377396	-13.764496	5.901116	6.273877	-13.777436	11.759911	-12.569736	3.622841	-14.205557	-4.126843	7.118927	-5.297240	3.335702
243	6	-8.876259	7.617078	5.579206	-12.273647	12.132925	-8.451513	6.999790	1.640170	5.225200	5.158457	12.056110	8.442059	-11.178461	-6.476960	-6.420747	-9.059217	-4.187181	-8.566670	4.571923	-12.067672	-7.459169	7.634554	-4.187198	8.394630	-1.720422	-6.477563	-6.421059	1.564375	-4.187181	5.960311	3.782597	-1.851908	3.552470	7.417068	7.026860	8.350916
266	6	8.984533	3.109573	2.985778	3.204239	8.942396	4.732864	-12.306965	-4.395523	-0.581572	-12.048572	3.729849	-12.826484	4.540278	-7.571328	-1.498433	6.503345	3.729849	4.732874	-8.187779	8.130903	2.986727	-15.341035	8.942501	-12.826484	-12.519095	-8.409894	-6.905510	-12.039319	-2.661947	-12.826484	4.602345	-11.610743	-6.910685	6.504759	-2.661947	4.732874
281	6	-0.332144	-8.298163	1.962132	5.795878	5.577404	5.584463	3.972803	-13.496650	1.962132	7.535328	5.577404	6.906257	-9.018613	-8.259647	1.962132	-10.663430	5.577404	-6.705092	-9.018308	-14.946949	-0.352907	-10.663403	0.038794	-6.705091	-5.736890	3.980699	6.819817	-16.093412	12.920703	-6.761097	3.973108	-20.184107	-0.352907	7.535358	0.038794	6.906259
323	6	-13.934333	6.753726	9.161262	-16.414087	8.835636	-10.573587	2.756370	-2.563573	3.341878	4.115273	-3.722240	7.963711	4.021842	-1.756309	3.530810	4.125606	-3.627185	7.963930	4.378243	-1.295933	3.523469	4.149306	-3.650933	7.963944	3.736449	-2.081029	3.516343	4.109116	-3.614524	7.963898	2.037690	-1.361586	3.278237	4.202098	-3.942821	7.963754
405	6	4.135275	2.511312	7.700468	-11.754215	10.140881	-3.953617	1.466856	-11.850360	-3.643161	-0.176537	-4.624004	-4.420745	6.764113	-15.704675	-3.644618	6.305244	-4.632465	7.979464	0.130384	-11.031549	-3.641964	-9.067873	-4.617080	-9.245491	2.550447	-0.915427	7.545655	-11.599820	8.982408	-4.456776	9.729329	1.716616	7.699619	1.018006	10.005984	7.689263
420	6	-11.282270	5.058901	6.103741	-11.263886	12.347829	-8.032322	-2.112351	5.058884	6.103740	0.280931	12.347829	5.319244	-12.176347	-9.367968	0.679222	-9.075395	-5.044269	-8.032322	3.631572	-14.583726	0.368139	7.284625	-5.108437	6.838891	-1.959496	-9.368000	0.679216	2.697353	-5.044271	5.397473	3.116682	0.628681	5.932428	5.089092	12.344067	6.838728
436	6	5.720472	1.478395	5.060919	5.515525	11.411577	7.403223	-12.185730	-9.343273	-0.479034	-9.677917	-3.249913	-5.610807	5.098786	-14.293130	-0.479034	7.829972	-3.249913	7.330897	2.683947	-9.788859	1.357085	7.736745	5.073221	6.700069	-11.173006	6.463938	5.174098	-12.467753	11.465812	-5.610430	-13.773525	-4.815132	1.357091	-9.677918	5.073239	-5.611055
472	6	-6.075373	8.594174	5.691154	-15.802872	11.042394	-12.598702	5.257685	4.742205	5.690986	1.426811	11.042254	6.451098	4.891039	-3.793381	2.141461	7.036303	6.036537	6.444023	-6.441873	-9.097520	-3.966971	-9.598134	-3.842818	-12.599535	4.891302	-12.657304	-3.966976	7.684711	-3.857184	6.444030	-1.579585	-9.279505	-3.966972	1.276959	-3.846041	1.004933
493	6	3.432197	-15.992667	-5.717044	8.558297	-4.966730	7.734190	-9.635009	7.063813	7.048660	-11.015737	11.307163	-7.394070	3.098462	1.288183	6.502562	3.755822	11.305784	7.724280	-7.313913	-10.219136	-5.717019	-1.128885	-4.966730	-2.875422	-2.366819	-10.219141	-5.717019	4.451580	-4.966730	3.751772	-3.472644	7.063813	7.048660	-0.362280	11.307163	3.505640
496	6	-12.765345	7.977855	6.234030	-9.660734	12.246626	-8.260496	2.981324	-0.443466	6.085936	4.988087	11.192301	6.137905	5.859414	-15.447996	-5.396454	7.002028	-6.680119	6.138036	-12.187292	-9.607219	-5.396431	-7.547409	-6.679772	-8.260494	-12.202714	-3.793656	-0.041463	-7.608921	5.136908	-8.260494	5.278523	2.159452	6.233967	4.888537	12.204654	6.137876
513	6	-6.929873	-1.808582	0.476170	-8.194625	7.601633	-6.499745	6.258502	-10.513193	-0.782299	8.160266	2.890707	6.588778	0.719105	-3.154137	-0.003289	5.933729	6.580317	0.053070	3.620140	1.162104	4.236770	4.802649	11.276676	0.238015	-5.121722	5.070108	4.239392	-10.948967	11.489706	-6.499746	-1.548589	-1.903869	0.364115	-2.005583	7.504404	3.813591
560	6	10.194330	2.391542	3.711464	3.359550	7.612568	-0.435732	5.173176	2.401911	3.711465	-8.430158	7.612570	-6.433461	6.930342	-11.722686	-8.914191	5.746532	-3.706216	6.157041	11.748385	2.391542	3.711464	3.396919	7.612568	6.157514	5.292615	-11.715313	-8.914191	5.708708	-3.706216	-0.440341	-4.081117	-6.300748	-8.914009	-8.566810	-3.693989	-11.755118
586	6	-12.054811	4.153873	7.879013	-6.759966	10.953924	-11.636909	2.904171	-6.252336	1.916850	8.318856	4.165680	6.312571	4.235818	-18.985562	-4.690621	8.808754	-4.054259	6.312587	-6.915802	-12.996470	-4.690621	1.090553	-4.054240	-5.935707	-9.700550	-12.996470	-4.690621	-2.699646	-4.054240	-10.803861	3.089730	0.825324	7.669442	4.499444	10.908120	6.312578
597	6	-3.044959	-2.659673	5.775509	-16.520182	10.471628	-10.712168	6.401070	-8.707431	2.701036	7.678033	9.105078	6.488493	-1.538232	-13.345063	-3.908358	-9.922434	-2.405193	-10.707555	2.838913	-14.459066	-3.915649	4.698021	-2.405193	0.649498	6.702089	-17.186278	-3.920990	8.294617	-2.405194	6.488493	-0.178138	2.388599	6.958006	-16.138015	14.107152	-10.273297
701	6	5.540640	-15.938203	-4.718980	5.815940	-6.193095	6.047934	6.699391	0.393575	7.054595	-3.188629	10.853218	3.463756	-10.739356	-9.770642	-4.718980	-8.913461	-6.193095	-9.172879	-9.170042	6.577131	7.055475	-14.714199	10.853669	-9.172879	-0.129372	-9.832755	-4.718980	1.868190	-6.193095	6.041222	-0.129862	-9.832693	-4.718980	-0.695416	-6.193095	6.031154
719	6	-8.512930	7.891207	6.243882	-11.494790	11.471265	-11.546495	8.462494	-9.681227	-0.048791	8.259127	2.029007	6.713835	5.649745	1.171973	6.186041	2.877748	10.717071	6.619129	-5.678841	-2.678667	0.998872	-4.938753	5.666356	-11.507942	8.461150	-15.698090	-3.415953	8.272556	-3.475970	6.713836	-5.802143	-9.065209	-3.357661	-4.793677	-3.320526	-11.499494
758	6	-14.899197	4.959570	7.128432	-10.255313	10.367943	-10.608208	-7.284520	-12.563274	-3.526078	1.742664	-4.719332	-4.581626	-2.029892	-12.563274	-3.526078	7.887284	-4.719332	3.373020	3.097654	1.894288	6.894731	2.985764	10.276439	5.640585	-13.784586	-12.563274	-3.526078	-4.897675	-4.719332	-10.606425	4.211943	-15.634830	-3.534325	8.371766	-4.719332	5.739323
761	6	-8.359763	6.324098	4.670540	-10.357219	10.517714	-8.312777	7.532290	1.507555	4.415688	0.535678	9.802697	7.428748	-11.368437	-9.522906	-2.557330	-4.237966	-6.059623	-8.682894	3.995171	-5.617978	3.417142	0.535667	5.790853	7.366102	-3.473465	-9.546831	-2.557372	2.178410	-6.060117	4.670426	3.153752	-13.936246	-2.559755	6.764584	-6.088504	7.771477
794	6	5.497755	3.502557	6.899077	0.678891	11.139864	8.265738	6.060876	-9.421563	-3.147391	5.610034	1.596285	8.270325	-7.056905	6.369770	6.899085	-11.204517	11.139869	-3.485714	6.060879	-12.098341	-3.722716	5.610051	-3.816915	8.270325	-6.522660	-9.115786	-3.722690	-6.145088	-3.816915	-3.485713	-6.522639	-6.410106	-3.140399	-6.145099	1.596290	-3.485713
810	6	4.709733	-6.153925	0.367006	6.571998	3.882951	7.489541	-9.001886	7.407389	5.838513	-11.105775	10.580302	-9.827527	-8.411913	-3.494089	0.373492	-8.081316	3.883988	-9.827497	-8.417483	-8.652800	-4.780567	-8.066022	-2.062912	-9.827497	4.058361	5.224275	5.838334	3.547423	10.580302	7.489524	4.710131	-11.294847	-4.780567	6.587157	-2.062912	7.489541
935	6	6.383299	4.501486	5.804803	5.094040	12.842820	6.874761	3.784544	-10.993357	-4.374770	8.852276	-3.014160	6.804328	-8.246507	8.197687	5.804803	-8.936245	12.842821	-7.898497	3.784538	-7.567728	-1.232043	8.852264	1.156887	6.804327	-10.794908	-9.056938	-4.374770	-5.177944	-3.014160	-7.570169	-10.794913	-5.631035	-1.232039	-5.177957	1.156887	-7.570174
943	6	2.961696	-11.141965	2.208254	5.482708	2.787872	5.380314	-7.096919	5.009464	6.447831	-13.092082	11.221342	-8.738512	-8.916467	-7.262524	2.208447	-10.204039	2.789210	-8.746843	-8.302543	-13.489068	-3.181090	-7.829152	-0.104440	-8.745091	-0.972738	-13.496872	-3.181090	2.725360	-0.104440	3.888123	4.921885	-18.754930	-3.181091	7.603877	-0.104440	5.748369
976	6	-8.272528	7.062016	7.500333	-14.141819	11.776519	-9.894234	7.176950	1.319674	6.938976	3.393113	11.768850	6.334734	-11.790271	-10.530214	-4.452759	-9.975127	-5.783406	-9.860900	4.023511	-15.720731	-4.452759	7.473090	-5.783406	6.516245	3.363174	1.647766	7.188240	-2.037522	11.773421	3.777044	-1.880927	-10.530214	-4.452759	1.267079	-5.783406	4.182786
980	6	-11.427981	6.637497	5.947129	-12.740563	11.237635	-7.440476	-12.122715	-4.678519	-0.634729	-9.196728	5.745361	-7.331764	6.802912	-9.430847	-0.710149	5.865554	5.690474	9.098017	7.492711	1.888342	5.944031	2.304790	11.237299	8.836861	-12.094148	-7.836143	-3.428214	-9.012148	-2.393927	-7.316240	6.836789	-12.585333	-3.428367	6.039873	-2.393984	9.101065
996	6	7.954933	-9.710844	0.314817	5.471587	4.572326	6.939508	4.723788	1.396833	6.272427	3.719262	13.349987	6.908046	7.967932	-15.993601	-3.368918	5.975491	-2.122279	6.941015	-9.140868	7.406540	6.300840	-12.491687	13.626263	-7.688417	-6.133679	-3.520081	0.476200	-10.975338	4.797920	-7.688413	-6.194806	-10.021621	-3.368918	-10.285491	-2.122279	-7.688405
999	6	-13.511795	5.115279	8.319924	-14.100977	12.917991	-11.829605	-3.029949	-7.413603	-3.194513	2.490251	-0.508343	4.469087	-13.559770	-7.413603	-3.194513	-9.844873	-0.508343	-11.747320	2.990796	2.140264	8.319804	1.834506	12.914264	5.292255	2.967413	-4.542330	3.038884	5.304597	9.460310	5.506388	2.970195	-10.288006	-3.194515	6.086044	-0.508343	5.516075
1006	6	-2.326994	-11.613034	-2.568812	8.260127	-6.950779	3.043331	4.806137	3.420566	8.059072	4.900741	8.890956	6.807774	3.935253	-14.819951	-2.572818	8.694020	-6.963340	6.686999	-9.762172	6.669198	8.069554	-11.726520	9.012147	-9.162641	-10.623010	-11.613034	-2.568812	-7.929636	-6.950779	-9.181815	-1.222403	6.669198	8.069554	4.787078	9.012147	3.945419
1037	6	6.384063	-8.698336	1.608902	5.677715	8.007998	7.006539	-12.825009	6.782672	5.830597	-16.298545	10.416772	-8.260550	-11.082585	-12.109554	-2.602735	-11.812485	-3.309015	-8.249036	-10.735908	-4.931266	2.138517	-12.127837	8.240376	-8.244608	6.355241	-15.397172	-2.607297	5.837858	-3.309041	7.006476	4.391026	4.576911	5.778817	1.399842	10.412202	6.676554
1103	6	-8.120760	1.792536	-3.872539	-9.593818	-0.957838	-9.829903	-7.896376	2.729213	2.584494	-9.677736	6.058559	-9.829903	9.130393	1.629701	-3.895748	6.606167	-0.993580	6.740618	-11.876340	-1.716831	-8.000341	-9.593807	-5.228114	-9.829903	9.404411	2.580987	2.582921	6.522426	6.051348	6.740618	5.301879	-1.875919	-8.017416	6.606157	-5.309818	6.740618
1171	6	-8.817432	-9.049230	-3.190588	-6.399200	-0.747304	-8.141867	-8.952332	4.470367	8.042562	-12.952629	14.466310	-8.141867	6.633991	-5.721260	4.086679	6.021351	5.353360	5.998808	5.508055	-0.247092	7.557319	1.701338	11.495361	5.919937	6.782621	-13.398799	-3.598208	8.271548	-0.747304	5.998808	-3.741859	-9.049230	-3.190588	2.267681	-0.747304	-2.025852
1278	6	4.464589	-17.616139	-2.649762	6.445794	-5.162913	7.418604	-7.309993	7.649449	5.399213	-0.962316	11.069722	-6.581485	4.314427	-4.634047	3.882262	5.011195	6.722855	7.418497	3.523921	2.163469	5.329691	2.849345	10.944401	7.409428	-5.250342	-11.260921	-2.649729	4.099856	-5.038974	-2.669053	0.588081	-11.261548	-2.649729	5.874739	-5.039026	4.179362
1318	6	-13.350338	3.709673	6.645166	-13.550646	14.276753	-11.814452	-9.304784	-4.838876	1.898259	-7.340108	3.301163	-11.697761	2.851546	-6.251254	1.895062	4.876439	3.288289	0.511224	-12.149963	-10.615147	-1.889670	-7.339513	-2.928668	-11.772860	3.069071	-12.294417	-1.889670	6.731331	-2.928668	7.115028	3.265979	-6.797809	1.895041	6.803250	3.288204	7.152354
1325	6	5.799156	-11.928999	2.474132	7.261074	6.640879	7.538233	-9.477450	-6.563638	2.474165	-10.241657	6.647653	-6.265674	-10.973344	6.551620	7.190999	-16.211798	11.706276	-6.265674	4.145735	2.117863	7.190440	1.148618	11.650311	7.517827	5.821430	-18.068669	-4.039052	7.266693	-4.706154	7.538233	-9.456319	-12.701298	-4.039052	-10.236038	-4.706153	-6.265674
1328	6	-9.296832	-5.011889	3.345430	-1.419044	6.394358	2.280080	-15.017900	6.824691	8.898039	-11.452942	12.292795	-7.400110	-2.142690	-9.115558	-3.152419	3.586342	-3.407414	2.401941	3.874758	-10.279075	-3.152419	7.303117	-3.407414	6.395161	-15.633924	-5.011583	3.345430	-7.880200	6.394358	-6.213938	-11.586602	-9.072535	-3.152419	-5.521226	-3.407414	-2.599798
1347	6	8.824512	1.697471	4.304955	2.594111	10.893606	7.717137	8.689085	1.697471	4.304955	-3.924523	10.893606	4.382658	3.130331	-10.446917	-6.392630	-2.039733	-5.339444	5.801520	3.130580	-10.447031	-6.392635	4.396849	-5.339453	7.838094	-6.653347	7.219102	4.501236	-17.074820	11.077781	-7.922809	-11.873499	-5.110826	-4.967106	-14.402866	-3.377210	-7.919423
1371	6	4.525428	-13.364804	-3.696867	7.506713	-6.372760	8.898869	1.431415	-5.001688	2.363428	5.138780	3.691015	7.841768	-6.983999	5.810885	7.868603	-15.841893	11.968412	-5.596721	5.730539	2.448115	7.834794	2.568637	11.947020	9.027188	-9.853127	-4.075394	2.366686	-13.267808	3.703674	-5.656207	-8.210927	-10.717918	-3.696867	-11.165020	-6.372760	-5.635714
1378	6	-11.803450	5.382410	7.431136	-11.237951	11.730338	-12.264085	-10.713842	-4.306006	1.569323	-5.119571	3.789416	-11.256544	-10.712686	-12.673585	-2.555043	-5.093569	-0.588035	-11.243309	4.715549	-9.371728	1.569106	7.734712	3.783735	4.182994	4.716222	-17.737139	-2.555043	7.760594	-0.588035	4.183191	2.928736	3.645959	7.430962	1.335449	11.729865	3.328671
1385	6	-9.589330	-5.586195	-0.382649	-13.427710	4.275412	-6.140728	4.475838	-14.588099	-4.308674	4.964313	-2.162599	5.384209	4.475076	-8.754235	-0.392138	4.963104	3.823085	5.384209	-4.227496	6.071322	6.249005	-13.933666	11.692352	-6.140543	-9.588653	-11.418975	-4.304045	-13.426422	-2.152722	-6.140728	9.609516	0.617170	5.982587	2.171656	10.669680	5.381452
1396	6	5.893917	-14.363338	-6.666574	5.333882	-5.034885	6.026156	-12.130275	-11.364778	-6.580232	-1.910288	-5.034885	-8.084251	-11.523119	7.165711	5.263653	-8.322614	12.306416	-9.298599	7.638827	-2.423258	3.800573	1.814928	4.443084	5.644593	-0.003189	-14.362900	-6.666570	3.057598	-5.034885	2.381715	-6.455372	-11.364778	-6.580232	3.039075	-5.034885	-5.664043
1427	6	-11.159173	5.661685	6.339426	-11.903869	12.336653	-8.690482	-0.981857	-10.194709	-6.257975	5.507293	-2.138368	4.125767	-11.835161	-10.180663	-6.257974	-6.979012	-2.138368	-8.688678	3.496670	-12.641324	-6.257998	6.799383	-2.138368	7.084003	3.493850	-6.094658	-1.202252	6.799126	2.557739	7.083618	4.082669	2.298265	6.147336	1.956286	12.323273	6.789198
1432	6	-7.147713	7.891207	6.322573	-13.732248	13.154954	-7.507753	10.033684	1.876060	6.252118	1.762040	13.080914	7.199206	9.888375	-15.656763	-3.190032	5.300083	-5.141868	7.206406	3.639963	-15.007767	-3.190032	-6.193606	-5.141868	-0.061539	3.812358	2.364158	6.296622	-9.809145	13.116898	-0.024326	-7.257230	-9.647400	-3.190025	-10.187236	-5.141721	-7.507753
1435	6	-14.147732	-8.689869	-0.262949	-8.148414	3.903864	-9.002559	2.528222	0.788279	5.782370	4.906482	10.547937	6.194218	3.402702	-15.692224	-4.503544	8.501442	-3.191725	6.947713	3.402428	-11.728327	-0.262949	8.395611	3.903864	6.947193	-14.079843	-12.653534	-4.503544	-8.042694	-3.191725	-8.997259	-15.046011	2.975046	5.796997	-10.630802	10.719920	-9.061197
1440	6	4.467819	-17.477937	-4.968476	6.837579	-6.171520	8.473855	-17.959748	-1.719427	4.070390	-15.223085	10.578771	-7.795235	4.386338	-8.641063	1.636303	5.444578	5.179805	8.473846	-13.972228	5.053855	5.976315	-15.240258	11.274685	-7.795235	-13.315734	-11.292868	-4.968476	-8.449657	-5.745602	-7.795235	-1.716050	-11.293134	-4.968476	1.175732	-5.745671	5.071756
1468	6	-14.765496	-5.768240	1.014264	-11.517246	5.848801	-8.497469	-15.747150	6.353444	5.889769	-16.701395	10.207874	-8.501000	-14.664346	-12.446672	-4.170960	-11.379619	-3.242124	-8.496950	3.310876	-7.735165	1.014262	6.042811	5.846701	5.802973	-1.761436	-12.450578	-4.170960	5.631288	-3.242124	4.105717	-2.078742	-5.770763	1.014264	5.358943	5.848783	3.846688
1503	6	4.698515	4.060945	6.697350	1.393193	10.207654	9.378357	-8.401620	8.643003	6.697355	-7.325238	10.264332	2.523927	3.993727	-10.676632	-0.427873	3.232523	-4.087468	9.416927	-8.424783	-6.094130	-0.426929	-6.035388	-3.974444	2.971467	-13.324495	8.643008	6.697355	-13.808317	10.264332	-3.877236	-14.011886	-6.094126	-0.426929	-12.561747	-3.974444	-3.860278
1541	6	-9.397300	7.197552	6.802511	-11.945518	13.894756	-6.155871	-7.293771	-6.258932	1.143457	-8.238984	1.732625	-6.154479	-7.504317	-8.904661	-1.794785	-8.229893	-4.680326	-6.154461	4.109581	-10.565463	1.143455	5.040195	1.732624	9.373912	4.411477	-4.865345	3.651913	4.777713	8.000834	9.374393	4.098022	-13.196172	-1.794785	5.049279	-4.680326	9.373878
1549	6	3.407675	-9.949727	-5.902900	6.806800	-3.879052	9.314042	-15.325571	-6.958499	-5.901667	-11.269090	-3.876978	-8.737202	-10.505743	4.698839	6.200626	-14.028150	13.205687	-8.737200	3.407635	-9.560346	-0.086937	6.668884	2.296251	9.314024	-15.325292	-6.568907	-0.086936	-11.406951	2.299832	-8.737202	8.207534	1.596898	6.130911	4.341301	12.823968	9.682334
1588	6	3.193468	-12.621480	0.298262	7.129938	3.280183	8.221060	-14.894669	-2.776761	2.852391	-15.066635	7.766513	-6.208800	-14.524000	-7.595098	0.309736	-10.322957	3.313616	-6.208622	-9.634538	3.786762	5.205706	-16.658327	12.122132	-6.186195	3.278557	-19.171210	-3.333682	7.230488	-3.110360	8.242353	-14.452412	-14.113000	-3.333681	-10.274448	-3.110024	-6.208581
1595	6	5.246389	-7.231015	3.587880	7.277803	7.175629	8.570958	-9.216392	5.875395	8.569809	-16.716620	9.042097	-2.829093	-8.167882	-1.795906	3.615282	-11.054049	7.192462	-2.825345	2.582808	0.775936	7.440268	-6.092040	9.035723	1.949085	6.200422	-14.538624	-2.862473	7.529377	-4.728335	8.615223	-8.352921	-9.171466	-2.862473	-10.784549	-4.728335	-2.826195
1612	6	-7.160088	-3.202184	2.631606	2.022203	10.470932	-4.401414	5.785799	3.001706	7.506820	2.457968	11.417429	7.102397	-11.593255	7.542291	7.526951	-8.684783	11.417429	-10.038765	3.906006	-7.972708	1.970891	8.151539	4.224410	7.357453	-6.818728	-7.819463	-4.443676	2.024905	-3.886041	-4.400812	4.130907	-12.361042	-4.445084	8.151798	-3.920373	7.365914
1636	6	-11.460925	-4.563879	0.752184	-11.334595	4.435621	-12.105559	-10.522388	5.856570	7.310316	-16.554581	12.532918	-12.124804	5.384894	-10.062162	0.752096	6.681581	4.435477	3.972754	5.832311	-11.969433	-0.822322	6.690263	-0.586999	3.977469	8.761694	0.338690	5.788775	3.742453	11.288088	3.773823	-12.609225	-6.470264	-0.822318	-11.326096	-0.586996	-12.105443
1638	6	5.726363	3.023944	7.786461	2.336295	12.748173	6.339744	-10.448103	-8.760774	-4.934216	-11.531255	0.451384	-7.149040	6.981681	-15.425550	-5.153212	6.063669	-5.489422	6.345666	-11.622095	6.534635	7.786711	-15.025669	12.748544	-7.149040	6.983481	-12.420185	-4.934234	6.063324	0.451384	6.345669	-10.481419	-11.766970	-5.153212	-11.530906	-5.489422	-7.149040
1674	6	0.510763	-3.766740	1.599879	7.834045	6.104461	4.546350	3.696629	-7.442582	1.547789	8.404041	5.999785	6.346411	-10.752334	5.796973	7.601511	-2.660394	12.304532	-3.619640	2.871956	3.192108	7.600205	4.806783	12.255416	6.219287	-2.612981	-10.222974	-4.707501	1.812465	-1.388623	3.189687	3.112666	-13.143813	-4.707502	8.406646	-1.388634	6.270534
1706	6	-12.072455	-2.407185	2.794602	-5.719181	5.144227	-5.574336	-7.266876	4.929740	5.997077	-10.456720	12.777284	-5.574744	4.487058	-5.725067	0.997624	6.908345	4.932686	4.312447	-0.467903	-6.802285	-2.895959	4.300358	-1.566694	2.070166	7.602200	0.638679	5.032267	2.889543	12.652207	4.321022	-10.545468	-6.644465	-2.868519	-4.769225	-1.566694	-5.571227
1748	6	-14.213530	6.903608	7.085645	-11.058719	12.156125	-10.232292	3.247968	1.694766	7.070236	2.755800	12.093839	6.896874	3.773262	-15.352959	-3.248749	6.833097	-7.026004	6.899001	3.962282	-4.646374	3.017269	5.910242	6.058412	6.899285	-13.733184	-9.338614	-3.248676	-6.979834	-7.025376	-9.982137	-6.603118	-9.338614	-3.248676	2.195612	-7.025376	0.274145
1793	6	-9.646109	-10.898521	-4.301458	-10.541641	-9.636699	-12.155665	-10.022345	7.486901	7.215584	-13.297966	7.834413	-12.155675	6.290577	-14.943652	-4.345473	0.477939	-9.682718	-1.768132	7.679302	-15.860823	-4.346830	6.457411	-9.684138	4.001690	7.420567	2.685383	7.011316	3.806771	7.626443	3.978672	-6.899915	0.766454	1.033648	-10.676364	-3.832964	-12.155666
1809	6	-13.327073	-3.893060	-0.503906	-8.649669	5.347232	-4.801779	4.957862	-7.212495	-0.549582	5.376639	4.769054	8.545952	-13.131986	6.065005	4.915325	-11.058573	11.488166	-4.801779	5.260455	2.582815	4.906925	3.270748	11.289650	8.546163	-13.431004	-8.849327	-2.576462	-8.649584	-0.880576	-4.801779	4.957753	-12.188079	-2.589493	5.376695	-0.906006	8.545951
1816	6	-14.416213	-4.267850	-2.500709	-10.811911	3.184662	-10.607018	5.822937	3.827103	4.431390	5.715976	9.297039	7.753643	-11.576547	7.092435	4.431396	-12.767010	9.297456	-10.607023	-14.415727	-9.831346	-7.615866	-10.811911	-3.403435	-10.607018	2.916683	-11.080483	-7.615866	7.670798	-3.403435	7.755598	2.916055	-5.516651	-2.500739	7.670797	3.184649	7.755598
1880	6	-14.376564	8.065497	6.666564	-10.711101	11.934046	-7.111660	3.755859	1.666830	6.666431	0.865339	11.914207	8.493220	3.284940	-12.328961	-5.211337	7.297496	-5.964934	8.492849	-14.972637	-6.165234	-5.208901	-4.295561	-5.809737	-5.414776	-2.974251	-6.165249	-5.208901	4.600227	-5.809740	5.434350	-8.797294	-6.165234	-5.208901	1.925416	-5.809737	-0.498040
1895	6	-9.445483	-7.960996	-2.902282	-9.921419	-5.232007	-12.106105	-10.516383	7.440726	6.412018	-10.428974	9.119447	-12.106105	-1.279081	7.440726	6.412018	3.438767	9.119447	2.719924	5.228520	-14.246050	-2.902284	7.777507	-5.306580	5.097402	4.099737	1.310757	6.316806	7.259200	8.428149	5.097401	0.050083	-7.961041	-2.902282	5.952295	-5.232009	5.072435
1982	6	-8.662297	7.530684	7.168015	-13.250817	12.585899	-6.195512	5.347384	-7.282775	1.001528	5.549380	6.582491	6.619292	6.205104	2.325575	7.167274	2.715435	12.421196	6.620519	-9.722505	-7.389072	-4.254192	-10.483351	-2.459775	-6.195512	-1.350497	-7.395138	-4.254196	3.369817	-2.460474	2.870402	5.351114	-12.047751	-4.254533	5.682892	-2.629798	6.619328
2043	6	6.910251	-17.819662	-3.372545	6.824012	-5.970753	6.789516	8.480693	0.653007	5.686891	0.671708	10.638273	6.525648	-4.482991	6.650078	5.771924	-13.076651	10.709831	-2.212753	2.477830	4.908991	5.771912	-5.560115	10.709831	5.571670	-6.118755	-11.838904	-3.372545	-6.970255	-5.970753	-2.212753	-2.204724	-0.001417	0.985255	-6.943253	-1.872136	-2.212701
2053	6	-12.695686	7.585939	7.334711	-11.116027	12.884295	-13.859837	-12.240881	-5.330648	1.960246	-8.321198	4.467732	-13.858439	3.147492	-11.400378	1.960246	6.176711	4.467724	4.596579	-11.936733	-10.099376	-4.313173	-7.869093	-2.421732	-13.857226	3.405901	1.405196	7.137031	3.490459	12.859470	4.695797	3.227714	-16.184633	-4.313173	6.633205	-2.421732	4.628687
2056	6	-6.555096	5.179488	6.848933	-15.279669	12.972527	-10.346928	6.083856	2.068275	6.846586	0.812822	12.972419	7.334931	5.574052	-5.907783	-5.760225	6.564245	-1.408174	7.752046	5.854138	-1.741610	0.875760	6.564158	5.546003	7.752046	-7.356963	-3.125225	-5.759294	-9.756922	-1.407640	-10.346838	7.269879	-0.459857	3.528470	6.424002	11.041169	7.752010
2060	6	-8.974768	6.596224	7.880757	-13.952485	10.598632	-11.989479	-8.509842	-2.006606	1.011710	-7.484838	1.670573	-11.984472	8.053631	-7.880227	0.952600	9.271879	1.644453	6.839726	9.474833	0.683928	5.976184	3.047725	10.552303	6.826823	8.060910	-14.469226	-2.658255	9.272477	-4.275365	6.839726	-9.033535	-8.643769	-2.658255	-7.484133	-4.275365	-11.984467
2180	6	4.888862	-13.120224	-6.195154	3.326338	-3.448494	-0.164172	-4.740361	7.086886	5.173321	-10.880258	10.809904	-10.746654	-1.442082	-4.188801	-1.570490	-7.619984	4.403161	-10.504047	8.989338	-15.452584	-6.195156	7.423475	-3.448495	6.409554	-2.688743	-10.422996	-6.194848	-7.620062	-3.447972	-10.727198	6.936791	2.926515	5.171984	4.165700	10.809368	6.409540
2181	6	-3.250418	6.673974	6.041688	-11.761830	12.850947	-7.755902	11.441444	-5.853405	2.103533	7.926937	7.359515	7.676308	0.544477	5.985015	6.039085	-11.171719	12.850479	-3.637908	10.122637	0.826322	5.819366	3.121701	12.772053	7.600711	-4.936799	-10.834652	-5.168438	-6.416966	-0.593678	-7.545069	6.631106	-16.567932	-5.370114	7.928673	-0.599091	7.675408
2204	6	-13.767194	7.439164	6.127262	-17.487142	12.785094	-9.823244	4.614204	1.366930	6.047220	1.564681	12.442079	6.379927	-12.276339	-4.823271	-0.780163	-12.156497	2.824901	-9.814747	6.594423	-10.812102	-0.783780	6.897950	2.822477	6.423532	-12.276339	-8.871590	-5.713092	-12.156496	-3.885209	-9.814747	6.594423	-14.858363	-5.713092	6.897951	-3.885210	6.423532
2209	6	-6.364848	7.113341	6.097241	-15.399526	12.789500	-10.366726	-9.160918	-4.848016	-0.564886	-11.137256	3.367638	-10.275926	3.665425	-10.089108	-0.599249	5.382326	3.049058	6.814127	6.415103	1.082740	5.280921	0.750647	12.789500	6.397012	-9.086222	-10.567074	-4.802406	-11.112890	-2.450603	-10.274346	3.739017	-15.925641	-4.802406	5.405746	-2.450603	6.814455
2226	6	-10.593374	5.923947	6.100187	-10.584592	14.247661	-8.146641	4.846684	2.531596	6.100187	4.732910	14.247661	5.850359	8.013328	-4.542769	1.102545	6.453868	3.897537	5.857624	7.992816	-14.374614	-4.121735	6.453869	-4.166469	5.857624	-7.446036	-10.983038	-4.121735	-8.647871	-4.166469	-8.146610	7.992040	-6.127039	1.089907	6.453868	2.455046	5.857624
2259	6	-16.379276	6.743346	6.801786	-11.728019	12.204838	-9.854772	-14.745768	-4.374550	0.655070	-8.379808	2.423628	-9.854772	4.355418	-7.495383	0.644472	7.217065	2.401948	6.851072	2.774768	3.628640	6.801785	3.520335	12.204838	6.340544	-14.799028	-7.922618	-4.076048	-8.147214	-3.269513	-9.854772	3.386928	-0.467046	5.906523	4.439335	12.169334	6.646893
2293	6	-4.680812	6.803840	3.609030	-6.984115	7.093590	-13.585440	4.502550	2.508168	3.608731	5.185924	7.093397	-1.552653	-0.420933	6.803828	3.609030	4.185177	7.093590	-1.697117	-9.307396	-8.850829	-7.468191	-7.102637	-7.221289	-13.702714	4.680180	-13.137416	-7.468191	9.218964	-7.221289	4.049051	9.307210	2.504366	3.608726	9.010844	7.093394	4.049055
2309	6	-14.312742	-2.520842	-0.848631	-9.882517	0.790034	-7.214902	-14.325939	-6.226216	-3.922540	-9.882509	-5.324862	-7.214902	-14.179917	9.258110	6.353016	-15.019357	13.601515	-7.214902	3.025971	-8.982385	-1.068277	7.946831	0.695621	7.145946	3.025971	-12.639874	-3.922540	7.946836	-5.324904	7.145946	3.272853	2.841975	6.352759	2.896014	13.571685	7.145973
2346	6	4.227518	-10.629025	-2.407136	7.320018	2.430237	6.120195	7.392449	1.362667	4.073574	3.746572	8.547094	5.976752	-10.544800	-6.087544	-2.352557	-8.369182	2.430237	-5.213809	-6.761967	5.919395	4.158340	-12.279974	8.904111	-5.295909	4.255500	-17.300491	-7.483792	7.320036	-3.869207	6.120501	-10.518581	-12.827255	-7.483787	-8.369182	-3.869207	-5.213809
2374	6	6.178781	-12.469007	-4.604071	6.710081	-7.160590	6.963243	7.377421	0.536764	5.460863	5.562986	10.176840	6.963152	-8.373015	6.647754	7.169230	-11.280817	10.507984	-11.848187	4.752169	1.310183	6.612205	5.115356	10.482602	6.962809	-6.806811	-6.475103	-4.604057	-9.495979	-7.160590	-11.848187	-1.073676	-6.475895	-4.604057	1.805084	-7.160590	-5.714469
2401	6	-8.787944	-10.205677	-5.383162	-11.262340	-3.580247	-1.367243	-8.420270	6.774592	6.648761	-14.093481	12.314938	-1.367242	3.905492	-11.141097	-1.460760	7.364798	2.431005	8.464834	3.905503	-14.917820	-5.383162	7.399401	-3.580247	8.464834	-8.784395	-4.569977	-1.460754	-11.296943	2.431005	-1.367243	4.156187	1.703295	6.648640	4.568263	12.306802	8.465802
2403	6	3.969518	-10.142014	1.633831	7.397856	5.532769	6.307974	-9.829358	6.381062	6.581863	-10.675262	12.831965	-12.627647	8.468972	0.738847	4.794953	6.378661	12.723145	6.308028	3.755165	-16.191504	-1.766356	7.398297	-2.750241	6.307916	0.460517	-8.120693	1.633831	3.276747	5.532782	3.386190	-12.010162	-10.559425	-1.766356	-9.612225	-2.750241	-12.627647
2404	6	-11.938883	-9.036158	-0.348183	-9.766192	-6.377678	-10.070004	-12.687104	7.555229	7.540498	-12.414108	8.690905	-10.070052	6.001413	-2.507245	5.516981	5.406216	3.627415	5.061933	6.139741	3.641930	7.539511	4.106468	8.690871	5.060088	6.364314	-12.949439	-0.349437	6.753784	-6.377771	5.062245	3.237448	-12.940753	-0.349437	2.271080	-6.377771	-0.891758
2407	6	-4.555851	-5.615813	-2.497438	4.246373	3.784007	3.925472	-0.850613	2.755668	4.243447	3.869843	13.867776	3.896632	-13.520950	4.547682	4.243469	-8.745620	13.942423	-2.588960	-17.115641	-12.216511	-6.268250	-8.348951	-2.689629	-2.550567	-17.114411	-5.188403	-2.445855	-8.348951	4.042209	-2.550567	-4.556357	-12.433522	-6.270231	4.246373	-2.692772	3.925472
2453	6	-10.019733	5.894551	7.179667	-13.579838	11.115226	0.781700	-10.925180	-9.587271	-3.698085	-7.684278	-0.624665	0.781700	-11.783528	5.894551	7.179667	-13.905794	11.115226	-5.848702	1.400817	-9.957257	-3.703527	4.640696	-0.624665	9.011304	-4.441082	-9.587271	-3.698085	2.105512	-0.624665	4.272794	-12.688975	-9.587271	-3.698085	-8.010233	-0.624665	-5.848702
2472	6	-8.944952	5.607479	6.475573	-14.440809	9.992279	-6.872386	3.602812	-10.176063	0.628984	-6.839907	3.633533	-1.444766	3.603426	-15.044751	-3.238294	-6.834824	-7.761001	-1.444704	6.394476	-10.196264	0.628984	5.745607	3.633533	6.189168	-9.275613	-8.646219	-3.238165	-11.213158	-7.760997	-6.872385	6.394940	-15.063885	-3.238294	5.750470	-7.761001	6.189172
2492	6	-7.647241	7.043580	7.372062	-16.933877	7.609588	-7.101929	6.095875	-12.340504	-3.035089	6.715199	-5.505737	6.701721	-10.206839	-6.698724	-3.035085	-10.633180	-5.505737	-7.102114	5.429437	-8.494454	2.739394	6.658717	3.282203	6.694551	7.210063	0.692558	6.376305	0.415074	7.478540	6.215825	3.288855	2.541479	7.339685	-6.062011	7.609360	3.892240
2499	6	-11.052342	-10.015205	-6.336141	-6.429199	-4.023832	-10.761208	-5.799813	-10.015223	-6.336141	3.979967	-4.023832	1.858704	-7.545547	7.223972	4.136327	-7.796490	11.225234	-10.761246	5.771349	-15.176874	-6.337097	8.888972	-4.023832	6.066850	9.184690	1.505055	4.120658	7.827796	10.870784	6.066852	-2.381439	7.221953	4.136327	2.706007	11.225234	1.839595
2513	6	-3.105396	-6.763638	1.265867	-13.461685	4.773270	-13.044541	-3.627283	-12.273603	-5.518894	-11.578938	-1.929696	-13.044548	-4.026088	5.330123	7.090161	-16.849066	11.865803	-13.044550	5.045427	-17.161500	-5.533013	6.574119	-1.929696	4.663234	3.817902	0.426912	6.038199	1.244166	11.781328	4.611824	5.015773	-12.072479	0.664378	6.134142	4.298365	4.663143
2515	6	-11.985855	-3.846213	3.064791	-8.575271	3.067866	-9.839510	-11.017625	-9.778426	-2.445708	-6.626981	-3.061897	-9.808654	-11.185712	6.959269	8.377763	-12.646898	10.806249	-9.841751	4.329809	1.287085	8.377244	-1.676829	10.612979	4.923907	4.527026	-15.593581	-2.445708	2.919369	-3.061897	0.077761	5.590455	-10.043027	3.061935	4.134534	3.063128	6.148383
2520	6	-13.049222	8.132667	4.987545	-12.849655	11.901059	-9.227235	6.762013	-7.402329	-1.754267	7.125986	3.696143	6.017731	5.352966	5.015452	4.986010	4.703683	11.892491	5.951861	-11.642769	-9.434851	-4.627424	-10.438253	-2.351844	-9.209764	-11.585691	-4.077191	-1.343979	-10.439255	4.185421	-9.209778	6.761432	-12.552072	-4.636607	7.126549	-2.362980	6.017737
2551	6	-3.896686	-5.056182	0.201066	-9.995059	2.423120	-9.943753	-9.996776	7.850078	8.009510	-15.183466	10.614566	-9.948238	-3.894435	-4.741882	2.074865	-10.319446	5.642812	-9.943739	8.681703	-10.482823	0.187737	5.572324	2.422067	5.616694	8.680210	-10.168496	2.044109	5.253827	5.536221	5.616684	6.345359	-10.163032	2.044109	1.814445	5.536221	-0.624466
2552	6	-8.029239	4.726740	4.551363	-13.397979	11.507132	-9.682555	-8.086081	-12.649891	-8.514632	-12.226649	-6.246364	-9.682555	6.057320	4.013354	4.551290	4.557417	11.507132	6.245840	6.007273	-13.363037	-8.514632	5.734132	-6.246364	6.245840	1.620038	4.469987	4.551351	3.798561	11.507132	0.942844	1.574440	-12.896369	-8.514632	4.957604	-6.246364	0.942811
2591	6	-15.913072	-6.124282	1.712204	-12.419719	1.176288	-6.312166	-14.414585	3.795557	8.013193	-16.870349	11.434479	-6.326106	-15.486765	-11.152581	-0.292186	-12.419070	-5.701011	-6.312159	3.325970	-7.498370	1.707246	-1.807190	1.171398	7.264108	3.435406	-7.565017	1.707207	4.268883	1.171360	8.599666	3.805408	-12.813848	-0.292186	-1.641021	-5.701011	7.365824
2593	6	4.027329	5.554817	6.158934	2.192136	10.763355	7.056544	-10.529180	7.097401	6.158934	-14.529868	10.772749	-9.320039	-7.851761	-2.074361	1.876854	-10.028607	8.591516	-9.320039	4.319869	-6.446623	0.347140	6.956793	5.783681	7.068554	-10.826040	-8.141434	-3.450526	-9.781570	-1.049297	-9.320039	3.344328	-9.986007	-3.450620	6.858018	-1.285580	7.009781
2599	6	-12.089055	6.552552	8.078862	-12.978985	13.203292	-6.599734	4.518787	-7.890016	3.578609	3.177228	9.422959	7.363659	4.977998	1.358099	7.664919	0.899666	12.624249	7.119000	-3.891672	-11.398454	-1.661390	0.612777	-3.236919	-0.594778	5.226389	-16.585188	-1.674865	7.209045	-3.245859	7.375583	-12.468192	-11.398454	-1.661390	-6.676722	-3.236919	-6.583571
2606	6	6.495516	-11.085664	-7.308401	3.763328	-7.243987	7.663104	-8.024864	5.893398	4.197539	-11.301888	9.953634	-8.191899	-11.149637	-7.755645	-7.308401	-11.083217	-7.243987	-8.190452	6.263015	-11.082591	-7.308401	-2.130616	-7.243987	5.078893	9.864824	2.556658	4.197529	3.556690	9.953629	7.639298	9.443496	2.556664	4.197529	-2.450408	9.953629	4.867290
2663	6	-5.846445	-6.135090	0.130425	-11.011708	2.955999	-10.825561	-5.842727	-10.127086	-5.321431	-10.866260	-3.668443	-10.825561	4.681464	-12.001887	0.123291	6.962514	2.955864	3.942692	-4.811177	6.770239	6.236878	-16.239168	13.740993	-10.825544	6.836802	0.826604	5.364450	1.696845	13.197206	3.770439	4.681504	-15.993255	-5.321459	7.103923	-3.668443	3.942695
2737	6	-13.486613	-2.727419	1.716556	-10.461782	6.146050	-9.230762	3.634599	-11.753532	-2.494204	6.668153	-5.678545	5.838935	-13.053851	-7.937935	-2.479037	-9.526504	-5.604489	-8.829602	-11.177806	7.923914	5.360031	-14.060589	10.909399	-9.809875	6.160625	1.693787	5.264341	2.163253	10.858299	5.823887	0.807363	7.856669	5.360031	2.077212	10.909398	5.537470
2750	6	5.568985	-0.431312	5.756909	4.581685	13.852584	6.163795	-10.667442	6.458641	7.126847	-12.891157	13.854403	-4.486578	5.112260	-7.545153	0.439078	6.096195	1.737201	6.214745	-12.449724	-7.116774	-0.337837	-11.404031	-2.402907	-4.478640	5.150771	-12.618834	-0.707121	6.104053	-2.402930	6.214902	-1.068602	-7.533528	0.441202	3.955789	1.737205	3.359700
2789	6	7.224577	-11.160539	-4.885605	7.234890	0.209512	6.809012	-8.829610	-8.975486	-6.288344	-10.748178	-5.324025	-5.611606	4.140862	3.819816	5.507380	3.781321	11.161007	6.782836	-8.840400	-8.151356	-4.876832	-10.754965	0.216847	-5.611607	-11.905814	5.927227	5.507420	-13.920159	11.162918	-5.611618	7.234650	-11.975639	-6.288345	7.241417	-5.325193	6.809014
2883	6	-13.973405	-1.826850	-0.221179	-9.565523	4.746956	-0.071164	4.200873	-6.126507	-0.556627	8.307046	3.841751	7.057575	4.209864	-11.020154	-6.105534	8.307053	-2.906972	7.057575	-13.489463	4.243265	5.991923	-15.912254	11.072361	-0.071513	-14.048546	-6.796727	-6.097406	-9.565523	-2.834856	-0.071164	3.369400	0.730814	5.551644	1.969501	10.824029	7.020644
2909	6	-2.741821	-10.689461	-4.411031	-9.536346	-2.687128	-7.221874	-2.903349	-4.516036	0.267847	-9.560222	3.906068	-7.221874	5.306812	-9.160669	0.267838	7.115320	3.904366	7.259179	-0.021902	7.054617	6.760557	-13.992339	10.269929	-7.219992	5.375995	-15.361378	-4.411031	7.137940	-2.687128	7.259181	6.752084	2.183965	6.758949	1.618246	10.250470	7.249155
2925	6	-7.871573	-3.075414	-0.885767	-9.985839	4.678379	-9.558478	-9.501666	6.591714	5.538564	-11.894500	10.808967	-9.671390	7.891478	-5.472700	-0.885775	6.162921	4.678375	6.495705	-7.881305	-3.811144	-6.235030	-9.985016	-2.874915	-9.558394	7.891475	-6.184837	-6.235031	6.163743	-2.874915	6.495714	6.271800	4.224526	5.538562	4.250043	10.808966	6.451734
2934	6	-2.734062	-9.993689	-6.493913	4.171242	-7.156898	6.212893	2.059126	7.435879	5.217420	2.996739	12.103365	9.183687	-5.390996	8.199009	5.217420	-12.779463	12.103365	-7.892155	-7.449403	-9.956303	-6.493824	-10.179603	-7.156898	-7.893854	-0.742413	8.057618	5.217420	-4.504691	12.103365	3.605275	-0.673672	8.050865	5.217420	2.092968	12.103365	9.175229
2998	6	-11.897923	-1.373378	4.510982	-13.511104	4.637158	-6.880870	0.378330	-1.380365	4.509982	4.828838	4.629774	5.868957	-8.261291	5.499654	6.964528	-15.326369	10.685224	-6.880839	3.777500	-13.805958	-1.831729	8.723045	-6.656372	6.292076	6.166918	2.457833	6.964214	3.226649	10.684580	6.296898	-10.324316	-11.083096	-1.831729	-9.829859	-6.656372	-6.880868
3070	6	3.094542	2.172382	5.244814	-7.776931	11.072344	-1.400523	7.794216	-0.507324	3.173347	5.178855	8.614898	7.651371	-3.438496	7.590059	5.244958	-13.579052	11.085110	-8.161837	5.606640	-14.877190	-2.974151	5.197604	-2.826498	7.651637	5.834573	-2.073002	2.438681	5.195147	5.769072	7.651603	-5.529361	-8.185994	-2.974151	-11.399500	-2.826497	-8.139256
3083	6	1.773552	-4.206936	0.374651	8.030564	3.231900	6.867878	-11.485219	-7.881853	-1.239667	-4.041036	-5.461561	-6.729177	-11.498730	-3.551843	0.465574	-4.108057	3.714871	-6.777722	-11.804106	5.000034	6.508745	-6.375170	8.118483	-8.098152	1.772269	-8.535244	-1.239667	8.090365	-5.501120	6.864250	1.556025	4.549865	6.508744	5.428820	8.094914	6.180289
3122	6	-13.253616	6.900532	6.475651	-11.237870	11.673183	-12.819083	-13.456490	-9.276831	-2.539222	-8.447800	-3.780189	-12.819086	4.595205	-14.714404	-2.537512	6.751608	0.537005	5.328546	-13.456488	-8.419041	-2.537465	-8.447822	0.543557	-12.819086	4.595205	-15.563506	-2.539222	6.751626	-3.781107	5.328546	-1.142208	-8.447423	-2.537467	3.639404	0.543306	4.592980
3124	6	-11.784916	-2.346583	1.376275	-12.601525	5.081507	-8.823839	-14.661236	7.378951	6.588340	-13.218233	10.590962	-8.824081	-14.153306	-8.695685	-4.317946	-11.715242	-2.122188	-8.822820	3.621115	-5.245420	1.310316	2.736931	5.024367	5.712654	2.969914	5.934333	6.588340	1.979081	10.590962	5.712340	3.685631	-11.727480	-4.317946	3.609287	-2.122188	5.712700
3162	6	1.416576	5.644209	6.454523	1.974598	12.191038	-0.000990	8.012885	1.455418	6.454509	4.894883	11.791809	6.220408	-4.867060	6.030589	6.454523	-12.985566	12.191616	-9.989759	2.103031	-8.929381	-5.262306	4.412780	-5.815222	0.259020	-4.831983	-8.098372	-5.235360	-10.882823	-5.814813	-9.989739	8.048201	-12.672979	-5.268191	6.992596	-5.815410	6.223389
3167	6	-8.839976	6.414600	7.668249	-9.535367	9.793685	-13.295007	6.548319	-3.997371	4.426734	5.458105	6.388152	4.840994	-3.842322	5.382619	1.565449	-6.771511	-0.430254	-11.442386	-10.241167	-8.259473	-4.970130	-6.596561	-3.152866	-13.070938	7.160255	0.004114	7.664964	3.459708	7.455386	4.696871	5.775914	-14.487461	-4.972017	6.396590	-3.152866	4.838180
3204	6	-13.824481	-6.691394	0.024867	-7.819196	2.799302	-8.317978	-9.244732	4.565833	4.727017	-13.104206	11.778202	-8.525317	-13.766434	-12.033233	-5.201511	-7.815832	-3.848642	-8.317516	3.965104	-8.979572	0.024866	6.739142	2.799301	6.944004	4.030650	-14.342015	-5.201511	6.742666	-3.848642	6.947493	4.800258	2.068393	4.715584	-0.723660	11.767742	4.957954
3251	6	4.925044	-14.363590	0.275613	5.479351	3.689621	6.371723	4.925075	-20.350200	-6.313828	5.486921	-2.779691	6.371723	-13.755164	-8.592522	1.377249	-11.828580	3.774432	-9.048551	-14.466009	3.022300	6.725285	-15.729189	14.284976	-9.048551	-13.754494	-14.600618	-6.287511	-11.792791	-2.779691	-9.048551	2.873890	0.380245	6.561294	1.644802	14.278298	6.359234
3286	6	-12.965388	6.124265	6.560573	-16.945915	12.274081	-7.924226	4.475779	-9.907796	1.607416	-1.632118	6.010484	7.069169	-12.730664	-11.100312	-3.211292	-11.201137	-3.344902	-7.846224	4.537674	-10.031958	1.607411	4.424795	6.010474	8.392864	4.476082	-16.637061	-3.211297	-1.631724	-3.344910	7.069407	4.537911	-16.718158	-3.211297	4.425052	-3.344910	8.392872
3324	6	3.496774	3.442100	8.298217	3.328366	12.919941	7.514514	-13.363712	6.358948	8.298244	-8.673947	13.045470	-10.183441	-6.304644	-4.767183	2.773075	4.182478	7.326578	1.244414	-8.157326	-11.376716	-3.168223	2.784561	-4.537979	-4.415434	-6.374735	-11.388914	-3.168227	4.214268	-4.538300	1.245133	-8.085569	-4.753518	2.773105	2.751762	7.336211	-4.417310
3365	6	-4.229738	4.913156	7.008008	-13.311353	10.868093	-12.095251	6.446447	-11.634296	-2.904988	6.749224	-6.778274	7.005886	0.547941	-11.625801	-2.904937	-5.824700	-6.778274	-5.953193	-4.995282	-8.760387	-2.851808	-6.744728	-6.778270	-12.123962	1.658869	2.063379	6.792802	-9.220140	10.865962	0.487687	1.527023	2.063440	6.792812	-10.450983	10.865962	-5.773501
3382	6	-6.435698	-11.526268	1.299807	-9.921971	2.167024	-8.237108	8.990318	-17.731946	1.299798	2.706298	2.167023	8.067422	9.158442	-18.913400	-4.117520	6.154859	-3.444271	8.070981	-8.067268	3.520315	5.796943	-10.133486	13.167382	-8.237108	-6.236725	-12.707724	-4.117518	-6.463430	-3.444271	-8.237045	-0.136622	-18.663842	-4.117520	2.763069	-3.444271	-3.690424
3407	6	-9.943637	6.162795	7.031224	-9.530136	10.073252	-12.196878	6.063106	-7.086110	3.313885	8.173219	5.380268	6.824751	4.032530	2.127619	6.989199	3.206578	10.073250	6.821128	6.644565	-15.006227	-3.161209	8.380821	-5.529038	6.824759	-0.986549	-10.952524	-3.161209	-4.340080	-5.529038	-12.121145	3.445296	2.217490	6.998346	-1.585988	10.073250	3.177965
3423	6	5.289193	-9.679921	-0.179098	5.977273	3.288047	6.250541	8.981884	1.691583	6.017389	1.052455	12.771402	5.254247	-6.088711	5.149675	6.264755	-16.817224	13.085768	-9.616365	5.344266	-12.019650	-2.672813	5.977288	-2.087870	6.250545	-10.267103	-8.772836	-2.324996	-11.284643	-2.087801	-9.606759	-10.404179	-6.310905	1.058379	-11.284705	3.347453	-9.606759
3425	6	0.828550	-5.463049	1.291554	-1.582955	5.688612	2.190105	-3.383193	-4.520571	1.335768	-12.069245	5.691094	-7.407481	5.536409	-9.720358	1.274825	1.577858	5.687673	5.675618	-7.320721	-10.257051	-5.274838	-12.579239	-3.971474	-8.682140	4.717965	-15.456610	-5.274860	1.569652	-3.971474	5.670238	-7.928924	5.186383	7.680009	-16.404015	10.793477	-8.687283
3459	6	5.285186	-11.588836	-3.630738	6.758062	0.330437	5.752095	5.474022	1.314581	6.154274	2.448291	11.149635	5.447838	-11.485581	5.001553	6.360041	-12.249454	11.570334	-8.168486	5.285186	-12.255551	-3.766979	6.758062	-6.051273	5.752095	-11.717880	-8.716371	-3.671216	-7.951985	-5.856775	-7.981725	-11.717666	-5.631603	-0.995959	-7.951985	1.620841	-7.981724
3467	6	5.451127	0.721832	6.255219	5.491676	11.628328	3.848110	-11.636700	6.689434	6.976617	-9.964745	12.791577	-13.493642	-7.487149	-6.417685	-3.959148	0.046018	-0.905182	-7.611769	-11.734218	-6.417682	-3.959147	-6.538741	-0.905182	-13.493120	-0.748323	6.666130	6.976368	1.753043	12.791576	3.837160	5.657289	-12.276223	-4.941739	8.329697	-0.905216	3.848114
3530	6	0.967322	2.198314	6.894030	-10.379249	11.078923	-6.508603	4.394285	-8.201827	1.102027	6.374681	5.135375	5.945020	-8.121655	-9.531817	-5.336242	-5.885970	-7.380666	-10.480703	4.402314	-14.227146	-5.336242	6.374875	-7.499732	5.946522	9.076407	1.827678	6.887075	1.613528	10.981089	6.198011	-8.115299	-3.430201	1.102037	-5.885969	7.608993	-10.480464
3551	6	-12.733190	-8.462087	-1.231696	-11.212087	4.138888	-3.819794	-12.733190	-11.881808	-4.793413	-11.212087	-2.125009	-3.819794	-11.408801	2.143330	5.651364	-14.537800	12.901541	-3.820396	3.939444	-12.648156	-1.231891	6.341892	4.138888	6.451855	3.939445	-15.447425	-4.793413	6.341892	-2.125009	6.451855	2.916258	-0.869216	5.515896	3.002217	11.890962	6.442953
3568	6	-7.627921	-7.571783	-2.151277	-1.105686	5.335128	-8.490236	-3.734806	-9.787241	-2.936008	2.733490	-0.647003	-4.960654	8.156688	-14.121784	-2.261764	7.830322	5.334340	7.040947	-3.734807	-7.571783	-2.151277	2.733490	5.335128	-4.960654	8.156688	-16.332420	-2.960602	7.830322	-0.647042	7.040947	-7.627920	-9.787241	-2.936007	-1.105686	-0.647003	-8.490236
3601	6	6.729827	-12.756056	-5.215069	9.444921	-4.729992	7.898696	-5.157926	-8.552256	-5.215069	4.415789	-4.729992	-2.801096	-7.688190	6.583747	6.362472	2.329799	10.822466	-2.830348	-1.949740	5.787267	6.362472	4.917125	10.822466	1.397112	4.357306	2.364035	6.360980	7.414823	10.822463	7.896924	-10.651416	6.583754	6.362472	-5.159243	10.822466	-5.008241
3627	6	6.431452	2.033406	7.558206	1.143537	12.453754	6.218221	-11.185614	7.162372	7.561477	-15.894189	12.685906	-6.843703	3.588265	-6.827041	-4.966884	7.812446	-2.278519	6.785685	-12.251983	-3.431919	-4.502779	-9.568021	-2.070242	-6.835408	5.725935	-1.014181	6.385532	1.892214	9.199822	6.419650	5.078388	-4.215384	1.247258	7.813016	3.838132	6.807121
3657	6	-12.675593	-3.441235	2.622817	-7.622066	8.314665	-7.437176	-12.209354	7.154031	6.401206	-12.191592	10.591446	-7.437176	2.354545	-11.844600	-3.579589	7.538020	-5.658967	6.449748	-12.648914	-10.670104	-3.579589	-7.605402	-5.532927	-7.437176	2.323833	-4.593478	2.621867	7.521388	7.377459	6.419692	2.742481	5.766716	6.401206	2.951795	10.585499	6.665434
3700	6	-13.599338	-7.034866	-1.649611	-11.165594	1.361468	-6.137360	3.010545	3.815368	6.816682	3.003967	12.081507	8.104983	2.567606	-8.246173	-1.665332	6.655111	1.354446	8.021715	-13.312014	5.279930	6.816684	-14.812895	12.088363	-6.137360	2.570843	-12.232732	-3.417624	6.694730	-4.329174	8.022625	-13.597326	-11.024069	-3.417624	-11.125367	-4.329150	-6.137360
3719	6	4.425290	2.743717	5.703251	2.092628	11.012176	4.591054	-10.462289	7.968476	5.704449	-16.472358	11.016771	-9.194430	3.234694	-8.163150	0.012373	7.699575	3.238671	4.624852	-8.608721	-2.760703	0.033152	-10.484777	5.211535	-9.194428	-11.400335	-8.628328	-6.185226	-10.523248	-3.887758	-9.194428	3.227421	-13.622480	-6.185228	7.703555	-3.889081	4.621367
3727	6	5.097915	-6.125845	1.882451	4.993641	6.382890	7.493286	-5.820803	4.968004	8.422555	-14.375201	11.320273	-9.601888	-0.171078	-4.730876	1.885399	2.114087	6.861592	5.378486	5.037558	-14.579629	-4.719641	5.043292	-5.236339	7.493274	-6.295105	-9.146654	-4.719316	-8.315890	-5.180183	-9.602026	-1.201868	-11.535372	-4.719586	0.535802	-5.226527	3.030525
3752	6	6.132034	-9.003399	0.512630	4.395500	2.849133	0.471079	-12.893501	3.871712	7.426528	-14.709194	13.386709	-11.837700	-8.943068	-5.765180	0.512852	-10.673212	2.849791	-11.837700	7.519197	-9.018755	0.512630	4.395880	2.849133	6.470813	-9.173676	-10.235523	-2.596794	-10.598639	-2.188782	-11.837700	7.492346	-13.488708	-2.596794	4.475110	-2.188782	6.470837
3787	6	-10.939339	5.326809	6.054959	-6.456146	11.299559	-9.001607	-14.134305	-5.422813	1.743357	-5.256555	2.870615	-8.770695	-12.937273	-8.986667	-2.698104	-5.059442	-2.474719	-8.712230	5.967712	2.316063	6.054724	6.838265	11.149384	5.759655	3.992304	-11.993454	-2.698104	8.233574	-2.474742	5.588915	2.340563	-7.903853	1.741153	8.033734	2.861698	5.172847
3794	6	-10.905386	6.713422	5.431160	-12.600525	12.382912	-4.408843	7.293272	2.125809	5.168389	3.679686	12.354081	6.832193	-6.211918	6.713422	5.431160	-7.204517	12.382912	1.766471	5.893998	-8.017438	-0.379844	6.934640	2.818899	6.832095	5.656020	-15.611538	-6.171756	6.942759	-3.460181	6.832002	-11.687991	-11.155845	-6.171752	-8.472744	-3.460176	-4.408843
3822	6	5.849278	-9.174868	1.398232	7.756700	1.153808	8.424654	7.822331	-14.031968	-4.968084	7.823827	-6.357887	8.429060	-9.850657	-4.136040	1.398270	-6.960336	1.153857	-6.413280	-11.152283	6.005758	6.285252	-10.676087	10.401494	-6.413287	-7.877582	-8.992914	-4.968084	-6.892514	-6.357887	-6.413147	4.375185	0.899222	6.246168	3.948505	10.384261	8.393393
3844	6	-10.758673	-6.775708	2.052178	-9.292206	2.787582	-8.873944	8.238185	-12.194366	-1.879525	6.107252	-3.325605	7.382940	6.852944	-9.804243	2.052178	6.093795	2.787582	7.368261	-11.005697	6.677810	7.004975	-14.827701	11.435260	-8.876903	-9.489601	-9.165831	-1.879525	-9.278749	-3.325605	-8.847686	6.022762	3.648923	7.004970	0.497949	11.434444	7.245285
3845	6	-10.927375	-13.922628	-1.593868	-7.125387	-1.335090	1.611944	-10.927439	-8.552229	1.232671	-7.446638	3.239432	1.611944	-11.963220	3.571017	7.808040	-11.350499	14.017855	1.611944	-16.418898	-13.922628	-1.593868	-9.302345	-1.335090	-2.684462	-16.418958	-8.552229	1.232671	-9.604401	3.239432	-2.684462	-17.454734	3.571017	7.808040	-13.433686	14.017855	-2.684462
3874	6	-11.352917	-1.226552	-0.832895	-3.212930	4.723859	-7.422635	3.368272	-9.808752	-0.847296	7.214159	3.144432	3.953014	-15.376841	-8.099982	-0.847296	-3.212926	3.144434	-7.427299	-11.299741	5.820602	5.233290	-5.812216	9.870366	-7.422450	-15.606943	-11.305951	-6.701575	-3.211226	-3.484225	-7.427344	7.198001	1.819243	5.203009	4.741867	9.852611	4.544342
4031	6	6.777198	3.605230	7.140876	1.810351	11.840398	6.722645	-6.647481	6.564621	7.140888	-12.064191	11.862801	-8.334281	5.434439	-14.353092	-3.872897	6.612964	-5.907165	6.747718	-7.985634	-11.835198	-3.872896	-7.353575	-5.907163	-8.338567	5.250323	-6.900655	1.341947	6.612708	3.451708	6.747275	3.385550	-13.339538	-3.872897	-2.853878	-5.907165	-2.186418
4046	6	-6.825373	6.172927	4.038757	-8.026778	13.565625	-9.286913	5.477209	-16.598678	-7.273166	2.376605	-2.438286	0.638631	-5.550551	-10.685703	-7.273165	-7.355793	-2.438272	-9.224475	3.761620	0.800992	4.038538	1.698666	13.565013	0.517276	9.205928	-16.618054	-7.273166	6.003344	-2.438286	6.884710	7.544449	0.233562	4.037193	5.332935	13.563054	6.873204
4070	6	-9.355032	7.040880	6.126125	-10.839749	11.174428	-9.609905	5.533999	-16.391759	-4.506332	8.029706	-0.173667	5.806848	9.307848	0.916301	4.984494	3.141022	10.963363	5.806877	-11.652051	-5.008124	1.403051	-5.773622	4.427885	-9.609905	5.516942	-11.125149	1.403051	8.029585	4.427885	5.806846	-11.637274	-10.277622	-4.506332	-5.773507	-0.173667	-9.609905
4194	6	-7.806145	-8.515556	-0.597066	-4.347598	2.578920	-6.967983	5.207081	-12.165450	-0.597066	7.219737	2.578920	5.898245	-6.982633	3.921936	5.815514	-6.384763	11.039726	-6.968073	5.316312	-18.879251	-4.951602	7.285992	-4.748597	5.898368	1.803198	2.759724	5.814820	-1.929003	11.039700	-5.948890	-7.644710	-15.142699	-4.951602	-4.273745	-4.748597	-6.967963
4238	6	-4.077212	5.909620	8.161518	-12.504448	10.032132	-9.521851	2.940625	-1.444805	2.273161	6.499338	-5.170430	6.299226	4.134490	-13.557687	-2.504298	6.534961	-8.098536	6.639177	8.115219	0.539358	7.995649	2.729884	9.075720	6.949534	-8.559277	-8.873512	-2.502355	-8.678297	-8.098535	-10.441435	-0.995857	-8.875316	-2.502359	3.739267	-8.098535	3.253129
4268	6	-3.542113	5.997376	6.938869	-0.219231	9.526301	3.755787	6.313779	-10.818176	-0.631325	8.605197	-6.521386	9.300372	-12.599830	-3.603563	2.816332	-1.868613	-6.285502	-5.008021	5.235677	2.733383	6.938869	5.469329	9.526281	9.232355	-12.804284	6.029423	6.938869	-10.329524	9.526301	-5.043365	-11.237394	-6.677212	-0.631150	-1.567764	-6.521386	-4.944551
4280	6	-10.998148	8.988214	7.450252	-16.506014	10.941594	-6.476151	6.984968	-3.379540	2.075587	6.200335	6.092952	6.637979	4.652614	-9.541633	-3.938631	6.565089	-4.980776	6.637979	5.087890	6.319984	7.450251	0.580720	10.941086	5.599972	-11.971578	-7.213651	-3.938025	-10.857230	-4.979477	-6.476151	-0.985272	-7.330304	-3.938156	3.903219	-4.979704	6.076084
4281	6	-13.482267	5.884483	6.159505	-9.761833	11.635855	-7.759280	-10.233359	-11.213516	-5.301544	-7.178152	-5.174467	-7.754656	-10.243684	-4.655666	0.396555	-7.180325	2.965236	-7.754693	4.884559	-13.924919	-5.301544	9.415360	-5.174467	6.071643	4.872263	-7.379808	0.396554	9.413182	2.965229	6.070366	1.887755	5.079826	6.159505	3.118586	11.635855	5.316804
4304	6	6.430730	2.315860	7.585005	1.848996	11.838878	7.860708	-10.958435	-10.061326	0.803390	-6.309316	-1.619727	-6.580867	0.045072	5.906450	7.708937	0.882314	11.839434	3.421381	-8.258464	7.466071	7.716723	-11.830253	11.839434	-6.580826	3.648059	-15.214974	0.728298	7.284808	-1.620063	7.647005	-2.818142	-10.062392	0.803334	5.550369	-1.619728	2.152248
4314	6	-17.905053	-2.018942	6.329434	-11.302974	6.164036	-3.052680	-14.097912	-14.107243	-3.370190	-7.215885	-5.138207	-3.052680	-14.235025	-6.162775	1.044742	-7.604904	3.941627	-3.052680	2.750372	-7.809883	1.044732	4.502270	3.941620	7.827081	-12.558347	4.378737	6.659972	-11.319695	11.663595	-3.052680	2.882922	-16.119296	-3.370190	4.894527	-5.138207	7.862543
4382	6	-3.270509	7.872343	3.558908	-12.474284	11.523148	0.567523	7.022178	-3.008765	1.160824	4.729408	9.160939	9.431291	-6.232170	7.872343	3.558908	-13.664898	11.523148	-5.821642	6.247314	-11.450960	-5.581392	4.729411	-4.493254	9.408268	9.663758	2.534779	3.558906	4.626592	11.522838	9.458964	-9.674023	-6.112910	-5.579342	-13.562500	-3.263669	-6.235986
4435	6	-7.400509	-15.604140	-3.869628	-7.504438	-2.097074	-3.946836	0.477103	-13.814151	2.374272	5.212492	3.953430	8.044858	-7.575065	-9.494140	2.374298	-7.511358	3.953445	-3.946836	-4.112289	2.885755	7.114075	-13.681548	10.894708	-3.946835	5.116490	-13.971683	2.374272	7.391580	3.953430	8.357730	5.290477	-20.081661	-3.869628	7.398891	-2.097074	8.357961
4454	6	6.786750	-2.652344	2.506243	5.849693	3.808280	9.002394	-10.306334	6.642325	6.567118	-11.570265	13.087699	-8.668157	4.185519	1.531007	6.562686	-0.642605	13.070129	5.984309	4.490844	-6.612058	-0.082650	5.886592	3.557135	9.002394	3.986249	-10.602713	-5.515744	5.886761	-2.555491	9.002394	-12.356804	-5.759131	-5.503996	-6.253855	-2.555480	-8.668157
4498	6	4.041145	-10.202802	0.909274	3.652087	3.168767	6.697784	-10.058314	6.436699	6.992050	-14.453022	12.633083	-7.749851	-10.955627	-10.853379	-2.826960	-9.981831	-1.418414	-7.749739	-9.658546	-5.185856	0.916478	-12.634990	4.432948	-7.749848	4.538001	1.347656	6.681084	1.746898	12.135868	6.653445	3.965772	-15.823666	-2.826962	6.296124	-1.452312	6.701156
4509	6	2.110715	-1.949331	6.245300	2.462006	5.687290	6.794182	-11.402290	-6.937437	-3.018685	-8.491299	-7.427997	-9.305158	-10.896387	6.092478	8.923795	-11.248786	10.811909	-9.304983	4.786860	-12.761174	-3.548606	6.578857	-7.427997	6.813064	1.630867	-1.749801	6.214686	2.301793	5.634222	6.793340	1.895099	-1.657079	6.229577	2.264229	5.664513	6.791722
4567	6	-16.693827	5.027407	9.196621	-13.631738	11.670243	-6.245290	-13.772970	-13.062756	-2.137651	-11.445789	-4.055123	-6.245290	-13.781397	-5.688597	2.917710	-11.692341	7.002244	-6.245290	5.289825	-6.784293	2.917209	4.618807	7.002104	5.283101	5.301223	-14.157116	-2.137651	4.865064	-4.055123	5.283108	2.218595	3.933314	9.196104	2.673671	11.669457	4.525503
4571	6	4.089253	-12.762157	-3.910539	2.837828	-6.448072	-0.633659	-9.845906	-9.915129	-3.910529	-8.668242	-6.416960	-10.004172	-8.250306	6.927075	6.530365	-12.493502	11.276539	-10.244786	-7.635411	-3.937777	1.505946	-8.668843	4.636765	-10.004271	5.798808	2.655755	6.515175	3.191438	10.971689	2.918922	4.236635	-12.880639	-3.910539	6.986635	-6.448473	3.024032
4634	6	-8.921065	4.649492	4.198863	-12.951545	10.661161	-9.681476	-13.179967	-6.459541	-8.273073	-9.621421	-0.325980	-9.695097	-12.219379	-4.440469	-2.206930	-9.623827	6.344137	-9.694993	4.952444	-6.170661	-2.283911	7.519430	6.336378	7.238006	9.007056	2.921676	4.130333	4.283443	10.618572	7.238031	4.489637	-8.178057	-8.277899	7.521566	-0.325992	7.237984
4637	6	-10.743631	-10.368009	-4.474961	-11.402229	-7.348589	-7.808261	-8.697702	6.805689	7.303144	-17.095972	11.983497	-7.808261	4.569902	-4.517931	3.049746	4.954776	3.468655	7.998261	4.832320	-5.884516	2.716985	5.879670	3.716077	8.025246	0.827152	-4.663980	2.649871	4.289419	2.808590	7.974622	1.486635	-4.404830	2.869257	4.404448	3.122955	7.986169
4673	6	-8.034203	7.345713	4.797363	-10.061632	12.327613	-10.680545	8.503493	1.303201	4.626199	5.038712	11.992439	4.934415	7.026651	1.303676	4.626461	3.223849	11.992541	0.536766	3.718901	-1.905479	1.579689	4.315751	7.417382	0.556394	3.340810	-0.321086	1.845297	-1.878067	8.510133	-4.123036	4.372455	-3.162385	1.578466	6.107896	6.476018	4.934647
4674	6	5.843545	2.698418	5.483965	-6.610805	11.970341	4.203436	-6.712277	-11.618585	-6.802924	-9.885039	-1.107499	-7.529847	6.233018	-10.169353	-0.848503	5.689216	6.579838	6.677032	-6.927571	-5.310448	-0.843892	-9.885040	6.594795	-7.529847	6.428798	-16.479844	-6.802924	5.689223	-1.107500	6.677032	-2.897565	7.545080	5.486039	-15.702095	12.045429	-8.151467
4681	6	3.404624	3.177947	8.823810	3.255322	10.741870	8.291363	3.134707	-5.904511	2.456970	7.120609	3.952351	8.201438	-7.316700	4.768067	8.823813	-14.108097	10.742674	-4.639321	3.209433	-13.120726	-3.696135	7.134730	-7.272614	8.229022	-7.487643	-11.667983	-3.696135	-10.235685	-7.272614	-4.639325	-7.539786	-4.205660	2.457409	-10.249640	3.953111	-4.639327
4689	6	4.093798	-12.075034	-5.128081	6.962595	-3.781119	8.034429	6.037977	2.312533	4.545909	4.782491	11.430903	8.106674	-2.294433	-7.212881	-5.128078	4.706883	-3.781113	5.418100	-12.161115	-7.211140	-5.128078	-8.646504	-3.781113	-5.804478	-10.241874	7.388473	4.576080	-10.894044	11.498872	-5.745875	-0.107711	5.718730	4.576078	4.421544	11.498848	6.938540
4708	6	8.363565	-14.196640	-2.815348	6.426459	-5.846428	6.128460	-9.606358	6.265962	5.120572	-14.346597	11.159741	-10.941744	-9.518984	-9.553093	-2.815348	-11.502076	-5.846428	-10.781664	8.543993	1.599236	4.966508	3.937955	11.096254	6.119860	5.067678	-12.408367	-2.815348	3.629418	-5.846428	-0.352448	3.959813	4.291321	5.120558	0.632977	11.159736	-0.489027
4753	6	-9.137543	3.980959	5.816211	-9.640100	11.806638	-10.660886	4.611227	-10.545305	-0.009892	7.714815	3.585551	8.647234	-7.908036	-9.592540	-5.871721	1.108291	-1.832046	-4.355600	-13.594407	-9.592540	-5.871721	-5.063771	-1.832046	-10.660885	-2.764435	-11.975923	-5.871721	3.091516	-1.832046	2.258166	4.611229	-16.435335	-5.871721	7.714815	-1.832046	8.647234
4765	6	-8.303387	6.410700	6.783307	-17.014912	13.041449	-8.536727	-11.380960	-6.612267	0.455075	-12.630136	3.502915	-8.536727	3.691905	-11.385228	0.424129	5.605916	3.110669	7.009724	7.812224	1.157889	6.073807	1.211623	12.286979	6.376749	-11.381787	-12.856192	-6.165209	-12.624344	-2.350537	-8.536727	3.896460	-17.717715	-6.165223	5.611954	-2.355096	7.011300
4796	6	4.282431	-8.993636	-5.326242	6.664864	-4.593913	6.694421	6.587687	1.305567	5.422123	-0.692134	12.841633	-0.469407	8.720120	1.305567	5.422123	2.446279	12.841633	6.388808	4.275781	-5.017625	1.248622	6.664335	4.315765	6.694414	-9.579531	5.980402	5.888480	-10.441806	13.291408	-7.809609	-7.409036	-4.348229	-3.140351	-0.461693	-2.903874	-2.772538
4805	6	-12.299865	5.398400	8.009805	-11.634001	11.219422	-7.947240	-13.424853	-8.726696	-3.252586	-10.089584	-5.152880	-7.947240	-13.425697	-7.695284	-0.635558	-10.089616	0.906265	-7.947240	3.475083	-9.614827	-0.635558	6.830710	0.906265	6.781362	4.661593	2.580294	8.009785	5.695997	11.213865	6.794790	3.476003	-10.646890	-3.252586	6.830770	-5.152880	6.781414
4827	6	7.406982	-9.109746	2.242327	6.696778	4.914742	9.465764	5.186410	1.891304	6.429065	3.573072	12.277027	9.463660	-11.041839	6.691035	6.439504	-11.793715	12.279381	-8.804867	7.406901	-2.528436	2.245552	6.695010	5.508636	9.465764	7.421185	-17.280504	-3.873590	7.855013	-1.186600	9.465767	-8.946487	-12.473408	-3.873590	-7.697101	-1.186600	-8.804862
4840	6	-13.152563	-4.017901	0.112656	-9.306445	2.128888	-10.749405	-10.041314	8.012659	4.671826	-12.306919	8.885575	-10.749599	8.015719	1.590337	4.671552	3.595204	8.885547	4.196760	-13.080538	-10.253521	-7.582782	-9.306441	-3.208753	-10.749405	5.093558	-10.455593	-1.649928	6.692840	2.128359	4.195348	5.115854	-16.674696	-7.582791	6.692844	-3.208753	4.195470
4861	6	7.048881	1.423303	5.737592	3.839845	10.851541	8.599326	-6.492134	7.285780	5.737658	-12.562451	10.851657	-7.251790	4.250662	3.361865	5.737658	-2.401518	10.851657	4.119569	5.469821	-5.976561	0.836427	8.381182	3.163317	8.595995	-8.195345	-6.618971	-1.836406	-8.018179	-1.472362	-7.251791	5.553926	-11.961103	-1.836613	8.381664	-1.472394	8.596551
4925	6	-7.738138	5.647298	6.257961	-9.951408	11.758401	-6.485532	5.926562	2.110587	6.084389	4.691960	11.757344	5.975904	4.718817	-13.774556	-0.453303	8.320024	-3.657095	5.927408	0.308511	-11.488850	-0.453302	-2.106380	-3.657095	-0.818013	1.326342	5.023546	6.256046	-5.841533	11.758392	-1.127235	-8.936766	-11.145463	-0.453302	-6.207043	-3.657095	-6.496686
4927	6	9.072610	3.050611	3.300060	3.133295	9.531827	8.862911	5.264395	-6.782368	-8.637672	3.216071	-0.270022	8.863418	-3.804144	5.725675	3.300066	-9.813420	9.531837	-1.071632	2.711078	3.860647	3.300066	-3.127165	9.531836	7.308827	-10.461842	-4.107332	-8.637669	-14.324354	-0.270018	-4.637927	-3.180118	-4.131988	-8.683808	-8.118552	-6.361715	6.648632
4934	6	5.392264	-11.321906	0.679032	5.972198	3.278715	7.280946	-2.632587	-4.969730	0.679924	-3.161859	3.278741	-0.069844	5.386666	-13.280818	-1.433140	5.972186	-0.866910	7.280946	-9.176568	3.958122	6.510387	-10.300820	12.850010	-0.198148	-3.236252	-6.950333	-1.433126	-3.427370	-0.866910	-0.107594	-0.032760	-6.956723	-1.433126	4.412923	-0.866910	2.133835
4970	6	-11.675676	-8.288637	-6.703718	-4.757230	-2.259700	-5.090689	5.583787	-13.217787	-6.703718	6.774391	-2.259764	6.567050	-4.564539	-8.366817	-6.703718	4.406864	-2.259707	-0.270259	6.760728	1.951371	4.309379	5.439647	10.948425	6.566366	-10.645555	7.299494	4.313100	-6.114037	11.229683	-5.110870	-2.336597	6.965129	4.313100	3.053025	11.229570	-0.300315
4980	6	-11.523923	-12.494827	-4.470935	-8.686768	-5.748180	-9.075075	-11.523996	-6.610932	1.126344	-8.690630	4.921490	-9.075075	4.275058	-8.735595	1.126344	6.549784	4.921489	6.591492	-8.662073	4.609133	5.643857	-14.490602	13.166641	-9.075075	6.431109	0.861437	5.642496	0.813609	13.028261	5.391125	4.275133	-14.619544	-4.470935	6.553656	-5.748180	6.591492
4989	6	3.630553	-19.387848	-2.567656	7.838325	-8.644701	6.573154	1.750306	0.532794	6.585193	2.564019	9.157849	5.840994	-11.804602	-14.235798	-2.567656	-10.026756	-8.644699	-8.510089	-2.373300	3.548732	7.692908	1.369073	9.229713	2.588093	-11.808115	3.551104	7.692908	-15.222313	9.229717	-8.510108	-2.049642	-14.240443	-2.567656	6.748225	-8.644699	2.880624
4991	6	-7.023945	-8.495150	1.597663	-8.218771	3.360602	-10.754102	5.358998	-15.044734	-2.985293	5.478981	-2.004387	5.083623	5.358974	-12.224505	1.597634	5.128904	3.137414	5.082038	-2.183405	-9.130132	1.597656	1.850349	3.289455	1.248264	-7.023937	-11.376650	-2.985250	-7.868745	-1.984817	-10.753936	-2.059998	-12.036458	-2.985267	2.262855	-1.992580	1.441867
5023	6	-9.683958	5.833378	7.993724	-14.240613	11.389786	-8.874729	3.411560	-8.102124	1.735989	6.448740	5.942238	4.115739	2.921944	-0.626819	7.779261	-0.102419	6.665434	4.114977	-7.005603	-5.483464	-1.745056	0.635164	-1.690618	-2.838687	3.620123	-12.188111	-1.772318	6.867533	-1.705596	4.115803	-12.239394	-5.483464	-1.745056	-8.855918	-1.690618	-8.874729
5063	6	8.336423	1.698239	7.269860	0.145311	12.195868	8.928002	-7.288631	6.383123	7.270202	-17.126200	12.557861	-3.961551	4.478088	1.760442	7.269914	-5.775498	12.209952	5.848583	-11.244971	-10.970133	-5.097099	-12.108514	-6.357531	-3.906827	5.141361	-15.599720	-5.097475	5.948120	-6.422607	9.177026	-1.340190	-10.970134	-5.097099	4.005901	-6.357531	7.989507
5092	6	-14.027052	5.803443	9.321094	-18.560610	10.186473	-2.116649	4.130625	-8.654682	3.520967	4.036200	2.658298	8.285474	-14.432289	-2.308609	3.533999	-13.247732	2.712928	-2.116649	-13.525481	-10.698927	0.378450	-13.198180	-3.110834	-2.116649	-1.695919	-10.716186	0.378450	2.590537	-3.110834	3.113155	5.027581	-17.059330	0.378450	4.084264	-3.110834	8.286058
5111	6	-9.386301	-8.106587	-5.612047	-12.570386	-7.109490	-9.594060	6.685218	-14.544304	-5.612047	4.805684	-7.109493	6.343363	-10.853749	9.393018	5.252231	-13.660002	10.367009	-9.594327	4.607002	3.218747	5.252149	3.568743	10.362422	0.593272	5.212735	3.005912	5.252050	3.715835	10.359863	6.342722	6.093969	-14.540498	-5.612047	4.660763	-7.109493	0.594785
5120	6	4.016752	-4.004631	3.096565	6.251200	5.088508	8.960903	-1.365275	-3.438024	3.137258	3.043431	5.407752	3.299783	-10.279094	3.681209	6.905985	-14.200721	11.495441	-8.756292	-13.041587	-3.436230	3.137440	-8.848322	5.409058	-8.756292	7.073307	3.230749	6.891151	1.168263	11.483745	8.962129	5.220132	-13.177496	-3.439810	6.568167	-2.839742	8.963091
5141	6	-12.115986	-3.256957	-3.394683	-8.859620	1.347155	-9.565857	-12.130548	-5.356771	-3.823323	-8.859620	-2.388485	-9.565857	-12.363535	7.596497	6.533004	-14.979121	11.112486	-9.565858	3.621045	6.223050	6.533004	1.705758	11.112465	7.102391	3.389112	-4.468979	-3.408606	7.718377	1.336051	7.098323	3.388812	-6.561545	-3.823323	7.718218	-2.388609	7.098317
5157	6	4.055730	-12.106516	0.366394	6.192808	2.128470	4.082948	-6.637247	-13.563000	-5.446513	-8.460818	-3.870539	-12.391348	-6.637510	-7.897074	0.367029	-8.464794	2.128562	-12.391349	1.273740	1.718233	6.819007	-6.129237	11.235207	-7.198728	4.055988	-17.772552	-5.446513	6.196777	-3.870539	4.082957	-7.223174	-1.783618	6.282530	-11.702102	9.047517	-12.392440
5182	6	-7.146470	7.280980	7.372205	-16.053782	12.593551	-9.536392	-8.310813	-8.607840	-4.003135	-9.623470	0.171711	-9.536443	-8.311332	-10.038573	-5.458209	-9.623470	-5.934176	-9.536443	3.412223	-14.848414	-4.003135	5.626357	0.171711	6.481790	0.295574	-13.150164	-4.003135	0.489605	0.171711	5.970349	0.295572	-14.580895	-5.458209	0.489605	-5.934176	5.970349
5192	6	-4.552707	7.513609	5.203094	-10.056369	11.040719	-9.379702	6.064262	-16.907038	-5.296502	6.201995	-3.206271	5.932947	4.714709	1.599609	5.106186	3.159518	10.960956	5.930372	-3.203186	-11.291968	-5.296502	-6.645180	-3.206271	-9.379320	4.264454	-10.366966	0.141199	6.201845	3.594244	5.926553	1.507507	-2.371897	0.148925	-3.509833	3.612074	-7.354793
5235	6	9.920126	-9.816437	1.610299	7.367230	3.867728	7.000548	9.700644	-9.816437	1.610299	6.084374	3.867728	0.451534	-7.814037	-12.800317	-4.713180	-7.139322	-4.826299	-7.605456	-13.685117	5.334549	7.484389	-12.477440	10.369917	-8.496269	9.922716	-19.120941	-4.733095	7.367235	-4.826430	7.000548	9.703236	-19.120941	-4.733095	6.084380	-4.826430	0.451534
5242	6	-4.469094	6.589465	8.066535	-13.578368	11.861098	-5.571003	6.838120	0.462997	6.030539	-3.617518	11.692229	5.128615	6.164779	-1.410304	4.405365	-3.558137	10.707544	5.360232	9.771708	0.461807	6.027883	1.911816	11.691606	8.294860	9.080399	-1.415159	4.405091	1.973949	10.707248	8.294842	7.096108	-12.105970	-0.863231	7.430258	-6.126486	8.294424
5254	6	7.894425	2.263922	5.913048	5.672620	11.850501	8.246707	-5.598462	6.649004	6.089303	-4.365476	11.881287	-2.986426	5.164886	-6.716321	1.168637	7.219216	1.665499	8.095784	-0.188849	-7.459398	-1.889960	3.314467	-3.958567	5.791284	-7.764165	-7.459273	-1.889960	-2.481160	-3.958567	-3.115206	5.498215	-11.836521	-1.890304	7.332396	-3.958574	8.130918
5268	6	5.675587	-9.570289	2.671111	5.669938	3.924537	6.832845	2.905927	-1.224311	6.442145	-3.638162	9.461622	6.798974	6.657229	-14.195321	-3.409580	6.189958	-1.754385	6.832846	-7.112619	7.455232	8.018543	-16.448644	10.903856	-9.319895	4.435191	-3.372669	4.937778	2.849952	8.243966	6.832820	-7.584929	-7.693794	-3.152850	-10.357924	-1.754080	-9.319894
5308	6	-11.318826	-7.200487	-5.004014	-4.049683	-5.754289	-8.407905	-8.177007	-7.200487	-5.004014	1.800412	-5.754289	-2.765362	-11.366236	7.361621	7.954191	-9.719564	10.884934	-8.408114	3.586192	-12.767932	-5.004965	7.591995	-6.404070	6.059019	-1.815924	-7.200489	-5.004014	5.298644	-5.754290	5.168184	4.143171	1.317281	7.821343	1.959010	10.412412	6.030916
5334	6	-15.414315	5.956545	5.054597	-13.167383	11.714701	-11.927135	2.460733	-2.670845	2.287413	3.751871	9.155781	5.669554	3.907206	-1.023052	3.299973	4.151930	10.684100	5.916672	4.806068	-0.016305	3.763398	4.184106	11.036785	5.960717	4.966850	0.437960	3.964810	4.122625	11.173773	5.961452	2.725089	-2.538618	2.423420	3.870916	9.536706	5.743888
5349	6	-13.296033	-11.647296	-5.198594	-2.926208	-6.897070	-9.523017	-8.245600	-11.648082	-5.198594	2.007430	-6.897070	-3.800751	3.640351	-13.219608	-5.198594	6.948942	-6.897070	7.361843	-10.117063	7.221942	6.539007	-7.235536	10.546166	-9.536463	7.037709	3.485170	6.538910	2.677015	10.546142	7.360419	-1.832857	-11.714630	-5.198594	3.449444	-6.897070	6.351708
5358	6	-9.594179	6.327189	6.747769	-8.147676	10.138608	-12.770643	5.871836	-13.040136	0.119629	7.960688	0.059816	4.344470	-8.707572	-11.918172	-2.170474	-2.862910	-3.766736	-12.769375	5.072984	2.632583	6.746659	5.158588	10.138516	4.344260	5.871878	-16.443746	-2.170474	8.038221	-3.766736	4.344470	-8.753048	-3.653954	0.123299	-3.216959	0.070215	-12.769490
5363	6	-7.068933	4.694651	4.968532	-12.273668	12.580146	-10.203478	-11.136415	-11.580125	-6.985974	-8.725632	-2.028004	-10.203241	-11.136415	-6.824664	-1.539000	-8.759144	2.855797	-10.203252	0.988626	-6.866534	-1.539241	4.111281	2.855797	6.675133	3.813016	0.456126	4.951663	2.791024	12.553616	6.683190	0.988627	-11.621854	-6.985974	4.145465	-2.028004	6.675359
5411	6	-16.511936	-2.075380	5.616954	-14.311004	8.027524	-9.718531	-11.321528	-8.809836	-6.427006	-9.413833	-3.541658	-9.676631	-11.321529	-7.435599	-0.689496	-9.413855	2.578314	-9.676631	5.516310	-14.130597	-6.427341	6.033180	-3.541658	7.670477	-11.456831	3.716664	5.619363	-14.311011	13.816147	-9.680436	5.516309	-12.756451	-0.704541	6.033159	2.578312	7.670477
5414	6	4.346624	-11.872506	0.053170	5.573601	0.866682	7.543850	-12.342498	6.488263	7.387353	-7.419980	11.690643	-9.558271	-11.154970	-9.880872	0.053170	-3.947001	0.866682	-9.549231	4.346637	-13.120720	-3.435320	5.573641	-5.113507	7.543851	3.738507	4.906275	7.387353	1.987961	11.690301	7.459042	-11.154992	-11.129106	-3.435320	-3.946962	-5.113507	-9.549232
5483	6	-3.398864	6.926378	5.496091	-6.902247	12.805347	-11.513203	4.119790	-10.476296	-0.992481	5.533328	4.970423	4.648005	7.703283	0.607810	4.031410	4.027418	10.953360	-0.459143	-5.451915	-5.725316	-0.981687	-6.118792	4.971299	-12.439501	3.155487	-7.765942	-0.991855	4.302544	4.970473	-0.982096	8.674406	0.607553	4.031088	5.217048	10.952628	4.947271
5498	6	-5.124509	8.227541	6.769758	-3.496756	6.596488	-6.101582	-1.221720	-8.882228	-5.258224	7.264681	-11.318198	3.884592	3.586924	-13.465549	-5.258237	9.534761	-11.318203	6.126038	5.350304	3.369423	6.769695	6.628267	6.596192	6.125885	-4.493409	8.227540	6.769758	4.101255	6.596488	-1.400208	-6.256194	-8.607716	-5.258214	7.117654	-11.318194	-1.395100
5500	6	5.813798	-13.775419	1.830347	6.697012	0.540764	5.641978	6.528654	1.817476	4.506600	5.759920	8.369568	5.633202	-7.471956	-12.578378	1.830347	-6.385458	0.540764	-10.634995	5.815723	-15.640687	-1.016179	6.697817	-4.730535	5.641983	-6.759084	3.020249	4.507293	-7.323853	8.376240	-11.069793	-7.470031	-14.443646	-1.016179	-6.384653	-4.730535	-10.634561
5554	6	-11.030978	-7.308233	2.282204	-13.411004	0.128273	-6.696800	7.277882	-13.362196	2.282204	3.515547	0.128273	5.815805	-14.786101	8.590494	7.561222	-13.829204	10.590960	-6.696800	7.077505	-8.597196	3.351983	3.278203	5.915775	5.815757	3.173186	4.442380	7.561201	2.984158	10.590898	5.804196	-11.232989	-2.459180	3.359771	-13.611723	5.919651	-6.696800
5585	6	4.891290	-7.449776	1.668385	8.008711	5.949503	5.303360	-6.247205	7.923768	8.169281	-12.427672	13.599052	-11.315854	4.923679	-12.432049	-4.437255	8.034246	-4.719254	5.303425	7.809358	5.175026	8.169281	4.403809	13.599046	5.304364	-9.109011	-9.685822	-4.437255	-9.240857	-4.719254	-11.315866	-9.135177	-4.636976	1.668386	-9.266001	5.949554	-11.315866
5676	6	-9.088211	-6.145088	-3.536995	-10.515919	-3.317278	-6.949578	-7.783751	7.027433	4.753613	-13.276481	13.444669	-6.970585	6.696880	-9.051601	-1.458789	7.598552	3.165194	4.451021	8.360089	2.566018	4.622095	5.066752	13.339778	4.436586	-9.048030	-5.355458	0.054120	-10.528984	3.250620	-6.949798	6.696633	-9.839316	-4.633001	7.600086	-3.317823	4.451024
5678	6	-13.599123	-4.198969	-2.227789	-6.338677	-9.914774	-10.015258	3.881812	-9.305729	-2.227789	7.574138	-9.914778	7.431983	-10.709969	7.065160	6.159845	-12.130366	6.496554	-9.994457	-11.068651	1.912980	3.604370	-9.509186	-1.569338	-9.999721	6.524488	1.856958	6.143196	1.860006	6.468480	7.585210	-0.751810	-5.352620	-2.227789	1.146232	-9.914778	5.391593
5681	6	5.687643	-8.834872	1.193059	5.447076	1.715333	7.232678	-10.545242	-6.125345	1.193059	-8.444536	1.717668	-9.177832	5.652265	-12.676183	-3.484107	5.628252	-3.699559	7.232646	-12.434179	6.066549	6.442889	-10.830822	8.705772	-9.177832	-10.740868	-9.968070	-3.484107	-8.263331	-3.699559	-9.177832	3.347482	3.361970	6.442888	2.889718	8.705772	7.039023
5813	6	-11.071065	-1.400424	3.832727	-4.040079	11.185476	-7.021693	-9.289947	-5.627410	-1.997056	-1.807046	-2.040939	-2.385854	3.846047	-7.258857	-2.003652	6.181596	-2.062450	6.597041	-9.589734	4.006060	4.998961	-8.683725	11.484065	-7.162121	3.158775	-2.792543	3.746019	4.695384	9.681519	6.573600	4.722130	1.515445	4.785184	3.844074	11.482247	6.599333
5867	6	4.972624	0.515362	5.761402	7.270236	9.447984	6.831657	4.038835	-8.506462	0.340380	8.500624	4.476425	6.835053	-8.982672	-4.506518	0.340381	-6.280746	4.476426	-7.409045	3.747611	-14.868554	-2.863221	8.493175	-2.440967	6.830744	-10.738927	-11.045515	-2.863221	-6.280759	-2.440967	-7.409230	-9.492742	4.603613	5.818057	-7.526426	11.911867	-7.456918
5947	6	3.803678	2.316816	6.812704	-4.170212	12.366837	5.895197	7.653256	-2.236711	4.672676	2.788613	7.258763	6.561766	-5.772423	6.444046	7.118502	-12.099572	12.555012	-7.886241	7.524271	1.497728	6.609645	2.752050	12.040944	6.561766	3.853693	-1.388051	5.201194	-4.147097	8.304472	5.936338	-9.180060	-4.852932	-2.650642	-7.785988	-2.921804	-7.885939
5990	6	4.969704	-15.885356	-7.288666	9.471833	0.186733	6.544346	-8.977477	-11.072066	-7.288666	-1.853123	0.186733	-10.154554	-1.586359	-11.101007	-9.352662	4.197646	-5.846590	6.518319	-1.585766	-11.078197	-7.288666	4.197818	0.186733	6.518361	-8.978055	-11.094880	-9.352662	-1.852588	-5.846590	-10.152988	4.969682	-15.908140	-9.352662	9.472170	-5.846590	6.544346
6050	6	-12.579146	7.369486	4.592698	-16.437152	13.363614	-8.132123	-15.918134	-6.723288	-4.058753	-10.866032	1.164649	-8.072773	2.506330	-11.936255	-4.063207	5.764994	1.164649	8.177755	2.506375	-15.210909	-6.885329	5.764994	-4.675374	8.177756	6.747116	0.722760	3.834153	1.008679	12.485621	7.816056	-15.918116	-10.000811	-6.885282	-10.866032	-4.675374	-8.072773
6185	6	-11.845448	-10.532837	-2.984911	-7.588078	-3.239747	-9.463021	-12.791975	7.485279	8.889761	-13.901736	9.398128	-9.463023	5.025011	2.915755	8.882675	-0.317029	9.398002	4.596092	-12.538446	-7.336115	1.853085	-7.594194	1.678238	-9.463022	5.309059	-11.902476	1.853085	6.066183	1.678237	5.941403	6.002506	-15.099800	-2.984911	6.072647	-3.239747	5.959870
6200	6	-9.195225	-4.500298	2.106007	-12.660123	6.147336	-9.330094	3.332370	-8.029748	2.104936	5.650068	6.147239	6.238697	-9.195047	-12.307781	-4.258848	-12.652390	-4.473798	-9.330094	3.332568	-15.833740	-4.258848	5.657864	-4.473798	6.238712	-8.393411	5.145713	7.337614	-14.943651	10.300598	-9.330094	3.691827	1.372193	7.331754	3.501038	10.197868	6.256428
6218	6	9.509546	1.243375	4.401290	2.414061	10.104531	6.556322	-6.965708	7.669108	4.522560	-12.929736	10.624694	-10.115563	-11.366867	-3.814999	-1.570919	-8.524814	5.415426	-10.115563	5.680727	-9.698231	-1.600676	6.494401	5.412228	6.556350	5.680957	-13.018855	-7.472271	6.494403	-0.980346	6.556350	-11.366718	-7.302358	-7.472250	-8.524813	-0.980346	-10.115563
6241	6	2.832955	-7.447891	1.295934	7.730728	3.222526	5.882815	-11.123968	7.564981	8.002157	-9.865222	11.125478	-7.526311	2.841083	-13.546737	-0.550822	7.735252	-3.882227	5.885821	2.257972	3.611902	8.001970	1.572385	11.090861	5.517477	-4.906629	-7.737487	-0.550822	1.287187	-3.881490	-1.815612	-1.429265	-7.737557	-0.550822	2.221049	-3.881490	3.363205
6260	6	-8.372809	-10.548537	-1.865839	-9.136942	-3.851301	-1.023152	-6.902899	5.734360	6.483552	-14.174151	11.798064	-1.023247	1.848519	4.346965	6.483358	-6.220893	11.796910	5.462254	5.746439	-12.058722	1.087344	4.701414	1.578210	8.053789	-8.497986	-8.577784	1.088539	-9.162403	1.581093	-1.023156	5.871871	-13.929207	-1.865890	4.734815	-3.851452	8.053836
6334	6	3.448367	1.600964	6.777196	3.574050	10.709010	3.625659	5.599533	-11.344874	0.927302	7.224854	5.041442	3.873876	-13.673341	4.249353	6.857987	-6.123125	10.943262	-6.114868	-4.169824	-8.061808	0.926434	3.046093	-1.146995	1.211293	-4.169822	-6.667277	0.927303	3.046093	5.087696	1.211293	5.599533	-12.292198	0.926379	7.224857	-1.164723	3.873876
6342	6	4.482997	-11.707205	-0.366183	3.996032	-0.825070	6.959404	-11.249574	-7.139692	-5.361659	-7.627089	-5.301090	-10.972662	-10.194606	8.762866	5.304614	-9.635443	12.333773	-10.972662	-11.248792	-7.131547	-0.182888	-7.732571	-0.823274	-10.972662	6.098698	4.181130	5.229968	2.139689	12.315872	6.960159	4.482966	-11.714349	-5.537872	4.089376	-5.302818	6.959404
6365	6	2.532123	0.003260	-1.621667	-4.860098	-3.460779	-4.068275	-2.908351	3.659588	-0.803846	-9.473717	-2.383102	-9.724063	7.653618	-2.315275	2.554609	5.318426	5.629660	6.227766	-4.355228	7.068311	4.784994	-12.983992	10.014843	-9.724064	1.387664	6.913767	4.783876	-8.381214	10.014822	-7.658285	5.802752	-9.048751	-4.995988	6.040797	-8.771809	6.227760
6366	6	-3.697129	-12.180596	-4.940353	-11.289221	-3.205419	-8.453656	6.928715	-10.172514	0.051467	6.514047	3.406905	8.688804	-1.618007	5.045460	5.334541	-11.651609	14.677183	-8.097928	9.141188	1.338565	5.095301	5.169037	14.573339	8.688807	6.930039	-15.924579	-4.940355	6.516155	-3.205419	8.688804	-3.698470	-6.425944	0.057601	-11.291581	3.406905	-8.453671
6405	6	-8.711153	2.981265	7.713658	-11.446679	13.109961	-6.489626	3.574734	0.770867	7.072104	-1.997955	13.070162	8.268271	-2.290886	-6.177891	1.127707	1.086034	2.694353	3.425315	-11.992276	-6.087472	1.127707	-6.652623	2.694353	-5.335917	-1.667312	-11.244890	-4.925529	1.086340	-3.212246	3.431474	-11.824495	-11.107879	-4.925529	-6.652429	-3.212246	-5.335712
6406	6	-11.170049	-6.953129	-3.360210	-9.095219	-3.175078	-3.393919	-2.737201	-6.953129	-3.360210	3.640999	-3.175078	1.972688	3.195869	-9.492286	-3.361395	7.157798	-3.176721	8.965112	3.558719	4.528338	6.644021	-4.366770	13.034498	3.736645	-6.261702	7.460767	6.644027	-14.580980	13.034500	-3.393919	7.545201	4.321923	6.644016	1.670594	13.034498	8.853992
6411	6	-3.961553	6.506872	6.868535	-16.968170	10.805276	-4.676439	6.009974	-10.893476	-5.510537	6.677884	-2.249199	5.849416	5.347900	-8.477324	0.437515	4.107885	4.234201	-0.692210	6.009960	-8.477611	0.437515	6.677033	4.234201	5.849416	-4.975852	-4.550005	-5.507970	-10.672736	-2.249156	-4.689116	5.347913	-10.893189	-5.510537	4.108746	-2.249199	-0.692200
6427	6	-9.101766	6.543822	7.344839	-15.725607	12.469033	-11.344488	7.400501	2.622386	7.339774	0.558884	12.468382	4.469420	-9.420089	-5.208180	-3.716452	-10.044277	-5.260453	-11.206736	7.083669	-9.127822	-4.291548	6.639428	-5.406218	4.848754	7.085298	-7.733754	0.769603	6.638955	3.468661	4.848752	5.858967	-1.305840	6.487735	0.605900	5.899345	4.480242
6470	6	6.173775	-10.814507	0.861063	8.421690	4.811974	7.068753	9.575537	0.871445	5.480150	4.302371	11.328266	7.030093	7.140979	0.871445	5.480150	-2.103386	11.328267	5.332235	-6.047308	6.550125	5.903569	-11.113094	11.366384	-8.817510	-4.880654	-4.641496	2.346617	-6.622889	7.098135	-7.958084	-0.103043	6.540618	5.903504	-8.413741	11.366382	-4.719458
6489	6	3.020713	3.903479	9.691461	-4.820070	10.989954	5.618275	-9.682830	6.706088	9.691465	-17.263376	10.989955	-5.169120	5.038792	-13.822407	-3.167999	3.569958	-7.317953	8.194381	4.210546	-3.402906	3.177005	3.514037	4.530513	8.194376	2.690009	-1.699973	5.701135	-4.787912	8.457560	5.618078	-12.917179	-10.363282	-3.167999	-13.485197	-7.317953	-5.169120
6528	6	-9.756420	6.784361	6.918050	-14.577880	12.225630	-9.184477	-10.484393	-3.643445	2.815039	-12.539293	5.103975	-9.184477	6.289768	-14.832936	-3.045896	5.723263	-5.681742	6.729639	6.042763	-7.102082	2.814502	5.087512	5.103565	6.729628	-10.261217	-11.221462	-3.045896	-11.903360	-5.681742	-9.184477	6.809751	2.873458	6.917210	3.049118	12.225239	6.728358
6532	6	-8.453949	-3.283124	-0.831798	-12.596346	1.423136	-9.557649	2.298225	4.481271	5.599936	3.091835	10.591910	9.504630	-11.298442	5.431042	5.599936	-14.822471	10.592100	-9.557664	5.784430	-14.379275	-2.802863	5.682027	-3.637025	9.505379	5.784368	-7.208886	-0.835650	5.620503	1.383671	9.505379	-8.454258	-10.474653	-2.802863	-12.534606	-3.637025	-9.557649
6617	6	4.143270	-12.645755	-4.950121	9.235476	-5.693812	6.814054	-12.739532	-10.557131	-4.950084	-6.315350	-5.693804	-11.902728	7.972023	3.889131	5.341104	5.802222	10.962058	0.715756	4.143264	-12.645755	-4.950121	8.184907	-5.693812	0.693961	-9.296426	5.978413	5.344087	-8.749442	10.962629	-11.902728	7.972028	3.889131	5.341104	6.830962	10.962058	6.827709
6618	6	-1.835403	-4.780242	0.135952	2.142487	5.154681	-5.315437	7.404053	-9.359627	0.135842	6.662910	5.154603	4.954742	-11.965669	6.701804	5.849714	-5.521380	12.665856	-13.220738	-1.835593	-7.746714	-2.558544	2.215988	-0.349109	-5.298122	7.404054	-12.325619	-2.558544	6.732069	-0.349109	4.954782	3.260789	1.974953	5.843082	4.722327	12.663879	4.312951
6702	6	-14.489714	-11.135485	-7.092264	-10.206855	-3.600047	-9.551489	-10.660196	5.597958	5.907389	-15.611867	10.076651	-9.545040	-13.891903	-6.834018	-5.834925	-10.206855	1.459630	-9.551238	3.324867	-13.156701	-5.834925	7.714429	1.459630	6.624907	-9.278347	-0.097112	-1.095043	-10.206851	2.192771	-9.533969	3.314792	-17.457782	-7.092264	7.708475	-3.600047	6.621164
6710	6	-4.055077	6.719817	7.074729	-17.284511	9.764621	-12.918682	-6.472026	-4.735190	1.924064	-13.085108	1.912399	-12.931970	-6.464712	-8.452522	-3.453017	-13.083958	-8.145869	-12.931965	4.082632	-9.928149	1.923002	4.063568	1.910089	5.280029	4.853908	1.413447	6.900099	-0.784563	9.763558	5.372211	4.091081	-13.638222	-3.453017	4.064716	-8.145869	5.281677
6765	6	-10.543638	6.967998	6.070556	-12.387330	9.048494	-9.405306	-9.899996	-8.474127	-6.242430	-10.119921	-4.544069	-9.405306	5.421428	4.122355	6.069090	5.148336	9.048279	6.609284	6.065230	-8.925207	-6.031979	7.414478	1.143363	6.609285	-9.899996	-6.069556	-6.031905	-10.120101	1.143364	-9.405306	6.065230	-11.317615	-6.242431	7.414658	-4.544069	6.609285
6808	6	-4.724329	7.073305	5.967579	-15.148903	11.154648	-3.761071	-8.949218	-2.936356	0.997275	-13.334470	4.281102	-3.761071	-8.965476	-9.638007	-5.398495	-13.272853	-4.748375	-3.761071	4.635970	-13.724355	-5.398495	5.677895	-4.748375	6.964592	3.260040	5.139024	5.967436	-2.870145	11.154632	4.669933	4.634899	-7.039784	0.975523	5.618041	4.265885	6.964499
6871	6	6.125362	-9.400345	-8.073158	4.556349	1.556483	6.632004	-8.652976	-10.934209	-9.278140	-0.955022	-4.894553	0.016775	-8.651467	-4.833171	-6.046266	-0.955022	1.746756	0.016775	6.125362	-15.403557	-9.318762	4.556349	-4.894929	6.632004	-6.490645	6.108540	2.110920	-0.958713	9.108001	0.015400	-10.532607	6.108587	2.110920	-10.111660	9.108002	-4.704139
6889	6	4.186225	-11.690405	-4.096806	9.193403	-4.939345	4.591677	-8.443984	6.558048	6.558671	-8.565335	11.101257	-12.999477	4.006911	-7.002771	0.864111	9.024653	4.298561	4.591549	-10.835200	-8.329148	-3.798593	-5.735742	-4.934012	-12.999479	6.766653	1.531966	6.145797	6.939121	11.087731	4.591959	-7.019639	-8.335379	-3.799876	0.155067	-4.934040	-10.538759
6902	6	-8.544859	8.435697	4.689030	-8.692954	12.338727	-8.049045	-10.425620	-3.259991	-2.199580	-6.915201	3.098864	-7.497912	5.255847	3.496366	4.689018	3.771862	12.338526	7.899057	1.843540	-9.748879	-8.049824	5.540241	-2.261582	5.573039	2.321264	-4.194635	-2.199603	5.540024	3.098833	6.479159	-11.170196	-9.190971	-8.049824	-6.914943	-2.261582	-7.497797
6904	6	-12.431815	7.117572	6.521762	-11.900351	12.905208	-10.437692	-10.353439	-3.747212	-0.067612	-5.522835	4.087589	-10.429736	-11.060862	-6.261881	-5.119338	-5.538538	-4.241705	-10.429911	5.439827	-9.721610	-1.091438	9.499360	1.429885	5.755770	5.439748	-12.237811	-5.537314	9.499359	-5.259981	5.755769	4.090475	2.870227	6.521581	3.125412	12.751389	5.702347
6983	6	-6.696218	6.343576	5.136357	-7.430522	9.576543	-3.206285	3.009150	-9.486792	-3.475666	4.309136	-6.229745	9.182365	-9.747911	-7.920434	-3.465970	-6.210342	-6.228974	-3.205986	4.236755	-1.305910	3.437794	3.982264	3.042058	9.195339	4.338660	-0.859195	3.614931	-0.915305	3.871224	8.945791	-2.526064	-7.921800	-3.465984	2.904739	-6.228975	3.666751
