48	5	-9.678514	1.628970	1.064864	-8.312011	-4.147252	-13.910124	1.115340	-3.447719	-3.000606	1.163659	-10.412548	-5.237393	-11.218942	8.297271	7.137138	-11.039835	5.882645	-13.917715	6.822800	3.867573	7.137138	4.731388	5.882157	2.695676	3.178914	-4.746963	-3.006223	7.221762	-10.440799	2.285024
281	5	-4.677249	5.769451	6.382090	-9.805751	6.346125	-6.388835	-5.335585	-11.615593	-2.266563	-4.887446	-2.579787	-6.388837	3.771440	-17.914007	-2.266563	8.073287	-2.579787	4.431701	3.331459	-0.403593	6.313936	3.196335	6.176461	4.431699	3.557090	2.261651	6.208898	3.166742	5.995712	4.431699
290	5	-4.437583	7.404597	7.133106	-12.002800	6.835630	-10.457461	-1.754698	-3.615000	0.697310	-6.211433	-10.099752	-10.452947	2.714329	-5.368340	0.697247	-3.114728	-10.212125	-5.515553	3.436733	-8.097651	0.697247	2.481725	-10.213036	-2.977174	3.537051	-8.423093	0.697247	4.605931	-10.213037	2.359798
385	5	-11.057457	5.495602	6.872415	-14.700509	7.097611	-11.981820	-4.643602	2.728395	2.293923	-12.523885	-0.638184	-11.977004	4.882600	-3.711105	2.068532	5.983623	-6.787261	3.202043	4.230022	3.737963	6.872407	3.740187	7.097611	3.068564	4.884479	-7.930547	-2.821949	6.204415	-10.816104	3.207128
613	5	-8.940178	4.565798	2.993968	-8.625573	-2.612500	-9.211335	-8.743185	-5.504256	-1.997038	-8.568164	-7.777872	-9.210842	-11.767955	8.397239	5.216979	-10.856993	6.553318	-9.220932	5.904575	-9.443011	-1.999582	6.515463	-7.777872	2.828947	5.204301	0.536068	2.910923	6.467002	-2.812488	2.807892
719	5	3.754833	-10.012174	-2.666721	8.068369	-10.623111	4.931851	-1.183944	3.472714	2.704939	-10.446951	-2.206005	-5.800608	-8.976071	7.436494	7.563108	-14.477625	3.371686	-11.519751	-12.836443	-3.354530	-2.666639	-9.243688	-10.582178	-11.519750	6.782505	2.179765	7.557362	2.964298	3.364175	4.931851
764	5	-9.309239	-7.623041	-1.851928	-7.112559	-8.000667	-6.674524	-9.403018	7.549867	6.311157	-10.848818	6.461049	-6.674530	3.231258	-1.259977	6.311153	3.840414	6.430948	4.603041	4.880197	2.549775	6.311157	3.841089	6.461049	4.604292	4.382673	-11.948407	-1.854383	7.577417	-8.005497	4.604153
936	5	-12.785499	-4.425087	-2.897580	-6.832133	0.827250	-13.967886	-13.081342	6.761372	6.076649	-11.270434	7.292652	-13.967886	4.772040	-10.453119	-2.953354	6.732844	0.826806	4.339072	-13.206283	-8.826908	-3.931726	-6.832133	-5.299366	-13.967886	4.935017	0.638398	5.457444	2.320312	5.885681	4.337960
959	5	3.508983	-13.894701	-0.254612	6.132492	-6.557074	4.252315	-7.051729	6.136509	4.422834	-13.164193	5.060694	-11.109945	4.682470	3.359088	4.422792	4.220895	5.060503	4.330297	-8.222681	-11.264789	-0.254612	-11.254237	-6.557074	-11.218203	0.012579	-11.272371	-0.254612	3.698184	-6.557074	3.270476
1222	5	-1.831158	9.143242	5.187299	-9.504364	7.067518	-13.607104	5.092392	5.398542	5.185979	1.326460	7.028259	-5.740944	-2.585354	-1.807900	-0.046515	-8.198365	-4.392840	-13.679406	0.459622	-8.316328	-0.145753	2.140720	-6.454907	-6.265559	1.229855	-2.630244	-0.112562	2.669657	-4.906594	-5.800908
1252	5	3.387236	-15.094095	-3.296222	6.309835	-12.161461	2.757922	-6.289770	-10.105564	-3.290613	5.396593	-12.160484	-3.347013	-10.561753	5.640104	9.020574	-5.169439	4.009637	-6.774415	-7.074455	5.640104	9.020574	0.877977	4.009637	-3.356254	3.346094	-2.133885	8.623921	1.786171	3.527689	2.744976
1253	5	-10.305874	7.624236	8.015672	-12.645231	6.323803	-15.216402	-10.289184	4.884357	7.160937	-12.645230	0.641374	-15.216402	4.738266	-14.808219	1.339630	3.961062	-10.067479	1.780173	-8.380904	-7.980761	1.339630	-11.079180	-10.067433	-15.216402	2.961389	1.829198	7.148760	2.342100	0.634445	1.780090
1511	5	-6.399059	-8.950125	-7.457334	-6.994699	-10.505526	-10.500486	8.068476	-14.742008	-7.457334	9.385891	-10.505526	4.528676	3.576413	2.153968	4.157650	-5.912162	5.493757	-4.677267	-3.647265	7.935720	4.157653	-11.827460	5.493761	-10.516294	11.191543	2.148337	4.157649	4.553610	5.493757	4.528163
1593	5	-5.416022	0.949611	0.121860	-6.855166	-6.338342	-9.345201	3.376367	-7.653127	-5.010876	9.617007	-11.456422	3.038890	5.269016	3.804661	5.620997	7.179250	5.941882	3.038940	-10.425629	-5.921159	-4.461627	-6.852415	-11.447595	-9.345201	-9.515288	6.884216	5.747833	-9.487746	5.970625	-9.345201
1663	5	3.665048	-10.376551	-5.344506	8.042209	-9.643419	0.192137	-7.182964	7.530226	6.438368	-11.662118	6.262647	-10.725449	-7.808693	-8.869737	-5.344506	-8.153340	-9.643419	-9.061943	3.664958	-10.376494	-5.344506	5.357685	-9.643419	-1.453039	4.369529	5.554317	6.438367	4.545416	6.262570	0.363170
1682	5	5.179488	-12.757804	-2.192080	2.954830	-10.186213	-2.440506	5.380917	-12.912766	-2.192080	8.716323	-10.186213	2.324870	-10.706897	6.065585	9.623184	-9.633895	7.578333	-15.523485	-10.298000	-9.518452	-2.192047	-4.783538	-10.186213	-12.772349	5.710978	2.277540	9.437362	3.854333	7.577533	2.324580
1750	5	-2.955141	2.169223	-1.722379	-7.170793	-4.696392	-14.455116	3.335702	-0.368949	-6.174029	-4.030634	-4.716404	-9.052498	3.361517	0.049222	-4.789276	-4.029898	0.990040	-9.051251	-6.959959	7.233463	3.824135	-7.956630	7.072549	-14.455116	-2.966340	2.651745	-1.282473	-7.172569	0.998568	-14.455116
1880	5	8.010528	-10.302416	-6.938313	3.362014	-13.494057	-2.470473	-4.377169	6.444578	4.980828	-9.637352	5.491386	-15.799649	7.318146	-10.302416	-6.938313	-1.934742	-13.494057	-2.491390	6.942912	2.252001	4.968876	1.424173	5.487831	-2.470747	-3.283514	-6.141503	-6.938313	-7.614870	-13.494044	-14.032395
1899	5	-14.405931	8.446816	8.386979	-10.503070	3.256220	-14.184766	-8.280927	1.884294	2.300377	-8.832256	-2.779687	-14.184766	-13.888128	-6.885789	-3.804202	-8.820876	-12.495260	-14.184766	3.470846	-9.469311	-3.804202	8.262554	-12.495260	2.857289	2.530162	6.519857	8.386979	6.546291	3.256220	2.796286
1945	5	-8.380684	5.943360	6.388777	-13.510302	9.161971	-14.160057	-12.089181	-7.815754	-0.709482	-10.776633	1.294457	-14.160057	3.509298	-10.779374	-0.740757	5.683741	1.245915	2.188010	-12.093149	-8.543689	-4.350479	-10.714595	-5.284452	-14.160057	3.509321	-11.400115	-4.355307	5.744429	-5.312128	2.188010
2005	5	-5.767962	5.762360	4.860922	-4.760703	9.607384	-13.022829	-2.540100	5.762357	4.860922	1.001669	9.607384	-8.676461	-5.684757	-8.481935	-6.940690	2.367841	-6.540344	-8.616713	-8.825995	-8.481935	-6.940690	-3.402034	-6.540344	-13.022822	3.623716	0.493795	4.844649	5.387063	7.255858	-2.921106
2025	5	-12.088000	7.416087	6.740090	-14.736955	7.197475	-12.931333	4.013573	-1.628626	-5.590157	3.717807	-8.520679	-1.028814	-5.900973	1.216918	0.740988	-13.330552	-4.083539	-12.926820	4.731432	-2.545852	-5.615269	5.824914	-9.304817	4.107582	3.341332	5.263088	6.740090	4.301612	7.197475	3.965159
2070	5	-14.331717	-10.892345	0.998812	-8.205647	-8.836779	-12.247232	-13.599724	-1.400552	4.482636	-9.642129	4.675070	-12.247234	-14.340560	4.842533	7.403684	-14.792109	5.822712	-12.247234	3.883668	-13.635777	0.998812	2.563875	-9.028867	-1.211424	4.178787	-13.776199	0.998812	3.743380	-9.032222	4.914562
2075	5	-10.839327	7.799557	8.283401	-13.734434	7.435331	-13.859793	5.594353	1.986011	8.283143	1.801406	7.435194	2.713560	2.139696	-13.030492	-3.685001	-0.590805	-2.451511	-2.659775	7.684474	-13.210665	-3.685001	7.575434	-2.451511	2.900086	-8.823970	-7.432672	-3.682576	-8.553006	-2.448687	-13.859288
2121	5	-0.677768	3.254725	0.958279	2.066594	0.477736	-5.222806	-12.110417	7.068984	4.902049	-12.215790	6.449732	-12.786624	-7.148798	3.922886	1.000766	-8.158858	0.481487	-11.391333	-10.861641	-6.501849	-5.336954	-8.739112	-7.088063	-11.858800	-1.194844	-0.830929	-1.635445	1.771060	-7.021012	-5.567808
2153	5	5.597021	2.446938	5.148190	-1.425480	6.161402	-14.550277	3.359279	-10.746588	-6.130754	1.460107	-7.993633	-9.824113	-4.647097	8.233480	5.203666	-12.333862	6.164559	-19.716581	-7.107014	-5.076228	-6.054093	-9.482928	-7.993632	-19.766406	-2.467525	5.561147	0.104814	-7.016623	-1.120519	-18.975468
2300	5	5.525366	-7.800734	-5.644177	3.428765	-8.783642	-1.012972	-4.567350	-2.980482	-5.198033	-9.384713	-8.711442	-13.308323	-5.870337	6.375866	6.459736	-13.475945	7.275741	-13.308584	6.082538	-7.800749	-5.644177	5.411747	-8.783642	4.168928	4.129674	1.555361	6.113113	1.748052	7.264798	4.131010
2319	5	-9.188416	5.392371	1.769607	-7.344844	-4.982300	-13.922954	-9.837159	-4.276628	-3.215060	-7.344692	-12.996802	-13.922953	-11.102500	6.739750	6.723383	-12.933379	4.297320	-13.925637	5.435184	-8.740163	-3.220452	7.643360	-12.996818	3.530044	4.159338	2.275109	6.709536	3.872132	4.295881	3.433252
2335	5	-7.408990	1.151244	0.198054	-4.027681	-3.431139	-13.899280	-3.089836	1.151092	0.198053	1.490067	-3.431202	-10.142998	-12.720873	7.853145	6.237274	-9.810718	7.459600	-15.542929	3.828048	-10.942165	-6.053767	5.524839	-7.621428	1.977515	-13.547479	-5.078801	-6.053742	-4.177909	-7.044683	-13.998690
2356	5	-10.725774	8.222670	7.580606	-8.383389	7.378221	-16.608577	4.881178	-10.958008	-1.660995	2.821671	-7.516261	-5.125125	-14.083520	-1.402797	7.346445	-8.383333	0.357453	-16.608577	-7.787444	-7.137775	-1.660787	-4.740397	-7.516259	-16.535147	5.206392	-11.158522	-1.660995	6.751896	-7.516261	0.812810
2474	5	5.621476	-15.962675	-3.057602	7.697338	-9.300523	4.629877	-8.911973	-10.448282	-3.057588	-7.499759	-9.300523	-12.744638	2.685382	-15.961187	-3.057602	3.288968	-9.300523	-1.532592	-8.559175	7.482970	6.379057	-9.510773	5.082256	-12.744650	5.968014	1.653983	6.335280	5.747793	5.025851	4.629867
2550	5	-3.708846	-10.409755	-7.294858	-9.567687	-11.979439	-9.505552	-5.474588	6.564666	4.929030	-11.537672	7.426042	-9.505642	9.300136	-16.153776	-7.295665	5.036100	-12.024983	2.198462	6.596128	-15.845100	-7.295661	3.096048	-12.024773	1.078973	3.544891	4.603339	4.928711	0.756752	7.343818	-0.043513
2709	5	3.951959	-15.583878	-3.769968	5.898996	-9.251437	3.956162	-13.237156	6.717257	8.934541	-13.603672	7.779393	-14.452656	-13.500080	-10.271776	-3.769968	-9.463541	-9.251437	-14.451905	-9.474977	0.516392	2.561004	-9.558012	-1.687232	-14.451990	4.173634	1.193917	8.929671	1.705384	7.767485	3.946363
2712	5	-4.634995	7.258913	7.341225	-13.289480	6.383523	-10.031796	5.524821	-14.759323	-2.506020	2.791645	-5.525747	-2.467729	-3.607859	-8.363259	-2.506002	-10.108809	-5.525741	-9.940220	7.340322	-14.806491	-2.506020	6.310505	-5.525747	3.287336	1.388544	-8.401080	-2.506003	1.954127	-5.525741	-3.681167
2757	5	3.001489	-12.857655	-2.253641	2.712640	-12.019515	-2.320715	-5.387488	-11.416582	-2.253634	-9.071640	-12.019515	-12.406062	-7.320236	3.390527	7.001137	-13.491301	6.808398	-12.406062	7.979304	-14.044570	-2.253642	8.169650	-12.019515	4.099929	5.541863	0.830048	6.900616	3.751281	6.789969	4.099923
2958	5	-9.641678	6.454436	5.718273	-11.637375	5.992700	-8.459823	-11.433473	-7.899616	-2.939476	-5.364442	-13.172711	-8.459823	-4.452602	-7.899616	-2.939476	1.300773	-13.172711	-4.663495	3.373606	-12.407454	-2.943616	5.954370	-13.559473	-0.235531	-7.790581	2.039647	2.374372	-7.600790	-3.227311	-8.459823
3125	5	-7.465157	-7.379667	-3.551497	-9.500926	-5.295986	-9.834980	-9.148604	8.219024	6.099436	-14.948449	7.405258	-9.834980	2.031184	-9.502011	-3.551497	0.960130	-5.295986	-3.406357	5.304716	2.316515	6.088064	0.527209	7.404366	4.555201	7.058318	-13.282423	-3.551497	5.991470	-5.295986	4.747203
3131	5	-10.512098	6.250208	8.502306	-12.315842	7.272062	-15.283723	-7.577722	-12.233074	-3.356981	-7.919816	-9.024899	-15.282385	4.038844	-15.381401	-3.356981	2.738570	-9.681123	-4.210362	9.612819	-15.439335	-3.356981	5.872981	-9.685321	2.066693	6.422195	3.045715	8.500917	1.325906	7.268539	1.807776
3184	5	6.789455	-13.519410	-2.616428	6.383371	-8.742431	3.210493	-11.927308	6.828073	7.755484	-8.957554	6.688173	-15.502969	2.578967	-10.990959	-2.616428	2.954694	-8.742424	-3.521676	-8.597582	-8.553997	-2.616428	-3.058257	-8.742192	-15.487569	-2.759494	-8.553999	-2.616428	1.108195	-8.742192	-8.798096
3384	5	-10.953576	-7.410140	-1.346815	-8.316744	-9.838346	-12.554475	-9.155772	7.468401	6.778528	-14.624510	6.351648	-12.565739	4.555686	-9.902216	-1.346815	6.335448	-11.295693	4.364333	5.831754	3.948769	6.778494	0.025717	6.341817	4.234608	-5.259213	3.041773	3.915691	-8.638620	-1.557412	-12.558520
3478	5	3.681539	-1.446587	2.866448	-4.887706	-4.928140	-7.435945	-3.598772	-4.326514	2.529545	-8.060175	-5.888925	-12.721567	5.642277	1.658665	6.111980	-10.358948	2.863048	-7.428897	0.547564	4.463584	5.614026	-9.828363	-2.118109	-12.700091	0.451302	6.533266	6.170478	-10.400963	2.934918	-12.707139
3527	5	-9.329444	6.002711	5.145867	-6.849157	3.922494	-12.305603	-10.659089	-10.727442	-5.971647	-2.400249	-3.926110	-10.764872	2.276553	-14.143005	-5.971647	5.907377	-3.926110	2.248167	-5.691822	-10.727442	-5.971647	2.801452	-3.926110	-1.373368	3.861363	2.575295	5.145723	1.802904	3.922456	2.638659
3820	5	-11.892795	-9.546030	-4.168097	-9.224589	-10.661740	-5.467863	5.629930	-15.787438	-4.168097	5.972327	-10.661742	4.221402	-8.103379	2.714337	1.529629	-9.228778	-5.700972	-5.467862	-14.111604	7.713052	7.680832	-12.137241	5.550281	-5.467863	3.401621	3.851884	7.680822	2.943347	5.550249	3.925706
3909	5	-10.154974	7.277608	8.054151	-9.779474	6.992182	-13.729528	-7.606993	-4.633254	-0.524782	-6.288913	-5.174001	-11.749914	2.988295	-7.428909	-2.345913	2.032259	-7.644660	-1.908432	5.678561	-9.558356	-2.975276	4.888646	-8.251148	3.554878	4.011907	4.209430	8.019453	1.225202	6.891942	3.549974
4131	5	-4.124253	3.300820	0.626881	-6.819589	-3.791981	-10.896955	-9.958631	9.131854	7.088128	-11.446616	6.402488	-10.896956	3.605475	-0.902192	0.625187	1.755062	-5.478555	-3.659243	5.411238	-7.476992	-2.425735	6.054699	-11.690535	2.547767	5.164867	4.618156	7.088128	4.018922	6.402095	2.547240
4202	5	-16.328365	7.819435	4.708017	-4.395033	5.974359	-11.191252	-10.979039	3.445180	-0.154518	-3.270005	-4.196099	-11.188556	-16.302884	-6.300078	-5.192404	-3.208207	-8.808656	-11.188152	2.272955	0.633117	-0.912430	6.788262	-4.640932	1.928205	2.608368	1.484252	-0.586541	6.754508	-4.524768	1.909227
4209	5	-1.460663	2.793177	2.903391	-6.827780	-1.257211	-9.643262	4.296213	-12.204116	-3.231407	7.239264	-6.897850	4.353332	-6.584165	7.670480	9.422495	-12.079802	6.708623	-9.833503	-6.411158	-8.470182	-3.230455	-6.718191	-6.897720	-9.614963	4.669512	3.454124	9.412760	1.905243	6.708105	4.349896
4367	5	-8.319024	-10.368478	-4.368411	-4.984571	-8.318549	-14.122866	-8.652980	6.042895	7.825610	-5.962847	4.743858	-14.507615	2.821721	-12.603544	-4.368411	4.862316	-8.432376	-6.582655	-6.047881	1.864473	2.231477	-5.116436	-0.587006	-14.183397	2.390423	4.629071	7.824948	2.446434	4.722489	-7.858922
4370	5	-11.052099	-6.560884	-5.857634	-7.124534	-4.957574	-13.865527	5.168563	-10.456936	-5.857642	7.861773	-7.147613	4.542031	-10.953964	6.490151	6.769201	-11.938436	5.539459	-13.865520	-10.747470	-4.488479	0.504551	-7.123493	3.573195	-13.865503	5.281078	2.632434	6.766544	3.057675	5.539451	4.539895
4372	5	-10.134446	-3.039945	1.823644	-4.943026	2.914222	-15.056233	-5.223653	6.379818	5.184125	-9.619214	7.758570	-15.056805	-10.130903	-9.800235	-3.384990	-4.933877	-3.718434	-15.056222	4.248705	-8.147696	1.820390	6.122216	2.907625	3.116699	4.248896	-14.900714	-3.384990	6.131291	-3.718434	3.116702
4440	5	-9.425345	-5.018004	-8.185228	-6.225360	-10.117778	-14.555225	2.063914	5.849196	2.376350	-1.121590	6.680742	-8.137910	-3.116744	6.653894	2.376350	-6.261210	6.680882	-14.422761	1.802109	6.271218	2.376350	-4.176908	6.680834	-8.209906	3.297750	-9.871707	-8.185230	4.061680	-10.172839	2.720032
4443	5	-8.125470	-10.009616	-3.660398	1.247162	-5.329872	-1.270650	2.321651	-11.371382	-3.660406	5.719265	-5.329969	3.618691	-8.264908	8.150230	6.239598	-10.708739	9.488720	-6.350182	2.663526	5.683532	6.238294	2.797887	9.488390	3.899123	-8.588659	-10.009616	-3.660398	-7.643492	-5.329872	-6.348055
4718	5	-7.039354	-7.796482	-4.402096	-8.735793	-8.026298	-16.623498	4.981973	-14.331868	-5.164914	2.225778	-8.026388	-3.875580	-4.992502	6.595460	4.371634	-9.268854	5.843374	-16.622501	1.206851	6.571751	4.371556	-5.400251	5.843289	-10.486445	5.514219	-14.332806	-5.164921	4.301979	-8.026388	1.700773
4752	5	-7.263728	2.455870	5.975217	-7.645721	-1.317281	-14.708714	-6.591425	-9.077009	-1.094685	1.304170	-12.237579	-8.801527	-9.417886	6.216662	9.004827	-7.656560	4.119077	-14.708728	-11.593347	-9.077009	-1.094685	-4.925208	-12.237579	-14.669875	3.388309	-13.468153	-1.094685	2.698640	-12.321545	0.971876
4766	5	-5.764549	-7.496941	-6.024410	-9.689738	-9.480312	-11.750642	7.195263	-12.502533	-6.024410	5.360473	-9.480312	1.742468	3.456997	-11.768412	-6.024410	2.229938	-9.480312	-3.099948	-5.229561	1.834012	0.232578	-9.689792	-3.019350	-11.750045	-8.165155	6.545689	6.040551	-15.409834	7.399342	-11.751166
4809	5	1.718851	-10.448022	-3.337978	6.382469	-11.705557	-5.806744	-10.265632	-10.207929	-3.336650	-4.246251	-11.705556	-15.005806	-9.873697	5.909558	4.508095	-5.953794	7.178770	-14.998864	-4.264984	-10.207929	-3.336650	2.034745	-11.705556	-9.914325	2.162318	4.817315	4.492240	5.184980	7.176810	-5.594368
4814	5	4.108612	-17.911987	-5.461437	7.603404	-8.541745	1.916489	-4.692542	-13.982527	-5.461436	-10.310315	-8.541745	-14.124859	3.542953	-17.080839	-5.461437	6.319444	-8.541745	-2.271988	2.534045	2.320934	5.683516	1.366164	5.479206	-2.282658	-5.198347	3.965619	5.738519	-15.286773	5.490126	-14.156519
4894	5	-9.774743	-9.628394	-2.530432	-7.125752	-7.033642	-10.945673	1.703111	-10.099468	-2.530432	4.742188	-7.033642	1.724213	1.969480	5.397306	4.943401	3.378832	6.469645	1.738153	-8.268298	1.318825	3.808702	-7.223313	-0.574922	-10.945686	-9.672037	6.036647	4.943401	-8.497434	6.469711	-10.945741
4909	5	6.144025	-12.121452	-6.279493	7.520590	-13.775849	2.080682	5.280497	-12.121387	-6.279493	3.005279	-13.775849	-3.274625	0.356087	-5.653723	-6.279395	-6.280538	-13.775837	-9.173202	-1.613750	6.375005	5.729303	-10.021580	4.925181	-9.498205	-2.072452	0.775809	3.676458	-9.477235	-1.880150	-9.636680
5158	5	-12.954044	4.601224	7.272706	-14.060798	8.511601	-15.848600	-10.071988	-12.330988	-1.517361	-9.831558	-10.224017	-15.848600	5.146389	-18.708140	-1.517361	6.689529	-10.237491	1.246151	4.786834	-8.022282	4.158604	5.068369	2.569034	1.246151	5.838933	-1.778663	4.554927	4.332055	6.067930	1.246151
5233	5	-11.613919	-11.320444	-5.972707	-11.139078	-4.734999	-16.365109	-8.724506	6.740880	6.624361	-17.426359	8.097840	-16.038736	-11.719122	-4.776333	0.739819	-11.141880	3.741949	-16.369146	4.309730	-12.736422	-5.972763	1.811458	-4.770928	-3.754310	6.628498	-12.737126	-5.972763	4.017832	-4.770938	1.513169
5278	5	-11.919984	6.832917	7.148398	-9.504512	6.892395	-13.641297	9.695266	-11.748955	-5.939716	7.817762	-8.184461	3.800797	-7.423437	2.991295	0.385807	-4.386711	-4.847756	-13.641232	-8.064342	-6.978979	-5.446745	-4.379959	-8.184460	-13.641230	5.857135	2.147794	6.683486	3.548901	6.887093	3.800795
5444	5	-10.403287	6.131641	6.996745	-11.668255	7.166449	-11.293262	9.345788	-16.927086	-4.489936	7.197928	-6.342517	4.381995	3.503062	-14.871338	-4.489936	1.318149	-6.342517	-2.253402	-7.053850	-11.290196	-4.489936	-6.241799	-6.342517	-11.293262	5.963078	0.413574	6.898019	1.827018	7.064884	4.352171
5466	5	3.583282	-15.889813	-4.116553	0.798293	-8.926221	-3.407084	-5.934106	-12.606113	-4.116553	-9.084772	-8.926221	-16.513943	-7.349321	6.292714	5.516377	-11.433814	8.016784	-16.513943	-1.797084	3.104899	0.797019	-9.302703	-1.533332	-16.511212	6.889301	-16.863051	-4.116553	6.640897	-8.926221	3.263001
5770	5	-7.759931	-11.361502	-4.482605	-9.914711	-6.380282	-17.337551	-2.701614	5.447587	6.743773	-15.874878	8.558803	-16.356726	3.084151	-11.078962	1.738656	2.357186	1.658915	-7.454119	-2.758442	-5.040048	1.790042	-9.912007	1.688623	-16.384712	3.086973	-17.395730	-4.482613	2.357326	-6.380283	-7.452933
5829	5	-2.578029	-9.263580	-2.927173	0.171383	-6.682167	-1.525822	-4.146108	-9.263551	-2.927173	-7.130828	-6.682167	-13.458475	3.688171	-14.139544	-2.931952	7.541221	-6.682180	2.223248	-6.190905	-4.174607	3.805312	-13.037129	5.034828	-14.057101	-3.679451	3.433789	5.748857	-11.950773	7.457471	-13.239334
5858	5	3.863231	-11.050063	-1.175974	5.808848	-10.089228	-6.075570	-6.410464	5.690870	6.645861	-8.111194	6.416130	-18.077500	-5.803520	-7.763163	-1.175974	-5.456510	-10.089228	-17.368374	-1.925318	-7.763277	-1.175974	0.745799	-10.089228	-12.452080	3.284342	2.395497	6.645861	3.139359	6.415286	-6.298287
5918	5	-9.771089	-9.839846	0.314894	-4.029702	-5.303746	-14.575690	-11.060204	6.991137	8.049266	-10.034853	5.959221	-14.578188	4.846301	2.836713	8.022297	4.222993	5.954115	1.989997	3.254394	-12.321668	-0.302300	6.491543	-5.360705	1.972582	2.638068	-4.923842	3.786108	4.995997	-2.854838	1.922823
6057	5	-5.623322	-9.961148	-2.388788	1.729704	-7.213251	-10.317673	0.168853	-12.290712	-2.388788	1.943005	-7.213251	-7.519137	1.689510	3.304414	5.821590	1.560656	5.811589	-6.721044	-5.888147	6.907807	5.822392	-6.807394	5.812150	-16.737510	-0.109947	4.802196	5.822379	-6.684250	5.812131	-14.111485
6082	5	-7.330926	-9.799472	-4.033689	-8.613591	-10.813649	-3.452470	-1.192253	-9.915820	-4.033689	1.848465	-10.813656	2.030537	-8.371325	6.880170	7.898012	-14.485264	5.422827	-3.452473	-8.366624	2.876184	7.790227	-14.484574	-0.354752	-3.452473	3.343057	-11.033211	-4.033689	7.431513	-10.813686	4.123438
6209	5	-3.805253	-12.785483	-4.830599	-13.006140	-8.882728	-8.135691	6.556717	2.352244	5.026629	-7.631190	7.436065	1.971684	3.511186	-14.493232	-4.830599	-1.992353	-8.882728	2.241825	2.991773	4.978250	5.026774	-14.442325	7.465447	-2.431332	6.370085	-16.641997	-4.830599	5.059506	-8.882728	2.730272
6267	5	-6.672256	-8.758187	-3.164633	-9.019354	-8.349231	-9.852534	7.185921	-13.389967	-3.164633	6.283678	-8.349231	4.739494	-7.454796	7.360702	6.183774	-14.776928	7.781883	-9.852534	2.803686	-10.710176	-3.164633	-0.862363	-8.349231	-3.640594	6.346497	2.952584	6.183652	-0.018833	7.777775	4.552739
6318	5	-8.006363	-4.625438	2.399749	-9.791238	-5.897855	-14.882979	-8.722458	6.657202	7.264365	-12.860754	6.376197	-14.882985	3.871914	-10.006149	2.391577	4.106230	-8.247751	3.191473	-2.394066	1.481637	2.629558	-9.865683	-1.809431	-14.882980	2.735519	2.229121	7.199296	1.042725	6.198439	2.875973
6433	5	-13.225884	9.179953	6.115338	-15.370281	5.524899	-11.872383	-9.690449	-5.436435	-5.379689	-7.957528	-6.046150	-11.872383	3.831065	2.569522	6.102152	1.953747	5.521928	3.656297	-3.806405	-5.436779	-5.379689	1.669002	-6.046151	-5.337161	7.605970	-12.140664	-5.379691	8.530761	-6.047180	3.657773
6486	5	-5.453606	1.397689	0.590075	-6.950463	-3.994385	-15.626168	2.308726	1.612240	4.416717	2.386575	7.436073	-7.490889	-6.122525	6.102537	4.419316	-7.523094	7.516577	-15.676106	2.214461	-2.771436	-5.444033	2.945371	-8.640518	-7.825537	1.503393	-6.587703	-5.736373	2.742781	-10.846411	-10.697831
6490	5	5.571675	-15.184928	-4.103570	2.549759	-5.387852	-3.383969	6.512499	-15.208378	-4.103570	8.804430	-5.387852	3.215256	-7.023049	-12.693015	-4.103570	-1.955117	-5.387852	-11.781977	-8.205240	6.119866	6.964722	-4.758755	3.251313	-13.471353	6.704188	3.602430	6.964646	6.030908	3.251078	3.214725
6608	5	-5.684632	7.667149	5.386943	-10.000159	5.076903	-16.973493	-6.576404	-6.845643	-6.222013	-1.837651	-9.710460	-16.965949	1.900516	7.253453	5.386940	0.045639	5.076849	-11.059840	-3.833367	2.379528	0.189870	-7.496659	-4.017478	-16.965440	3.047569	0.103196	-0.860352	2.381279	-5.706837	-5.379397
6671	5	4.278334	-14.380703	-0.879844	6.546757	-10.940463	3.079625	-6.579410	-9.141376	-0.754770	0.281222	-10.940463	-8.225529	-7.111286	4.940531	7.329062	-11.013733	8.263031	-12.262968	-10.096189	-9.141376	-0.754770	-5.629124	-10.940463	-12.262968	-6.290110	0.560994	3.615730	-10.847699	-4.341438	-12.262968
6737	5	-2.761375	-10.925046	0.402202	1.233667	-9.380189	-4.437526	-6.796466	6.692445	6.528532	-7.159751	5.198937	-9.781149	-7.806932	-10.925046	0.402202	-5.252388	-9.380189	-7.112399	2.975183	-16.076812	0.402202	4.523315	-9.380189	-1.729488	3.649674	0.766018	6.298042	3.118100	4.731942	-1.538523
6765	5	3.466868	3.429930	7.557968	-9.638225	5.100891	-9.374583	-2.434930	6.118101	7.558294	-15.400547	5.100892	-14.941121	-2.513700	-10.291344	-4.842206	-10.581310	-10.484804	-14.999840	3.386501	-12.922592	-4.842206	-4.772106	-10.484804	-9.380182	4.000670	-13.280322	-4.842206	0.119433	-10.484804	-8.706051
6788	5	-8.819888	0.844570	2.351773	-4.456546	-4.893480	-14.060315	-13.975689	-7.936851	-2.936389	-4.450447	-10.334830	-14.075651	-9.747910	-7.936851	-2.936389	1.244680	-10.334830	-8.481397	-15.373262	6.497080	8.498793	-8.377985	5.112730	-14.075928	-4.563767	0.844566	2.351772	1.238216	-4.893484	-8.219703
6855	5	-10.506316	-9.972655	-6.903850	-3.523381	-7.361375	-11.984074	-6.695335	3.067704	4.927253	-7.058769	6.804883	-11.984074	2.314103	0.626593	4.902283	0.467710	6.769594	-5.887186	2.728652	-13.482251	-6.906895	2.444087	-7.361375	1.672383	2.427485	-0.622611	4.787882	0.804287	6.571177	1.040977
6929	5	4.825473	4.199123	6.577501	3.626893	5.789979	3.361482	-2.427763	2.920230	0.009464	-0.708166	-4.356338	-7.671120	-6.424587	-8.709288	-4.542243	-0.703085	-10.399620	-10.357622	-12.338337	9.440193	6.585686	-6.833274	5.791671	-15.020202	6.265336	-15.048871	-4.542339	6.183281	-10.399627	3.553731
6932	5	4.692762	-10.060544	-7.279340	2.429514	-8.312437	-5.847837	-6.871723	-5.951594	-6.783679	-9.338443	-8.312387	-17.953027	-3.440957	5.777315	4.991680	-15.285524	6.887324	-17.926816	3.094836	4.369913	4.914654	-10.262331	6.870589	-11.457846	2.284888	-1.488812	-4.086770	-5.439220	-7.780234	-11.458294
