4	1	-14.874589	-10.628895	-7.446592	-10.539515	-9.295530	-18.443849
5	1	-7.465856	-12.076277	-1.801492	-11.179722	-16.655508	-18.033850
19	1	-11.185012	8.373506	7.079847	-11.163967	7.571423	-13.474967
21	1	-9.700567	-12.472445	-6.516287	-13.641991	-16.430199	-13.387999
27	1	-7.129475	-12.626100	-2.492550	-12.446779	-13.250596	-15.444377
32	1	-13.136048	-12.526482	-6.744256	-11.072408	-12.684823	-11.542637
36	1	-15.459357	6.921758	7.013607	-13.578234	8.259108	-17.172316
45	1	-14.110032	-11.154165	-7.727675	-11.477267	-6.721661	-12.800105
49	1	-16.401552	-13.770246	-3.998512	-14.329441	-13.202584	-13.522191
59	1	-18.965195	-9.329906	-3.751540	-10.266618	-9.190837	-11.391055
65	1	-13.130992	-14.281045	-5.418443	-5.500837	-5.744490	-18.159579
72	1	-15.053286	-8.483759	-7.722059	-11.917965	-7.751211	-13.788549
110	1	-5.867953	-11.503641	-9.147985	-13.889941	-12.207566	-16.101734
131	1	-16.742972	-11.859083	-3.503291	-13.763813	-15.277971	-14.214321
135	1	-10.083195	-9.877339	-9.174257	-12.260606	-11.917697	-11.225708
151	1	-9.230709	7.541056	8.636366	-17.677554	6.496820	-17.127566
155	1	-12.059201	-10.282900	-9.424925	-10.527485	-8.562465	-13.341891
178	1	-12.186374	-12.363433	-7.227561	-6.539040	-9.685361	-17.414889
179	1	-13.103023	-14.656555	-8.394153	-12.188374	-12.278200	-15.096623
204	1	-14.077521	-16.178765	-5.638108	-11.557404	-13.753237	-12.735995
215	1	-13.025934	-12.584149	-1.751854	-11.663695	-13.812713	-18.283976
225	1	-15.653217	-8.366869	-6.192577	-9.892059	-13.397901	-10.139115
229	1	-10.193659	-8.801689	-7.761977	-8.191337	-13.509569	-16.702171
233	1	-9.363290	-6.778798	-4.686019	-9.463925	-12.376502	-6.318178
237	1	-9.140461	6.616280	6.414648	-10.596615	6.057422	-12.479046
265	1	-8.247854	-7.463316	-3.521846	-4.206251	-9.682702	-14.139726
272	1	-9.277519	5.866085	4.927210	-11.900904	4.865334	-14.752653
322	1	-9.399294	-8.777748	-5.570547	-9.440822	-8.088967	-14.537084
334	1	-11.053193	-10.353466	-2.245708	-11.430725	-10.094943	-14.472629
353	1	-6.730473	6.154632	3.069184	-11.722934	3.977239	-16.822064
361	1	-4.026228	3.389421	-0.055902	-11.838625	-7.622000	-12.925883
365	1	-14.998083	-7.455083	-7.729641	-9.175597	-13.554177	-16.159956
368	1	-11.805953	-10.557092	-1.351299	-9.430968	-15.159494	-16.653308
389	1	-8.774809	-9.965317	-9.053043	-6.451691	-8.440831	-15.512820
394	1	-12.008791	-10.728259	-6.160502	-15.718794	-10.444521	-17.459877
401	1	-8.170901	-10.243941	-5.015938	-11.280342	-10.844834	-17.896790
412	1	-11.550580	-17.077548	-4.273122	-10.981923	-11.943914	-13.180149
424	1	-2.819711	-11.889201	-10.169065	-8.724204	-9.645589	-14.670434
432	1	-12.100821	-13.546804	-7.205812	-9.893513	-10.627763	-15.809154
443	1	-13.159440	6.907808	6.925185	-12.146207	7.161444	-11.002101
457	1	-8.768559	-10.616650	-4.227930	-8.604806	-15.495742	-13.847761
466	1	-14.222161	-13.235257	-8.258209	-8.824809	-12.434602	-17.303258
490	1	-12.887420	8.244186	6.543554	-11.980950	7.533583	-15.041839
491	1	-14.174104	-12.539484	-5.823988	-11.628534	-12.370176	-14.707180
542	1	-8.972349	8.431654	7.819809	-13.891036	5.897885	-11.691769
547	1	-14.992490	-8.111153	-4.543490	-5.950172	-13.550501	-13.708621
550	1	-8.524578	-7.929517	-6.753958	-9.600588	-14.295927	-16.480615
561	1	-5.446996	-9.771454	-8.802681	-12.330926	-12.585908	-17.231290
573	1	-6.243730	-12.044280	-5.776939	-2.975356	-5.349486	-9.418764
580	1	-12.343759	7.717301	6.324842	-10.778383	9.327363	-11.637403
593	1	-15.629788	-10.935031	-9.055324	-11.364782	-14.693628	-11.345606
600	1	-11.395481	8.992656	6.452350	-11.329539	6.276729	-13.389707
604	1	-11.139715	-11.361181	-7.466325	-12.018704	-9.715563	-8.261821
637	1	-13.321637	-12.959670	-6.977807	-9.213375	-10.032742	-14.677138
680	1	-10.720560	-7.575993	-6.350503	-10.105859	-15.506541	-14.187168
685	1	-6.556011	-12.204611	-5.556441	-7.776141	-10.167805	-16.684484
709	1	-12.641310	-5.606730	-6.196088	-0.317249	-7.107495	-8.078179
715	1	-14.217878	-5.809072	-11.444153	-5.717710	-5.825806	-14.159478
722	1	-12.838484	-15.704133	-5.142920	-2.417319	-8.342518	-13.138046
738	1	-8.386649	-5.423970	-5.686773	-11.772417	-11.772584	-8.533535
744	1	-13.910529	-4.326343	-2.778558	-13.837807	-16.851452	-14.168596
746	1	-9.942654	-11.647514	1.538435	-13.111478	-7.973097	-14.859571
798	1	-8.654711	-14.245608	-2.017734	-12.039488	-11.700112	-13.540039
808	1	-16.267719	-4.013337	-4.359828	-12.120985	-10.743785	-13.314979
811	1	-11.664523	-7.489298	-2.271234	-8.623471	-13.163498	-9.955319
822	1	-14.777745	-13.958586	-9.392226	-14.927442	-10.303277	-16.321196
834	1	-13.955090	-10.699247	-3.577429	-9.676066	-13.997279	-15.975159
841	1	-10.447165	-8.353105	-8.629112	-13.778183	-7.179662	-15.660390
843	1	-13.472198	-9.535806	-3.721164	-12.982503	-16.224257	-12.363027
905	1	-14.729304	-10.177703	-7.445376	-15.806798	-10.921709	-16.742688
913	1	-18.357402	-9.799424	-9.160268	-12.033354	-8.423470	-11.725013
932	1	-11.565804	-15.090873	-8.998217	-12.033326	-11.187886	-16.898896
937	1	-9.056665	-6.857784	-7.311633	-7.444708	-16.581963	-18.754302
958	1	-8.058665	-14.044661	-6.777874	-9.103311	-10.481730	-14.931191
974	1	-11.784438	-10.287216	-7.028118	-11.680733	-11.037417	-14.888320
980	1	-12.091393	-13.446888	-6.868817	-6.634625	-5.100995	-15.746697
985	1	-9.315922	-10.950726	-3.842887	-9.952427	-14.807522	-17.020662
1017	1	-11.593164	-13.729979	-6.131736	-9.796089	-7.437709	-10.233083
1031	1	-16.950494	-14.917598	-0.851975	-13.049357	-6.754063	-16.042605
1054	1	-10.109602	-9.649066	-3.191712	-8.392466	-12.497895	-9.742389
1088	1	-13.171054	-5.031233	0.587062	-5.325187	-14.617476	-16.122505
1114	1	-13.111723	-10.186831	-8.152340	-11.950895	-9.906755	-12.096068
1135	1	-12.557977	-8.579366	-6.769000	-11.842043	-13.195206	-17.211971
1153	1	-6.456390	7.897606	7.666571	-15.764688	6.298838	-13.521374
1157	1	-7.747819	7.438313	7.092052	-18.408216	6.718825	-17.242097
1169	1	-15.683884	-9.957503	-8.913418	-14.820299	-11.143519	-5.990645
1173	1	-12.802852	-9.554474	-10.301311	-10.686106	-6.867206	-17.994978
1183	1	-6.603849	-15.576687	-11.100064	-0.695585	-10.478251	-9.214478
1198	1	-13.304214	-14.014716	-5.400664	-10.530250	-6.852372	-12.265194
1208	1	-12.077206	-11.567823	-3.034828	-11.853370	-14.735202	-14.490036
1215	1	-14.405735	-12.481663	-8.147696	-11.526599	-8.043138	-13.809498
1224	1	-12.893949	-9.241619	-8.628114	-8.180685	-14.851919	-17.940962
1226	1	-8.234849	-11.525427	-10.172738	-7.553256	-10.750836	-11.673342
1251	1	-12.502872	-8.248196	-3.993388	-11.039241	-11.255113	-15.192586
1256	1	-12.678181	-12.915914	-4.752094	-6.879165	-12.309044	-16.372105
1258	1	-12.876884	6.163288	8.179912	-14.494575	7.699572	-17.286216
1261	1	-10.969443	-16.410256	-2.284690	-11.235678	-10.195407	-6.788832
1267	1	-9.434121	-14.607804	-3.322181	-8.840815	-14.183503	-13.492062
1283	1	-12.293629	-9.974088	-7.239878	-10.211302	-12.727276	-15.041848
1301	1	-15.701947	-8.689406	-5.903008	-6.401058	-16.311300	-16.417977
1330	1	-7.495440	-2.547526	-5.866512	-14.321446	-7.868420	-15.853035
1382	1	-12.118061	-8.321801	-2.131170	-6.887985	-13.702141	-19.267429
1386	1	-9.705181	6.843567	6.628384	-15.403204	6.493928	-12.908914
1396	1	-11.886748	-10.952423	-5.358572	-5.828145	-10.636580	-12.524960
1410	1	-17.248364	8.217966	8.819539	-14.709289	7.820268	-13.616072
1430	1	-13.131916	-12.660170	-8.933247	-7.977719	-7.356667	-15.371548
1439	1	-13.787446	-14.687387	-7.321567	-3.117126	-10.084708	-12.364050
1459	1	-4.957818	8.316677	5.911922	-2.330808	4.128468	-16.102084
1471	1	-6.896376	-7.774069	-9.199438	-8.757576	-9.997824	-13.635057
1477	1	-9.285255	9.216517	7.379693	-12.932470	7.608005	-16.930884
1484	1	-10.800327	7.519839	5.449770	-14.825056	6.343575	-16.874162
1493	1	-4.450503	-0.862414	-6.496957	-11.661140	-7.252512	-20.107550
1514	1	-8.573625	6.436610	7.001454	-10.600365	6.828019	-16.238378
1516	1	-14.799502	-7.927515	-5.969838	-8.986441	-16.726438	-16.587287
1524	1	-8.195808	-13.587220	-5.990468	-8.024355	-9.176230	-18.313414
1529	1	-16.521885	7.310539	6.728275	-14.710998	6.136710	-13.506213
1541	1	-11.320741	-13.657278	-6.257526	-8.967268	-10.890440	-15.148850
1572	1	-12.171432	-9.144555	-3.270190	-11.676671	-11.270954	-16.122227
1580	1	-13.027876	-8.744309	-4.103080	-9.452750	-13.021562	-18.705968
1585	1	-13.521637	-11.705681	-10.921345	-5.503107	-11.751043	-15.716491
1588	1	-10.413753	-16.816107	-3.008491	-13.694876	-10.442913	-18.279853
1594	1	-10.681105	-5.093741	-4.661967	-9.091737	-13.623979	-10.626198
1612	1	-8.265406	-7.457592	-10.597171	-3.731476	-11.220368	-12.625750
1615	1	-11.563181	-12.121127	-7.111070	-8.097157	-12.660253	-12.947037
1618	1	-17.050480	-15.278973	-1.600679	-8.536338	-13.198297	-14.886190
1625	1	-17.325582	-12.542605	-5.335733	-6.628173	-9.964051	-14.165904
1653	1	-10.660845	-10.230614	-7.443535	-10.705481	-11.295608	-9.347447
1662	1	-1.547762	-11.146282	1.302911	-4.910257	-9.128246	-8.506949
1669	1	-10.668297	-11.192968	-7.101647	-3.274842	-7.269781	-11.725381
1674	1	-6.254032	-15.916992	-2.585215	-11.061246	-6.394597	-16.913243
1679	1	-14.893100	-12.892312	-5.491284	-6.189109	-12.499671	-15.574015
1702	1	-17.045544	-14.440184	-7.317985	-6.624487	-9.057496	-11.650421
1703	1	-15.085103	-7.949053	-0.181338	-8.977793	-12.806713	-11.609486
1706	1	-11.161134	-14.423829	-9.759602	-9.106724	-12.491194	-17.019729
1707	1	-7.780244	-12.810337	-7.483639	-6.882612	-11.553841	-14.178001
1728	1	-3.696202	-13.171474	-7.308924	-14.299953	-10.809598	-11.456000
1735	1	-9.801727	8.852259	7.567785	-16.040032	6.498077	-14.807432
1739	1	-15.092872	-10.798740	-3.634739	-6.396912	-14.529374	-14.797814
1744	1	-11.209059	-10.082869	-9.070294	-9.466903	-14.156247	-16.804486
1751	1	-14.136103	-12.241946	-10.182352	-9.006549	-8.652721	-16.715618
1756	1	-14.356280	-9.012283	-9.514462	-7.361338	-11.886192	-13.264910
1760	1	-9.953808	-14.347647	-3.522245	-8.639384	-10.903945	-12.153905
1801	1	-7.327846	6.793804	8.806817	-14.082835	7.888058	-16.222470
1805	1	-6.706055	-10.678128	-2.340641	-7.577777	-17.626480	-16.020387
1812	1	-9.587853	-12.335104	-4.978070	-11.170955	-12.508384	-17.684448
1818	1	-10.025057	-8.847178	-6.963377	-10.828796	-7.704310	-16.036143
1819	1	-12.525454	7.074340	9.214532	-6.822849	7.745030	-16.445683
1822	1	-13.094738	7.057236	8.487476	-12.364314	7.464099	-15.119473
1864	1	-6.027403	-15.041660	-6.207837	-12.341091	-6.552744	-13.783971
1867	1	-12.070485	-9.052719	-4.059585	-9.214639	-9.912659	-17.193120
1879	1	-11.492177	-13.324453	-5.665718	-13.377929	-8.937116	-14.549174
1887	1	-12.331493	7.274769	7.601171	-13.920402	6.437257	-13.711227
1903	1	-8.145318	-12.124321	-7.631065	-8.982655	-10.965470	-16.144604
1908	1	-12.738579	-10.974053	-1.999304	-7.962534	-13.159423	-10.349216
1916	1	-13.818394	-4.203180	-5.779086	-9.510046	-7.404883	-15.188158
1948	1	-15.760209	-7.676035	-3.627284	-9.267768	-13.677506	-14.259450
1960	1	-13.001182	-10.709736	-4.938741	-7.826508	-8.442064	-13.090869
1973	1	-13.632394	-9.074210	-7.532570	-10.533554	-13.345215	-9.132414
1975	1	-11.499573	6.065765	8.308742	-11.102573	8.641453	-13.869407
1976	1	-10.343745	-8.739207	-8.725886	-12.314472	-9.868745	-11.770872
2001	1	-8.776856	-10.428994	-6.746447	-8.573705	-15.971522	-12.272351
2017	1	-14.920530	-13.693930	-4.396777	-9.765912	-15.554656	-14.650649
2021	1	-13.266300	-11.190105	-8.450667	-12.407555	-8.996620	-12.562382
2022	1	-12.281503	7.204950	8.259541	-19.340473	6.641027	-15.092109
2043	1	-7.673108	6.654208	8.606436	-13.071975	6.247921	-15.112291
2052	1	-10.633852	-10.193782	-5.804500	-10.421541	-12.145191	-9.667927
2055	1	-13.327794	-9.495291	-3.755581	-9.014477	-12.188241	-10.447059
2061	1	-6.837754	5.874788	7.501917	-11.762416	8.377646	-17.539436
2062	1	-10.703000	-9.886212	-5.094760	-2.814785	-10.510639	-15.863138
2065	1	-10.626553	-9.255056	-1.803813	-12.424238	-18.088962	-11.442844
2086	1	-8.385668	-1.964737	-5.992611	-14.139415	-7.407142	-13.043210
2100	1	-13.777620	-7.874879	-4.290132	-9.667168	-12.445699	-15.434301
2120	1	-10.257564	-10.014572	-8.481852	-6.793800	-9.261115	-13.039606
2135	1	-13.502743	-13.649966	-6.347186	-13.594436	-12.048614	-12.864397
2177	1	-8.841156	-4.507581	-8.847798	-8.808035	-10.912476	-14.239779
2189	1	-9.306370	6.351677	6.622333	-11.876399	8.523313	-17.136633
2215	1	-15.054281	-11.653127	-7.605361	-6.383010	-12.689103	-10.203112
2216	1	-13.398303	-12.871694	0.238307	-6.056261	-8.981646	-9.451744
2222	1	-10.460058	-9.362297	-8.774683	-2.186470	-11.007777	-13.365413
2247	1	-10.941957	-7.662839	-1.759545	-12.000932	-13.930980	-13.986860
2249	1	-15.198143	-13.427332	-4.861314	-7.157395	-11.571597	-12.185949
2257	1	-6.900878	-0.414826	0.873979	-13.851996	-7.625945	-12.971241
2275	1	-13.632194	-9.494190	-6.353267	-14.506255	-11.377924	-13.687120
2282	1	-14.374483	8.938058	7.505166	-17.729274	5.434275	-14.035731
2286	1	-9.083179	-10.031223	-7.240353	-6.679013	-15.011113	-16.649185
2289	1	-8.923899	-8.122350	-7.242411	-9.810306	-15.359869	-13.764378
2310	1	-15.057922	-12.621231	-7.502435	-16.667905	-10.512125	-11.861503
2318	1	-12.841750	6.580422	6.813364	-12.650306	6.292464	-15.733396
2345	1	-13.888841	-17.851573	-6.441995	-12.508594	-8.480284	-12.963019
2375	1	-11.347186	-12.301698	-5.082970	-13.747490	-13.878196	-13.167179
2379	1	-13.603544	-9.042456	-1.960316	-10.515102	-9.548605	-13.061425
2395	1	-12.407105	-7.863783	-6.197379	-9.725611	-15.399360	-15.566660
2433	1	-14.117077	8.980770	8.151659	-11.714600	7.312419	-10.798927
2442	1	-11.369714	-10.078212	-5.488934	-11.833768	-9.609521	-8.289398
2453	1	-11.003928	6.938299	7.942402	-10.187523	8.948481	-11.433400
2458	1	-14.644558	9.086280	6.606087	-11.779798	5.292263	-16.003402
2460	1	-10.108998	-11.890941	-5.481181	-9.329245	-12.709389	-12.170922
2466	1	-9.504537	-10.582494	-5.619057	-2.199356	-11.179830	-15.842019
2471	1	-8.124387	-11.387252	-1.317693	-3.753228	-16.526380	-10.586752
2477	1	-11.852049	-12.208798	-2.827659	-12.220021	-11.389314	-12.892293
2479	1	-12.531156	-8.517830	-2.712365	-8.833035	-17.575806	-18.823694
2508	1	-13.550471	-12.321106	-8.701532	-5.897549	-14.533033	-13.413324
2509	1	-11.869687	-10.548800	-5.326337	-10.887177	-9.864212	-17.620123
2516	1	-10.755369	7.385224	7.386549	-12.521042	7.059022	-13.784753
2531	1	-14.504199	-10.848021	-5.221024	-10.194730	-13.161738	-13.433278
2537	1	-6.611617	-10.651839	-3.959963	-9.597507	-11.809547	-18.243893
2556	1	-6.162182	-12.148045	-8.386120	-10.038589	-9.886436	-8.420685
2581	1	-11.677181	-11.131086	-4.240130	-11.942015	-12.903050	-17.986298
2583	1	-12.003451	-6.974442	-0.893334	-9.728326	-15.008046	-16.151784
2587	1	-12.356484	4.407484	7.270342	-16.872134	6.089239	-15.497115
2608	1	-14.039053	-11.358669	-1.024623	-10.589726	-6.964151	-11.567771
2612	1	-10.779715	-11.942880	-4.914841	-9.748938	-11.179707	-14.963590
2616	1	-12.162086	-10.404514	-6.935450	-12.475967	-9.735113	-12.634853
2629	1	-12.953024	-12.631623	-5.192985	-12.661263	-12.504310	-13.080719
2638	1	-12.429868	-11.825289	-7.061698	-9.587348	-2.617094	-13.590939
2651	1	-11.543253	-11.879625	-9.605983	-13.907044	-14.381413	-16.691867
2668	1	-14.080332	8.009647	7.308670	-14.048298	4.123809	-12.065991
2689	1	-8.106285	5.429543	8.774386	-17.935708	8.019244	-15.639579
2692	1	-13.865749	-9.775587	-8.906221	-4.495575	-13.450911	-12.699554
2708	1	-10.520782	-11.484562	-10.149283	-10.367891	-9.814041	-17.693617
2728	1	-5.209850	5.190090	6.750926	-15.902360	6.074721	-17.271067
2733	1	-16.704254	-6.886251	-4.711120	-5.509077	-14.702433	-18.036958
2783	1	-16.805160	-9.348658	-4.407223	-11.166459	-15.419347	-18.884024
2790	1	-13.239164	5.972039	5.924380	-11.653113	8.960613	-12.647356
2822	1	-9.598997	-10.993749	-6.084050	-9.781013	-8.373999	-11.708699
2826	1	-16.327662	-9.773199	-5.787946	-12.725032	-11.122747	-15.991976
2835	1	-7.216194	-13.270343	-3.082594	-11.829527	-13.788878	-17.073668
2841	1	-9.554031	-8.327103	-11.581506	-12.027137	-10.413756	-15.000573
2843	1	-12.139289	-9.269338	-4.309027	-9.157184	-10.230244	-15.384088
2845	1	-8.335077	-16.257860	-2.085465	-12.038068	-11.573163	-19.118060
2852	1	-10.118448	6.483965	7.198217	-15.507549	6.870041	-13.637892
2853	1	-12.234802	-11.196986	-9.455493	-11.046423	-10.135430	-15.500113
2877	1	-2.455987	-11.016582	-6.953622	1.276494	-9.043336	-5.500566
2906	1	-12.717406	5.491433	8.412248	-19.146738	8.289703	-14.462089
2924	1	-11.731102	-7.176840	-6.886957	-12.654778	-14.858780	-13.902439
2940	1	-15.523899	-8.937815	-7.495259	-12.577600	-7.672391	-11.627442
2971	1	-10.115863	-13.072620	-8.967678	-10.966345	-13.249997	-18.650561
2974	1	-12.170644	-14.512819	-9.614717	-6.009842	-12.296213	-7.845821
2989	1	-7.674405	-8.964530	-5.570824	-10.774795	-11.904998	-15.601530
2994	1	-14.616233	-12.453992	-7.971649	-9.364951	-13.990624	-9.324318
2996	1	-16.240117	-11.585735	-5.936516	-7.914445	-12.738729	-15.044251
3000	1	-12.281452	-9.955537	-4.054556	-11.836029	-13.723735	-16.811155
3004	1	-9.140330	-11.875259	-5.937987	-7.660349	-6.704080	-15.610018
3020	1	-15.522869	-10.026613	-9.440078	-7.951602	-9.937095	-11.980002
3022	1	-12.837269	-7.766677	-9.837011	-9.849906	-8.412038	-10.269601
3042	1	-9.483458	-2.638067	-8.275516	-9.145754	-8.003702	-15.973934
3051	1	-6.168909	-12.879886	-3.540637	-14.705752	-14.954802	-16.243984
3053	1	-12.774389	-6.345374	-4.830966	-8.331095	-13.897027	-14.712524
3069	1	-12.696684	-16.383011	-4.885104	-13.405762	-4.106788	-14.750716
3086	1	-12.685875	4.128384	8.379925	-13.750841	8.152439	-12.399034
3092	1	-10.087774	-6.739554	-1.155907	-12.675398	-11.114293	-14.261646
3096	1	-10.294037	-9.644509	-3.518524	-6.898855	0.331057	-16.896147
3107	1	-11.466962	-15.075918	-4.208491	-8.121569	-6.849086	-15.864467
3118	1	-11.814170	-10.805617	-2.796041	-12.362261	-14.204852	-13.901637
3134	1	-15.568745	-6.391970	-5.102113	-9.595180	-10.006525	-16.245484
3150	1	-12.947737	5.087525	9.617286	-14.589625	7.658453	-18.707816
3195	1	-12.320711	-15.652995	-4.099870	-8.691038	-8.214703	-13.925348
3208	1	-13.308475	9.278313	6.805385	-14.108741	5.388885	-15.603612
3220	1	-12.117228	-8.171479	-9.766796	-11.143960	-12.006812	-16.392837
3221	1	-9.680630	-12.832904	-10.488097	-6.425243	-9.885425	-14.233145
3236	1	-12.408004	-13.606485	-6.901665	-11.289238	-12.742329	-17.411242
3245	1	-10.475225	-12.831081	-6.595283	-12.733779	-11.634155	-14.291820
3254	1	-14.663618	-14.456496	-4.796405	-10.681639	-11.186304	-15.481412
3261	1	-3.411373	-12.596288	-10.668095	-11.752578	-12.128370	-16.815263
3275	1	-7.299256	7.886191	7.335204	-12.688155	9.787460	-17.583534
3311	1	-12.347554	-9.146494	-3.694988	-9.655119	-6.254456	-13.078448
3332	1	-6.532323	6.465870	9.246376	-14.135219	7.972172	-14.356326
3341	1	-12.714124	7.385511	7.986510	-9.386171	6.874728	-14.093822
3349	1	-10.069261	8.035741	7.422045	-18.844575	9.170457	-15.203569
3362	1	-10.604399	-14.434400	-7.941339	-13.359982	-13.838579	-14.233786
3367	1	-13.834258	-6.626334	-8.302953	-13.148047	-9.629944	-13.549873
3368	1	-13.436610	-7.348252	-5.914113	-4.314534	-12.568589	-12.875315
3374	1	-17.207855	-10.311831	-6.905648	-11.443177	-9.613531	-11.585848
3382	1	-9.726100	-10.078984	-7.834364	-10.441773	-15.240125	-17.615946
3393	1	-9.093745	-13.533778	-2.579440	0.959442	-12.996291	-10.097700
3394	1	-9.997137	6.501606	6.727324	-7.899215	6.783210	-15.704853
3429	1	-8.047288	-10.828013	-6.616134	-4.909731	-11.890944	-13.749495
3439	1	-12.829744	-12.192124	-8.483273	-9.497881	-8.872967	-16.809976
3443	1	-2.061635	-10.443486	-5.915386	-7.551627	-11.278010	-14.500747
3449	1	-16.426268	-7.042728	-6.268590	-10.128002	-10.685443	-13.579049
3452	1	-9.023680	-10.058884	-3.707427	-13.357763	-10.503733	-9.524891
3465	1	-13.493941	-12.153980	-4.478943	-5.520191	-10.056269	-18.566822
3477	1	-14.031064	7.677910	4.986668	-15.550580	6.401531	-15.909465
3501	1	-11.928827	8.679571	5.863098	-16.816632	6.079688	-14.527407
3504	1	-5.618505	-9.682345	-9.760303	1.350910	-10.012554	-7.889410
3507	1	-11.226822	5.264233	4.344439	-9.168665	6.580321	-10.484174
3550	1	-9.984392	-6.184625	-7.449457	-9.377973	-12.044718	-16.616644
3551	1	-11.069065	-14.144902	-5.241900	-13.553050	-16.086730	-13.783955
3557	1	-13.360507	7.605717	8.114196	-11.469084	6.854375	-15.145473
3569	1	-12.819510	-5.137910	-9.127267	-13.861360	-8.670847	-20.875287
3577	1	-10.627786	-13.262947	-8.695710	-9.944069	-13.296727	-17.871775
3608	1	-15.747238	8.488163	8.642098	-18.104026	6.407795	-12.447920
3625	1	-13.128796	-13.109244	-7.083469	-5.616348	-11.403321	-13.642864
3629	1	-16.855114	-2.639321	-3.374321	-11.168708	-11.802967	-10.202620
3634	1	-10.095867	-6.354069	-4.718305	-7.234484	-14.794025	-6.175897
3642	1	-15.932834	-11.575592	-6.282625	-11.619714	-11.695687	-10.733460
3645	1	-11.213266	5.617046	6.590753	-7.187078	6.551259	-16.676652
3648	1	-8.406227	8.436590	8.783767	-19.170714	6.483030	-14.881990
3655	1	-8.580361	-12.547844	-8.100596	-8.968789	-11.493983	-17.410953
3672	1	-13.555196	7.794173	6.896072	-15.953741	6.726114	-14.996804
3711	1	-13.553083	8.120393	7.528843	-7.929541	8.661375	-13.384464
3727	1	-11.266862	5.585577	5.404987	-12.801041	7.807520	-16.609040
3735	1	-19.787112	-6.734546	-6.261828	-9.527089	-7.402796	-16.687390
3737	1	-7.152848	0.645357	-5.243280	-10.134908	-8.080259	-15.855752
3748	1	-6.368712	-9.187115	-7.587077	-9.710553	-10.373624	-11.132317
3752	1	2.638169	-5.405872	-6.982442	-8.137253	-8.415250	-9.023815
3768	1	-8.294974	-11.780047	-6.669306	-11.415606	-8.157426	-16.663543
3769	1	-9.539653	-13.136966	-5.284482	-10.797825	-9.695712	-16.335725
3783	1	-6.678075	6.889608	5.202643	-12.913612	3.750578	-13.604175
3784	1	-0.360127	-12.359890	-2.542862	-10.190724	-12.702986	-15.359010
3785	1	-11.650587	-13.888973	-9.874117	-8.366691	-8.256172	-13.791150
3830	1	-7.441414	-10.873057	-6.434095	-10.903342	-7.114130	-12.313223
3835	1	-9.178447	-8.285350	-5.464865	-7.644161	-13.319280	-9.875677
3857	1	-4.452018	-4.588901	-3.760112	-10.841081	-14.620794	-14.295574
3860	1	-16.327222	-10.876995	-6.350121	-10.366835	-14.169333	-18.303622
3870	1	-9.466667	-7.102006	-7.078421	-10.378730	-12.049718	-17.596439
3874	1	-9.734161	-13.202946	-10.432466	-5.341533	-8.720635	-10.998010
3879	1	-11.138862	-7.807954	-7.102693	-10.639874	-11.172649	-15.022559
3883	1	-8.529702	8.601460	5.273028	-12.092029	7.384248	-16.515467
3896	1	-12.035290	3.399548	-0.557002	-9.172842	-7.371293	-15.035477
3899	1	-9.843385	8.401657	6.338526	-13.804209	8.023316	-15.876067
3928	1	-14.731190	-3.119621	-9.913791	-9.823844	-8.620821	-15.491121
3947	1	-8.260758	-13.036919	-4.745986	-11.387341	-15.824036	-11.876324
3950	1	-14.887257	8.423715	8.533285	-15.204130	7.841721	-17.862694
3954	1	-9.803691	-7.044300	-6.671758	-9.989614	-11.766278	-11.995299
3960	1	-13.715301	-7.959254	-0.127067	-12.766295	-14.631724	-12.464943
3974	1	1.087363	-8.631456	-4.706685	-3.407098	-10.747890	-12.196656
4000	1	-16.295163	-16.179146	-2.892072	-11.264972	-12.672465	-15.879065
4002	1	-8.631143	-11.907671	-3.634430	-12.064318	-15.213515	-16.026396
4018	1	-13.887335	6.674212	7.182423	-13.985276	5.918175	-13.489353
4029	1	-8.041764	-7.444448	-3.033336	-8.374108	-16.754134	-13.596104
4040	1	-10.718224	-12.931090	-6.449123	-9.117455	-8.004074	-16.103085
4044	1	-10.330058	6.329124	9.001011	-11.220231	7.018492	-17.421286
4046	1	-13.752409	6.545668	6.890526	-16.119343	7.845163	-14.943986
4049	1	-10.903353	-13.004118	-9.927747	-11.652639	-12.793794	-14.913754
4063	1	-6.825724	-8.568391	-9.383613	-13.553846	-3.611073	-17.581103
4071	1	-8.830393	-10.523258	-2.844673	-13.037787	-15.477305	-12.696029
4077	1	-7.692758	-15.120437	-3.168354	-11.455492	-10.846244	-13.336349
4081	1	-12.889518	-7.157300	-8.725398	-11.638171	-12.461374	-12.815972
4083	1	-11.183157	-13.315398	-5.422689	-10.569131	-11.595894	-13.866299
4090	1	-13.283865	-11.943939	-5.218679	-10.617518	-11.678970	-13.526942
4105	1	-14.205091	-17.002533	-7.880472	-12.820689	-14.936921	-18.013007
4126	1	-11.481161	-11.988517	-8.904167	-3.473941	-7.545860	-10.860755
4148	1	-7.450516	-11.722356	-6.709163	-13.270776	-9.204344	-14.611863
4149	1	-11.995761	7.173324	8.473432	-13.255412	6.534400	-17.391446
4154	1	-10.178836	8.104110	5.462196	-15.083401	6.673819	-15.771707
4293	1	-10.955332	-11.904208	-5.064138	-11.979291	-12.191364	-19.592513
4307	1	-12.557370	-9.637844	-5.602888	-7.493030	-15.495577	-16.012087
4328	1	-12.700488	-11.715167	-4.946255	-7.363466	-15.645271	-15.498211
4348	1	-8.958071	-4.369876	-7.274434	-10.971817	-10.629905	-12.797439
4351	1	-12.596641	-11.629164	-7.252875	-10.022025	-8.358243	-16.501235
4368	1	-14.127686	-16.815937	-6.413212	-14.096993	-12.884040	-16.730581
4374	1	-13.009839	-13.163400	-8.336202	-11.383395	-10.189368	-17.617882
4391	1	-11.375212	9.150347	6.367802	-15.709130	5.934559	-15.063826
4394	1	-10.310381	-8.532478	-9.030998	-6.162297	-4.730425	-16.909232
4406	1	-16.491163	8.519829	6.668603	-14.162696	7.250469	-17.270032
4416	1	-14.497059	-14.416586	-3.580013	-6.470127	-6.960841	-10.374223
4436	1	-4.371222	-13.066575	-10.403759	-12.230742	-10.148709	-15.227756
4442	1	-8.212694	6.453371	7.246901	-16.443084	8.357197	-13.943516
4451	1	-12.074573	-4.420372	-0.080085	-11.204584	-13.997407	-6.922064
4457	1	-11.901744	-8.999502	-4.357329	-7.937688	-14.957057	-14.821629
4472	1	-11.807932	6.692359	7.076180	-16.183439	5.865191	-15.686977
4485	1	-13.507637	7.308285	7.046722	-19.400500	3.998509	-17.550901
4528	1	-10.685026	-13.330557	-2.864440	-10.951941	-10.521030	-10.844304
4535	1	-11.423414	-10.967399	-5.840332	-5.171873	-6.611119	-10.608436
4540	1	-12.165263	-16.737259	-7.362217	-9.962593	-14.803830	-14.747848
4590	1	-7.207875	-8.755989	-4.812267	-9.749333	-8.074295	-14.708144
4610	1	-10.004519	-13.479904	-9.690748	-10.424163	-7.368509	-16.481232
4614	1	-10.572928	7.802293	5.716881	-11.392524	6.881561	-13.432658
4615	1	-13.621657	-9.612343	-4.908374	-4.782981	-11.543601	-10.657080
4616	1	-12.772349	-8.987108	-7.190095	-7.073133	-8.884705	-15.081854
4625	1	-11.304220	-9.301074	-8.931381	-9.166983	-7.638770	-17.788543
4633	1	-10.035079	6.567321	6.621851	-16.633476	7.481567	-18.531662
4647	1	-9.548001	-10.077741	-6.246174	-12.093783	-15.319530	-15.244086
4665	1	-9.390165	7.661333	6.299393	-11.856866	6.485037	-17.291584
4669	1	-14.395680	7.610008	6.771179	-14.185298	8.405840	-14.575682
4698	1	-6.708694	9.201704	7.621992	-12.367239	8.698374	-16.760513
4715	1	-9.967082	-10.110256	-8.294366	-8.186704	-10.046743	-13.362513
4716	1	-14.714552	-10.048457	-6.251692	-8.598315	-12.513359	-17.855060
4727	1	-19.959396	-10.474581	-4.007688	-13.578627	-9.435536	-10.430368
4744	1	-10.348973	-9.951652	-7.031712	-8.148427	-11.405095	-17.149142
4753	1	-7.887677	-10.225625	-0.129929	-12.900271	-16.193044	-18.988526
4778	1	-12.689461	9.107530	8.175535	-12.969055	7.598696	-6.877333
4792	1	-9.124866	8.592946	6.505817	-13.196697	5.812697	-11.824616
4802	1	-11.186666	-6.134039	-9.312397	-13.958427	-14.260907	-15.659887
4805	1	-8.042268	-16.813402	-6.535286	-8.478288	-13.055248	-13.634768
4811	1	-13.384405	5.866533	6.770351	-16.859390	6.442281	-14.644349
4829	1	-10.231430	-12.135957	-8.368802	-8.905862	-13.531613	-10.264929
4832	1	-7.658248	6.958430	4.809501	-17.060484	8.547806	-16.888526
4836	1	-14.147543	-9.939354	-8.154093	-10.326870	-12.872270	-14.228159
4839	1	-15.051217	-12.383749	-6.504101	-9.626402	-12.360228	-13.244065
4868	1	-9.219764	-7.270020	-1.275234	-4.507234	-15.540592	-20.996643
4880	1	-7.961876	-9.940391	-1.530804	-11.142556	-14.285620	-7.453288
4887	1	-8.813911	7.930755	7.904714	-13.557191	8.070905	-13.261232
4947	1	-9.167680	-14.045979	-7.086730	-8.369659	-13.978618	-13.415213
4977	1	-11.757182	8.077188	8.791327	-18.759248	8.593920	-18.042941
5004	1	-10.482370	5.689405	7.583982	-16.701171	7.039540	-10.744238
5009	1	-13.600780	-9.902565	-6.907952	-8.656947	-12.455809	-11.968039
5019	1	-11.517751	-12.135990	-4.026289	-5.091192	-15.184649	-15.062984
5054	1	-7.740670	7.547502	7.095729	-9.570226	6.840711	-17.094305
5067	1	-15.482318	-9.695603	-9.279203	-12.665107	-10.972750	-18.378302
5072	1	-12.716677	-10.334407	-2.361050	-8.798469	-13.990176	-11.191859
5075	1	-7.174413	-10.480326	-6.071218	-8.710527	-14.865857	-16.560301
5081	1	-0.812723	-9.239872	-7.986011	3.517520	-9.796910	-5.726249
5087	1	-15.450500	-9.804983	-4.601966	-15.073809	-10.781023	-13.611764
5109	1	-11.143088	-8.991589	-4.717619	-6.744597	-13.103351	-16.493813
5110	1	-12.778674	8.300231	8.912978	-18.332290	6.910661	-18.833227
5139	1	-10.603974	-11.807604	-8.768702	0.444320	-11.784123	-12.707527
5164	1	-12.197600	-12.502401	-6.475372	-14.727621	-7.804172	-13.183410
5189	1	-13.164389	-6.020640	-3.299057	-8.403505	-16.804586	-10.832531
5226	1	-14.376618	-11.188369	-1.449834	-12.216308	-14.241853	-17.411274
5228	1	-8.247956	6.590027	6.405218	-12.725656	8.628428	-19.018068
5237	1	-8.056413	-8.278915	-5.625360	-9.007725	-13.953422	-17.238333
5244	1	-11.869253	6.847707	9.585348	-11.641188	4.680488	-12.373577
5259	1	-12.045498	-9.660577	-4.696191	-12.143008	-16.104257	-17.859590
5262	1	-11.576920	6.718236	8.405614	-13.655210	6.926457	-18.188859
5270	1	-7.966236	-13.615188	-2.236840	-10.437048	-12.520751	-15.089502
5280	1	-7.632171	7.864651	7.401186	-13.395174	8.240838	-8.676994
5288	1	-9.816109	-6.662775	-9.538040	-10.303146	-10.892093	-16.692944
5294	1	-13.026480	-8.918583	-9.512702	-13.057848	-8.043927	-15.489022
5309	1	-11.888680	-10.431268	-5.459611	-9.096586	-13.757357	-12.367465
5311	1	-10.184841	9.037222	7.074996	-12.588683	7.081463	-11.860857
5336	1	-10.974943	-9.229056	-8.468605	-11.267640	-6.419440	-9.883812
5337	1	-8.973086	-9.873961	-9.761356	-11.129511	-8.725714	-15.666414
5342	1	-11.224762	-15.111276	-9.836195	-12.462417	-7.850828	-15.714470
5350	1	-7.896869	-10.770805	-6.259439	-12.438957	-7.382337	-15.978020
5353	1	-8.694295	-16.746645	-7.520385	-8.763163	-12.194089	-18.465347
5365	1	-16.466144	-10.478483	-7.728559	-8.761001	-7.970050	-10.433676
5382	1	-7.743932	-8.291390	-7.941201	-11.294999	-7.516140	-14.777972
5390	1	-14.700123	1.160704	4.556728	-15.852971	-5.024490	-13.061636
5396	1	-12.779579	-7.705732	-4.777329	-10.385266	-15.654775	-20.091768
5464	1	-7.879449	-13.551366	-3.905060	-9.253491	-10.171987	-10.071600
5468	1	-9.265548	6.553065	6.450395	-14.290109	8.158537	-16.156323
5492	1	-7.836658	8.244648	6.903567	-11.354924	7.867300	-13.958916
5512	1	-10.236121	-16.225531	-6.986745	-8.677331	-13.242706	-18.280523
5516	1	-10.549840	-9.485688	-7.276493	-10.736865	-13.887869	-9.821113
5519	1	-9.216945	-8.336409	-3.675564	-10.335646	-10.979909	-15.024347
5522	1	-13.778318	9.280004	5.759089	-11.520483	5.976065	-14.177558
5528	1	-11.598994	6.853670	4.243995	-14.491284	6.420115	-13.927438
5543	1	-3.631240	-7.346051	-5.564719	-9.216561	-3.994462	-10.769040
5593	1	-10.401335	-12.220977	-9.401004	-5.987158	-11.225043	-14.483700
5603	1	-8.779041	3.707126	5.744847	-15.759125	8.071086	-14.791292
5620	1	-11.221505	7.612394	9.033763	-12.813531	6.852874	-18.135288
5628	1	-9.249468	7.115983	6.433016	-10.483017	6.020359	-13.690354
5637	1	-3.858904	-12.116994	-5.428400	-15.059649	-11.217544	-16.564158
5663	1	-13.780123	8.103848	8.711012	-18.809002	5.324272	-17.751609
5668	1	-7.412349	8.220821	5.308073	-15.329200	7.509456	-13.561513
5673	1	-12.021448	-8.831433	-3.960174	-9.652294	-16.135626	-13.456015
5686	1	-14.363326	-5.838431	-8.107204	-10.774547	-12.276691	-14.550659
5695	1	-13.480645	-12.592309	-7.626432	-4.671580	-11.062507	-16.736437
5701	1	-8.490202	-10.743886	-7.029512	-7.970036	-11.788511	-12.906212
5702	1	-12.852741	6.476201	6.014509	-15.889326	8.000269	-16.797437
5703	1	-14.635541	9.644940	7.676253	-15.222763	7.613394	-17.752285
5706	1	-7.899647	-8.427916	-3.439377	-9.752190	-14.389012	-16.015260
5715	1	-14.643812	-11.681641	2.739294	-10.312653	-11.355871	-14.424701
5729	1	-16.858565	-9.784675	-6.131755	-11.929018	-14.440472	-16.350221
5730	1	-10.357320	-11.275258	-5.987421	-9.768458	-14.020036	-7.844653
5736	1	-11.619140	-11.149779	-9.798214	-10.619016	-10.427637	-19.210009
5801	1	-6.862997	-8.053897	-5.026927	-14.380531	-9.569124	-8.853969
5808	1	-9.278338	-11.852608	-7.353915	-9.847900	-9.534963	-17.121460
5827	1	-11.474382	-7.730180	-7.860934	-5.344913	-14.945118	-13.153532
5841	1	-11.544419	-4.878725	-4.144100	-13.405923	-14.719355	-11.868739
5855	1	-13.824994	-9.899780	-9.016361	-6.372740	-12.313885	-13.284712
5887	1	-6.958919	-7.836787	-8.320514	-10.535358	-7.973094	-17.492041
5922	1	-12.110591	7.624063	6.593933	-17.522450	7.445423	-17.454283
5952	1	-12.291966	-12.029349	-6.879385	-8.595844	-12.891092	-12.976997
5979	1	-7.045844	-11.255244	-3.731998	-7.003284	-13.755678	-12.101190
5994	1	-11.938125	7.373651	6.935438	-14.769878	4.235492	-16.811640
5996	1	-11.787465	-6.377649	-9.056820	-9.181285	-8.698348	-11.744381
6064	1	-12.079241	7.634533	7.037022	-16.016701	6.194102	-14.421224
6071	1	-9.838452	-17.240614	-6.501043	-7.815606	-9.741095	-12.113557
6073	1	-14.363393	-5.305197	-9.580171	-8.131249	-8.241223	-6.394478
6077	1	-11.455183	-9.018441	-3.010280	-12.398615	-12.154988	-19.402593
6079	1	-10.833526	-8.079983	-10.248465	-12.965931	-12.147319	-11.720061
6086	1	-12.623931	6.635197	7.695549	-13.727281	7.308805	-17.377316
6088	1	-14.340531	-11.157942	-7.051538	-10.410568	-11.621841	-17.549514
6092	1	-10.226481	8.549929	4.525899	-11.883252	7.191599	-16.900910
6098	1	2.716064	-14.443305	-4.960632	2.678751	-13.031597	-2.791758
6162	1	-10.859747	-8.989804	-3.552522	-12.092042	-9.473296	-8.971611
6166	1	-10.245443	8.684511	8.243163	-19.798864	7.577629	-11.569491
6167	1	-11.004395	-10.750475	-3.682583	-8.729436	-14.673591	-16.481343
6171	1	-11.792187	7.350390	6.966670	-14.127812	5.082953	-10.942849
6186	1	-10.123473	-11.904429	-7.242608	-10.787031	-11.396041	-19.875737
6189	1	-4.748171	-11.922688	-5.924816	-10.934795	-12.462059	-15.176870
6207	1	-9.732845	-8.181340	-2.601571	-6.456365	-11.927756	-14.882045
6229	1	-8.934580	6.637535	6.597881	-14.162921	7.160270	-14.162086
6235	1	-4.007136	-11.993191	-7.428821	-13.091506	-11.087012	-14.281107
6273	1	-9.026670	-10.914294	-5.458802	-10.172177	-11.703246	-12.532562
6294	1	-12.214865	-8.233299	-5.270446	-14.406821	-11.938306	-11.334627
6302	1	-10.271803	-8.440588	-1.584760	-11.387454	-15.605385	-11.791832
6347	1	-18.598511	-9.899621	-6.782149	-9.141722	-10.428531	-11.210222
6354	1	-12.606275	-8.504410	-3.086250	-5.262887	-14.578141	-15.273080
6361	1	-12.148449	6.585586	5.560306	-17.596533	1.212709	-12.305379
6371	1	-10.439097	5.721210	8.575707	-11.597586	6.222242	-17.587736
6379	1	-11.046772	-9.706041	-7.841799	-5.262261	-9.362797	-9.478818
6383	1	-14.669712	-7.770016	-3.463943	-15.218217	-11.391879	-13.002625
6405	1	-8.712781	-11.990403	-3.395926	-5.120529	-15.131774	-11.556222
6407	1	-13.309401	-5.365025	-8.527318	-12.730281	-8.556795	-16.117597
6456	1	-12.294340	7.308171	6.592180	-14.384445	8.040392	-15.353093
6461	1	-13.782609	6.365552	6.632414	-8.887577	6.250075	-11.502920
6464	1	-4.918469	-8.524118	-10.842922	-0.581155	-11.020504	-10.066514
6466	1	-18.791702	-9.086386	-6.960913	-6.261761	-13.881093	-15.807829
6467	1	-14.301409	7.727694	7.521092	-19.188263	8.096124	-10.750263
6473	1	-8.627480	-12.995934	-5.708287	-4.562271	-11.211561	-10.893838
6492	1	-10.494028	6.775825	6.769248	-14.320052	7.713263	-12.790323
6516	1	-17.275292	-5.941082	-9.643565	-9.515695	-8.799503	-13.338033
6527	1	-9.619951	4.901048	7.202291	-16.233238	8.101798	-11.387740
6528	1	-13.526822	-10.420008	-7.552193	-9.548918	-7.908713	-13.708998
6541	1	-5.915189	-7.274957	-6.007956	-9.235205	-14.250737	-13.623256
6552	1	-13.364429	-7.339512	-0.472441	-10.721862	-11.856332	-14.194736
6575	1	-14.961029	-12.761909	-11.002841	-6.962084	-9.189146	-13.762870
6627	1	-13.262733	-17.308840	-8.073808	-6.778102	-12.382542	-13.682534
6634	1	-15.123933	6.679753	6.992740	-13.647584	6.707134	-15.039969
6654	1	-10.539410	-12.907175	0.092403	-11.847038	-11.898305	-15.466833
6668	1	-10.832447	-11.103421	-9.849780	-5.763737	-10.072985	-16.703406
6678	1	-17.190925	-10.808795	-3.428885	-7.109472	-16.616268	-14.790609
6696	1	-11.470482	-7.871361	-7.369450	-7.625555	-15.391736	-18.576926
6717	1	-7.393078	2.797255	-2.129137	-9.693939	-5.221029	-15.292616
6728	1	-15.615470	9.859427	6.173776	-13.424993	6.312035	-14.445568
6776	1	-11.362507	7.914846	8.119937	-14.510851	7.644021	-13.701508
6783	1	-13.911239	-11.562798	-5.458207	-11.256344	-12.217430	-13.210771
6785	1	-9.505237	-5.370192	-0.409964	-7.765980	-13.347045	-14.631524
6792	1	-13.241801	-6.737960	-6.223067	-10.521095	-9.134616	-17.660383
6827	1	-9.991781	-12.805710	-5.370420	-11.380817	-10.062130	-16.359096
6838	1	-12.465189	-6.966625	-4.927436	-11.556476	-13.367621	-17.276546
6864	1	-12.519723	-8.117677	-5.425348	-6.985062	-12.322053	-16.534812
6898	1	-13.699727	-6.080527	-10.193596	-2.493412	-11.336535	-14.681045
6902	1	-12.993427	-14.886336	-7.769336	-8.086883	-12.239930	-14.295824
6906	1	-14.249311	-9.479609	-3.852064	-13.452192	-15.067395	-17.278366
6908	1	-14.361062	7.417857	5.394598	-13.658291	5.135440	-19.659604
6913	1	-5.687099	4.997639	3.742338	-12.556251	6.044136	-12.493195
6920	1	-11.440246	-7.783968	-8.398664	-9.290544	-9.807337	-11.783212
6924	1	-10.321290	-11.002956	-6.039964	-4.989130	-12.218350	-16.233782
6926	1	-9.151663	-1.424791	-5.659000	-9.699291	-12.087412	-12.080001
6948	1	-12.924393	-10.154630	-7.235609	-7.186521	-11.457048	-12.094120
6980	1	-8.915097	6.093036	8.565946	-11.548366	7.988282	-19.685166
6992	1	-11.404313	6.902665	8.371025	-14.432127	8.392132	-9.683756
