9	4	-10.033496	6.403701	6.191599	-7.653395	5.853924	-11.547303	-11.323860	-8.921510	-4.323153	-4.536960	-10.042504	-11.544633	-5.617288	2.643579	1.304357	-4.538324	-1.476136	-11.544641	4.724663	-12.207915	-4.323153	7.151364	-10.042504	2.931790
16	4	-5.914976	-12.631943	-5.591953	-11.137434	-5.421600	-15.940871	0.547882	2.633789	6.656358	-14.739001	9.181297	-15.914178	-7.427306	-2.359262	4.687779	-15.131010	3.444913	-15.940871	2.491512	-14.694790	-5.591972	1.078826	-5.421600	-6.358945
20	4	-8.352629	6.790970	8.438602	-15.420222	7.504678	-11.596626	-8.465054	-11.238917	-0.467110	-9.330830	-6.073729	-11.596626	7.215512	1.453075	8.432786	1.580039	7.503894	3.556017	7.638332	-16.576779	-0.467110	7.670121	-6.073729	3.557836
22	4	-12.057214	-10.930803	-5.968228	-10.125250	-12.238658	-9.491892	-6.786038	2.639680	6.223931	-14.765113	-0.428368	-9.491892	4.667338	-15.782908	-5.968228	5.408013	-12.238659	3.678987	-6.779621	6.302300	6.292414	-14.847351	3.548949	-9.491892
24	4	-6.613934	5.011704	5.524044	-0.874578	5.561871	-9.344844	-8.591291	-11.406944	-7.496509	3.217813	-7.797229	-8.134076	5.800437	1.768836	5.516361	1.661408	5.437047	1.954290	2.778698	-13.040609	-7.496509	5.790980	-7.797229	2.042071
55	4	-1.715069	-3.868837	1.247882	-7.810310	-7.261301	-12.797972	4.329155	-9.574176	1.247882	-1.512710	-7.261312	-6.318654	3.704751	2.165033	7.599473	-5.183928	6.974458	-6.337024	-3.743038	7.498658	7.601897	-11.437148	6.981868	-12.896720
56	4	-8.539977	-6.774265	-8.490900	-7.521618	-12.182790	-11.860712	-4.273610	6.506869	4.247767	-12.960904	6.472284	-11.861216	6.913435	-11.639078	-8.490901	7.468769	-12.182790	2.515551	8.007084	1.633840	4.244468	1.985614	6.351043	2.132682
64	4	0.601076	-10.282964	-7.023361	1.255743	-10.217545	-3.844038	5.987997	-16.039901	-7.045182	5.395543	-10.217547	3.042712	-0.488273	7.277159	4.120786	-5.867329	7.347341	-9.127772	-10.037780	-9.428388	-7.005650	-5.200324	-10.217543	-8.826034
103	4	-6.768627	-7.999661	1.042667	-7.859196	-12.017017	-10.736514	-4.782791	8.041465	8.695252	-10.710609	7.090763	-10.736529	6.269684	2.494303	8.687804	4.843412	7.030177	4.674563	4.151120	-13.813095	1.042666	7.692932	-12.017018	4.674472
137	4	-6.544238	-7.881771	1.506634	-9.912206	-10.393914	-11.726177	-9.560439	6.758343	6.416208	-14.683087	5.855853	-12.922107	6.027274	-13.672532	1.506634	6.009867	-10.393914	3.197669	-8.598232	1.496986	5.227899	-12.105775	0.097717	-12.602784
146	4	-12.744463	-7.334021	-4.588018	-7.332586	-9.347675	-13.511398	-13.701974	6.467120	5.796720	-8.950784	5.979904	-13.511969	4.277316	-11.766588	-4.588018	6.145484	-9.347675	3.755765	3.285495	4.366190	5.796720	4.263917	5.979904	3.716764
159	4	5.534069	-13.740922	-2.317492	6.099645	-7.311274	1.721241	-7.185007	-10.883465	-2.317491	-12.705108	-7.311268	-6.898606	-4.598719	6.536244	6.354839	-17.146618	6.501542	-6.893357	7.918310	1.983794	6.348159	1.662793	6.419928	1.331092
171	4	-9.935335	-9.489547	-1.109589	-7.192626	-10.335397	-13.278846	-6.142153	6.869506	7.567077	-13.143578	6.724916	-13.276436	9.911329	0.872940	7.285068	1.803168	6.719927	2.335281	6.527888	-15.398456	-1.109589	7.769177	-10.335397	2.335035
195	4	-12.149836	-8.834368	-2.529633	-10.677518	-8.647975	-10.851010	-10.420832	6.632687	6.600910	-13.567514	8.615925	-10.851010	5.413725	3.669811	6.600910	4.813799	8.480942	4.217675	3.597753	-10.448824	-2.529633	7.655027	-8.753537	4.115540
203	4	-8.639668	-8.448516	-7.086149	-8.934180	-10.435520	-14.440892	5.208644	-11.073615	-7.086497	4.679150	-10.435520	3.649632	-5.956891	6.786867	4.867018	-12.372831	5.555846	-14.432804	7.527843	4.160635	4.857572	1.229125	5.539062	3.631819
205	4	-4.264524	-9.922913	-4.344364	-7.957030	-1.961127	-10.804049	-1.828837	6.398316	4.644878	-8.730185	7.404241	-10.795107	6.929300	1.361631	4.462147	4.442718	7.262795	1.099303	4.467843	-12.522883	-4.344364	6.144511	-1.961127	1.069147
210	4	-10.142547	-10.060777	-2.517056	-7.660308	-4.561613	-14.689483	5.005939	-15.690016	-2.517056	5.421124	-4.561614	3.185248	-9.813744	4.391483	7.094821	-10.336773	7.706283	-14.694525	2.189754	-0.853207	4.345581	3.464587	6.022542	3.166944
238	4	4.145656	-12.341141	-5.823866	5.262198	-9.174480	4.311979	-6.708758	8.953616	5.899189	-11.127120	7.324141	-6.807869	-5.730891	-6.139666	-5.823865	-7.719219	-9.174456	-6.804512	4.880312	2.752021	5.896795	1.833995	7.323781	4.006975
273	4	-3.160763	-6.814183	-4.229306	4.386211	-5.738468	-8.628289	-12.204982	5.624845	6.488581	-11.382542	8.738489	-11.704065	-12.176785	-6.814183	-4.229306	-5.978882	-5.738468	-11.704065	1.609612	-0.229904	-0.361218	5.320296	-2.440170	-5.648380
275	4	-11.794937	7.559726	6.304252	-18.584105	6.419248	-9.490674	-14.370503	-6.534773	-3.074634	-11.944529	-9.175481	-9.465133	2.076036	-10.576474	-3.074667	3.730910	-9.175499	3.765767	4.204429	2.554979	6.275483	-0.355135	6.419236	3.722879
293	4	-5.283380	-5.865612	-4.481216	2.156642	-10.801907	-6.345457	-4.321188	6.912990	6.677867	-8.285194	4.933334	-11.022096	4.950752	-11.389305	-4.484353	7.522577	-12.264370	3.687281	8.596572	1.393521	6.587813	2.028185	4.548587	3.731571
316	4	-12.432404	-10.092582	-6.021082	-7.316990	-13.026644	-9.161563	3.754401	-15.993112	-6.021082	6.635430	-13.026644	4.208250	7.724492	1.093586	4.824906	4.973872	4.741863	4.501557	-7.837060	7.239968	5.041229	-9.412343	4.863906	-9.161555
333	4	-6.337776	-7.984683	-2.554896	-9.203797	-7.466972	-17.234623	3.618658	-9.767377	-2.554896	3.086390	-7.466972	-6.059301	-4.351984	3.516177	5.096283	-11.271325	0.417719	-17.234612	-6.650821	6.075289	6.319281	-15.585907	7.050646	-17.234623
344	4	-6.521372	-11.550609	-4.832186	-11.270940	-3.837558	-11.958688	4.261337	-16.093871	-4.832186	6.021137	-3.870078	1.412134	-4.899393	6.687534	5.797346	-13.604452	6.298040	-11.958696	5.701314	2.089566	5.797312	3.684298	6.188490	1.402109
370	4	-6.138161	7.141217	8.467337	-15.172183	6.664745	-14.789321	-2.661047	-4.194275	-1.513549	-10.101851	-4.806757	-12.113395	2.975099	-5.913144	-1.535565	-6.270271	-4.806758	-10.613575	5.107546	-7.487397	-1.536181	0.671113	-4.806758	-6.543728
392	4	-11.746543	9.514090	4.164209	-11.536637	6.013907	-11.071818	-14.059652	-7.421075	-7.348707	-8.160752	-8.349739	-11.071820	1.993614	-7.687114	-7.349057	4.875977	-8.349757	3.129697	4.180713	3.099598	4.122414	1.718857	6.008000	3.529490
397	4	-6.916983	-10.913425	-1.813710	-7.319529	-11.006937	-13.458031	2.523069	-13.977108	-1.813719	-1.280719	-11.006937	-2.628856	4.225630	-15.303011	-1.813719	7.253339	-11.006937	1.956846	-6.668479	4.135876	7.764351	-13.756671	7.257655	-13.417605
399	4	4.671321	-16.354484	-3.958956	6.425918	-11.454960	0.103176	-9.287623	-10.280293	-3.958956	-8.152933	-11.454960	-12.133910	6.382696	-16.727904	-3.958956	8.514266	-11.454960	3.910211	-11.976508	6.931574	7.589935	-13.652166	4.494238	-12.133924
410	4	4.686439	-14.106759	-4.665070	-5.034724	-9.065609	-2.162520	-3.120842	-12.423916	-4.665070	-9.644863	-9.054607	-8.189195	-7.563772	6.358300	7.781213	-15.993328	6.038908	-8.248045	10.629833	-14.106772	-4.665070	6.204996	-9.065609	3.033433
429	4	-10.656985	-12.476418	-6.356285	-10.156463	-10.029443	-10.299559	-7.979501	2.882830	4.586367	-15.072926	7.111268	-10.299559	3.237238	-13.980614	-6.356285	2.465073	-10.029443	-0.022840	4.614240	-14.967189	-6.356285	6.257993	-10.029443	3.652207
477	4	4.233720	1.203925	4.300025	4.889807	6.983268	0.343239	3.366218	-12.429083	-8.373607	5.610583	-8.358958	0.372060	-10.785730	-7.761444	-8.373606	-4.487953	-7.812965	-15.015200	-9.826932	5.966678	4.305232	-5.432137	7.419402	-15.253107
498	4	-7.937415	8.802040	6.816301	-7.952939	7.431628	-7.702742	-8.538595	-9.937106	-6.163668	-4.905904	-9.520059	-6.331805	5.609002	2.189129	6.816276	3.523863	7.424098	3.489338	5.052725	-16.088526	-6.163668	6.600529	-9.520974	3.527347
507	4	-5.791807	-8.276209	-3.720045	2.997936	-7.747078	1.712303	-11.945258	4.474787	7.187082	-3.988687	6.423993	1.592278	-14.269216	-8.255420	-3.720035	-4.428275	-7.746937	-4.826101	-13.512446	4.474983	7.187084	-9.472351	6.423993	-7.871707
523	4	-9.498899	6.645589	7.880810	-10.658316	7.188813	-15.510752	-10.734193	-10.348608	-1.712736	-7.380778	-8.435974	-15.510752	5.972818	-15.483206	-1.712736	6.455091	-8.435988	2.494016	7.172666	1.266563	7.875092	3.181903	6.589595	2.493148
579	4	-6.438360	-0.625944	-3.903152	-13.392486	-9.363726	-13.746251	-11.661297	8.546214	7.943530	-13.450617	5.089700	-14.136509	7.927844	-1.965701	-4.375807	2.834062	-10.400452	2.040843	3.257682	7.213314	7.943530	2.420213	5.089700	1.874777
584	4	-5.149402	-10.835051	-5.256788	-7.660890	-6.757973	-14.606914	-9.700683	5.939942	6.926568	-12.551360	5.171472	-14.610788	5.451637	-14.142564	-5.064147	2.262878	-2.309147	-3.646179	5.890187	-14.142587	-5.064147	8.205301	-2.309147	1.689013
601	4	-10.575108	7.647933	5.505625	-12.809669	6.635757	-14.392836	5.360201	3.838436	5.504674	0.109541	6.609513	3.210773	-13.562470	-8.933553	-6.530906	-7.362809	-7.078918	-13.142536	3.441108	-11.859072	-6.530906	5.982621	-7.078950	3.628268
614	4	2.144702	-2.171530	1.011632	1.676229	5.200847	-7.166427	-11.053584	5.863606	5.699821	-10.521681	6.840993	-15.163849	0.248265	-7.792023	-5.719685	3.846482	-8.365588	-8.701830	-10.316453	-7.724731	-5.719655	-6.775137	-8.365517	-15.163847
631	4	-9.351071	-13.562887	-2.558015	0.686906	-9.978714	-8.447607	-15.717333	-13.562887	-2.558015	-5.229073	-9.978714	-12.137519	2.832983	-18.648902	-2.558016	5.483869	-10.002871	0.886232	-17.125619	3.921454	6.640528	-8.992320	8.393072	-12.137519
633	4	-8.224086	-5.680643	-4.546971	-0.145806	-6.214975	-8.333392	-3.799748	8.926508	6.162219	-9.100981	7.234897	-8.243500	8.476162	2.994381	5.975956	4.145963	7.122064	4.135325	3.810598	-9.283798	-5.615848	8.490981	-7.216000	4.135561
688	4	-7.017783	-12.706424	-6.994463	-9.804419	-9.629507	-15.827836	3.851482	-16.098874	-6.994463	2.156811	-9.629507	-4.501695	-5.322176	4.175111	4.927165	-12.241551	6.125242	-15.777993	0.144761	4.080408	4.927134	-8.774357	6.125228	-10.050652
690	4	-6.943339	6.417102	7.657260	-12.165464	7.531449	-14.993669	-7.199125	-7.313709	-2.219425	-9.511053	-9.569068	-14.993669	4.960118	-12.031597	-2.219425	7.029729	-9.569100	1.060539	5.070197	2.297218	7.657234	4.311501	7.531432	1.060539
691	4	-11.389647	-10.412334	-5.155144	-10.416360	-9.273133	-13.778542	5.161866	-12.987001	-5.155144	6.103435	-9.273133	3.148171	-12.907748	6.050297	5.995742	-14.516461	4.221721	-13.779153	3.601996	3.618972	5.995617	1.938030	4.220624	3.056178
710	4	-10.888421	7.133819	7.853778	-13.625105	9.401587	-13.183802	-11.276620	-9.731685	-0.437813	-9.004547	-8.689239	-13.183802	6.334104	1.360517	7.853245	1.710548	9.395784	3.718230	6.141232	-15.504726	-0.437846	6.515173	-8.689239	3.808142
725	4	-9.927113	8.319519	7.806201	-11.733580	4.961690	-14.671392	-9.957931	-6.648879	-0.520550	-8.117657	-8.515060	-14.309929	3.812293	1.817646	7.790298	4.292262	4.871409	3.230721	3.780492	-13.113104	-0.611219	7.918223	-10.245089	3.276931
733	4	-3.502551	-7.909684	-4.555231	0.153463	-6.570807	-12.345433	2.747734	-12.344985	-4.555231	8.245564	-7.359135	3.076461	-7.481977	7.456466	6.799315	-10.908228	6.262466	-14.065615	4.482055	2.054529	6.763746	2.240644	6.189998	3.105752
740	4	-12.054280	-10.327145	0.424719	-11.271980	-5.096762	-11.766590	-13.780773	4.345239	6.650965	-14.600129	7.933998	-11.766590	5.749282	-15.569600	0.424705	4.784633	-5.096785	3.623620	3.735379	1.489996	6.482581	1.429257	7.924814	3.427795
752	4	-3.874266	6.399498	9.202261	-13.022523	6.039162	-13.293276	-0.169895	6.128270	9.202085	-11.130863	6.037197	-12.648742	1.029334	-7.229364	-0.579554	1.461507	-10.082396	-6.463735	-7.013696	-6.629907	-0.578878	-6.778073	-9.738964	-13.298393
756	4	-2.935122	-6.517624	-1.752335	-7.507385	-8.136199	-17.952571	-4.602613	6.526022	6.465199	-10.753196	9.271303	-17.955952	5.283012	-5.792632	3.289407	1.336067	3.251462	-5.716251	5.345650	-12.239717	-1.853311	1.541171	-8.152379	-5.716001
774	4	-9.362771	5.532242	7.301882	-12.978673	8.583857	-12.245117	-9.572139	-7.922743	2.465925	-9.537957	-8.126484	-12.245117	2.755869	0.909341	7.184633	2.396017	8.469179	2.245196	2.864710	-12.460185	2.465923	5.776131	-8.128914	2.248732
777	4	-10.002949	-9.166288	-5.890281	-8.690637	-11.965763	-14.523814	-12.165145	2.251064	5.118511	-11.463713	-2.687019	-14.523831	-11.774063	7.322592	5.549048	-13.290035	3.031057	-14.523830	3.211995	-10.904231	-5.910463	4.709321	-11.965763	2.205138
784	4	4.435827	-15.493302	-1.139777	4.497812	-11.814300	1.165990	-4.142775	-12.417444	-1.139777	-8.131113	-11.814298	-14.141268	-0.497139	-12.417472	-1.139777	0.576084	-11.814298	-8.816134	-5.104519	4.902748	6.250772	-13.449701	4.729037	-14.141270
789	4	-0.793551	1.366131	3.228060	-6.952809	-3.453984	-11.965770	-10.464272	8.707661	8.338666	-13.169668	5.142747	-13.463110	-10.391033	-8.052415	-2.714099	-6.325338	-13.603967	-13.420889	1.061328	-8.071675	-2.714099	1.851234	-13.603989	-5.100813
824	4	-11.726832	-11.087584	-4.886033	-7.439700	-10.997892	-10.474952	4.619184	-12.884036	-4.886033	7.528343	-10.997892	3.865601	-10.207975	6.799332	6.801502	-9.193532	7.192064	-10.474952	6.142467	4.432528	6.801501	5.810872	7.192064	3.865602
845	4	-2.476948	5.332918	4.104519	-10.725571	0.646219	-13.119545	4.311149	3.158775	4.103108	1.165506	0.646100	-4.436034	-7.886989	7.572262	7.350663	-10.767109	6.531547	-13.237137	-6.005971	-7.286032	-1.226726	-10.212475	-9.266959	-13.236284
858	4	-11.694332	-10.655463	-5.833490	-10.341396	-8.692333	-18.291829	-5.793545	4.106229	1.246008	-10.341483	0.537545	-17.811006	-8.931385	8.049213	6.923456	-16.042331	7.539736	-18.287313	4.545307	1.639146	1.241850	2.055335	0.536174	-6.280149
888	4	-10.788114	6.545872	6.953571	-5.360260	5.785574	-14.697856	-10.887836	-9.895433	-3.810258	-4.324510	-10.663386	-14.697612	5.125090	2.858295	6.952623	1.364502	5.784098	1.176964	4.193826	-12.845420	-3.810258	2.581467	-10.666110	1.492924
894	4	-12.426766	6.965017	6.145946	-12.894487	7.527895	-14.956002	5.583958	-12.748199	-4.007471	6.362087	-10.082503	3.017126	-6.516815	-0.332675	-0.551790	-10.982955	-4.473581	-14.942298	4.186747	1.060634	6.003954	4.470286	7.519840	2.925873
917	4	-14.019316	-7.812021	3.551551	-8.812976	-4.991221	-14.325993	-14.307672	-0.969595	5.037403	-12.954195	5.004602	-14.325993	3.886690	-9.103378	3.551551	4.309788	-4.991221	1.674130	-11.250134	3.098864	8.216528	-14.492968	6.091609	-14.325993
918	4	-6.355705	6.702328	6.358068	-8.868036	6.821333	-13.309216	-6.112568	-7.135351	-4.265868	-6.667123	-8.941291	-13.309216	3.215992	5.029963	6.358068	3.282449	6.821333	1.561071	3.585621	-9.284785	-4.337420	5.496096	-8.976928	1.590932
1032	4	-14.251470	-7.399616	1.019815	-7.884872	-1.208255	-11.975028	-15.139802	-1.699106	3.536963	-7.896989	4.691196	-11.975029	-14.385534	4.795751	6.849327	-12.156015	6.263339	-11.975059	-13.557255	3.647853	5.749051	-11.887132	1.060425	-11.975059
1099	4	-11.887624	-11.585193	-4.516792	-10.550329	-10.576184	-12.866959	-10.831512	5.413480	6.792541	-14.567459	7.397581	-12.866959	3.548128	-12.673585	-4.516792	6.358707	-10.600429	4.428971	4.654945	4.059126	6.792533	2.336143	7.352838	4.574480
1116	4	-10.509404	6.212876	6.649309	-8.262477	8.943042	-13.995246	-7.054452	-11.388225	-5.509172	-5.500468	-8.960780	-13.748459	0.204952	5.182664	1.287677	0.034040	-2.363894	-3.791227	2.189343	3.733116	1.287643	0.521093	-2.363978	-3.715934
1120	4	-10.193531	-11.446008	-0.399715	-6.504977	-7.464449	-10.500358	3.322783	-16.473905	-0.399719	4.670648	-7.464452	-1.365710	-10.831794	3.357749	8.823141	-13.955494	9.293314	-10.500360	5.856740	-16.941068	-0.399719	6.032312	-7.464452	4.627452
1128	4	4.822429	1.523140	3.542413	4.826510	-2.629122	-2.556109	-9.701916	-10.892840	-0.673096	-1.265425	-12.733636	-8.255461	-5.539310	5.952079	3.911100	-1.337168	-2.080526	-7.371221	-12.282993	6.635475	7.278598	-11.797748	4.301617	-14.054668
1136	4	-8.150205	8.467352	6.445399	-11.440703	6.713342	-14.666591	-7.549376	3.186553	2.535367	-8.558059	-5.175496	-14.666591	3.021468	-0.110490	2.531603	3.846685	-5.596840	3.632806	4.144799	3.376038	6.445387	1.153044	6.654913	3.531025
1142	4	-8.353545	-9.683079	-0.204492	-8.525420	-10.366887	-10.384982	5.500397	1.151559	7.154116	3.202479	5.293417	3.431666	-9.024090	5.645116	7.263823	-12.373687	5.343258	-10.384982	5.137537	-13.789853	-0.204492	6.964999	-10.366887	3.431725
1232	4	-9.993200	-7.484968	-7.699911	-8.355754	-8.958743	-10.538286	8.330869	-8.770907	-7.699911	7.131398	-8.958743	4.213681	-14.362216	7.879540	4.366498	-14.596206	7.115265	-10.538438	3.921481	6.595250	4.366498	0.886945	7.115265	3.086306
1237	4	-11.753570	-5.672037	-6.530939	-8.814426	-11.386254	-13.083891	-10.881106	8.545904	3.754423	-10.256849	5.454184	-13.200434	3.465506	-12.140340	-6.555467	6.039461	-11.387018	2.496777	4.493033	2.036199	3.696032	4.700529	5.326379	2.487518
1239	4	3.095319	-2.826123	-5.659105	1.094073	-10.237463	-8.524435	-7.290871	-0.465686	-2.474656	-5.690960	-9.735693	-18.898033	-11.822508	6.883535	6.426657	-9.702835	4.177002	-19.736701	-7.296415	1.346506	0.193066	-5.708227	-6.125394	-18.906051
1281	4	-9.410852	-12.458084	-4.100269	-8.664127	-2.200245	-14.488377	-7.526213	6.400402	6.594956	-15.148503	7.753612	-14.488377	2.409445	-13.688934	-4.100269	7.605616	-2.200245	3.631365	3.910282	1.825431	6.587444	1.583257	7.692827	3.542868
1288	4	-13.120664	7.462841	8.490732	-13.331928	6.949509	-14.106393	-12.987669	-8.313910	-1.792637	-9.607764	-7.842245	-14.106393	3.552989	1.807733	8.457606	3.053316	6.607488	3.700600	3.351845	-13.580583	-1.792637	6.863993	-7.842327	3.656200
1294	4	-14.074570	-11.199482	-6.564612	-9.258141	-13.284198	-12.796617	3.126314	-12.400611	-6.564612	6.047380	-13.284198	1.660510	-9.050644	6.006211	4.654242	-11.438848	5.565026	-12.796513	8.165752	3.411879	4.654242	3.910913	5.565009	1.687684
1296	4	-11.368676	-12.628922	-6.130032	-8.540503	-9.410107	-6.858241	-11.615874	4.311301	6.230467	-14.124689	5.157888	-6.858241	4.160695	-18.028080	-6.130032	3.154417	-9.410107	-0.225932	4.174615	-18.034056	-6.130032	8.604339	-9.410107	3.292799
1297	4	-1.553387	-2.947172	0.970588	-10.120868	-9.842167	-13.983619	-13.180124	7.267060	8.464148	-13.217825	7.796964	-15.947158	4.182864	-9.583987	-3.578372	5.364618	-10.750032	0.736279	3.485565	0.739454	8.351445	2.212234	7.547522	0.591645
1311	4	2.070479	-11.449252	-2.115123	2.932833	-7.622201	-5.551455	-9.236433	-10.608005	-2.115090	-6.128536	-7.621154	-16.773191	-4.654429	5.438566	5.338042	-11.997693	7.907120	-16.773191	0.167319	5.416710	5.338021	-11.537393	7.907116	-11.883292
1313	4	-7.677663	8.599554	7.264079	-12.824004	7.996576	-12.257391	-5.667523	-2.309349	0.064271	-11.420905	-1.823547	-12.257385	2.478475	-5.213586	-1.853818	3.243802	-1.848425	2.683297	5.777304	2.302421	7.212207	3.287113	7.981557	3.229093
1314	4	-9.618428	-6.866336	-6.147132	-6.643752	-6.122641	-10.391304	4.329396	-8.407401	-6.147132	5.990004	-6.122641	3.635407	-9.254909	5.837223	6.500511	-10.114987	8.243374	-10.391647	5.258126	4.286301	6.500511	2.518753	8.243373	3.635008
1317	4	-15.181386	6.981762	9.068318	-7.722548	6.885873	-14.025179	-16.088857	-8.678077	-1.063996	-6.891272	-10.078639	-13.865037	3.433062	3.313148	9.068313	5.185766	6.885551	3.674740	2.506873	-9.265550	-1.063996	5.540753	-10.078639	3.585265
1332	4	-6.260997	-1.683387	0.781221	-11.163395	-10.407698	-10.959810	4.519182	-6.159345	-1.937419	5.530060	-10.420488	3.957026	-8.848263	9.032870	7.326648	-15.091914	7.720920	-10.959810	7.211491	5.893151	7.312967	1.403051	7.720907	3.981925
1339	4	-6.840293	6.066595	7.720594	-14.304990	6.783828	-12.672206	3.668162	-14.573842	-1.940967	2.591905	-8.738888	-2.775429	-4.261929	1.528203	1.865908	-9.532884	-5.533546	-12.655672	-7.721448	-8.651030	-1.940964	-9.532819	-8.738888	-12.655800
1350	4	-8.349361	-10.574553	-4.323958	-10.169891	-9.554312	-17.243857	-12.468734	6.446052	6.277720	-12.615411	6.681441	-17.463531	-7.178998	0.458279	1.574013	-10.406630	-2.424774	-17.072443	2.929986	-16.535725	-4.323958	2.189917	-9.554312	-5.941630
1369	4	-7.595444	-4.134958	-4.420471	-12.345923	-3.730889	-13.526505	-2.010251	5.981906	2.557960	-12.451828	6.713458	-13.301195	4.273483	1.484137	2.557905	-6.374247	6.712994	-7.612601	-3.527856	0.262381	-3.574870	-12.345938	-1.692053	-13.497063
1401	4	-11.047106	-9.975911	-1.274576	-11.893455	-8.571835	-10.922475	-9.040400	5.062205	7.083735	-14.996855	8.044926	-10.922486	4.875230	-13.603556	-1.274576	6.271927	-8.571947	3.302869	6.933316	1.390519	7.017588	3.169938	7.867378	3.314595
1409	4	8.372757	-19.000000	-4.614743	8.227853	-9.773760	3.820614	3.281202	-18.737802	-4.614743	7.284459	-9.773760	-1.733157	-10.357885	4.163575	5.424709	-10.242674	5.646607	-14.466067	-7.492349	-12.785835	-4.614741	-8.695829	-9.773760	-14.466067
1416	4	4.161679	-16.805474	-3.938062	8.134869	-10.015799	3.745515	-5.823397	-10.741770	-3.938062	-9.552728	-10.015790	-7.462075	3.483348	-16.623560	-3.938062	1.488683	-10.015799	-1.680857	-4.983026	6.284720	7.245601	-14.975078	4.316562	-7.462075
1438	4	4.216331	-14.695020	-3.883992	1.934750	-10.488343	-3.738065	-7.417686	6.590028	5.779175	-13.020636	6.924713	-16.283195	-7.045906	-8.257016	-3.881596	-7.843532	-10.488343	-16.283188	5.564186	-14.746452	-3.883992	2.086686	-10.488343	1.519671
1446	4	0.921475	-4.552801	-0.211526	1.883693	0.607727	-5.545474	-10.690089	7.473945	6.813050	-13.673216	7.203086	-14.985897	0.318434	-2.858341	-0.211279	-4.500073	0.607899	-10.912491	-10.569705	-6.525359	-1.783936	-9.300728	-4.493808	-14.984474
1481	4	7.718376	2.455730	6.245665	1.944711	7.089432	3.059487	-13.375182	-10.995739	-6.137869	-9.365390	-3.180056	-10.861697	-11.376880	7.091196	6.324664	-14.613043	7.089763	-10.861697	5.557437	-15.788203	-6.304366	7.131304	-3.180056	3.068561
1496	4	-9.654697	-12.542021	-6.479147	-9.866671	-5.781273	-12.733418	-3.840892	5.731972	4.034399	-9.184606	7.183452	-12.703975	5.541391	-18.327056	-6.479147	6.182509	-5.781274	3.678333	1.525994	4.260662	4.034387	-5.733157	7.172625	-10.413016
1506	4	-13.316108	-8.308327	-2.384799	-8.544281	-10.316801	-12.354828	-12.901332	8.267138	8.578289	-12.028919	7.846375	-12.354828	5.272626	-14.443252	-2.384799	8.514704	-10.316801	2.581861	5.699941	2.118893	8.571392	5.050657	7.846315	2.581867
1582	4	8.040214	-15.767731	-1.657291	6.553571	-12.244331	4.698317	-10.120208	-8.470582	-1.657291	-12.165523	-12.244331	-12.751356	-14.184923	6.298169	6.872864	-17.469366	5.834279	-13.019723	3.399561	-0.926421	5.493676	0.884401	5.145028	4.644891
1608	4	-9.775139	8.019149	6.134915	-15.580326	9.708432	-1.201585	8.211963	-14.237345	-3.429427	3.781791	-9.194017	2.282204	-8.044207	-8.460508	-2.454940	-11.054756	-9.193870	-1.201585	4.629757	2.264827	6.081490	-0.819416	9.703217	2.235385
1610	4	-10.028373	6.468366	5.638214	-8.617341	7.038984	-13.439580	-8.759879	-2.462722	-6.882798	-8.107700	-7.124552	-13.439506	6.569040	-6.407470	-6.884250	5.905873	-10.051478	3.962656	5.301530	3.509663	5.638212	5.395130	7.035713	3.961450
1631	4	-0.741275	-11.156374	-4.567312	0.007747	-10.698369	-3.037839	-9.516635	6.598175	6.995800	-16.480929	6.878466	-9.352503	-10.004129	-11.152692	-4.567312	-11.125070	-10.698289	-9.352503	5.463348	-17.040470	-4.567312	4.720020	-10.729715	3.238291
1632	4	-8.477076	-11.806176	-5.086739	-5.673605	-12.618940	-12.066020	-9.128504	4.492922	7.472245	-9.849322	2.931841	-12.085315	1.826757	-12.248274	-5.086766	2.203380	-12.618943	-5.005057	4.919085	-18.147298	-5.086783	4.447599	-12.618946	0.742967
1646	4	-10.897955	7.181385	7.730637	-13.488866	6.626538	-12.083592	-10.473860	-8.313915	-3.302560	-7.333479	-7.756585	-12.083585	2.320465	-12.990734	-3.302560	7.562688	-7.756585	1.198312	2.907984	-7.273963	3.151631	8.090598	3.026447	1.198314
1651	4	-6.792024	-12.217366	-4.085489	2.617920	-10.739979	-8.466671	5.079995	-18.319920	-4.085489	7.623938	-10.739979	3.297496	-11.965562	6.757609	7.096733	-5.810085	4.733022	-13.881630	-11.266258	-12.217366	-4.085489	-3.449502	-10.739979	-13.880489
1661	4	-4.660578	-7.647657	-5.935564	-1.051387	-7.235283	-11.208289	4.315298	-13.108139	-6.012722	6.379993	-7.235379	2.415958	-8.444461	6.678978	7.086930	-6.885940	4.953379	-15.235317	3.805697	1.164289	7.052984	2.409681	4.731779	2.226205
1670	4	7.427575	0.824066	4.689472	3.597157	4.517114	3.526052	5.949044	-8.349916	-5.769576	8.662871	-13.014466	3.525113	-6.962292	6.784027	5.703298	-10.482459	4.749924	-12.305312	0.257072	-2.435327	-2.861128	1.344985	-13.007140	-6.250366
1678	4	-8.584136	-11.693745	-2.243350	-11.685202	-10.886366	-14.781519	-12.159353	6.106899	8.716096	-17.892304	6.495491	-14.781519	3.356233	-12.781836	-2.243350	0.936813	-10.891948	-3.077837	9.567380	-13.483436	-2.243350	5.062192	-10.893863	2.790860
1705	4	-7.772172	-9.036607	-5.178253	-10.069386	-11.376393	-8.270402	-6.485012	6.930408	6.627856	-16.157287	7.185785	-8.270402	2.122650	-14.136850	-5.178253	2.163932	-11.376393	-1.535850	6.183395	-14.778566	-5.178253	5.354183	-11.376393	4.111716
1713	4	-5.115276	2.882380	0.856791	-11.391916	-5.955277	-13.100052	-10.848889	-2.719238	-5.506164	-11.315700	-8.907457	-14.723803	1.981773	-0.948423	-3.639967	2.952202	-8.858680	-3.403542	-6.056589	8.370452	4.770280	-17.148908	5.406817	-13.667046
1717	4	-6.978789	-11.079976	-0.725142	-1.648258	-12.484718	-14.857614	-5.672895	-11.079976	-0.725142	4.613629	-12.484718	-9.954200	-11.502792	6.201629	7.948209	-7.889916	3.331849	-16.850603	-12.434811	-0.158773	5.462980	-6.098412	-0.793474	-16.851480
1723	4	-11.204477	6.167603	8.957916	-12.071983	9.210114	-11.951852	4.038251	4.486400	8.957233	3.365636	9.210114	4.215397	-11.809049	-11.193221	-2.699067	-8.712592	-7.120735	-11.951853	2.815145	-12.221519	-2.699090	6.727399	-7.120735	4.105628
1741	4	-12.204871	7.685578	6.638186	-8.436440	8.706536	-14.768590	-10.821024	-9.349027	-4.813577	-2.795698	-5.895372	-8.944060	3.677503	-11.406167	-4.813577	8.140349	-5.895385	3.441778	3.634203	5.653517	6.638183	5.410584	8.705460	3.441180
1775	4	-5.423211	-6.611344	-5.438102	-8.358573	-13.025224	-11.189351	-4.264960	-0.163059	0.704243	-8.273105	-7.424766	-11.087880	5.374400	-11.821016	-5.504528	2.465790	-13.025224	1.556532	-4.332521	7.719955	5.611238	-11.604911	5.976480	-11.118592
1783	4	-5.423186	-8.167024	-4.204956	-10.075219	-11.285046	-14.275813	1.132521	-8.239614	-4.204975	1.094370	-11.285046	-8.190183	2.027979	7.095730	7.749809	0.665637	5.602475	-5.858960	-4.625679	7.505217	7.749809	-10.586566	5.602475	-14.275813
1798	4	-12.649562	9.241744	8.902486	-12.430735	6.624274	-13.914956	3.586096	-11.261258	2.786488	7.688668	-5.822901	4.190277	-13.583750	-8.837419	2.786488	-8.295712	-5.822901	-13.914956	4.631816	5.984735	8.902486	3.983740	6.624274	4.190409
1799	4	-9.012632	-9.368043	-1.665216	-9.031761	-11.498862	-14.802774	-10.542032	5.585483	4.720238	-10.461353	6.172694	-14.803067	4.917878	-13.274601	-1.665216	8.023455	-11.498862	2.107463	3.299770	2.882490	4.718592	6.561117	6.170847	2.090045
1817	4	5.311263	-16.943801	-5.418928	8.425490	-7.974047	3.704281	-8.086083	-10.318657	-5.368903	-2.088067	-7.974047	-9.481470	-9.618791	6.761012	6.469739	-7.443443	5.616705	-11.674007	-1.902327	-10.318660	-5.368903	3.489950	-7.974047	-4.566902
1820	4	-11.057718	-8.612146	-1.750321	-10.519216	-8.909607	-12.174180	-13.999245	6.739408	8.798893	-16.534862	6.856100	-12.174180	6.880339	-15.169009	-1.750324	8.721037	-8.909607	3.805547	4.053425	0.079127	7.977697	2.494746	4.679905	3.794265
1827	4	4.672479	-0.638911	-2.054210	4.127782	-3.280661	-4.345100	0.782574	-5.477112	-5.615504	-0.271826	-7.434653	-7.462918	-9.497306	-5.178233	-5.417579	-6.136893	-6.515336	-10.944078	5.456026	4.345965	4.245800	3.116649	4.535444	-4.436034
1833	4	-13.152990	6.635375	8.625169	-8.486362	7.323310	-11.281056	-7.439625	-7.062844	-3.590715	-1.356504	-8.613404	-7.147549	-7.190467	-7.062844	-3.590715	2.884809	-8.613404	-5.900188	4.199216	-13.246956	-3.590715	6.700847	-8.613404	1.063867
1840	4	-1.766389	-3.071013	0.120807	4.548384	-8.299874	-6.719444	-11.453954	6.846411	8.444270	-10.076155	5.844044	-12.433351	4.591469	-9.948476	-1.915461	6.605440	-9.225869	-2.519484	-3.424344	-2.923149	0.341944	-0.555537	-8.149308	-7.701466
1846	4	-8.958633	-6.151456	-4.350889	-8.952171	-10.903707	-13.401137	-7.201480	7.693472	5.325007	-13.414978	7.064971	-13.400797	8.168167	6.098438	5.324863	3.212455	7.064971	3.302524	6.420815	-7.696806	-4.356856	8.262800	-10.903826	3.302723
1854	4	-6.556361	7.265926	4.905875	-11.640141	6.110858	-16.027747	3.362912	-13.250872	-5.404112	5.444861	-11.107348	-4.082286	-3.466827	1.754449	-0.323246	-7.963846	-4.979291	-16.027353	-4.735537	-8.888790	-5.404111	-7.123708	-11.107348	-16.027720
1889	4	-4.293285	7.204265	5.452026	-13.787785	4.848982	-13.481040	-9.194657	-6.471101	-7.028336	-10.036176	-14.010540	-13.549044	8.303465	0.993135	4.949931	4.051851	4.416037	2.018832	3.529661	-10.568827	-7.028392	6.611980	-14.010544	2.019741
1891	4	-13.372270	-8.856425	-7.803057	-13.083771	-11.914372	-12.985425	5.977716	3.292651	4.672016	3.244422	6.001728	4.930234	-11.120349	5.986916	4.672081	-15.806487	6.002114	-12.985425	3.525475	-10.199145	-7.803057	5.603465	-11.914372	4.927428
1893	4	-13.121858	-5.792924	-3.986704	-10.388879	-7.631023	-10.535598	-13.157947	8.946502	4.885835	-14.103345	5.573174	-10.535598	2.438055	2.125304	-0.497794	2.364929	-1.736978	-3.720851	-8.499196	5.293815	-0.401020	-10.388880	-1.536123	-10.535598
1909	4	-7.224143	-10.713981	-1.466289	-5.532052	-7.922245	-8.228649	-4.572551	4.655585	6.697728	-9.354000	6.627612	-8.207741	2.769902	-14.234605	-1.466303	4.558660	-7.922252	-0.988873	5.168663	-14.310059	-1.466303	6.907827	-7.922252	2.568623
1959	4	-8.459296	-6.699974	-5.203018	-7.378778	-7.920795	-14.567968	-7.358869	7.222587	6.446897	-12.583905	8.383206	-14.567972	2.982236	3.642459	6.446743	1.828588	8.202674	1.976693	2.247487	-10.169738	-5.410384	6.898960	-8.277738	2.114345
1982	4	-10.698191	5.180682	5.404306	-10.939481	6.959562	-13.240860	-10.834648	-8.307638	-6.364900	-9.184366	-8.421732	-13.240860	6.623914	2.584904	5.403277	5.328518	6.953885	4.391415	6.300591	-10.902797	-6.364900	7.083629	-8.421732	4.391405
1991	4	-11.849428	-7.490762	-4.177873	-8.221341	-6.949730	-15.576434	-9.735145	7.134971	5.414624	-12.918521	7.355181	-15.576887	6.413785	-11.932628	-4.177873	6.580203	-6.949730	3.598989	8.429640	1.460454	5.401987	1.911035	7.346239	3.292306
2015	4	-12.605056	-11.355746	-9.324018	-6.813639	-8.152264	-13.677080	4.335803	-12.935490	-9.324018	6.677478	-8.157136	2.120973	-9.127312	7.497593	2.698788	-6.975516	6.547084	-13.607149	7.895177	5.913353	2.698788	6.593723	6.537806	2.301148
2063	4	-7.787728	-7.618738	-3.716609	-7.969504	-11.920602	-15.072947	2.406535	-13.135739	-3.716609	2.057793	-11.920608	-7.441640	-2.885636	1.941248	2.237683	-11.402198	-5.377939	-15.072946	-7.616949	5.993026	7.395219	-14.256166	5.567080	-15.072947
2072	4	-9.948664	6.145958	8.031940	-16.291599	6.129783	-12.845677	3.237222	-12.963961	-2.334908	1.868216	-12.939446	-1.930506	-10.299229	-9.184597	-2.334908	-9.799339	-12.809718	-12.845677	3.677924	-14.029039	-2.334908	8.166425	-12.945030	3.799964
2138	4	-11.580993	-5.724476	-2.253737	-10.138861	-4.040839	-12.496072	-10.327089	7.434499	7.979398	-14.248597	6.733508	-12.496095	5.311603	-0.732530	6.591252	4.792470	5.121456	2.424876	4.249510	-11.268911	-2.324151	8.820635	-4.204831	2.427232
2173	4	-9.489023	0.546862	7.380501	-12.941464	-0.844574	-13.374893	-11.453851	-7.694889	-3.971695	-6.958968	-8.416122	-13.374892	-8.833770	6.672777	7.567679	-12.952624	5.926707	-13.374893	5.183396	-14.382698	-3.971695	5.839754	-8.416122	1.301502
2174	4	-7.109875	-5.761274	-3.312644	-10.208888	-9.259394	-15.553248	-2.101598	4.250836	1.657822	-10.225386	-0.089606	-15.553248	-2.560170	6.687167	4.345392	-12.245794	5.766501	-15.553271	1.768640	3.396363	1.577451	-6.635922	-0.155758	-13.918696
2182	4	2.408902	-7.485747	-6.778278	0.855031	-8.864532	-5.555392	-6.603575	-6.977363	-6.778277	-9.067623	-8.864408	-15.406462	3.799320	1.525031	5.112421	-1.366553	5.140311	-8.785513	-4.316557	6.849449	5.120194	-11.351071	5.376560	-15.402974
2191	4	-6.370875	-11.078648	-4.339827	-7.200833	-8.337125	-19.276961	2.395476	-16.601886	-4.339827	3.044487	-8.337131	-6.983207	-1.155090	-11.878882	-4.339827	2.045607	-8.337129	-11.331886	-8.728765	3.889873	6.618084	-14.260976	7.004471	-19.277005
2200	4	-7.331126	3.486194	5.789113	-12.992639	-0.955967	-14.246731	4.298900	-9.019664	-0.952228	4.230025	-11.296532	-1.426193	-7.538972	6.672955	7.937460	-13.027701	5.108946	-14.246733	-3.024609	-3.808563	-0.950755	-7.269566	-9.545102	-10.906643
2205	4	-12.382456	-4.931921	-3.889168	-6.744132	-10.252326	-10.414998	-10.070914	7.748833	4.935181	-10.030816	3.770928	-10.414998	3.526179	-10.018989	-3.889169	9.119380	-10.252326	4.313840	6.221337	2.658895	4.935046	5.832944	3.770792	4.322550
2214	4	-12.269045	6.667590	7.545800	-11.767810	6.149683	-12.412217	-13.371400	-11.132173	-1.959788	-8.497470	-11.159883	-12.412213	3.956243	-14.206512	-1.959794	7.690360	-11.159883	4.087744	5.126685	2.635720	7.434544	4.752221	6.144375	4.091833
2264	4	-1.488770	2.217257	0.469203	-7.015821	-2.555988	-13.832606	-3.410287	6.811776	5.829042	-8.938380	6.394645	-13.868578	-7.353210	-8.978322	-5.467505	-6.907242	-8.924898	-13.868756	5.242410	0.928065	4.886617	2.047201	6.228759	-3.404694
2266	4	4.325193	-12.327043	-2.027656	3.108207	-11.222131	-2.832525	-7.701919	-10.545044	-2.027656	-9.324895	-11.222131	-14.884776	-7.818889	1.147491	4.141201	-10.102053	-0.453366	-14.884776	-9.188428	6.799619	7.112479	-14.027639	6.511745	-14.884777
2273	4	1.699059	-5.048470	-1.358033	2.655057	-12.924236	-8.132053	3.779724	0.208085	4.720582	-0.377052	5.221333	-6.539771	2.198543	-1.640862	3.761961	1.891402	-6.258975	-6.883170	-7.850663	-4.806562	-1.343184	-3.074877	-12.919154	-14.620899
2279	4	-3.057697	-7.654148	-7.989621	-0.351909	-9.659159	-13.439407	3.423610	-10.405755	-7.991465	4.403720	-9.977462	-5.668330	7.447993	4.903901	1.340642	3.976213	7.282959	-5.593638	-4.504658	8.574248	1.341298	-7.085038	7.325292	-16.727683
2288	4	-10.964394	-9.069341	-1.971256	-12.344944	-8.348307	-11.865197	-10.529024	6.842475	6.878095	-18.170580	8.087288	-11.870341	4.869619	-15.479563	-1.971256	1.762691	-8.505473	-1.412050	6.152425	-15.573096	-1.971256	7.311108	-8.505597	3.832588
2315	4	-10.354787	6.201578	7.650116	-12.242242	6.674278	-14.072542	-9.884866	-7.679871	-3.537605	-10.505015	-4.934235	-14.072539	4.320249	0.964943	7.433948	4.788437	6.663152	3.641185	3.587692	-12.908736	-3.537605	6.472795	-4.934235	3.476201
2370	4	-10.769333	-12.133452	-7.934503	-8.651425	-6.762753	-12.314360	3.698163	-17.138048	-7.934503	7.371759	-6.772409	3.605877	-9.663237	2.901907	3.647379	-8.710783	6.404968	-12.314389	1.957644	2.841471	3.647365	2.772625	6.396127	-0.599930
2377	4	-9.628869	7.518199	4.729083	-12.188587	6.337589	-12.451311	-14.199702	-5.193354	-7.247632	-9.241346	-8.742505	-12.451311	2.954949	-9.853207	-7.428543	5.330651	-8.742538	3.654285	7.758015	1.691400	4.657355	2.853460	6.247774	3.942301
2403	4	1.213269	7.358189	6.680900	-12.561145	6.444793	-9.419603	-8.980517	-5.043851	-4.651766	-11.981756	-10.567761	-14.891793	-4.705837	7.834768	6.680901	-17.713028	6.444793	-14.873782	4.051985	-0.362334	-1.632129	-0.759249	-8.255481	-3.288692
2429	4	-7.436465	7.497475	5.427920	-11.650476	6.467908	-13.283521	4.458390	-16.010070	-6.846228	5.100264	-9.153211	1.980388	-8.832809	-10.625375	-6.846169	-10.357987	-9.153208	-13.334612	5.807808	2.038538	5.365755	3.829579	6.452367	1.980443
2435	4	-12.015362	6.821127	7.548595	-15.538871	5.330666	-8.299182	7.966405	-7.781306	0.080257	7.210098	-10.248943	4.636424	3.289542	2.069306	7.548594	1.609156	5.330666	4.315238	-5.723797	-2.754961	0.101733	-9.949353	-4.207097	-8.298888
2441	4	3.273162	-11.910281	-0.992925	3.728495	-14.845297	-4.817150	-4.859467	-10.558793	-0.992925	-8.537550	-14.845264	-16.011750	0.486389	7.372310	6.419550	-9.139098	4.262576	-14.562765	3.381578	-12.005520	-0.992925	3.824692	-14.845298	1.346420
2493	4	-14.689484	7.444663	7.671333	-14.049922	6.788141	-11.369423	-13.260939	-6.195152	0.359759	-9.392571	-7.755354	-11.369423	3.011918	4.331183	7.671331	2.067111	6.788093	1.821219	4.533539	-10.858728	-0.250978	7.054178	-7.774767	1.841744
2542	4	-4.497822	-11.807119	-5.631623	-12.063672	-5.116889	-13.690381	2.647042	1.870824	6.714086	-11.194580	7.160063	-7.250188	-3.251431	3.593488	6.736168	-16.977504	7.334269	-13.690381	6.335698	-13.286272	-5.631623	6.203286	-5.120886	3.232616
2592	4	5.797070	3.132299	6.606142	5.237995	5.035804	3.438707	-10.514286	-9.141868	-4.152338	-11.787901	-12.051471	-10.416662	-11.448223	7.264556	6.790470	-12.978108	5.054510	-10.416663	6.636630	-13.822732	-4.283258	6.427060	-12.069682	3.441248
2621	4	-10.504761	6.347436	8.263609	-12.117539	6.536221	-4.564211	-10.175057	-9.225737	-0.130326	-8.217243	-3.849092	-4.564211	5.153025	-15.482006	-0.130326	6.068943	-3.849092	4.082245	3.274757	0.743213	8.261029	1.724739	6.299716	3.588366
2624	4	-10.780064	2.351353	0.825289	-5.144431	0.592695	-13.049286	-17.010587	8.140657	5.946967	-10.584824	6.808769	-13.049706	-15.094543	-7.789436	-4.752294	-5.144395	-9.146253	-13.049287	7.491671	1.286480	0.461363	5.518761	0.589605	3.961331
2633	4	-5.384835	-5.866544	-4.561088	1.144401	-9.373942	-12.279825	-11.000167	-5.855933	-4.561082	-4.293324	-9.373942	-16.155205	-9.145369	4.439024	6.080437	-9.146308	5.430850	-17.899164	2.443765	3.064953	6.079047	2.849839	5.430683	-6.366794
2646	4	-3.019602	6.192437	6.524427	-15.668392	9.652255	-14.398361	3.349342	-15.256204	-5.896447	3.754050	-6.063466	-5.211595	3.347441	-13.191822	0.010116	3.753539	2.105346	-5.211659	-1.489138	-9.637881	-5.752683	-9.579981	-6.031821	-13.144084
2723	4	2.674345	-15.149348	-3.761212	2.766925	-7.234023	-0.050777	-9.765588	-10.193178	-3.761212	-6.481497	-7.234023	-11.774024	-7.370499	6.378248	9.313714	-12.117999	6.753580	-11.774023	3.631728	-15.361092	-3.761212	5.750930	-7.234023	2.585352
2726	4	-10.888930	9.241437	7.033981	-14.953704	7.862886	-13.955514	-0.718181	2.221337	2.898641	-12.049851	-3.253365	-8.976772	-11.497071	-7.285023	-3.678718	-10.435579	-9.173210	-13.879464	2.874090	-8.874463	-3.678742	3.022878	-9.473743	2.261149
2738	4	-0.252788	7.943499	6.448871	-14.019705	8.677373	-17.559529	1.693762	-9.480458	-6.023117	-7.239755	-6.661840	-13.801423	7.388714	-10.551335	-6.023117	1.441853	-6.661841	-5.082664	-4.207528	7.983139	6.448871	-14.289858	8.677373	-17.585743
2741	4	-1.216721	0.097297	2.081952	1.152500	-6.601668	-8.741624	-7.314723	0.228046	2.084020	-4.875163	-6.228118	-16.333631	4.410247	-2.005631	1.881532	2.389566	-11.967052	-5.280400	-13.766308	7.321544	8.243334	-10.932925	3.250955	-16.684339
2767	4	-10.966725	7.044527	5.685249	-11.235707	6.953476	-14.590710	4.122784	-12.695058	-3.335801	5.617421	-7.983932	2.412882	-13.694624	-7.170111	-3.334033	-8.870031	-7.983932	-14.590710	6.781554	2.613762	5.594866	3.321767	6.952861	2.412877
2778	4	3.639011	-9.764982	-3.755249	5.866359	-10.356378	3.044898	-9.517718	-5.355493	-3.755216	-7.311697	-10.356375	-9.839505	-6.163854	-0.944415	2.689760	-7.432106	-6.024398	-9.875021	-9.059735	6.313313	6.445033	-13.807028	3.624879	-10.358614
2786	4	-10.140124	-6.663885	-5.997094	-8.391299	-8.131691	-11.000606	-8.340061	8.721969	5.635055	-11.203351	6.030063	-11.000799	7.318310	-12.126447	-5.997094	4.300035	-8.387348	2.785985	8.919601	3.251437	5.635023	1.486367	5.933485	2.460631
2795	4	-10.240150	-6.950828	-1.981418	-7.049782	-9.610617	-10.695667	6.070389	-11.983006	-1.982609	7.165953	-9.658126	1.314497	5.494528	1.965537	6.280090	2.860427	6.935618	1.313363	-10.812262	7.003732	6.312122	-11.314009	6.949247	-10.695874
2809	4	-17.098219	-8.038159	-6.181494	-8.285052	-11.963613	-14.261758	-15.515245	6.901386	6.673175	-14.264735	6.549361	-14.261758	-11.152838	2.245460	0.069802	-9.520862	-5.122095	-14.261758	2.437373	5.937894	6.672684	2.690354	6.549361	3.416574
2828	4	-2.983002	-9.703271	-0.316257	-7.072625	-8.567515	-9.782925	-3.974225	4.654547	7.812848	-11.112747	6.886105	-9.783006	7.536922	-15.295469	-0.316257	7.867811	-8.567567	4.435060	-3.785776	-0.738229	7.501237	-11.112740	6.086859	-9.783005
2848	4	-4.333586	-4.681845	-5.889906	-9.260023	-9.523351	-14.728856	-9.671383	8.182862	6.625105	-11.405461	5.440806	-14.728856	5.018426	-9.046373	-5.935848	1.233649	-9.653426	-4.963530	7.252586	-9.049789	-5.935849	1.727786	-9.653428	0.134844
2881	4	-11.889442	-2.636083	-0.290388	-6.429080	-8.474126	-11.928089	-12.764565	5.756416	7.728731	-13.212195	7.919239	-11.928089	5.530773	-7.645275	-4.085328	8.097478	-10.071482	3.645314	4.482102	2.295962	7.728730	1.851545	7.919190	3.634023
2886	4	-6.091774	-3.312282	-6.041869	0.014900	-11.307948	-8.381599	5.135135	-7.851570	-8.224555	3.770778	-11.308113	1.694717	5.506088	4.365464	4.008640	3.185068	5.324298	1.693417	-7.091310	8.717562	4.105658	-0.668487	5.401072	-8.669728
2930	4	-14.111219	7.809236	8.367302	-14.234718	8.295228	-13.787921	-10.324017	-7.750286	-1.342488	-7.868272	-4.581226	-13.787920	4.424147	-13.980928	-1.342763	3.269756	-4.969665	-1.682205	8.413146	-13.980928	-1.342763	5.688932	-4.969665	4.788930
2972	4	-10.230532	-11.616350	-6.502261	0.026703	-9.778669	-9.710709	-8.883764	5.019580	4.644212	-4.949072	0.981879	-11.743757	-11.907881	5.711686	5.530148	-5.062414	4.423920	-12.231196	4.457098	-16.747353	-6.502261	9.333466	-9.778671	2.470001
3011	4	-8.679329	7.490083	6.015027	-10.652343	6.745917	-14.707168	-6.819649	3.048964	-0.300965	-8.323961	-3.994154	-14.707164	-9.265001	-5.785416	-4.922035	-8.245691	-9.945149	-14.707164	5.729378	-11.806967	-4.922035	2.473625	-9.945266	0.394288
3043	4	-9.683764	-12.534052	-2.612241	-6.793651	-7.585699	-14.650341	-9.971852	-1.124768	1.656699	-7.623730	5.928339	-14.729209	1.154528	-13.380353	-2.612241	3.387198	-7.585699	-9.207949	-11.021200	5.269762	5.935145	-10.580783	8.813142	-14.766750
3044	4	4.393395	-5.859414	-1.451892	7.560516	-8.935365	2.386963	1.255378	8.492376	4.488356	3.906800	4.599403	-2.280275	7.395007	4.494281	4.488310	6.512030	4.599391	2.387283	-6.991221	8.836037	4.488356	-2.946851	4.599403	-7.994533
3057	4	4.225150	-15.815699	-4.241251	6.724842	-10.157663	2.550625	-9.883221	-9.547704	-4.241141	-8.459729	-10.157663	-9.435595	5.597635	2.967324	6.365526	4.621987	6.608497	2.556863	-8.579038	9.240613	6.413677	-10.580379	6.617330	-9.435595
3074	4	5.178320	-1.082102	2.793615	4.250468	4.414413	-2.496214	-6.502494	5.878118	4.855646	-14.765828	5.200236	-12.192589	-10.962168	-7.802103	-6.882087	-12.872836	-7.089392	-12.184436	9.089516	-1.083097	2.792880	5.031446	4.414309	2.652471
3077	4	-8.702208	8.498129	5.926952	-15.486284	6.652917	-10.878464	-9.725305	-7.696685	-0.870170	-9.537040	-4.013308	-10.886033	6.251939	-12.506022	-0.870179	6.475063	-4.013622	4.501425	2.133142	-8.406782	-0.870175	1.996094	-4.013505	-2.756180
3078	4	-6.594379	-1.838524	-2.088459	-9.816243	-8.760115	-10.892586	4.055766	-8.857521	-2.237363	8.003763	-9.266965	3.838818	-7.394322	6.703972	8.395850	-16.194406	6.675677	-10.892647	4.791077	4.546620	8.395195	1.800002	6.675677	3.838818
3155	4	-11.057668	-2.185905	6.590708	-15.008498	6.839945	-10.971977	-6.811126	-12.589334	-2.301057	-11.067009	-6.482703	-10.953950	8.565422	-16.588668	-2.301085	3.963990	-6.482703	2.329944	-9.508790	3.861630	6.753096	-15.187823	6.889724	-10.972125
3156	4	-14.074699	7.640648	8.283900	-15.012837	8.458646	-12.880642	8.806828	-11.843151	-0.823155	6.733594	-9.225177	3.250063	-9.409223	-6.931692	-0.823155	-10.142996	-9.225008	-12.833748	3.716911	5.240571	8.283900	1.859804	8.458635	2.675503
3188	4	-4.924504	-13.024202	-1.624163	-8.968786	-7.299738	-10.996254	-2.197015	3.594793	3.346593	-7.490011	0.431824	-10.995411	-7.377068	4.733224	6.558787	-13.898645	6.317178	-10.996372	4.051076	-15.434587	-1.624163	2.156365	-7.301750	0.246538
3197	4	-6.145030	-14.545883	-0.740652	-10.424937	-0.578580	-15.165255	-0.673855	-14.546630	-0.740658	0.845798	-0.578582	-8.702987	7.055297	-20.874655	-0.752776	6.982805	-0.581418	3.822550	-4.994359	1.849719	8.088366	-14.727599	5.570700	-15.165255
3204	4	-9.461064	-9.533926	-3.105338	-3.210754	-7.576762	-12.844836	-3.373946	-9.533927	-3.105338	2.597095	-7.576762	-8.175018	2.290138	-14.103985	-3.105338	5.247947	-7.629497	-4.391268	-7.392675	5.634898	6.823051	-8.329952	8.163877	-12.844837
3240	4	-13.955997	9.427432	6.420774	-12.077239	6.943284	-14.476058	-13.565620	-2.181771	1.899252	-5.924443	-3.868338	-14.476058	-11.911749	3.458415	2.056879	-5.926102	-1.848843	-14.476058	-11.919214	-6.737818	-3.706243	-5.922650	-10.042996	-14.476058
3298	4	-12.590510	6.831277	4.032182	-15.021233	5.797623	-15.425946	-13.064694	-9.294019	-3.857663	-9.660952	-6.329534	-15.425833	-9.279675	1.864186	2.738834	-13.994752	-1.989843	-15.425940	4.946919	-14.916994	-3.857683	5.782688	-6.329534	2.705619
3300	4	-12.871027	-8.093111	-2.947965	-9.511971	-11.409425	-15.638270	4.623698	-14.670519	-2.947965	6.278330	-11.409425	2.819414	-13.298842	6.915013	5.201268	-15.881408	0.418227	-15.638270	-13.789624	6.957116	5.933904	-15.890947	5.453802	-15.638270
3321	4	-8.087269	1.576564	5.002143	-13.296437	-3.356773	-12.740311	-9.772910	-10.579638	-1.731128	-8.876359	-12.832353	-12.740311	2.915762	-14.717785	-1.731128	2.080119	-12.868415	-3.071954	-8.199491	6.477602	9.379232	-13.297534	3.376142	-12.740311
3326	4	2.401310	-9.440618	1.794034	4.606873	-7.723607	-2.749988	-8.451006	-8.284834	1.794034	-3.167395	-7.723607	-6.705405	-10.530368	5.982737	8.280647	-12.659086	6.348724	-6.707747	3.325552	-10.663338	1.794034	7.004192	-7.723608	2.641227
3342	4	-11.559382	-9.532143	0.106976	-8.558603	-6.192635	-13.534652	7.378815	2.543410	6.665423	2.204436	9.901139	2.594953	-9.718038	7.210843	6.665898	-12.410032	9.901149	-13.447321	6.175605	-14.392701	0.106976	6.092715	-6.192635	2.949983
3348	4	-13.692545	-10.086325	-5.280422	-11.592331	-7.118463	-10.258515	-12.407349	6.144735	7.396606	-14.328170	9.371689	-10.258524	5.888898	2.514889	7.396603	4.138727	9.371689	4.035151	4.703851	-12.847551	-5.280675	6.878471	-7.118463	4.041015
3356	4	8.372973	-12.891434	-4.354961	6.803595	-11.542482	4.205251	-8.498239	-6.613156	-3.686440	-9.347564	-11.282426	-14.428613	-5.086127	6.222356	4.721267	-16.440193	5.532091	-14.428613	10.643717	-0.671962	3.797524	0.573531	3.944769	4.205250
3371	4	-10.447684	4.431266	5.968033	-16.195251	0.882973	-13.529359	-9.105863	-12.635220	-7.227509	-10.009293	-11.303631	-13.529359	-10.449646	5.541463	5.972453	-16.199584	6.719108	-13.529359	1.278970	-13.085396	-7.227509	0.620145	-11.303632	-8.665972
3390	4	5.152634	-13.649352	-4.697620	6.752289	-7.810217	3.613690	-10.845543	-7.582170	-4.697620	-5.895821	-7.337572	-12.958889	6.144761	2.156171	7.194496	1.602147	6.488625	3.537836	-9.792804	8.228080	7.195867	-10.924032	6.823920	-12.996295
3397	4	1.410139	-10.738686	-1.808113	-7.175792	-8.672338	-5.588832	-2.114730	6.928228	6.729606	-14.087305	6.687262	-11.699306	8.941344	-12.713166	-1.808113	6.875830	-8.672358	3.570744	7.034033	-12.605494	-1.808113	1.001862	-8.672358	-0.363273
3411	4	-13.540539	-8.194523	-2.431300	-9.944042	-4.622050	-13.022144	-14.653313	6.198050	9.028787	-16.304863	7.106882	-13.090335	4.055941	-11.386806	-2.431300	5.661478	-4.622051	3.273981	3.739521	-4.987363	4.154397	3.201576	4.067433	3.120956
3423	4	-8.390794	-10.968722	-5.335115	-3.311576	-11.342571	-15.676167	-3.491274	-10.968722	-5.335115	1.452823	-11.342571	-12.593938	2.708309	-11.633139	-5.335115	2.928843	-11.342571	-7.027957	-3.949001	3.049690	4.126658	-4.072929	4.962925	-16.115554
3425	4	-11.223887	-8.367862	-4.646452	-3.628657	-12.135391	-13.293504	-5.558920	-8.367862	-4.646452	2.237425	-12.135391	-10.362330	-12.964626	2.199681	6.123848	-9.912652	-1.094853	-16.227961	-12.955743	7.598579	6.861652	-9.912658	4.755958	-16.227961
3510	4	-7.191571	-10.562742	-7.485284	-0.615520	-11.240931	-9.481840	6.744333	-13.453474	-7.524518	6.366736	-11.240951	2.903176	6.698490	2.949537	4.970883	5.067064	7.518281	2.903066	-9.927692	5.905894	5.231661	-8.212249	7.603102	-12.420103
3514	4	9.179208	-15.605420	-4.126241	4.894609	-10.460375	2.727416	8.295548	-15.605413	-4.126241	4.518014	-10.460375	-3.533163	-3.097280	-9.648313	-3.825513	-5.180974	-10.460375	-13.106612	-7.951996	7.822698	6.547867	-10.309051	6.242536	-13.107063
3524	4	-9.217526	6.360355	5.201335	-9.910796	-0.173124	-15.233698	-12.215088	-7.954913	-0.680652	-7.378615	-11.030552	-14.914720	6.124619	-12.376397	-0.680652	7.665905	-11.331061	2.633243	-13.355638	6.597403	7.653329	-13.114416	6.253785	-15.302080
3532	4	-11.960944	7.066584	5.083864	-12.391190	4.300258	-10.315781	-11.217242	-3.536163	-5.847811	-8.305864	-8.905489	-10.314463	6.294325	-8.410664	-5.872043	7.907648	-11.251007	3.881076	5.549477	2.367480	5.054051	3.843958	4.154537	3.875075
3556	4	-9.972738	5.545466	7.409149	-8.812500	9.192341	-13.229688	-2.385018	-8.724281	-1.616827	2.520417	-7.470952	-9.283102	-7.933074	-8.672478	-1.616827	-3.938217	-7.470952	-13.183867	4.259392	-10.767326	-1.616827	2.869089	-7.470952	-5.323882
3558	4	-7.186065	-12.817071	-5.211500	-8.513068	-9.372767	-11.063440	-4.584979	5.109899	7.670425	-15.112967	6.937715	-11.186328	2.984615	-5.111461	2.826710	-8.140167	2.649023	-6.151767	4.459306	-7.217198	1.843289	1.071849	2.611853	-1.604306
3633	4	-10.115808	-8.042844	-4.666308	-8.003875	-11.399950	-12.559048	-6.077217	6.750334	5.852721	-11.435714	4.521492	-11.705753	4.400691	-13.003705	-4.666403	4.241271	-11.469983	1.023937	-4.902745	2.109334	1.619528	-8.047839	-7.030146	-10.960493
3676	4	-11.805641	-6.591554	-9.883513	-4.803888	-9.836780	-11.336841	-5.700400	-6.591554	-9.883513	1.152571	-9.836780	-8.541346	-7.985373	7.009991	3.121734	-5.628746	5.928248	-11.343790	3.385782	4.694367	3.121734	2.730279	5.928248	-3.366904
3684	4	-8.482201	8.056081	6.319749	-10.402497	8.328473	-12.294700	5.033444	-2.641404	0.868595	7.474273	4.060411	4.033066	3.864168	-2.607320	0.875067	3.269777	4.109351	-0.179406	4.033587	5.090890	6.319745	3.823207	8.327887	4.026717
3688	4	-4.994216	6.551443	5.499430	-12.417245	5.322256	-12.234935	6.975747	2.644939	5.494451	5.230117	5.319112	2.384483	-5.893223	-9.884823	-5.445815	-10.276633	-7.547894	-12.501650	5.691305	-12.869093	-5.446666	7.529167	-7.547896	2.302555
3704	4	-12.174422	-3.962905	-5.829591	-10.872898	-9.574770	-13.847328	2.847228	0.162051	-2.308714	2.530370	-8.287170	-2.202027	-12.473560	6.846211	6.338539	-16.977039	6.605264	-13.847371	-6.050544	3.806801	0.925642	-10.868658	-4.622769	-13.847327
3724	4	-9.689355	6.352037	6.838540	-10.516702	7.382609	-12.873759	-8.373654	-8.554306	-4.303244	-3.726863	-6.227773	-12.873585	3.066813	0.686988	1.933631	6.382189	-0.955198	1.773211	1.335434	-0.466827	-2.667811	7.344958	-2.920257	1.657451
3743	4	0.918017	7.381018	4.921808	-8.830426	6.342315	-12.159511	1.151342	0.631033	-1.415133	-6.213405	-6.146500	-11.632771	-9.114931	-5.839149	-7.183328	-12.264796	-11.992116	-13.470018	-5.144924	7.835125	4.921808	-14.705671	6.342315	-13.470018
3773	4	-6.434015	8.452232	6.487136	-16.786340	6.621503	-13.483137	-5.018791	-9.923468	-2.516738	-11.659493	-8.470964	-13.480701	10.283248	-14.556412	-2.516738	5.894276	-8.470964	3.079764	2.924140	-11.565919	-2.516738	-0.289132	-8.470964	-5.289409
3793	4	-9.685146	6.496703	6.502214	-14.480568	8.845361	-8.255518	-10.114773	-12.334959	-2.592207	-9.153280	-5.482963	-8.186782	4.393900	-15.978249	-2.592209	5.656719	-5.482964	3.083701	4.468230	-8.921665	2.465416	5.657912	4.182387	3.093656
3809	4	-12.595312	6.640354	6.704058	-13.233705	4.914996	-14.165700	-10.468536	-3.255490	-3.050590	-8.019292	1.113211	-14.165700	-10.466402	-6.612437	-5.324261	-8.019292	-7.390367	-14.165700	6.633991	-10.168156	-5.324261	6.059170	-7.405675	2.946949
3818	4	-13.263823	8.300297	4.510094	-15.071046	5.757041	-13.646610	-12.878258	-9.094131	-6.920642	-13.809016	-9.696515	-13.646241	3.610518	-13.009990	-7.435046	4.209869	-9.699667	2.111001	3.169031	4.372666	4.496666	2.852109	5.752451	2.050970
3844	4	5.817810	-13.587413	-5.638002	9.501344	-8.118052	3.513027	0.154694	-7.465954	-5.634675	9.486927	-7.813682	3.245147	7.099291	-0.433878	6.519161	3.932838	7.656536	3.512430	-6.893331	5.915416	6.531684	-3.946039	7.656621	-10.893161
3864	4	-6.018007	7.493913	7.149129	-16.488469	7.006526	-14.616668	-9.648042	-9.288310	-3.191795	-10.130995	-2.641293	-14.518381	8.325919	2.018513	7.140976	-0.194227	6.992144	2.458615	5.410436	-14.747426	-3.191795	7.732705	-2.641293	3.527384
3887	4	7.149486	-11.681595	-3.680838	1.705069	-13.250536	-9.111437	-5.467243	-7.844808	-3.268170	-7.760776	-13.129247	-18.571719	6.051938	-11.681573	-3.680838	-4.810396	-13.250536	-13.615530	-11.838931	5.536583	7.647272	-12.233647	3.801620	-18.579020
3900	4	-11.198204	-8.594253	-4.094599	-9.670295	-8.620224	-15.198855	9.411838	2.061366	4.392073	6.980745	5.751129	3.117315	-7.138890	7.976903	4.429719	-10.583076	6.127898	-15.198855	5.355360	-14.505761	-4.094599	7.809138	-8.827570	3.117312
3932	4	10.587846	-5.981219	-5.496891	6.125315	-6.672462	0.698276	-7.402540	7.360276	7.473247	-10.188154	6.535671	-15.709202	-3.945258	4.193522	0.966666	-6.292474	-0.705678	-15.709010	9.777457	1.856144	7.433176	1.951060	6.535601	0.697247
3935	4	-7.182694	6.929601	5.908187	-10.145795	6.206696	-13.743545	-8.952841	-9.053890	-5.117210	-7.993572	-2.906028	-13.679913	6.788525	2.720918	5.908139	4.520006	6.206454	1.923823	5.027522	-11.786195	-5.124134	6.780841	-2.945612	2.042305
3944	4	-11.408288	-6.408645	-5.890098	-9.934808	-10.340410	-14.427776	4.270530	-11.017165	-5.890104	6.804589	-10.340411	2.302538	-10.271022	6.580935	6.715731	-15.518378	7.593984	-14.427776	5.409229	1.915785	6.713189	1.163016	7.593981	2.302539
4006	4	-14.531697	-7.460026	-3.122187	-6.345310	-7.604516	-13.574166	-13.290591	6.584219	6.699455	-12.119181	7.092206	-13.577927	4.486686	2.008255	6.697964	2.042176	7.091733	3.769264	3.442086	-11.579277	-3.122187	7.846873	-7.604516	3.920869
4017	4	5.629921	-14.964229	-3.813564	6.119556	-10.533416	2.533030	-6.490810	-9.534244	-3.813564	-2.887181	-10.533416	-6.895522	-10.698335	5.739094	8.792939	-13.254625	7.389397	-11.874959	3.485708	-0.131115	8.371433	0.837305	5.220225	2.500898
4028	4	2.367648	-14.138362	-4.191581	3.422977	-12.958204	-5.062494	-5.818657	-12.699895	-4.191581	-8.763632	-12.958203	-14.386831	0.554260	5.207540	6.225495	-6.303861	4.892534	-11.678303	5.187269	2.254605	6.225492	2.380064	4.892530	-4.995451
4048	4	8.029413	-17.302257	-8.237429	6.558089	-9.134753	-3.788857	-3.925457	-10.723735	-8.237429	-2.630396	-9.134751	-11.343088	8.029415	-17.302257	-8.237429	6.559347	-9.134753	0.191005	-7.019543	6.472195	4.163678	-3.930931	3.261834	-12.415883
4072	4	-7.715762	-5.445997	-1.313839	-8.976365	-10.747310	-10.965269	3.988722	-11.500842	-1.313839	0.117267	-10.747559	-4.311086	-12.470596	7.856556	8.111759	-15.353338	6.227322	-10.965270	8.115549	-11.891056	-1.313839	2.728283	-10.747559	1.962718
4079	4	-8.067546	-3.446347	-1.371329	-2.598517	-11.858477	-13.308725	-7.408625	7.012983	5.730630	-6.903186	6.761002	-13.309817	4.900865	0.605534	5.547332	2.911144	6.606195	4.661217	6.116465	-9.962672	-5.295413	6.513679	-12.187496	4.661249
4087	4	-19.444310	-4.968882	6.766404	-13.048006	-1.125831	-12.742393	-14.951523	3.332884	8.792117	-13.483846	-0.378537	-12.741912	-14.951604	5.852591	8.876371	-13.493385	4.947673	-12.741912	-12.829519	-6.969597	0.805676	-9.484555	-5.866797	-12.740171
4133	4	-15.355695	-10.254055	-3.020037	-2.319405	-7.105317	-11.738987	4.966542	4.235785	6.554274	2.515860	8.010623	3.290780	-14.043053	7.181478	6.555058	-12.592547	8.084861	-13.843231	2.528509	-13.091259	-3.020768	8.776181	-7.126108	3.334382
4134	4	6.428394	-12.251308	-4.624050	5.291153	-12.603863	4.083361	-9.474407	-8.036195	-4.624050	-7.294458	-12.603863	-10.152910	0.683081	-9.391878	-4.624050	-0.757360	-12.603863	-6.334698	-11.495052	6.536877	6.031364	-11.350863	4.665440	-10.156834
4158	4	-13.208689	-9.910806	-1.877839	-10.893883	-11.192290	-10.009347	-11.331338	5.532126	8.014406	-15.683464	6.280112	-10.009436	3.946806	-0.373277	6.758663	2.941501	6.277186	3.420300	3.601614	-13.560918	-1.877887	7.797126	-11.192290	3.396562
4167	4	-8.942505	6.914409	6.067238	-16.081619	6.704668	-11.658304	4.431894	-5.715705	-4.019767	8.466403	-5.163300	1.943091	-12.474873	-2.864855	-3.836430	-10.266540	-5.153975	-11.666484	9.109894	0.451132	4.982743	4.339883	5.526081	2.442480
4191	4	-10.997905	-8.966381	-2.557479	-5.318343	-8.049053	-15.282468	-11.152916	7.893184	6.629331	-10.442573	6.996495	-15.282468	5.051477	-14.865310	-2.718841	6.854641	-8.049533	3.357451	4.814989	1.974092	6.559148	1.352856	6.966409	3.301433
4210	4	-8.930681	-7.438142	-2.541483	-11.148889	-9.882041	-14.787596	8.140287	-12.456715	-2.551905	6.128792	-9.883517	1.207478	-8.518068	6.704049	4.355584	-11.501916	7.838031	-14.787596	8.509648	1.124224	4.238846	5.900941	7.304842	1.207478
4273	4	2.143641	-11.185002	-6.823048	2.211136	-7.027928	-7.678595	3.694178	2.099666	4.012305	1.583202	7.371362	-7.623445	-6.892351	-10.849244	-6.823048	-9.420624	-7.027928	-14.747457	-5.326236	6.187116	4.035556	-10.085307	7.398829	-14.747457
4313	4	-12.736187	-10.356792	-5.566336	-13.263236	-11.969771	-13.938062	-9.624163	5.554777	6.651467	-15.657367	7.147159	-13.938470	8.940994	2.805912	6.650978	2.989006	7.066375	4.323535	5.838702	-13.104659	-5.566336	5.383654	-12.134604	4.323585
4409	4	-6.883020	6.590601	8.202748	-10.520156	6.834553	-9.629628	2.199595	-0.537387	-0.289709	3.049062	-10.702219	-3.192674	-6.774087	4.365138	7.979576	-10.520149	1.003045	-9.629029	-3.873047	0.725566	0.494810	-6.445515	-6.591290	-9.577288
4430	4	-12.021890	-9.985141	-1.646649	-10.977198	-9.834580	-8.486414	-6.693989	1.532556	2.306291	-10.798191	-1.549518	-8.486414	-12.231837	6.898723	7.631195	-16.993215	6.327703	-8.486416	6.025456	-13.461077	-1.646649	5.057480	-10.140762	3.159692
4452	4	-10.174257	6.913715	5.925723	-6.070033	6.163973	-14.798778	-3.792280	-2.489078	-1.832128	5.684177	-8.399263	-7.847755	3.707423	-13.875118	-1.838685	8.653399	-8.399666	2.492444	3.174225	3.535487	5.925543	3.266164	6.163938	2.491491
4475	4	-14.073895	8.401398	6.588040	-15.345865	6.959619	-12.269203	-9.829780	0.871760	1.304094	-10.686955	-5.170567	-12.269202	-12.527572	-7.015253	-4.932062	-10.651996	-10.066855	-12.269202	2.859190	-9.211166	-4.956320	7.464833	-10.066875	2.895927
4488	4	-10.396235	-3.725304	-4.187368	-8.363542	-6.949740	-13.292142	-7.892440	3.784438	1.414949	-8.200317	0.897129	-13.292141	-10.083482	8.737301	7.231948	-14.250572	6.877770	-13.292143	5.598179	-9.732585	-4.187377	5.736026	-6.979403	2.368637
4493	4	-7.848673	7.067580	4.903835	-14.498146	6.397347	-15.523840	-7.879653	-9.364995	-2.442131	-10.391495	-9.553174	-15.523840	-1.201203	-1.717013	1.851962	-9.040484	5.610271	-15.499748	6.171737	-15.574596	-2.442168	6.075886	-9.553194	3.320043
4511	4	-7.016468	-10.133340	-0.727517	-14.780735	-8.600113	-13.712120	-6.748866	6.894813	6.329252	-19.842803	-0.051452	-13.712120	-6.799354	7.030028	6.376547	-19.843933	4.879070	-13.712120	-7.659279	-3.579208	2.925280	-14.788063	-6.638287	-13.712120
4525	4	-12.559680	-10.694456	-5.808128	-13.247416	-9.118036	-14.359417	-11.550487	5.031474	6.525805	-14.501295	7.887196	-14.359418	4.469440	1.840583	6.514555	2.502422	7.824053	1.749200	3.330987	-13.102469	-5.808128	2.934631	-9.118036	1.475434
4527	4	-13.226892	-11.353602	-4.973574	-13.581275	-11.635015	-11.793140	-13.569526	3.721343	6.889204	-19.205955	0.108384	-11.793140	-13.470111	7.673511	6.938599	-19.206124	6.669379	-11.793140	4.046637	-15.434782	-4.974109	5.672660	-11.635102	4.316068
4585	4	-9.620941	-7.887376	-2.296703	-6.045994	-12.005065	-13.470654	-9.085521	9.467100	7.038465	-11.185036	6.628341	-16.838405	4.987015	-10.752172	-2.296703	3.346726	-12.005067	0.701565	-0.199457	-8.151611	-2.296703	3.329367	-12.005066	0.701362
4607	4	-4.427236	-9.281479	-3.156770	-10.888075	-8.625414	-11.150850	4.361964	-14.775621	-3.192214	5.738756	-8.868690	4.041081	-1.649948	7.904325	6.058829	-15.067858	6.715126	-11.148569	7.052660	2.267701	5.792570	0.971665	6.539468	3.090081
4626	4	4.397449	-12.790622	-4.928594	7.043229	-6.756679	4.381917	-11.949829	-8.940320	-4.114159	-10.909594	-6.754499	-8.714174	-9.888403	6.002047	6.862550	-15.318829	6.694736	-8.714174	2.645969	-1.481700	6.039870	2.297996	4.695488	4.339232
4629	4	-12.541786	-12.691033	-5.194621	-11.410466	-13.869871	-13.862031	-7.214118	5.950015	4.214896	-11.753283	-1.462751	-13.862031	-12.702511	6.987697	6.391103	-16.538875	4.699742	-13.862031	7.858885	3.477013	4.075029	3.171920	-1.462880	1.636020
4636	4	-11.198246	6.417411	6.841029	-11.222943	7.037634	-16.671539	-11.499534	-10.896053	-2.305201	-6.168998	-10.749460	-16.674742	-6.788811	3.429371	0.789687	-6.168998	-4.490493	-16.364153	4.727015	1.094322	0.666625	1.892820	-4.564352	-5.127670
4688	4	-12.293195	7.843670	9.073501	-13.478953	6.936911	-14.093537	2.231866	7.629617	9.073501	2.024778	6.935481	2.685921	-11.788063	-10.134151	-3.347000	-1.557325	-4.108035	-13.877298	2.957825	-12.175203	-3.347002	7.971167	-4.109373	2.690477
4692	4	-5.795526	-2.661697	-1.942924	-1.476412	-13.504191	-13.610164	0.090380	3.114798	0.673578	3.958454	-7.192666	-9.927421	-10.225676	6.414730	6.586291	-13.178352	4.576654	-15.703947	-3.641469	3.841450	0.735628	-7.049922	-7.156913	-15.701735
4707	4	-4.799242	-7.379128	-3.259172	-9.050141	-4.893015	-15.292560	2.319293	-12.640940	-3.259172	2.845343	-4.893015	-5.265797	-3.052736	5.749133	4.694852	-12.839624	6.626509	-15.269120	2.053435	0.710626	4.689873	-6.931202	6.042370	-11.493214
4720	4	-3.453935	-8.796051	-3.935993	-7.340717	-8.094408	-13.561963	1.293141	-9.030450	-3.935993	-6.772087	-8.094501	-10.151708	1.530889	5.163464	5.733646	-12.608525	5.035691	-10.015220	-3.250026	5.483153	5.733683	-13.671382	5.035916	-14.111584
4801	4	-5.580460	-1.926710	-4.288659	-3.277964	-10.564654	-16.825515	-13.409800	9.034695	6.850025	-10.010609	4.289788	-16.832021	-5.282744	3.722762	1.956327	-3.266912	-7.252775	-16.824538	0.355827	-2.080563	-4.373821	3.265142	-10.722544	-8.529042
4826	4	-6.975891	6.915752	6.747757	-12.658887	6.859013	-8.987753	-8.201875	-5.276899	-2.955699	-7.964754	-9.571330	-8.987753	5.470045	6.119057	6.743114	2.495050	6.858996	1.887227	4.151406	-5.927817	-3.394630	7.089954	-9.593467	1.934492
4833	4	-6.000753	-12.822165	-1.864408	-10.671820	-4.361857	-16.107112	-5.607565	5.684840	5.265815	-13.353471	7.510369	-16.059731	6.124175	-16.376987	-1.864408	4.102398	-4.361857	1.362351	6.413513	2.032490	5.265018	0.998568	7.510234	1.343210
4862	4	-10.570462	3.758940	2.718632	-8.911933	-6.453777	-12.173657	-15.408371	-6.028501	-4.034207	-8.774594	-9.257423	-12.177775	-12.349487	6.354713	5.562831	-11.335228	-0.783908	-12.176679	-14.124978	8.664519	8.289158	-14.897410	5.840979	-12.177560
4877	4	-3.231307	7.470135	6.502067	-14.325544	8.281488	-16.300485	2.953937	-5.217422	-4.407035	-3.199453	-9.875948	-11.882112	3.897140	-7.994445	-4.407035	1.993472	-9.876088	-3.241972	-2.315801	-3.324219	-4.407032	-8.984218	-9.849675	-16.300485
4881	4	8.579818	-14.671160	-6.093053	4.930852	-8.389057	-3.695323	-3.552352	-10.394822	-6.093037	-7.503361	-8.389056	-13.776038	8.762339	-14.715025	-6.093053	8.017359	-8.389057	2.545547	-7.498968	4.956104	6.195693	-13.650330	7.434525	-14.293326
4916	4	-11.228799	-11.371909	-5.763365	-6.203271	-9.405170	-15.327499	-10.807536	4.795247	5.288011	-11.829334	4.644084	-15.327652	5.788019	-12.327053	-5.763365	6.491864	-9.405170	3.221264	5.710137	3.800687	5.287213	0.820275	4.643930	2.858222
4948	4	-13.424325	-6.695482	0.447704	-8.770500	-12.656098	-10.272975	-14.854083	7.192407	6.889477	-11.618960	5.655130	-10.272975	4.005674	3.360956	6.889475	4.239244	5.654766	3.254329	5.461863	-10.971266	0.447704	7.199929	-12.656098	3.257098
4953	4	-12.752960	6.808003	6.911423	-6.539425	8.454563	-13.597196	5.722456	3.117280	6.892192	3.839013	8.452328	4.017023	-7.399809	-9.933901	-1.724909	3.470267	-7.812368	-7.456286	-0.445959	-9.997118	-1.724916	4.807282	-7.812370	3.420072
4957	4	9.168891	-14.155819	-3.860740	6.672743	-5.941065	3.081214	-7.842741	-7.660627	-3.860740	-9.552705	-5.941065	-9.660491	-10.284221	6.926309	6.524311	-13.194451	7.864107	-9.660492	4.017965	-13.850511	-3.860740	2.970421	-5.941065	-2.379123
5010	4	3.918398	-16.302024	-4.298064	-6.191023	-9.845822	-6.715305	5.040529	-16.541244	-4.298064	2.981152	-9.845822	-1.264268	8.310574	-16.569537	-4.298064	6.381637	-9.845822	4.337701	-1.500852	5.949469	6.880740	-15.565293	6.979438	-12.876884
5034	4	-10.236248	6.814058	4.652516	-9.615887	4.709258	-15.043703	-14.500396	-10.740776	-2.788724	-8.284843	-7.166026	-15.043702	3.363853	-12.742901	-2.788724	6.871300	-7.166026	1.950095	7.745909	4.675061	4.652501	5.543426	4.709241	1.950035
5050	4	-7.839297	-4.685641	-1.720739	-8.170382	-7.912885	-16.209818	-9.324022	7.310789	7.225159	-13.299824	8.359964	-16.299986	3.259788	-9.021198	-3.993137	-0.010559	-9.535376	-4.241208	7.099760	-10.342279	-4.176400	2.339555	-9.587310	2.266396
5095	4	-12.343946	9.448553	6.170515	-15.097007	5.550869	-10.156423	4.717043	-12.433160	-6.235429	7.177111	-13.345681	3.771327	-13.127374	-8.224573	-6.234783	-10.038541	-13.345032	-10.159426	5.900177	5.239443	6.168366	2.123480	5.548807	3.851697
5113	4	6.144107	-16.193080	-8.812980	2.145257	-7.098224	-2.698653	-6.711981	-10.161747	-8.812980	-9.659635	-7.098209	-13.962213	10.893835	-16.193349	-8.812980	5.384684	-7.098224	3.176098	-4.952300	5.821568	3.651803	-14.438626	4.498486	-13.962265
5115	4	2.715430	-12.163175	-5.652258	3.901225	-9.868972	-1.067706	3.795094	5.079971	4.742378	0.713227	6.912074	-1.078655	-5.620233	-11.838980	-5.652258	-4.575838	-9.868972	-10.831926	-4.667295	5.716802	4.743897	-7.348172	6.912548	-10.832044
5134	4	-12.959452	7.053263	6.097004	-15.758480	6.582402	-12.434879	-16.930626	-10.569261	-4.638556	-10.204267	-7.696683	-12.458996	1.626251	-10.997217	-4.638556	4.781118	-7.696683	3.428315	5.410512	0.970863	5.639512	2.343236	6.566078	3.442694
5144	4	-6.700950	7.482072	4.360744	-13.290680	8.667868	-11.795862	-9.153936	-8.377905	-7.234288	-12.039463	-9.259296	-11.882644	5.273617	-10.082501	-7.234288	4.771023	-9.283673	3.783151	7.773207	5.777464	4.360744	3.487356	8.667855	3.927886
5193	4	-7.243584	-8.564639	-6.748374	-5.034197	-5.661341	-10.385053	-6.031622	6.531096	5.553017	-9.057576	6.198590	-10.527315	7.747871	-13.380325	-6.748399	7.123000	-5.668314	1.885145	8.043055	1.517175	5.512339	3.111036	6.185728	1.884698
5224	4	-8.214440	-9.276993	-2.370454	-10.233056	-6.677721	-12.565601	6.276451	-13.537235	-2.370488	7.374127	-6.677721	2.594499	-6.735257	5.674736	6.252624	-13.475338	6.700846	-12.565286	8.791892	1.256829	5.554112	5.084113	6.527208	2.594852
5232	4	-12.514608	9.069836	6.643869	-14.957098	6.414395	-12.186716	-12.391931	-7.571312	-5.854984	-10.013411	-9.965924	-12.186716	2.886734	3.954046	6.643868	2.681819	6.412696	1.821840	3.119295	-12.684387	-5.854984	7.682557	-9.969225	1.923019
5261	4	-7.546384	7.280281	7.647563	-12.294263	5.892842	-11.304720	4.894582	-14.429659	-3.172674	7.978967	-8.487888	3.717909	-8.193517	-10.881988	-3.172674	-9.587437	-8.487888	-11.304722	2.523596	-1.693721	2.209037	-4.798907	4.205592	-5.638165
5269	4	-6.997029	-4.637679	-3.577620	1.808160	-2.805928	-8.931312	-8.371452	1.947759	2.448388	-6.021625	-1.737898	-15.273721	-11.042977	-4.637679	-3.577620	-4.083554	-2.805928	-15.164055	-10.360781	5.836302	6.509222	-9.141046	5.419729	-15.315227
5295	4	-12.684894	-10.037427	-5.147942	-5.515318	-12.875946	-8.239968	4.605097	-14.850577	-5.147942	6.630407	-12.875977	2.207524	3.460048	3.206507	5.560363	3.762796	4.740806	2.152622	-13.713638	6.644744	5.560696	-8.307677	4.780808	-8.252315
5315	4	-0.968811	-0.049843	-4.802094	-8.370990	-5.071115	-12.329708	-8.064041	-5.992510	-7.467362	-9.014231	-8.796348	-13.189259	5.328430	-11.925788	-7.467433	3.430299	-10.828825	0.876547	-6.063898	9.279787	4.584984	-10.369019	4.369435	-13.189601
5351	4	-8.563429	-2.237428	-3.474901	-9.681132	-6.258189	-16.206249	2.501212	2.624397	5.702050	-8.494588	7.126281	-9.551392	-3.154626	7.211856	6.071675	-15.125360	7.127920	-16.204665	3.392870	-10.959183	-6.033093	5.304576	-6.265570	-1.078216
5355	4	-12.812398	3.099326	3.827148	-12.185269	-0.452385	-15.172983	-10.852640	-13.252318	-3.451476	-10.424120	-10.969662	-15.172983	-12.807264	3.932597	7.185351	-14.734996	4.453242	-15.172983	4.004103	-16.846720	-3.451476	4.576204	-10.969662	2.743530
5377	4	6.952947	2.543499	5.529879	2.939322	7.922029	4.489801	-9.464566	6.892448	5.805757	-14.379617	7.998799	-10.065686	5.276675	-15.864129	-6.223962	7.131067	-6.697746	4.716708	-11.077650	-11.595978	-6.194879	-10.220655	-6.697742	-10.049193
5392	4	-8.916911	-6.297323	-2.700896	-6.436189	-11.564992	-13.668113	-12.083731	6.741070	6.436006	-11.345696	5.631960	-13.684558	7.339908	-11.059949	-2.820212	6.521472	-11.569646	2.737368	4.323473	1.970234	6.041969	2.462031	5.600014	2.737234
5405	4	-13.357044	-5.559183	-10.281943	-7.393077	-9.275509	-14.449772	4.208312	1.940232	2.189202	2.377994	5.419691	-2.823563	3.918964	1.998099	2.189206	-2.223616	5.419695	-8.134312	-7.205087	5.549637	2.189240	-7.415283	5.419723	-14.449772
5454	4	-11.114948	-7.786022	-5.645836	-3.464057	-8.785857	-13.401078	-11.145254	6.227377	4.596262	-11.825931	6.842578	-14.692711	3.499375	-12.264374	-5.647391	6.009431	-8.785869	2.464264	4.983450	1.255415	4.595823	4.480877	6.499184	2.562089
5470	4	-6.473466	8.096611	6.665098	-14.659995	7.606964	-15.468451	-5.648423	-6.294645	-2.552588	-8.718927	-6.470653	-15.277439	0.346608	-6.492273	-2.552613	2.511528	-6.470792	-5.590922	-2.256774	1.887092	3.476222	-11.572605	-2.469729	-13.492536
5494	4	-6.996977	6.695586	3.345102	-8.686566	6.868764	-13.370850	-10.476989	-8.791711	-6.431125	-8.337034	-8.855177	-13.370850	8.809961	3.891071	3.345055	6.922283	6.866253	3.869586	5.322592	-11.451245	-6.431125	7.271750	-8.855178	3.869586
5514	4	-7.007920	-3.986867	-1.612652	-8.313713	-7.020361	-15.840435	-5.809135	4.650424	5.958030	-11.563769	-0.382972	-15.845020	-5.965206	6.204106	6.160544	-11.613643	4.832649	-15.845024	4.888580	-10.062830	-1.644309	6.683218	-7.034015	1.271388
5569	4	-6.593245	-9.213632	-3.565737	-13.002673	-11.407904	-11.471277	-7.208017	6.474333	8.662271	-16.901370	7.684502	-11.471277	5.515688	-14.485175	-3.565928	6.330892	-11.408086	3.845734	4.865031	1.151801	8.272691	2.469183	7.684065	3.845360
5584	4	-12.368733	-13.137240	-7.186738	-4.731097	-4.012015	-11.226471	-8.232540	1.536630	-1.290083	-4.818334	0.016945	-11.226517	-14.500156	6.119774	4.088136	-7.739154	4.829796	-11.226646	4.976304	-17.612763	-7.186738	7.712607	-4.012016	4.288740
5585	4	-11.816618	-9.654643	-6.295236	-6.879515	-14.613652	-13.631318	-10.860129	6.191906	4.656528	-7.851040	4.598170	-13.631318	4.065869	-12.399631	-6.678953	6.770892	-14.613652	2.277715	5.470436	1.475949	4.540285	5.949601	4.572359	2.280060
5600	4	-10.450609	-13.311954	-4.149554	-10.376449	-11.400551	-10.503913	-8.250084	5.449711	6.210342	-12.572094	6.249340	-10.503894	8.372758	2.753533	6.204286	4.269302	6.248962	3.522914	6.165162	-16.006624	-4.149554	6.490258	-11.400551	3.518225
5616	4	-6.320309	-7.347265	-4.130527	-10.741684	-7.314269	-11.206584	-12.548024	9.327479	6.912243	-13.093910	8.681242	-11.856268	4.850290	-6.550812	1.539962	4.452972	4.252630	-3.336030	4.858969	-12.628801	-4.130529	4.596304	-7.314269	-3.335512
5633	4	2.508412	-14.832900	1.170832	2.332614	-2.634805	-5.467825	-10.369202	5.351831	6.233916	-10.733746	6.547244	-16.132544	-1.018376	-10.409013	1.170832	2.206983	-2.634805	-7.813987	-6.914917	-10.380966	1.170832	-4.181126	-2.634805	-15.946975
5640	4	-5.021994	-11.058057	-6.227894	1.226651	-11.651667	-5.471052	-11.103083	-11.058056	-6.227894	-4.343974	-11.651667	-8.299338	-8.075700	5.500786	5.255386	-9.832317	5.731745	-8.781457	5.122827	-15.737408	-6.227894	8.268773	-11.651667	3.336664
5649	4	-10.961919	-11.298957	-5.573049	-10.656519	-10.171670	-13.196431	-8.648819	7.323052	5.763434	-17.146253	7.086235	-13.332805	5.446769	-14.354107	-5.573049	7.390931	-10.171671	4.739743	7.142452	4.267769	5.763434	0.856500	7.086234	4.353059
5665	4	5.036419	-13.070687	-4.433438	5.901032	-4.791544	1.356082	-9.135261	-11.034098	-4.433438	-11.511144	-4.791544	-13.813063	-10.401294	5.236410	7.457433	-14.446979	7.247431	-13.813067	2.893218	-12.015025	-4.433438	0.419962	-4.791544	-3.412437
5672	4	-6.869392	3.718466	-3.719468	-10.135680	-1.382288	-9.684428	2.688359	0.538378	-4.471954	5.540079	-1.382575	0.929617	-11.451928	-6.744020	-7.262090	-10.135870	-7.031957	-9.684428	-6.923982	6.707581	2.194852	-10.200751	4.067002	-9.684428
5693	4	-14.803851	-4.103499	-8.007885	-4.297002	-10.751683	-13.794185	-0.384417	6.560250	2.368777	4.402986	3.577124	-9.406827	-9.703148	6.560322	2.368777	-4.303641	3.577125	-13.794186	-8.331582	1.711930	-2.041118	-4.294358	-6.929422	-13.794185
5712	4	-12.402395	1.579179	5.269709	-11.533337	-2.704422	-8.016577	3.202220	-17.119747	-2.729210	6.215772	-10.471597	3.420311	-12.929085	-10.487496	-2.729185	-5.706487	-10.471597	-8.016577	-12.373080	7.637689	6.185294	-11.654045	3.587086	-8.016577
5723	4	6.410971	-13.693518	-4.189217	6.673426	-11.469205	4.646011	-7.298761	-7.763808	-4.189167	-8.167908	-11.467984	-8.628555	-9.039644	9.162787	5.398104	-13.808374	4.527558	-8.628581	4.435960	4.431460	5.398082	0.990163	4.524315	3.859390
5780	4	3.222610	-15.301319	-3.556687	5.573398	-5.639641	1.918584	-5.772596	-11.686699	-3.556687	-6.560927	-5.639641	-11.164966	0.327750	4.027513	7.171485	-11.444269	7.725281	-10.810106	-5.582585	5.684204	7.171845	-13.107586	7.725444	-11.189779
5800	4	2.260312	-12.283929	-0.988664	1.240028	-8.287255	-5.438083	-6.488930	1.609161	2.424005	-9.991142	-3.943690	-14.762996	-10.160178	7.822407	5.741170	-14.715458	7.141749	-14.762996	-10.429335	-7.431926	-0.847173	-9.902354	-8.287246	-14.762996
5810	4	-15.107136	-9.684814	-4.656864	-10.615212	-10.879234	-13.336793	-12.025349	6.224678	7.113453	-14.343239	7.429375	-13.336809	2.078063	-10.617692	-4.656864	6.069231	-10.880379	2.218617	4.015601	0.473487	7.107506	2.297828	7.364840	2.187330
5843	4	3.723227	-14.108052	-3.678664	1.878320	-13.092279	-5.034422	-4.098783	-9.314244	-3.678549	-4.544588	-13.092279	-13.669277	3.732506	-14.121858	-3.678664	1.896936	-13.092279	0.718872	-7.730176	4.528382	7.021924	-6.955730	5.134041	-13.672000
5877	4	3.823914	-12.049319	-5.299142	4.240727	-13.735870	-1.797540	-4.459852	-9.066261	-5.299142	-4.549259	-13.735870	-10.697222	-9.946086	7.818331	6.131721	-8.600845	5.552558	-10.697264	-3.784250	2.644234	1.077432	-4.547707	-7.182966	-10.697221
5917	4	-11.108042	2.327017	7.271552	-14.387182	7.209829	-14.617414	-10.055103	-10.951140	-4.373825	-9.725106	-8.983077	-14.617380	-0.407767	-10.996911	-4.373825	4.693448	-8.983077	2.882481	5.618541	-17.636062	-4.373825	5.487116	-8.983077	3.605489
5953	4	-6.746243	6.034201	8.512078	-17.074643	6.245209	-16.165432	-3.624657	-10.645537	-0.398837	-12.584468	-9.308915	-16.165407	-6.749751	4.145988	6.719268	-15.844292	0.040343	-16.165432	5.504574	-16.444216	-0.398837	1.428521	-9.308915	-2.967199
5957	4	-4.725013	5.704730	8.509094	-17.352663	5.632739	-8.117339	1.661100	-15.162981	-0.450904	-6.805541	-7.558106	-3.453900	-3.917777	-10.610572	-0.450904	-12.495935	-7.558106	-8.117339	0.845027	3.816640	8.507193	-10.982393	5.632739	-5.915315
5987	4	-5.359610	6.696391	5.525753	-9.496441	6.658652	-12.995479	-7.450669	-8.912318	-0.715208	-3.103290	-9.619316	-14.083792	-2.938780	3.832632	4.356533	-9.479226	0.352526	-11.126713	-3.512731	-8.937593	-0.728939	1.535081	-9.621721	-5.054133
6006	4	4.193949	-13.259784	-8.111702	7.563091	-11.903146	2.528547	-9.029313	-6.942139	-8.110433	-6.895303	-11.547524	-8.297932	-5.541573	5.811920	4.515785	-8.564875	6.119608	-9.029967	-1.410837	-6.942142	-8.110433	-0.199955	-11.547525	0.541550
6127	4	5.864054	-11.302297	-6.083096	5.802910	-7.799532	-1.804208	-8.520616	6.391415	6.416502	-9.686447	5.849996	-14.358719	-6.707822	-0.120688	-0.775669	-5.870356	-6.116470	-13.694148	4.322421	0.492835	6.004175	2.187333	3.677259	-2.283885
6149	4	-6.208377	-8.090159	1.343585	-16.866533	3.969772	-15.869169	-6.086953	4.249724	6.310557	-17.927411	7.073061	-15.867725	-6.208373	-12.277592	-0.906420	-12.007660	-2.683403	-15.869169	-11.020792	-1.578206	6.310554	-17.927413	3.971873	-15.877060
6154	4	-2.538518	-7.240201	-3.280539	6.415070	-7.774042	-5.857032	-2.074556	7.479975	6.277990	3.380528	7.602322	-5.405436	2.658969	-10.082436	-3.280539	8.265796	-7.774713	-4.174622	3.134783	3.988112	6.277912	5.147770	7.579902	-4.211143
6170	4	-12.459619	-7.898394	-0.979479	-9.943211	-8.163470	-13.557348	-13.113722	8.500523	8.172403	-15.639714	6.120013	-13.557348	1.352046	1.732468	3.619280	0.123234	-1.551700	-5.677890	-9.625148	2.438932	3.621354	-9.836858	-1.441052	-13.557312
6176	4	-13.340499	5.863446	5.351635	-13.526644	5.415623	-11.188958	-12.598578	-3.530424	-5.356918	-10.645046	-11.075856	-11.188958	4.975731	-9.100356	-6.255328	6.593865	-11.076203	4.261494	3.849708	1.434325	5.273973	3.708015	5.415035	4.260202
6191	4	-12.218776	-5.568997	-2.627056	-7.367937	-13.213696	-13.160980	-12.418646	7.785836	7.138052	-9.322542	5.056744	-13.161098	2.929649	-8.713499	-2.627057	7.225266	-13.214317	2.940000	4.323889	2.004910	7.094842	5.277029	5.023963	2.939961
6217	4	-12.317863	-11.480661	-5.310790	-10.872020	-11.320245	-7.521191	-10.319495	7.464462	6.631933	-14.470189	6.414423	-7.521184	3.533958	-16.837113	-5.310799	7.449397	-11.320245	4.328909	5.559394	1.928792	6.559422	3.914264	6.400977	4.418798
6226	4	-12.107567	7.395404	5.837842	-16.131313	5.189753	-17.214812	-6.476030	1.905654	0.146991	-12.076359	-5.479551	-17.214812	5.930315	-8.978130	-5.352975	6.912700	-9.633513	2.064412	-10.185749	-3.267569	-5.325245	-10.773681	-8.418327	-17.214812
6253	4	-11.538171	-6.544379	-3.684747	-9.075049	-8.640589	-11.235907	-8.579430	7.676243	4.510301	-13.381319	6.988905	-11.235032	5.937001	-9.232141	-3.684767	6.177098	-8.643252	4.127462	8.743238	4.988445	4.510300	1.870467	6.985880	4.127744
6255	4	-8.954869	-15.014902	-3.470612	-5.534254	-8.642164	-11.706292	5.928953	-18.210822	-3.475304	5.702037	-8.642164	3.715504	0.854348	-15.372188	-3.471766	5.625434	-8.642164	3.560944	-12.417501	1.073020	6.185010	-10.045059	6.433518	-11.707287
6269	4	-6.159960	1.977639	2.876485	-11.786218	-4.534290	-15.284201	-11.998265	-5.995572	-3.538793	-10.438330	-10.916166	-15.284201	-12.203974	6.754123	6.652352	-14.644793	5.216107	-15.284201	3.504742	-12.108767	-3.539271	1.422587	-10.935202	2.114229
6282	4	-11.111047	-11.094509	-7.703713	-8.813964	-8.243777	-11.616121	-8.671729	5.961192	4.442392	-9.833948	6.078823	-11.616253	3.912840	-11.574670	-7.716475	5.631115	-8.249708	3.037175	6.619682	5.481013	4.433238	4.625034	6.074351	3.043840
6413	4	3.020596	-14.810070	-3.745049	6.620821	-10.301752	-7.062686	-7.240250	-12.244475	-3.745049	-5.274105	-10.301752	-18.495031	-1.823160	-12.253500	-3.745049	1.259626	-10.301752	-12.811176	-8.386640	5.709873	7.502040	-11.321951	5.987910	-18.495054
6426	4	-8.565759	5.554460	6.868011	-8.951531	3.510005	-9.240011	-7.299292	-7.198685	-1.195329	-4.137803	-10.314196	-9.215317	4.551558	-12.306412	-1.195329	7.318870	-10.314216	-0.523743	6.514901	-12.315678	-1.195329	8.316975	-10.314216	2.451974
6463	4	-11.535577	-7.254944	-4.055072	-9.796048	-8.914417	-17.708286	-6.656432	4.727045	3.385706	-11.088177	9.372329	-17.737023	-5.978826	1.610977	-1.980035	-9.744179	-2.358203	-17.706504	2.326930	1.164689	-2.076668	2.249784	-2.359179	-5.996121
6465	4	-10.245930	-10.381075	-3.733331	-10.921164	-10.474996	-13.687931	-13.296776	7.470494	7.599928	-15.689500	5.673467	-13.687931	-11.744725	3.682494	5.252143	-14.946248	-0.561406	-13.687931	6.548282	-15.089698	-3.771525	5.693974	-10.475019	3.147728
6479	4	-8.931225	-9.781337	-7.167738	-5.974794	-10.089442	-11.517658	-6.700906	5.435015	3.726592	-6.719266	6.084447	-11.516181	-0.291018	5.428245	3.726592	3.552647	6.084447	-0.260109	3.747489	1.421022	3.592394	6.484585	5.838763	-0.205047
6481	4	-9.849373	7.485868	7.877842	-7.514701	7.772510	-10.813101	3.760525	-9.092641	-0.604306	6.025532	-7.016904	4.191627	6.638888	7.403406	7.877250	2.636452	7.772508	4.196974	-12.503352	-9.010159	-0.604040	-3.988235	-7.016848	-10.813101
6483	4	-10.722064	-9.235707	-5.767268	-11.771426	-10.018722	-12.921479	-6.613470	6.317892	4.928880	-13.080567	7.585226	-12.844705	4.678192	-14.432160	-5.768400	6.494369	-10.019258	2.732830	3.105326	0.463403	4.928659	0.345546	7.279665	-3.835826
6531	4	6.932803	-14.340595	-4.046255	2.622552	-1.811732	-4.573882	-7.029263	6.265352	7.277658	-8.250657	7.443679	-14.266627	-2.953493	-8.170029	-4.046255	-3.749490	-1.811732	-14.266561	8.295610	-14.340741	-4.046255	7.882886	-1.811732	0.754580
6532	4	-4.178130	6.718227	4.817178	-8.919226	7.738473	-12.669453	8.606188	-13.181087	-4.067079	8.955970	-7.319267	2.410565	-4.921809	-9.845378	-4.067079	-6.062297	-7.234600	-12.660426	9.349632	3.389414	4.817177	6.080325	7.730832	2.409057
6537	4	8.696990	2.831487	4.972512	6.060682	6.057127	3.201969	-12.108355	-10.847671	-6.955052	-5.182871	-7.587944	-13.920310	4.304505	-15.043008	-6.955052	6.749629	-7.587944	3.200586	-7.871165	7.028128	4.978124	-6.098309	6.062076	-13.920327
6539	4	-11.543010	-9.725556	-3.318505	-10.566365	-8.998579	-12.420303	-10.109416	6.323658	5.930965	-14.395007	8.987004	-12.420303	5.061297	3.466542	5.925580	0.882030	8.986283	3.099395	3.975673	-12.422364	-3.318581	4.527099	-9.001038	3.170175
6563	4	-5.818314	-12.453767	-4.119651	-9.311143	-9.949688	-13.117431	5.857193	-18.857630	-4.119651	1.410177	-9.949691	-2.602947	8.231521	-18.922254	-4.119651	6.694345	-9.949691	2.424241	-6.253601	3.931011	7.039322	-15.338651	7.009849	-13.117464
6565	4	-9.831494	-10.836873	0.974784	-10.216393	-7.991394	-13.705299	-6.504995	1.079910	5.505446	-12.896888	-1.656975	-13.705299	-8.621240	5.145656	7.081296	-14.667561	4.589352	-13.705299	4.339620	-13.707514	0.974456	6.471318	-7.991399	3.542896
6573	4	-6.131804	-7.165758	-2.192942	-12.501469	-9.892976	-13.485277	7.289147	1.603415	7.409414	0.298919	7.327023	2.916158	-2.747921	6.496799	7.438005	-17.740006	7.347022	-11.080493	4.506300	-11.892687	-2.192942	5.538414	-9.892976	2.908759
6579	4	-6.832334	-6.123281	-3.936363	-11.370702	-8.527975	-10.585314	-4.673548	6.851688	6.142125	-14.354246	6.928472	-10.489031	3.516075	-7.993713	-3.936363	5.361432	-8.527975	2.270440	6.508343	3.077978	6.142089	2.767701	6.928451	2.639359
6594	4	-11.924463	5.624003	6.506497	-12.388094	8.792029	-12.561001	-12.365842	-10.863038	-6.504825	-7.670446	-8.224103	-12.561001	2.587995	-14.443162	-6.504825	5.846959	-8.224103	1.880288	2.823229	0.657445	6.506497	1.656688	8.655928	1.976017
6606	4	-6.862996	6.348491	6.633772	-13.549599	7.272883	-15.940281	-8.648102	-7.049293	-1.218590	-9.934837	-8.810498	-15.940269	5.418942	-10.748932	-1.218765	5.244120	-9.328293	2.521078	7.105409	2.409558	6.632915	1.628288	6.995935	2.520688
6619	4	-4.649965	-1.552346	0.029401	-8.116996	-7.657144	-12.625260	4.029345	-11.377872	-4.012294	2.542452	-7.764398	-2.725219	-4.980914	-7.242494	-4.001937	-8.244962	-7.764398	-12.853994	-6.360963	6.376384	7.082418	-14.552642	5.803640	-13.644218
6640	4	-11.335144	6.935387	4.984084	-8.432292	5.909891	-12.139962	-10.982752	-10.744550	-6.427357	-7.323446	-5.789425	-12.016847	-7.069010	3.971830	0.419923	-7.393124	0.841815	-12.025718	2.854695	1.419972	0.417383	4.229927	0.839156	-3.383714
6644	4	6.561564	0.012970	5.505569	2.965084	6.942371	2.896767	-10.614283	6.411739	6.821233	-16.966580	7.036039	-13.235977	4.251654	-13.607083	-3.843788	6.731327	-0.236827	2.901094	-13.466462	-12.461314	-4.006696	-11.548706	-6.225873	-13.235977
6685	4	-14.905648	-4.009326	4.966541	-13.935393	2.724262	-15.966381	-11.513389	-14.756379	-1.810104	-12.491236	-7.215307	-15.966381	5.416983	-21.031281	-1.810862	2.126449	-7.215308	0.977891	-12.798867	3.424882	6.882697	-15.328074	8.371711	-15.966381
6697	4	-6.605814	-6.863443	1.397458	-6.493715	-10.944290	-14.483212	-3.037969	6.717229	8.441232	-12.625643	5.526445	-14.441991	-1.233991	-6.889250	1.397346	2.370615	-10.959864	-9.687763	-2.904464	4.056381	6.051226	-11.803316	-1.040535	-14.433694
6698	4	-7.590330	-12.332430	-4.051902	-6.988496	-11.005485	-15.358479	-7.989594	5.933920	5.164662	-9.958327	6.362155	-15.358479	9.914806	-18.022719	-4.051902	8.530240	-11.031985	-0.622154	8.610624	0.235126	5.081459	5.683698	5.404546	-0.622154
6731	4	-9.125367	-6.880994	-5.232610	-9.892120	-9.447262	-12.474377	-12.132393	7.278925	5.887206	-15.570186	6.101657	-12.782934	4.943790	4.198500	5.873141	0.117853	6.100849	2.850811	7.968667	-13.123228	-5.233741	6.061552	-9.447262	3.175212
6766	4	-11.095594	-7.366586	-6.361547	-12.992824	-11.143705	-10.129355	-9.822480	8.739413	5.579765	-14.699258	7.386097	-10.129355	6.622559	2.631505	5.578111	2.059480	7.342347	2.691829	5.357879	-13.116816	-6.361548	3.831810	-11.143709	2.702971
6775	4	4.903027	-15.755113	-5.335527	4.649166	-13.208480	-2.658389	-3.011738	-9.640089	-5.335527	-7.529059	-13.208480	-12.475683	-3.606567	6.910296	5.779412	-9.134777	4.900308	-12.810480	2.857528	0.775241	5.152289	3.375354	3.222346	-3.247709
6784	4	-9.832963	-7.664055	-4.818272	-0.289129	-11.880283	-8.636062	-12.200245	5.901351	6.538967	-6.968405	5.345208	-8.960175	4.000402	-12.472922	-4.818272	8.484658	-12.170113	1.776864	3.286361	-0.486934	5.552894	2.142096	3.373719	1.722446
6793	4	-5.923800	-9.039075	-3.037454	-10.283167	-9.946164	-15.274314	3.047799	-12.549570	-3.037454	3.166187	-9.946164	-3.229522	-5.176026	6.016052	5.364977	-12.462025	7.341349	-15.269427	5.509361	-15.288576	-3.037454	6.781813	-9.946164	2.769578
6799	4	-7.325179	8.241911	6.832538	-14.582921	6.386351	-16.823519	-10.625716	-7.509934	-4.416977	-9.668697	-4.700846	-16.823519	5.906196	-12.200632	-4.416977	6.278701	-5.130887	0.997791	8.736637	3.517552	6.832538	1.293919	6.325989	0.984979
6807	4	-9.494054	7.319443	7.838029	-15.811664	8.472367	-14.800537	-11.970954	-9.059502	-5.018309	-10.236615	-8.942524	-14.800537	3.984102	0.425228	7.505052	2.362714	7.767030	3.514948	3.253689	-13.947798	-5.019313	8.093809	-9.148073	3.518081
6846	4	4.530009	-15.562004	-1.760391	6.935821	-10.926446	3.769498	-8.153779	-12.069995	-1.760391	-9.047973	-10.926446	-14.511845	-9.504601	4.492155	6.807777	-14.700376	4.845148	-14.511845	3.170744	-13.701503	-1.760391	3.724478	-10.926446	-2.324813
6891	4	-11.413779	8.009043	7.452335	-9.667049	6.520977	-11.950907	-11.449246	-5.965182	-4.432082	-3.833647	-8.222447	-11.950907	-5.586004	-5.965182	-4.432082	2.534800	-8.222447	-9.220396	4.510533	4.993132	7.450816	2.210554	6.520923	2.119569
6892	4	2.203855	-7.984818	-6.557389	6.129307	-7.680326	-1.719674	-9.843519	6.108684	6.025587	-12.408742	7.757208	-11.135016	-10.053984	-4.923525	-6.514184	-9.085636	-7.678739	-10.875906	2.884789	2.726815	6.025115	3.369181	7.757078	-1.737183
6919	4	-13.824363	-8.708452	-3.352150	-9.288398	-11.804890	-11.413091	3.332035	-0.068818	6.008736	5.770209	4.960488	2.912070	3.236921	-10.533158	-3.352233	6.627765	-11.804890	2.886494	-13.025469	3.354749	7.195294	-10.277136	5.062301	-11.413091
6953	4	-9.912834	3.264829	6.060494	-14.200433	7.703703	-15.340138	-9.542138	-6.389460	-0.147200	-10.219748	1.720306	-15.339965	-9.542314	-11.471745	-4.755359	-10.219744	-4.179672	-15.339965	-9.974270	-1.911477	6.038287	-14.200138	7.402657	-15.340138
6960	4	-9.109561	6.169645	2.792005	-13.913508	5.668339	-14.071607	9.347562	-0.141968	1.626524	6.113749	4.003304	2.073125	-10.955686	-4.439124	-8.050636	-12.537742	-7.640428	-14.071607	5.904550	-8.037935	-9.857185	6.794027	-7.829719	2.073125
