278	6	-7.167726	7.094586	4.516955	-11.777763	7.235915	-10.540427	-8.899405	-6.015325	-6.512211	-11.092832	-8.439282	-10.540513	8.760751	1.932037	4.506572	-2.878314	7.050588	3.603860	7.300606	-10.348947	-6.720639	-1.932837	-10.047063	4.479562	7.312776	-10.357103	-6.720663	4.585112	-10.047927	4.571074	9.074717	1.796945	4.504916	3.913994	7.033085	4.572894
446	6	-12.404081	-6.454344	1.885271	-9.735718	-8.206134	-6.244841	-11.842716	7.134167	7.510121	-13.163465	3.791152	-6.296867	-11.796956	3.403933	5.569962	-13.163158	-2.242379	-6.296866	4.344987	1.410830	5.483643	3.507769	-2.267720	4.441634	4.284364	5.263614	7.510095	3.507318	3.791151	4.439473	3.723928	-8.009384	1.885259	6.936081	-8.206139	4.498016
964	6	-1.164005	-9.551693	-4.033374	4.603471	-3.704147	-1.859120	0.118110	8.785861	6.393585	2.507357	8.114203	-1.803328	-10.869575	-9.551645	-4.033374	-7.466795	-3.704147	-12.948856	-9.596610	8.787516	6.393585	-11.093068	8.114203	-12.948798	5.058340	2.873533	6.393585	3.738366	8.112245	3.764262	3.788685	-13.971072	-4.033374	7.360794	-3.704147	3.764278
1144	6	-7.754634	-2.577044	1.751240	-8.601324	-8.143956	-16.870764	-0.365590	-7.616959	-3.158460	0.920448	-11.033697	-10.778605	-0.181251	-2.577402	1.750497	0.966195	-8.144541	-10.657980	-8.513720	3.306621	8.541359	-14.659850	0.132710	-16.870765	-8.513679	5.449706	8.541364	-14.659850	6.629522	-16.870765	-7.923598	-7.616782	-3.158460	-8.447385	-11.033697	-16.870763
2718	6	0.298925	6.785769	6.868545	-15.363992	6.390687	-10.432315	2.472132	-11.844537	-5.973740	-7.326744	-11.173949	-6.275778	6.407553	-13.142683	-5.984994	2.577669	-11.173949	1.140968	10.216753	-13.142723	-5.984994	5.735463	-11.173949	4.771904	-5.628551	6.943578	6.870639	-16.327341	6.390694	-11.104355	8.658441	0.556334	5.852434	2.252679	6.362341	4.703686
2892	6	0.100800	-10.886597	-2.836884	3.227290	-13.155825	-6.637735	5.585314	-11.362210	-2.862779	8.367691	-13.155853	-4.374464	-2.655122	-9.729899	-2.728866	-3.357127	-13.155598	-14.618206	5.993044	1.644613	8.637140	-2.214374	3.442576	-10.005648	6.106374	1.644581	8.637135	3.086801	3.442575	-4.334430	-3.265570	3.462348	8.781841	-8.644515	3.473060	-15.043521
3152	6	-7.493143	-5.392161	-2.459621	-7.001864	0.041687	-8.545108	-7.831562	-4.677253	1.610721	-7.004877	4.105086	-8.548277	-9.941243	5.763735	6.158816	-10.422522	6.498577	-9.591535	7.447048	-9.022671	1.610716	4.881541	4.100974	4.060803	4.895423	2.542696	6.156521	1.389238	6.482955	4.056879	7.785753	-9.818049	-2.463390	4.885097	0.040234	4.060842
3242	6	-10.273849	6.414648	5.997232	-18.839268	8.903951	-15.033915	-10.173023	-9.147403	-5.100426	-13.133160	-0.121772	-15.033915	-10.207979	-4.768418	0.188983	-13.134335	5.620873	-15.033915	6.622235	-10.897920	0.127597	4.034296	5.620872	3.968305	6.315811	-10.894286	0.127597	-1.874897	5.620872	3.866051	6.390963	-15.274307	-5.100433	-1.873577	-0.121772	3.866422
3852	6	5.501968	1.009533	8.059582	5.853922	5.500735	3.632668	-9.223573	7.478107	8.368550	-5.056217	5.500737	-7.189575	1.203123	-11.324989	1.228677	6.809531	-9.489444	3.539381	3.506334	1.009533	8.059582	-3.646609	5.500735	0.231330	-0.736200	-12.172128	1.018543	6.736455	-9.666746	3.386432	0.647675	-12.118394	1.118346	6.767777	-9.599039	3.519280
3902	6	1.217110	-7.628098	-5.260539	2.548831	-9.482106	-4.527216	-2.912440	-6.273773	-5.260539	-4.138167	-9.481893	-11.703311	-0.873083	6.272216	4.528569	-3.965268	6.479554	-10.120229	-6.959318	6.790665	4.528569	-5.730197	6.479554	-13.305742	3.233935	3.845747	4.528569	3.359357	6.479554	-3.137772	1.152306	-2.344447	1.208237	2.356975	2.817655	-4.580010
4242	6	-12.310975	9.541765	8.484621	-14.012976	5.754533	-12.533465	-11.107580	-4.579501	-0.662857	-7.645865	-2.881121	-12.533465	6.713068	-11.033937	-0.797593	6.043293	-6.161802	3.328649	-11.302701	-2.392271	0.906287	-7.645871	-0.464791	-12.533465	1.131453	-4.730917	-0.734039	3.426797	-3.441253	-4.639974	0.850289	-2.483242	0.879826	3.150649	-0.472501	-5.082166
4449	6	-5.580515	7.526278	6.887250	-10.314878	5.813024	-15.417762	2.658994	-6.728048	1.663199	4.091427	3.217890	-5.292000	-8.601406	-7.592439	-4.270372	-7.913540	-7.903974	-15.475690	-8.976526	-4.309933	1.719094	-8.093545	3.907224	-15.476060	5.975770	5.098318	6.887238	1.864349	5.806738	-5.385037	3.141028	-10.018840	-4.270372	4.265575	-8.026280	-5.284298
4732	6	6.478721	3.734245	7.156579	3.041045	9.706870	3.592295	-9.147090	-3.278530	1.108197	-11.413831	4.970753	-9.382383	-8.890713	7.716355	7.156639	-14.806743	9.739298	-9.382381	6.207712	-7.083477	1.107611	6.431638	4.883909	3.590602	-8.788768	-10.991985	-5.266652	-11.309693	-1.669771	-9.382379	6.580811	-15.047667	-5.266652	6.539307	-1.669774	3.592888
4859	6	6.529595	-13.807985	-5.017448	5.852209	-8.533229	3.342931	-13.715089	7.068223	5.955255	-10.807894	8.379406	-12.165879	1.762261	-10.534669	-5.017448	1.881525	-8.533229	-3.036502	3.472613	4.372809	5.955199	-0.036684	8.379405	3.339066	-9.620255	-9.049425	-5.017446	-1.292705	-8.533229	-9.213280	-6.268558	3.973684	1.854144	-1.294278	-3.233219	-9.213280
5245	6	1.487667	-0.970830	-4.181258	5.940281	-9.916482	-6.958641	-14.038788	-3.956223	-6.886831	-4.672569	-12.782703	-14.596936	3.894598	-8.996644	-6.889408	5.950611	-12.950770	1.237787	-9.247475	2.008018	-2.136969	-4.673873	-6.590465	-14.597019	-13.461711	8.420869	4.493646	-7.609268	6.025607	-14.642672	4.657033	2.616888	4.493392	3.013419	5.906848	1.216117
5312	6	-1.869107	1.520934	1.070112	-5.433575	-4.077865	-16.303473	-1.717155	-10.850328	-5.228008	1.282601	-6.754171	-12.124712	-4.903088	-10.850327	-5.228008	-5.249219	-6.754171	-16.234545	2.789881	-1.645489	1.035957	3.705380	-6.691775	-6.004677	-7.179098	7.270661	7.462053	-8.219526	4.218696	-16.839946	2.689376	-0.971356	1.066774	-2.954198	-6.635307	-9.689780
6048	6	-12.429090	-11.579459	-5.980853	-9.613056	-9.758219	-14.580667	8.567991	2.992910	5.141436	5.141601	7.440085	3.619676	5.406888	-16.101479	-5.980853	7.047434	-9.758219	3.525105	-9.134037	7.516321	5.141547	-11.536977	7.440529	-14.538128	7.195945	2.992913	5.141436	2.073253	7.440085	-2.858408	3.883422	-15.855913	-5.980853	3.761934	-9.758219	-3.106616
