8	1	-12.416534	-9.254256	-1.221755	-9.516134	-12.284764	-10.279077
10	1	-16.490875	-12.202892	-4.422704	-10.790347	-14.921891	-8.110186
31	1	-12.651443	-8.627242	-2.937844	-11.239286	-14.500290	-8.892344
32	1	-11.044762	-11.711680	-2.241433	-11.028327	-18.649992	-10.033601
43	1	-10.144965	-14.191376	-3.426265	-5.395744	-14.575670	-8.470779
46	1	-11.242019	-11.522478	-6.260338	-13.737027	-16.695909	-8.791896
48	1	8.540671	-15.297121	-7.945582	5.923446	-13.939374	5.469184
56	1	-12.785135	-11.543361	-2.371582	-11.665897	-14.643492	-5.581488
63	1	-10.482834	-10.294538	-3.659617	-11.858120	-13.434621	-12.223766
67	1	-17.990994	-9.776270	-1.587407	-10.547700	-14.914340	-11.015042
69	1	-13.594668	-13.879714	-5.311661	-8.927725	-16.102587	-12.070962
79	1	-12.313125	-8.406128	-3.849514	-12.737820	-15.910135	-10.425880
99	1	-11.930204	-8.104100	-4.282613	-10.918760	-12.223083	-14.389179
109	1	-13.989724	-9.712116	-7.476262	-11.879231	-16.203827	-8.964516
110	1	-16.972417	-2.713499	6.549995	-16.678223	-10.440321	-7.428526
112	1	-5.680355	-11.994733	-7.575666	-13.821844	-17.424376	-7.581124
113	1	-8.681511	-8.388176	-5.595900	-11.284409	-13.492022	-9.175017
120	1	-11.528846	-9.602329	-4.374531	-8.772967	-16.107116	-14.342182
126	1	-14.391771	-12.075880	-6.275043	-10.428570	-12.059339	-12.801228
135	1	-15.635768	-8.299995	-1.895145	-11.659182	-12.201703	-9.471481
142	1	-10.833788	-7.883219	-3.807184	-7.027793	-16.487724	-11.449782
144	1	-17.620656	-14.066135	-4.614398	-8.668961	-18.057381	-12.471960
146	1	-12.360138	-12.027717	-4.282790	-9.396263	-17.941675	-13.709485
158	1	-14.356633	-11.497041	-9.238685	-5.495113	-15.309009	-11.447563
167	1	-10.172879	-12.895364	-4.419564	-10.885076	-15.752341	-12.380996
170	1	-12.798949	-11.992767	-4.639545	-6.845952	-14.211681	-10.556736
173	1	-7.570271	-9.802627	-4.847700	5.375474	-16.025929	-8.707665
187	1	-18.407256	-11.672863	-3.166626	-7.825777	-13.020055	-12.250532
192	1	-16.166032	-10.454127	-0.174028	-9.212013	-13.756178	-5.483387
212	1	-16.055574	-7.083741	-2.271203	-11.009570	-14.749283	-8.878919
223	1	-16.514251	-11.636133	-5.928775	-11.358755	-16.799429	-11.799867
232	1	-15.518193	-8.684597	-3.620034	-7.742983	-15.383853	-14.148608
244	1	-14.970948	-12.698144	-8.709003	-11.029587	-17.604144	-10.141909
257	1	-14.770385	-10.533217	-7.029116	-8.771610	-16.230138	-7.992866
269	1	-13.073028	-11.338472	-4.695561	-12.843609	-18.544625	-4.159907
275	1	-14.108893	-10.242040	-4.016489	-11.868620	-11.028291	-6.770026
287	1	-14.941782	-9.951812	-3.693288	-12.882215	-13.252133	-8.772725
299	1	-13.646320	-11.115883	-7.640298	-8.739300	-18.175188	-9.536832
307	1	-19.848078	-14.487088	-9.691864	-12.787771	-15.059118	-10.971620
308	1	-7.220548	-10.959289	-5.321931	-13.284659	-15.016969	-7.201277
326	1	-14.733740	-12.698082	-5.305723	-7.936527	-12.590454	-12.251456
345	1	-15.168462	-11.923555	-2.142509	-9.958459	-15.416828	-6.614735
348	1	-13.877908	-10.353087	-5.293977	-15.957214	-16.356112	-9.798816
353	1	-14.159370	-8.881713	1.239594	-10.755390	-12.964409	-10.936872
354	1	-9.885254	-9.665959	2.217385	-17.623418	-11.107495	-9.627564
363	1	-10.665752	-10.371585	-3.885940	-7.054632	-12.077843	-9.768948
366	1	-12.628411	-6.965435	-7.222466	-11.527621	-14.806289	-14.569204
376	1	-16.324854	-13.168297	-2.037135	-15.099781	-15.268346	-10.259862
377	1	-13.423655	-11.560967	-2.939977	-10.657840	-14.725049	-13.141469
387	1	-14.604251	-5.721666	-1.986157	-9.930807	-11.805072	-15.889803
388	1	-15.464655	-10.374831	-0.904142	-8.175094	-16.635615	-8.812010
392	1	-11.361195	-7.837503	-1.733164	-13.295304	-21.654247	-13.617429
396	1	-10.909634	-8.503257	-4.543695	-10.232560	-12.326759	-14.885663
405	1	-10.782909	-8.449498	-5.068197	-11.777530	-16.674466	-0.782042
407	1	-8.271519	-11.320957	-3.547970	3.702265	-17.190028	-6.733088
419	1	-16.376901	-10.054488	-5.014677	-8.013854	-16.579012	-11.484083
422	1	-13.389484	-10.404470	-9.132861	-13.810706	-13.880683	-12.198896
423	1	-16.803073	-6.795317	-2.892537	-11.795624	-15.139982	-9.668608
453	1	-11.067391	-7.650549	-6.850629	-1.354584	-15.230642	-9.181335
454	1	-17.223606	-13.316339	-5.536081	-5.098379	-15.473861	-6.313959
460	1	-18.369403	-8.959564	-7.924139	-6.010630	-19.998369	-10.235516
462	1	2.531085	-13.229465	-6.507032	7.450051	-11.371475	8.070422
470	1	-15.033327	-10.062987	-5.265188	-9.086860	-16.654259	-8.377925
478	1	-11.514436	-10.314098	-2.725837	-0.065820	-12.798188	-1.788656
479	1	-14.793967	-8.897391	-0.787727	-14.428830	-19.109145	-8.036520
480	1	-16.682081	-8.730260	0.654887	-7.882154	-15.784164	-6.166447
484	1	-9.270287	-5.331779	-4.675792	-9.958428	-17.014444	-11.826931
488	1	-16.545494	-11.026955	-6.867919	-7.922246	-16.353240	-11.358844
492	1	-10.432504	-5.701352	-5.242660	-8.550701	-15.056511	-12.597051
508	1	-8.980639	-4.499542	-6.957216	-17.932743	-15.741106	-12.355419
510	1	-10.109145	-9.945480	-5.885594	-15.349537	-15.916747	-11.516877
514	1	-13.130307	-8.125855	-0.086840	-9.806505	-12.458261	-12.529183
524	1	-15.064562	-10.369114	-4.709404	-10.216536	-15.097992	-11.953412
528	1	-13.294778	-12.869594	-5.433522	-7.052114	-18.974824	-15.727688
529	1	-6.891510	-8.933969	-5.777182	-10.608170	-17.124979	-14.283556
533	1	-10.838228	-9.794259	-3.027476	-11.863782	-10.580214	-13.536414
538	1	-12.148003	-9.945664	-4.377084	-11.536557	-17.361077	-10.525678
545	1	7.206174	-14.071149	-3.303673	6.927088	-14.766876	4.336563
556	1	-16.338911	-9.389935	-6.467766	-13.906711	-19.189635	-13.578353
566	1	-10.284031	-11.903791	-2.483992	-11.352214	-14.194874	-14.161336
574	1	-15.684916	-8.196095	-7.958824	-10.898641	-17.035395	-12.129678
581	1	-17.369555	-12.120599	-3.653696	-8.996873	-15.338807	-8.977138
591	1	-12.805710	-14.336409	-6.672129	-9.174954	-13.368275	-11.906393
595	1	-15.301403	-9.918794	-4.957375	-5.958370	-12.273308	-10.148029
598	1	-15.251034	-7.422037	-5.543107	-12.842383	-15.626320	-11.405708
599	1	-14.188146	-10.952930	-5.480730	-11.631803	-17.604898	-11.302540
602	1	-12.371051	-14.550406	-6.258193	-6.577169	-16.257679	-13.067645
609	1	-10.414847	-1.361931	-5.281841	-9.031383	-11.621865	-13.613473
615	1	-13.084122	-12.008144	-7.140390	-9.571940	-15.836084	-8.438887
624	1	-15.819764	-10.444591	-7.645979	-6.995399	-15.191596	-8.130279
626	1	8.405534	-9.391716	-5.562785	6.237653	-13.826916	5.675238
645	1	-12.820673	-5.178849	-2.938673	-12.248292	-11.566803	-8.479261
648	1	-12.122171	-10.815496	-5.240027	-11.208615	-13.796302	-13.206127
655	1	-13.804419	-5.620165	-3.349420	-8.016276	-12.029261	-8.819931
674	1	-11.840013	-11.833960	-0.754562	-4.933660	-15.712728	-7.120038
706	1	-10.910236	-10.835437	-6.979556	-9.721683	-11.896000	-8.070828
729	1	-11.034145	-10.680620	-4.218571	-10.873362	-18.182101	-10.891721
731	1	-13.809963	-7.343126	-5.926132	-6.667442	-15.226056	-10.402933
752	1	-13.311844	-11.041498	-4.142259	-8.421406	-12.976891	-15.343428
757	1	-16.212326	-9.447025	-6.056132	-8.361218	-13.913023	-13.093383
764	1	-13.615050	-8.947525	-4.270130	-6.623199	-15.282178	-7.489935
767	1	-14.461949	-7.671895	-4.256226	-10.456317	-16.912235	-12.248609
776	1	-11.427750	-12.552059	-6.001605	-7.013543	-10.131234	-13.774702
789	1	-14.631008	-12.294855	-5.643237	-11.530619	-16.039281	-5.161641
791	1	-16.021681	-10.205682	-6.882619	-2.130647	-15.831943	-12.472401
792	1	-15.265960	-13.921951	-6.243403	-8.212212	-15.207211	-10.698700
797	1	-15.568059	-9.001890	-6.455449	-11.768275	-16.856966	-10.201005
827	1	-11.133128	-11.879308	-4.098079	1.943116	-14.619124	-6.418500
829	1	-14.566841	-9.832213	-3.297057	-13.783941	-17.756204	-11.518784
835	1	-15.968320	-11.325416	-6.618037	-12.718302	-15.465373	-8.668053
858	1	-16.195429	-6.000853	-3.120752	-11.780082	-13.946314	-9.138699
868	1	-16.081347	-3.912539	-5.140504	-6.140502	-16.865842	-10.139549
873	1	-11.912030	-8.793122	-8.344309	-10.505028	-16.162275	-10.859920
875	1	-11.201773	-0.906907	-1.504276	-5.360209	-15.961569	-9.453718
883	1	-14.117195	-4.863548	-3.320136	-9.608934	-13.600753	-12.387427
886	1	-13.293233	-11.613260	-3.756355	-8.993863	-10.830752	-7.819216
887	1	-13.868036	-8.933633	-5.492512	-10.428905	-15.038179	-9.558164
911	1	3.481993	-10.781200	-6.845735	8.858949	-14.946141	7.462127
914	1	-9.422891	-2.869561	-8.249225	-10.935485	-14.019706	-14.999238
917	1	-9.353674	-10.932489	-4.899037	-6.862203	-15.180656	-13.909752
919	1	-15.447684	-8.386547	-5.944181	-15.047142	-12.834829	-12.568654
920	1	-11.905454	-11.670189	0.760885	-5.604929	-16.467253	-13.972964
922	1	-9.441469	-8.477380	-3.867332	-6.412623	-16.385355	-15.534460
929	1	-10.081603	-13.646388	-5.834793	-3.477868	-18.767628	-9.761224
934	1	4.418245	-7.411680	-3.202881	8.444037	-15.354214	6.759704
952	1	-3.371830	3.306986	2.283071	-14.836844	-0.953394	-16.090893
955	1	-16.885246	-8.298534	-3.830026	-10.534358	-13.754934	-11.592638
964	1	-0.109651	-11.386236	-3.462729	6.267706	-15.457774	2.755012
965	1	-11.707881	-12.510183	-3.541560	-8.357893	-15.195451	-11.939128
973	1	-12.817511	-12.110558	-5.387517	-12.153432	-17.422328	-13.796613
975	1	-12.412554	-10.711554	-5.753317	-10.786511	-12.271084	-12.268258
983	1	-11.739315	-12.246072	-6.845207	-7.301333	-19.634874	-15.799157
997	1	3.377863	-16.912688	-10.205608	6.972303	-18.791540	6.625119
1000	1	-11.129933	-6.527808	-2.924713	-6.720664	-14.958298	-9.765126
1006	1	-18.079273	-11.141510	-2.602117	-7.175453	-12.400981	-9.112453
1011	1	-19.626211	-8.930267	3.097630	-14.318660	-12.728826	-12.682211
1013	1	-15.879308	-13.792138	-4.352333	-11.301832	-14.384760	-12.981785
1020	1	-17.309422	-6.918496	-4.340444	-9.642866	-14.689516	-10.350141
1035	1	-15.907368	-13.442838	-4.453299	-11.918428	-15.512291	-11.776112
1037	1	-8.625724	-1.070920	-6.659863	-12.051988	-13.360078	-9.302468
1039	1	-14.125808	-9.279903	-4.512603	-9.576368	-17.319012	-9.482871
1040	1	-13.420812	-10.787851	-3.434895	-8.103529	-14.755469	-5.290708
1042	1	-15.840906	-10.491642	-2.797207	-12.380597	-15.009205	-8.044081
1043	1	-13.404609	-12.012273	-6.770328	-11.068571	-13.643769	-8.858361
1046	1	-17.444917	-11.685236	-4.589893	-12.338435	-21.063479	-9.610341
1047	1	-13.654313	-4.353658	-6.560435	-8.560731	-11.739724	-8.437251
1048	1	-13.449743	-8.579826	-7.497100	-6.381796	-17.570381	-11.752218
1051	1	-15.995588	-9.268302	-6.589602	-10.380131	-13.977045	-9.134833
1052	1	-15.000000	-7.610920	-5.824812	-12.914731	-17.718361	-4.945273
1055	1	-17.283423	-8.087025	-3.614692	-11.303422	-14.201586	-7.607791
1056	1	-12.244616	-11.130148	-4.707212	-12.142277	-16.311408	-11.428202
1069	1	-15.478978	-6.964009	-4.268938	-6.648759	-15.640821	-10.807919
1071	1	-16.390513	-11.025052	-4.274021	-12.962158	-11.016297	-11.504977
1075	1	-8.848831	-14.478342	-5.654123	-6.213562	-10.423543	-13.809455
1083	1	-10.282148	-10.186648	-6.476990	-14.058141	-11.651749	-8.366719
1104	1	-10.652759	-11.530069	-2.374135	-13.726666	-17.003213	-7.734638
1105	1	-12.645347	-10.292804	-4.022213	-3.634093	-16.259159	-8.089946
1112	1	-14.174314	-12.546981	-4.538338	-12.853572	-13.544243	-11.631292
1119	1	-15.055480	-5.788017	-0.927624	-9.951810	-12.923970	-7.508334
1120	1	-18.741373	-8.137046	-4.323491	-11.619367	-14.671064	-9.449447
1121	1	-20.603152	-10.686122	-5.830460	-6.991368	-19.367286	-9.086233
1140	1	5.696165	-17.101666	0.651889	8.513475	-13.309598	8.071558
1149	1	-11.810668	-14.233703	-3.010953	-8.801592	-15.769896	-9.387157
1151	1	-16.146051	-7.306876	-8.801477	-14.867940	-15.335629	-11.374868
1159	1	-3.198041	-10.610081	-2.766779	-13.620941	-14.994647	-9.459921
1161	1	-13.701514	-10.718449	-4.219215	-8.757676	-16.028632	-11.029780
1184	1	-13.813347	-14.237554	-6.238563	-13.000763	-20.315592	-8.722669
1188	1	-16.079459	-10.367915	-4.916887	-14.093475	-14.554135	-3.904572
1190	1	-13.158358	-6.861080	-5.288646	-9.633701	-15.503662	-13.385157
1194	1	-15.824470	-10.039314	-9.960560	-11.351995	-15.146299	-9.016378
1195	1	-14.814499	-7.748246	-7.122193	-2.754715	-14.234902	-8.081795
1196	1	-14.665677	-10.843772	-6.201733	-13.844899	-14.539684	-9.970881
1204	1	-18.366843	-9.203271	-4.903915	-9.041463	-19.086817	-7.984915
1209	1	-12.421027	-7.796878	-5.677117	0.267342	-15.947396	-6.612494
1213	1	-10.802884	-10.899241	-8.592156	-8.720360	-17.123839	-16.431024
1223	1	-14.940099	-4.215300	-4.339165	-11.944358	-12.789647	-10.296236
1229	1	-9.506291	-2.353049	-3.703914	-5.362812	-11.422895	-11.413242
1235	1	-6.618041	-7.660764	-4.434230	-11.558828	-15.980685	-16.053149
1238	1	-14.843068	-8.028294	-7.214939	-12.889871	-17.577098	-9.415321
1242	1	-11.454359	-10.626386	-6.160557	-12.084391	-20.271954	-13.632399
1247	1	-14.772091	-11.294835	-4.569527	-9.744279	-10.688501	-11.568368
1251	1	-14.022847	-11.692894	-2.972793	-7.960442	-18.749555	-7.085689
1259	1	-12.376184	-12.297628	-2.380597	-13.414877	-15.144624	-11.983452
1264	1	-18.458772	-7.786125	-5.792920	-14.558401	-14.679517	-10.429948
1272	1	-13.584597	-10.112688	-6.249443	-9.272123	-17.207908	-16.220694
1276	1	-11.599778	-9.661950	-5.019274	-8.809356	-15.649544	-8.019141
1280	1	-11.082724	-9.160108	-5.401091	-9.902625	-14.402347	-12.330056
1283	1	-10.364111	-11.645326	-2.832448	-2.644639	-14.246003	-10.816677
1296	1	-12.475515	-9.349487	-3.934883	-8.478013	-16.325739	-9.702243
1298	1	-12.066834	-12.575381	-4.615832	-14.964116	-10.652816	-12.501355
1317	1	-14.238922	-15.187102	-0.102351	-9.006430	-16.336314	-11.433498
1321	1	-14.463451	-10.389005	-8.118462	-5.908473	-11.064208	-13.176989
1330	1	-13.989235	-8.537844	-4.506646	-3.295721	-17.823639	-8.972117
1332	1	-18.899953	-6.075528	-7.994279	-7.677242	-11.502722	-10.666612
1354	1	-11.854556	-8.894606	-6.259609	-11.713718	-16.505502	-15.867327
1356	1	-15.524310	-9.201414	-0.112091	-7.456660	-13.660961	-9.623575
1361	1	-17.363765	-12.152455	-4.881679	-11.171291	-12.790141	-10.612311
1371	1	-13.095408	-8.930594	-7.675832	-9.393306	-8.852749	-11.251040
1378	1	-16.440399	-5.681860	4.765434	-16.462497	-7.440321	-12.285522
1380	1	-15.218084	-7.372607	-5.633765	-11.848354	-14.099901	-11.933926
1382	1	-7.895919	-9.868412	-0.839959	-8.428423	-17.382234	-13.845303
1388	1	-12.895173	-10.266692	-2.924426	-12.445008	-13.199898	-13.192115
1389	1	-16.152462	-14.422745	-3.966183	-11.219222	-12.108588	-6.639505
1393	1	-14.453490	-10.620379	-4.619896	-10.235188	-13.383896	-12.298066
1398	1	-16.238817	-11.406752	-5.896414	-8.563153	-17.460809	-11.130264
1412	1	-14.855505	-10.469395	-2.459151	-11.969447	-14.543711	-7.829418
1423	1	-8.217008	-12.317982	-9.874361	-11.450687	-17.148421	-13.771062
1424	1	-15.790991	-11.611773	-3.458428	-7.221254	-16.923131	-9.432733
1428	1	-10.530971	-5.994346	2.044376	-10.902472	-13.347641	-11.561038
1429	1	-13.194692	-9.363600	-6.780193	-11.360777	-15.836460	-9.068080
1436	1	-15.595827	-9.895726	0.094689	-10.310256	-18.175284	-10.098385
1445	1	-15.144499	-7.554816	-3.546904	-8.807735	-17.406337	-14.219271
1450	1	-10.340323	-12.298901	-5.574604	-11.347797	-13.860521	-10.419528
1455	1	-14.861465	-10.374921	-3.537812	-16.684792	-18.049938	-8.368403
1474	1	-8.483303	-11.155711	-5.217360	-10.683521	-16.631249	-12.462947
1478	1	-14.150947	-11.467105	-5.249920	-13.599275	-10.712177	-8.767790
1494	1	-12.715481	-10.532612	-8.357194	-11.259599	-16.491996	-11.666078
1496	1	-9.545483	-9.596481	-2.810792	-14.198937	-17.132087	-11.643818
1497	1	8.133499	-13.226624	-0.789757	6.471081	-11.462569	7.940845
1501	1	-10.433772	-12.743669	-9.292219	-12.149735	-12.283210	-11.677699
1515	1	-16.083075	-8.776429	-2.312096	-9.271210	-14.493986	-11.590617
1523	1	-13.335050	-8.091375	-0.826912	-12.895431	-14.125538	-12.024623
1525	1	-15.151816	-4.833512	-2.425595	-8.495955	-12.296094	-9.930833
1526	1	-7.093872	-11.269605	-0.049049	-13.571063	-15.135801	-9.425250
1552	1	-16.003657	-13.692799	-4.056841	-7.274495	-12.828351	-10.702169
1558	1	-9.801637	-8.866777	-7.793486	-9.585550	-12.613614	-9.146574
1566	1	-16.457518	-9.968398	-3.872167	-11.747959	-16.107663	-11.224616
1577	1	-14.666236	-6.989600	-6.254858	-7.247030	-14.792625	-9.487904
1583	1	-16.487951	-12.561581	-0.483802	-8.295152	-8.496055	-11.663258
1591	1	-15.195643	-8.300423	-5.492793	-10.222653	-14.424692	-8.047526
1630	1	-9.010103	-12.132571	-3.698667	-11.310468	-14.106418	-10.916318
1633	1	-13.980248	-9.160853	-3.644515	-11.997911	-17.813115	-13.941137
1634	1	-11.519826	-11.557274	-5.279445	-9.411343	-13.628299	-10.948553
1652	1	-14.574189	-10.212532	-0.490034	-12.201400	-11.773026	-7.840408
1683	1	-11.764177	-10.001200	-3.766584	-9.930548	-15.801383	-12.684410
1685	1	-9.959897	-10.912910	-1.608183	-14.366348	-14.454611	-7.777732
1696	1	-8.845842	-8.989604	-3.875699	-12.306028	-16.537346	-13.218921
1702	1	11.122434	-18.799318	-4.208686	9.087862	-9.687572	6.738489
1703	1	-13.353317	-10.440575	-2.517392	-9.151982	-15.139687	-13.999246
1708	1	-16.149358	-7.646473	-8.930953	-8.879390	-16.226667	-8.726668
1711	1	-12.668416	-5.232204	-4.917856	-7.349807	-10.922322	-9.469326
1721	1	-15.598041	-10.911456	-4.760412	-10.125281	-16.017723	-8.369371
1725	1	-9.837854	-14.061266	-3.585396	-11.698148	-15.330370	-10.798870
1733	1	-15.181333	-9.384097	-4.201634	-8.085977	-18.428375	-5.657957
1737	1	-16.239615	-6.991000	-4.312491	-9.493753	-14.865494	-12.558868
1742	1	-13.998150	-4.468176	-3.584407	-11.420656	-15.284302	-8.647073
1745	1	-17.941277	-9.942677	0.099912	-8.706469	-15.817904	-11.758243
1759	1	-13.467073	-3.524298	-5.998738	-9.979806	-12.045468	-8.785564
1762	1	-14.914001	-7.783580	-6.490745	-8.623897	-16.276733	-12.153539
1773	1	-16.621505	-8.314404	-3.993268	-9.670873	-15.490232	-10.443441
1780	1	-13.823633	-11.752679	-5.102037	-9.515170	-14.344898	-9.312575
1809	1	-16.137874	-8.916314	-2.465468	-8.637564	-8.059511	-8.491723
1817	1	7.951210	-14.957676	-4.562531	5.914751	-12.724404	7.401636
1827	1	-15.486361	-9.585917	-6.056687	-5.754124	-17.524139	-13.241485
1833	1	-12.107169	-5.944385	-7.673501	-9.339683	-10.977902	-13.736309
1849	1	-9.965386	-11.557524	-6.137805	-8.497775	-13.731742	-11.266908
1861	1	-14.993116	-10.523222	-3.888702	-11.190762	-18.565363	-10.361312
1865	1	-15.206557	-11.476924	-1.802202	-10.008996	-12.014112	-13.618111
1867	1	-12.152360	-7.726118	-5.168653	-10.241619	-13.087916	-14.562121
1868	1	-15.925204	-11.574679	-5.791846	-10.153001	-16.259821	-12.810280
1876	1	-12.844656	-8.829178	-6.165587	-7.673175	-15.082194	-11.917647
1879	1	-11.782664	-9.131196	-7.254695	-13.628041	-9.474532	-11.530359
1881	1	-14.245597	-15.713862	-8.098893	-6.259904	-11.459961	-10.140481
1903	1	-9.568894	-12.091434	-4.483024	-11.169561	-15.288162	-10.295929
1908	1	-14.953281	-9.769500	-10.276054	-14.600822	-15.653485	-11.840279
1914	1	-12.726000	-9.830356	-3.089892	-9.642874	-16.028809	-10.417572
1919	1	-11.612389	-9.469355	-4.591854	-16.129184	-14.355581	-14.883998
1925	1	-16.249394	-9.181941	-5.663554	-8.985369	-14.237388	-9.598913
1930	1	-10.082067	-11.513174	-7.268739	-9.787213	-15.994979	-15.073267
1935	1	-15.152534	-8.509246	-5.378967	-8.757858	-15.800803	-7.803727
1946	1	-15.184408	-11.324813	-1.884286	-8.953212	-13.702784	-10.329136
1954	1	-13.544456	-11.294344	-1.148943	-12.199166	-11.191132	-10.757145
1968	1	-12.408462	-8.344602	-3.218051	-17.237377	-15.167286	-11.587637
1970	1	-12.528773	-9.761051	-7.150587	-8.969477	-16.368658	-14.724207
1976	1	4.006570	-14.313270	-6.529664	6.291344	-15.089662	6.363130
1984	1	-14.988195	-14.173219	-2.847608	-10.713491	-16.636252	-8.688851
1989	1	-10.823188	-8.222866	-2.247519	-7.896205	-15.023094	-10.795314
1994	1	-12.629902	-10.566816	-2.351368	-5.935629	-14.267563	-8.155284
2000	1	-12.553445	-7.015369	-5.153212	-9.029349	-15.990270	-8.995773
2006	1	-13.743109	-5.168386	-4.375902	-8.974454	-12.828145	-11.641469
2009	1	-9.326747	-8.602620	-3.085588	-13.293723	-15.680972	-15.156197
2012	1	-15.995096	-10.037668	-5.935549	-10.241768	-13.139640	-8.320954
2014	1	-13.822024	-11.892283	-1.539642	-9.197093	-14.799074	-9.957214
2017	1	-12.415973	-9.970359	-1.634621	-11.082092	-20.722500	-10.687919
2032	1	-9.180105	-8.267500	-4.779136	-14.186484	-18.128950	-11.103003
2042	1	-7.734722	-10.947924	-2.807564	-9.684232	-14.666381	-13.022943
2045	1	-9.216158	-7.864602	-1.318107	-0.445031	-16.707355	-7.518597
2050	1	-12.418188	-9.492738	-6.203504	-6.271333	-17.051998	-13.713992
2051	1	-14.039239	-6.427242	3.600638	-16.964241	-12.503445	-9.791060
2066	1	-13.682695	-8.440334	-4.830240	-7.205665	-18.322384	-14.639180
2067	1	-12.299550	-9.608089	-6.456782	-11.786587	-14.087632	-7.948107
2075	1	-14.179723	-11.157352	-7.271890	-9.856635	-14.124531	-12.065249
2077	1	-17.021149	-7.801972	-3.041912	-9.738541	-16.729494	-13.873066
2088	1	-10.870336	-13.190479	-7.748573	-2.093493	-12.125037	-11.320807
2102	1	-9.355977	-10.625485	-4.115654	-9.725226	-17.046335	-5.583909
2107	1	-15.696534	-12.469164	-7.779639	-8.499789	-15.786664	-10.893390
2125	1	-15.076624	-5.295622	-4.672619	-10.593747	-15.241259	-10.948723
2129	1	-15.479290	-15.554423	-7.057120	-12.481125	-15.033229	-11.807255
2148	1	-9.931231	-6.695769	-5.484914	-17.793700	-16.134715	-12.897739
2163	1	-10.496248	-13.142764	-1.960053	-11.700234	-17.453364	-14.296015
2179	1	-11.341633	-11.881943	-6.307295	-4.258189	-16.796410	-9.427530
2188	1	-9.536483	-9.963963	-4.679231	-3.793914	-13.135710	-6.271954
2195	1	-19.992765	-17.071631	0.530110	-8.436648	-16.248485	-10.430217
2197	1	-16.043264	-8.604062	-7.670743	-10.879146	-11.979335	-9.540303
2198	1	-10.454778	-6.563180	-3.677228	-10.583473	-13.440580	-14.709611
2205	1	-17.257161	-9.805215	-2.702911	-12.907301	-12.972696	-8.849107
2219	1	-11.115032	-8.806006	-5.354451	-8.016601	-16.605232	-10.376221
2228	1	-12.980457	-11.259393	0.099491	-5.014033	-13.961976	-15.856146
2230	1	-14.758179	-10.484449	-6.307871	-10.111666	-11.016731	-7.067176
2239	1	-7.407008	-12.235604	-4.284441	-11.323040	-12.054559	-8.723615
2242	1	-15.703729	-12.485720	2.751040	-7.497321	-12.543988	-8.524197
2250	1	-11.324568	-11.801425	-3.788971	-2.915337	-18.475680	-7.214818
2251	1	-11.366431	-11.549020	-3.396451	-6.718227	-17.497491	-11.084361
2265	1	-11.350347	-12.288707	-2.225861	-13.036972	-14.980563	-13.768935
2275	1	-14.933108	-7.956055	-4.682709	-10.868774	-14.597537	-6.008485
2276	1	-12.845451	-8.940784	0.191804	-6.880500	-18.997678	-11.583487
2280	1	-13.729984	-14.493205	-3.915984	-11.849768	-15.848788	-10.990569
2291	1	-14.861173	-10.611893	-2.048160	-10.460913	-13.132185	-13.384839
2304	1	-13.112355	-10.088783	-2.262642	-12.787841	-10.095384	-9.684682
2307	1	-14.833899	-8.759027	-6.368769	-4.973466	-18.771777	-11.420178
2313	1	-13.874158	-4.722411	-6.510626	-12.372479	-13.269113	-11.024511
2314	1	-16.756933	-14.482012	-6.038674	-6.609080	-12.860137	-7.279466
2320	1	-16.386211	-9.327038	-3.543791	-11.514796	-15.769386	-12.217940
2322	1	-4.586530	-13.500716	-1.765083	1.177069	-9.707073	-7.410457
2335	1	-15.453438	-10.960189	-1.988870	-9.940227	-13.516990	-4.898281
2342	1	-14.168246	-7.687700	-2.917739	-9.049886	-18.038069	-6.383704
2345	1	-8.821057	-11.111605	-4.866638	-10.427593	-17.878987	-16.848310
2346	1	-13.099063	-3.495143	-5.456343	-11.613874	-6.762790	-12.420286
2353	1	-12.677983	-7.250418	-1.563207	-3.195553	-17.773689	-14.191708
2354	1	-13.484398	-10.402579	-5.328256	-7.888569	-15.314817	-13.245909
2361	1	-14.514818	-11.206042	-5.997762	-9.800662	-12.312036	-10.824047
2366	1	-10.414959	-10.513560	-6.920708	-15.670199	-13.712426	-7.443498
2375	1	-14.305678	-13.420084	-3.788200	-10.653936	-14.701193	-9.544615
2395	1	-10.322223	-11.662188	0.532967	-8.893717	-14.545506	-8.582291
2401	1	-15.173613	-11.741202	-9.544787	-10.846438	-15.787257	-9.245676
2421	1	-11.928756	-6.461837	-4.598748	-8.187878	-18.071343	-11.266724
2426	1	-10.626031	-9.639663	-1.569306	-6.876080	-13.548976	-8.589658
2431	1	-14.496171	-10.106798	-3.469714	-10.149487	-17.768918	-7.855985
2434	1	-10.718917	-12.273544	-3.387139	-9.716287	-11.971656	-6.607517
2441	1	-12.496226	-1.886178	-3.452941	-14.063985	-17.938986	-11.585576
2446	1	-16.167776	-9.615203	-6.240534	-6.892041	-14.519639	-11.137610
2469	1	-13.155243	-9.006587	-4.479343	-10.592986	-16.434081	-13.434515
2476	1	-11.677904	-12.016326	-2.049242	-11.525624	-16.793659	-13.644780
2487	1	7.028661	-12.298790	-1.260682	5.142486	-16.256051	6.352901
2488	1	-11.511566	-10.521779	-7.378964	-12.962621	-15.091862	-14.328743
2492	1	-6.305951	-6.764694	-7.886048	-11.249109	-16.733818	-14.747299
2504	1	-14.223023	-8.392374	-3.507499	-11.614595	-15.177390	-14.763960
2513	1	-14.499519	-9.157262	-3.435708	-12.130754	-14.376006	-9.260865
2516	1	-13.383082	-11.997113	-8.149076	-12.022968	-13.097711	-12.057768
2533	1	9.594646	-14.762452	-2.826365	7.114307	-9.916720	7.709064
2538	1	-18.342732	-10.639811	-1.578216	-14.604740	-15.739542	-6.933249
2540	1	-6.436112	-8.074819	-3.784477	3.004875	-13.330562	7.168458
2549	1	-15.413703	-10.207647	-4.743954	-11.511969	-14.606723	-9.607345
2554	1	-14.657570	-11.612936	-5.257894	-7.828368	-14.734726	-5.925252
2558	1	-11.157604	-13.715967	-6.368163	-10.884813	-14.768742	-6.784946
2561	1	-8.073706	-9.940397	-3.327004	-9.563203	-10.992659	-12.714373
2566	1	-13.078215	-10.539242	-5.997669	-11.805637	-16.004727	-5.855595
2567	1	-13.498104	-9.265108	-6.091615	-13.454101	-15.891174	-11.006178
2568	1	-13.592111	-11.639098	-4.433304	-0.262175	-15.845411	-5.117012
2572	1	-19.105676	-11.275261	1.439404	-8.506733	-11.437383	-10.481930
2580	1	-15.880193	-6.818922	-1.796489	-8.697685	-12.722308	-12.778396
2594	1	-12.262511	-6.396714	-6.554073	-10.185230	-11.524454	-7.846146
2595	1	-12.362561	-12.525537	-9.207633	-8.389749	-12.997459	-13.559605
2598	1	-12.594150	-12.440709	-3.016505	-11.992872	-18.440492	-14.626290
2603	1	-9.426817	-9.688668	-8.317561	-11.831327	-14.304313	-10.888260
2604	1	-14.045186	-8.884048	1.007647	-6.200069	-16.841001	-14.811689
2607	1	-14.900530	-7.695064	-2.130437	-3.066464	-15.511628	-7.216181
2609	1	-16.439049	-11.569297	-2.955574	-8.538400	-14.472247	-7.685693
2629	1	-12.750553	-9.231086	-7.005019	-9.683635	-11.013853	-9.117032
2630	1	-7.593434	-10.521435	-4.525641	-6.222520	-17.462431	-13.177020
2631	1	-16.314684	-12.194801	-2.613501	-12.093766	-16.911579	-16.730109
2632	1	-16.627477	-12.521611	-2.626869	-8.908413	-12.979789	-9.013882
2635	1	-14.232798	-10.182441	-5.156254	-2.862838	-17.631111	-8.527230
2642	1	-15.070044	-7.478615	-6.651204	-13.253883	-13.193054	-14.300502
2643	1	-16.044858	-10.204131	-6.690244	-5.363503	-8.333079	-16.054368
2646	1	-3.010290	-15.826538	-5.920281	-6.197915	-12.711229	-12.931859
2651	1	-16.981272	-8.687665	-3.382658	-6.629168	-14.786421	-11.251015
2656	1	-10.960003	-9.186503	-4.109816	-10.217862	-16.374371	-12.103882
2657	1	-15.391910	-4.885913	-1.175074	-12.579721	-12.246777	-9.224414
2662	1	-15.420265	-6.305410	-3.541799	-15.766186	-15.965787	-7.916581
2664	1	-15.864703	-9.217454	-7.934741	-12.819337	-12.674757	-11.730276
2674	1	-12.519078	-10.756169	-7.875193	-9.295271	-17.972151	-9.787789
2675	1	-14.076388	-14.826870	-6.806415	-11.626454	-13.978619	-15.587639
2687	1	-15.787452	-11.476921	-7.620601	-7.359147	-15.179095	-10.318554
2691	1	-20.339728	-6.031492	1.214704	-14.777367	-10.995254	-11.747296
2695	1	-20.585132	-14.249846	-4.971570	-9.140258	-20.085199	-2.976032
2713	1	-15.111449	-4.280793	-5.705879	-10.821713	-11.930288	-8.662085
2720	1	-12.296442	-11.736170	-6.407918	-8.616184	-10.447469	-16.934436
2724	1	-18.599949	-7.650534	-0.055176	-10.527893	-14.105485	-6.252804
2728	1	-15.568912	-8.292274	-6.243615	-10.802632	-18.021836	-8.950793
2731	1	-13.205868	-13.708275	-3.269487	-13.502943	-14.492217	-5.356392
2733	1	-5.985771	-9.439941	-6.167707	-10.247938	-16.482517	-14.951752
2748	1	-15.517170	-10.346072	-3.355227	-3.560104	-16.615452	-5.466431
2751	1	-11.744454	-5.835909	-0.903485	-13.765135	-13.665997	-12.074942
2752	1	-15.051047	-14.414997	-8.216632	-14.081979	-17.342808	-13.672187
2754	1	-4.899442	-11.041851	-8.503819	-9.067469	-18.072906	-10.445590
2764	1	-17.194289	-3.385265	0.808419	-11.934037	-17.898765	-8.809566
2780	1	-13.691790	-9.501869	-7.488975	-9.616837	-13.974872	-15.797478
2795	1	-15.159365	-11.574561	-2.965261	-10.325433	-15.033208	-9.447285
2801	1	-13.653276	-5.865900	0.078546	-10.318634	-18.375857	-7.181615
2814	1	-13.568114	-8.121073	-6.256787	-17.006482	-15.731567	-8.857205
2821	1	-13.872632	-10.307385	-4.507137	-8.509937	-13.918092	-10.775357
2822	1	-11.864215	-8.344156	-4.973036	-12.759921	-17.388265	-14.577637
2827	1	-10.533821	-9.469868	-5.674773	-13.843120	-15.959256	-7.393544
2829	1	-15.331925	-9.508723	-6.483775	-10.152137	-20.075868	-10.696490
2831	1	-12.831565	-7.876067	-3.636036	-12.835653	-13.474894	-7.241074
2832	1	2.486832	-10.606899	-6.117424	6.132421	-14.602637	7.464580
2834	1	-10.133298	-11.494747	-3.148663	-12.735345	-11.464517	-10.696581
2838	1	-10.924610	-10.839560	-7.487719	-10.146518	-15.741114	-13.655855
2843	1	-13.175532	-7.983148	-6.709854	-12.051685	-9.950596	-3.753013
2852	1	-15.160430	-11.200781	-4.816591	-8.672392	-13.993901	-7.686610
2856	1	-11.557363	-9.829725	-3.279422	-10.265704	-18.336609	-9.564402
2864	1	-13.475492	3.838452	6.838003	-10.035917	-0.034633	-4.343973
2876	1	-13.472315	-3.065768	0.107426	-10.791376	-15.235738	-9.059808
2886	1	-17.576707	-9.448370	-0.113233	-9.212230	-14.334748	-9.668875
2888	1	-14.869079	-9.267952	-4.493930	-9.472990	-15.153752	-7.986981
2897	1	-11.237795	-10.425442	-0.783853	-10.092195	-14.248143	-14.459132
2899	1	-13.986856	-9.518297	1.257837	-9.713687	-16.400524	-14.722900
2907	1	-8.851626	-13.525400	1.117037	-11.553484	-15.453324	-6.475640
2933	1	-15.467588	-9.210691	-5.868268	-11.208132	-11.146918	-8.206108
2934	1	-12.679297	-13.073229	-5.626387	-11.956561	-17.295025	-6.960408
2940	1	-10.542891	-7.228700	-8.150290	-13.346825	-16.132136	-7.382632
2945	1	-17.377917	-14.968572	-2.050925	-13.183943	-18.523218	-7.256876
2954	1	-8.401224	-7.479678	-4.033969	-6.956956	-17.340975	-13.846340
2964	1	-13.666533	-8.950028	-4.109878	-9.027757	-15.877948	-6.955320
2968	1	-13.532052	-2.904895	-5.029477	-8.780495	-12.412234	-12.115427
2971	1	-16.380444	-8.363299	-7.124298	-9.240837	-18.462892	-11.573916
2978	1	9.514605	-10.803628	-5.268412	7.264446	-12.984317	6.561399
2982	1	-13.258879	-6.612144	-5.416103	-8.902230	-14.166943	-10.838624
2989	1	-13.153416	-8.650904	-2.040396	-8.992963	-15.216087	-7.648851
2991	1	-15.011819	-9.180946	-8.904962	-10.691642	-15.928874	-11.971084
3004	1	-14.236710	-9.540445	-6.016678	-10.017443	-15.206213	-9.053633
3060	1	-7.378211	-14.020974	-5.398208	-6.580373	-12.254372	-11.560581
3070	1	-12.650565	-6.611259	-7.565689	-5.004474	-10.209497	-9.910763
3075	1	-19.003248	-7.148246	2.132294	-11.713685	-14.525045	-7.029966
3081	1	-12.247083	-7.237646	-2.958893	-6.724071	-15.326737	-11.369540
3084	1	-15.200036	-9.112728	-4.754269	-10.668197	-10.091860	-8.190305
3086	1	-9.944559	-10.284927	-3.385757	-11.103636	-15.287051	-13.039812
3095	1	-11.732360	-10.642302	-1.844794	-7.698223	-13.577070	-14.614148
3108	1	-16.336825	-12.482115	-4.420862	-10.804337	-13.714464	-13.454110
3115	1	6.638571	-15.207072	-2.795179	8.663918	-13.690054	8.637942
3122	1	-12.668401	-12.797614	-10.396911	-9.239038	-15.630797	-8.831731
3124	1	-13.537058	-13.435762	-6.261281	-13.116850	-14.283206	-12.538278
3125	1	-14.597284	-3.524149	-7.253086	-12.607344	-12.190786	-11.061552
3134	1	-12.467792	-10.128023	-4.922112	-8.613373	-18.360170	-9.721372
3137	1	-12.093208	-9.135435	-0.893379	-11.326047	-16.238217	-11.518328
3140	1	-11.338451	-9.655530	-5.193709	-13.664558	-15.841657	-14.071777
3141	1	-11.976863	-8.826479	-6.013870	-7.568910	-15.240912	-10.119041
3148	1	-13.631408	-8.561449	-1.274621	-8.565258	-11.424110	-8.134016
3150	1	-11.063630	-11.829996	-8.315660	-11.201760	-16.782310	-6.549115
3153	1	-16.405824	-15.693483	-3.220364	-5.797474	-13.978703	-3.326554
3158	1	-8.512875	-14.676954	-3.041637	-10.162453	-16.299381	-14.852480
3176	1	-16.222223	-8.606710	-8.479996	-6.973075	-9.650772	-9.280861
3178	1	-10.282772	-9.517761	-4.341444	-11.306005	-9.185720	-8.288927
3180	1	-12.055308	-7.648687	-4.881748	-6.158441	-9.561136	-7.416091
3182	1	-17.583986	-13.130454	-4.268448	-10.513271	-11.509690	-7.465362
3191	1	-13.566234	-10.602295	-7.018495	-9.494409	-9.342041	-15.898542
3195	1	-11.068702	-8.724428	1.503220	-2.572557	-13.173639	-10.067745
3197	1	-14.007665	-12.044136	-3.161961	-10.814414	-14.316666	-11.162653
3198	1	-15.374754	-11.487803	-3.160327	-11.407865	-12.042328	-7.340796
3204	1	-10.551133	-8.910326	-5.983044	-8.671066	-14.980454	-15.573632
3206	1	-15.821854	-6.627543	-6.362346	-13.936651	-18.920594	-4.094151
3210	1	-16.250315	-10.151426	-4.651892	-13.918051	-13.743731	-7.151953
3226	1	-14.604011	-16.742255	-3.930665	-11.922971	-11.409038	-14.572556
3230	1	-16.233319	-11.039730	-3.687093	-11.302309	-11.943975	-7.470933
3234	1	-11.274902	-9.484578	-7.362759	-6.655382	-10.792296	-13.774437
3247	1	-17.418981	-8.702579	-4.591479	-11.673079	-9.757544	-8.709680
3250	1	-2.414247	-7.175373	-7.025686	-0.534537	-8.872592	-12.894611
3253	1	-10.461361	-13.507381	-3.186360	-10.013585	-13.896081	-12.728894
3260	1	-13.122913	-9.383024	-3.259795	-7.893478	-15.577293	-9.311015
3269	1	-9.810627	-12.010836	-5.445056	-13.182577	-12.183990	-14.646366
3270	1	-9.892896	-11.510604	-5.796132	-11.874984	-17.202719	-9.138349
3271	1	-18.637805	-10.629684	-5.312366	-7.190378	-11.715996	-6.779338
3281	1	-10.864270	-1.778242	-1.495983	-4.813028	-10.411482	-10.501027
3282	1	-12.208309	-8.555263	-5.304813	-10.575144	-9.081876	-13.103253
3287	1	-13.597463	-11.616167	-5.888558	-12.473692	-16.124220	-6.782612
3288	1	-13.321962	-10.444017	-5.056647	-9.044294	-10.699629	-5.868442
3296	1	-11.475126	-8.483973	-2.750696	-11.363082	-15.001222	-16.002079
3298	1	-16.410715	-7.479282	2.423408	-7.651779	-10.939274	-9.492644
3299	1	-17.066020	-9.228753	-2.615161	-8.592177	-16.154330	-12.212453
3311	1	-12.281387	-12.822549	-9.209350	-8.758396	-13.163009	-13.296873
3312	1	-7.312016	-7.067070	-4.470190	-10.713122	-14.384772	-12.569574
3324	1	-15.423974	-6.643241	-3.631739	-5.972569	-20.583087	-11.993048
3325	1	-9.616543	-9.468196	-6.425249	-10.093216	-16.630994	-6.769624
3345	1	-18.786178	-9.558752	-3.161436	-7.406977	-14.990776	-9.335154
3347	1	-16.350528	-8.372103	2.179769	-12.361370	-13.493984	-12.465119
3362	1	-10.084217	-7.184286	-0.169810	-5.563512	-16.056373	-9.816495
3376	1	-12.468448	-13.271531	-4.668764	-10.949098	-18.950333	-14.039548
3382	1	-16.383635	-12.037645	-2.296341	-16.884129	-18.164563	-5.978267
3403	1	-11.239584	-10.438763	-3.807547	2.755188	-14.563481	-7.956477
3410	1	-17.479255	-8.372134	-6.050437	-10.723018	-18.239453	-9.764337
3425	1	-14.026422	-7.392157	-3.146737	-9.351356	-12.890421	-9.256431
3446	1	-11.082118	-12.231895	-5.844040	-11.178861	-17.789447	-4.719340
3451	1	-15.291985	-10.614100	-2.558680	-8.786517	-13.332924	-7.111457
3458	1	-12.691084	-14.809880	-4.721909	-1.436142	-12.269658	-5.134345
3469	1	-15.251673	-7.790019	-4.923096	-13.482230	-15.143660	-11.554408
3471	1	-10.714332	-9.268892	-4.980668	-8.959568	-13.879549	-11.165042
3472	1	-12.911939	-4.541216	-3.789703	-10.625767	-16.202723	-18.239444
3473	1	-10.033597	-8.217984	-7.528152	1.104371	-15.185192	-6.294681
3476	1	-11.341758	-13.860525	-4.604152	-12.272682	-15.239744	-14.574739
3513	1	-17.791763	-8.139271	-3.290126	-10.686405	-9.865600	-11.878008
3529	1	-13.532547	-3.198240	-5.562101	-11.707688	-18.444913	-8.324503
3530	1	-18.501499	-9.498189	-3.718221	-6.637333	-8.840533	-6.911904
3534	1	-13.555011	-6.833313	-6.103627	-10.725364	-12.253958	-11.031761
3540	1	-13.788469	-11.832817	-6.628041	-12.766306	-16.738064	-12.283948
3541	1	-12.540641	-9.186438	-3.790243	-12.196891	-14.661401	-3.484009
3543	1	-7.817091	-12.816430	-2.798195	-8.680181	-17.007590	-5.417283
3548	1	-14.260016	-8.694944	-2.778149	-11.728853	-15.769923	-6.167223
3568	1	-10.999500	-8.632881	-6.022352	-12.807743	-20.911313	-15.367796
3571	1	-11.262761	-13.444671	-5.419939	-8.791043	-13.380023	-9.398579
3572	1	-12.129869	-8.592966	-6.699628	-10.865771	-12.737062	-10.959314
3575	1	-13.326496	-10.968693	-4.785808	-11.210549	-18.166606	-8.317926
3579	1	-19.381547	-7.903376	-4.777482	-9.105263	-16.247807	-7.165973
3599	1	-14.823142	-14.971379	-7.235806	-12.814726	-14.932094	-6.338794
3606	1	-13.072183	-7.155194	-4.979507	-9.634683	-13.379613	-11.278323
3608	1	-16.966771	-9.031714	-5.689552	-8.270926	-8.902854	-7.433413
3610	1	-11.842660	-9.101714	-5.815723	-8.166567	-16.575135	-11.740943
3611	1	-11.050920	-11.080670	-11.204007	-8.336289	-11.635902	-11.699276
3621	1	-14.637828	-15.291049	-4.720022	-8.045407	-13.825634	-14.560079
3642	1	-13.647203	-10.484463	-3.069914	-10.046814	-12.519965	-6.785115
3661	1	-19.576842	-9.854364	-6.877246	-11.688966	-16.690480	-10.586993
3664	1	-18.330309	-5.263799	-2.315907	-4.332572	-12.470930	-8.487577
3665	1	-14.542838	-11.832244	-4.912160	-9.521829	-18.571913	-11.552572
3693	1	-13.346707	-11.694737	-5.345514	-9.275708	-14.429930	-12.422926
3712	1	-13.844363	-8.053688	-6.137112	-9.220231	-9.520164	-8.983595
3726	1	-14.047576	-12.528179	-2.560347	-9.303750	-13.639595	-8.591725
3741	1	-11.592814	-10.337845	-5.589002	-16.301672	-9.052151	-12.050291
3744	1	-5.778459	-10.610561	-2.126071	-8.255929	-13.694963	-16.878846
3746	1	-15.312117	-13.145309	-6.514235	-7.403331	-16.082564	-11.031761
3751	1	-12.243599	-11.784408	-1.657726	-7.606220	-17.208806	-13.526710
3761	1	-14.733823	-9.409902	-3.410009	-10.239054	-8.294510	-5.003330
3763	1	-13.579409	-8.355509	0.533867	-11.524844	-13.039330	-3.841130
3764	1	-15.511814	-9.419763	-8.844219	-8.224883	-12.974711	-10.949318
3767	1	-12.696334	-12.683224	-6.315998	-5.108937	-15.687649	-8.390308
3769	1	-13.786274	-11.668365	-2.589690	-9.962507	-16.369488	-13.061310
3776	1	-11.537028	-11.008420	-0.634981	-7.559017	-13.852247	-8.479718
3794	1	-16.690168	-3.717629	-8.042644	-10.016030	-14.599509	-14.542207
3806	1	-9.979143	-6.981164	-4.655466	-11.013113	-13.121858	-9.249365
3809	1	-15.724862	-7.213017	-1.758059	-8.529460	-12.818951	-11.012296
3814	1	-16.501448	-2.517160	-3.322129	-7.283646	-19.686623	-9.853350
3822	1	-14.003322	-13.356784	-2.711265	-11.404944	-12.218282	-9.712851
3823	1	-13.359899	-10.925263	-4.327096	-10.149013	-17.731132	-11.311873
3827	1	-7.402675	-12.256897	-4.753090	-2.881825	-10.916348	-12.863183
3832	1	-11.935754	-7.688557	-5.186303	-12.359354	-16.808900	-13.153926
3833	1	-13.895634	-11.846690	-5.098348	-15.032365	-13.848022	-8.161954
3834	1	-13.202574	-10.627515	-0.434493	-7.181567	-12.487984	-14.227012
3835	1	-16.757346	-6.455624	-8.182149	-3.554007	-17.275850	-11.812125
3841	1	-18.125566	-11.268622	-7.261611	-11.672611	-16.154884	-12.617040
3851	1	-12.847617	-11.744267	-3.309840	-9.568167	-12.969088	-12.421973
3856	1	-13.903194	-8.783986	-3.465097	-8.959079	-12.619672	-10.016039
3860	1	-13.994646	-10.952132	-6.020238	-11.676248	-18.709664	-9.013347
3869	1	-17.354960	-0.642212	-0.508392	-9.788608	-16.628029	-9.033124
3892	1	-15.106904	-8.366123	-4.215086	-12.228269	-19.213544	-12.493610
3896	1	-15.786505	-10.413332	-5.984808	-11.482120	-15.070965	-8.907637
3904	1	6.597699	-13.792700	-7.270254	6.873107	-14.266831	6.016852
3913	1	-12.919233	-6.143309	0.653139	-11.083392	-13.082659	-7.156417
3921	1	-15.382140	-10.714788	-9.439982	-10.582928	-14.748336	-10.278574
3931	1	-14.970151	-12.224056	0.826723	-12.297835	-11.328709	-11.776982
3955	1	-10.017876	-8.160437	-6.290042	-2.558322	-15.834247	-11.553450
3961	1	-13.795830	-0.405116	-2.236998	-11.518416	-10.459038	-9.141673
3964	1	-15.792227	-8.086954	-1.506273	-5.319882	-7.876979	-8.207358
3967	1	-13.374630	-7.017542	-6.947009	-15.626599	-14.550290	-7.516165
3970	1	-16.258505	-13.104598	-2.942435	-12.290534	-13.942742	-11.820986
3971	1	-14.355788	-11.928902	-4.726283	-8.269186	-8.756117	-5.471277
3974	1	6.670485	-12.867778	-5.662675	8.445204	-11.570618	7.971232
3979	1	-16.079360	-9.935720	-4.792248	-12.147742	-16.377000	-11.854629
3985	1	-5.509513	-5.040664	0.755153	-10.381592	-12.646171	-12.655676
3989	1	-13.968974	-15.554395	-1.596151	-10.646714	-18.857413	-9.152415
3993	1	-12.003224	-12.344664	-6.412546	-10.548550	-12.164670	-11.182096
3999	1	-9.118858	-8.690164	-0.517306	-16.740312	-15.784146	-9.435090
4003	1	-12.126242	-9.798517	-3.833754	-5.692507	-16.752765	-8.036867
4008	1	-10.667511	-2.986778	-3.457633	-5.362851	-14.829759	-11.570226
4025	1	-7.203729	0.111671	-4.079001	-10.603415	-14.675051	-10.900517
4046	1	-16.874707	-11.230413	-5.589723	-10.512063	-13.657093	-11.120465
4047	1	-14.715286	-10.413656	-4.739769	-10.055207	-12.835375	-4.653682
4058	1	-17.703180	-11.718398	-6.929260	-4.557258	-18.051145	-8.585474
4059	1	-8.151908	-11.101846	-4.872527	-16.914293	-15.541276	-8.497108
4064	1	-15.909876	-7.394333	-9.445764	-7.700497	-14.186304	-10.222807
4073	1	-10.786033	1.033365	0.235142	-7.410629	-10.569673	-12.977944
4077	1	-13.306279	-10.583996	-3.554355	-7.588940	-15.387753	-13.930820
4078	1	-9.246274	-10.916534	2.224557	-14.602955	-8.818448	-7.296552
4099	1	-14.153930	-10.949972	-3.407662	-8.485278	-13.664090	-11.507363
4120	1	-11.088751	-10.969964	-3.821216	-7.558194	-16.622722	-10.502171
4128	1	-13.320711	-12.916814	-4.814042	-12.397758	-13.396282	-13.882134
4134	1	-9.570461	-11.074060	-6.663793	-9.462364	-14.691166	0.469794
4150	1	-11.397883	-12.291226	-2.632629	-9.299227	-12.823499	-12.732426
4155	1	-13.487178	-9.996316	-2.639352	-13.573720	-17.689038	-9.189932
4160	1	-11.152446	-10.691641	-6.622449	-8.712000	-17.518099	-14.857900
4164	1	-9.655017	-11.163634	-4.725854	6.008014	-11.378646	-5.496394
4170	1	-12.603639	-10.879400	-6.362552	-9.620254	-15.913786	-13.472046
4198	1	-10.523046	-6.522088	-5.621418	-10.412213	-18.843915	-5.872424
4204	1	-13.370451	-7.608492	-2.249608	-10.720054	-11.565413	-6.656834
4207	1	-15.967966	-2.227183	-2.159482	-12.029750	-14.539280	-0.490180
4214	1	-15.351391	-11.185325	-6.575564	-11.210653	-15.553298	-9.591285
4216	1	-10.841409	-14.737618	-2.755018	-9.675972	-14.182418	-10.324687
4217	1	-13.989634	-11.735934	-2.066886	-8.297511	-11.283041	-9.057638
4220	1	-15.536850	-11.099016	-6.201178	-13.686011	-14.144243	-10.610486
4235	1	-19.391824	-10.444995	-6.275062	-13.956475	-17.159311	-10.900408
4248	1	-10.398189	-6.851890	-8.327917	-9.335323	-15.642089	-14.204246
4253	1	-14.452044	-12.131868	-7.266540	-12.976510	-15.155998	-9.978718
4254	1	-14.033186	-8.405707	-2.807671	-4.205219	-12.554852	-7.888409
4278	1	5.213794	-8.957901	-0.884630	5.975710	-16.722053	7.321687
4279	1	-12.897338	-11.793445	-6.686083	-11.814973	-18.540733	-10.627077
4296	1	-15.889242	-8.896837	-5.861734	-8.122963	-10.927198	-6.576184
4301	1	-17.578202	-13.768526	-5.579191	-11.583045	-12.115134	-3.938990
4302	1	-15.023267	-11.168615	-7.398035	-12.217404	-12.759215	-9.900483
4312	1	-12.396985	-10.770523	1.496848	-8.791682	-9.829615	-9.552600
4316	1	-8.949863	0.321805	-2.745020	-12.416893	-10.515372	-13.687578
4350	1	-15.631140	-12.584021	-3.960526	-13.259041	-9.463742	-8.826224
4358	1	-17.401488	-6.601473	-1.540598	-9.355199	-14.769497	-15.387451
4379	1	-15.185603	-8.879663	-9.377804	-7.195157	-16.491455	-7.772829
4382	1	-16.787229	-11.476858	-0.070412	-9.910144	-9.959998	-8.219839
4384	1	-9.747486	-6.022677	-4.348737	-0.735564	-16.159047	-4.710574
4385	1	-12.342677	-8.340828	-1.508604	-11.321517	-17.019060	-12.788554
4409	1	-11.296899	-7.172675	-5.318329	-15.358295	-14.480003	-9.605366
4465	1	-15.046313	-6.899124	-7.098755	-11.012644	-16.877485	-11.984233
4466	1	-16.007736	-11.576420	-4.987948	-10.746370	-15.106102	-8.289202
4467	1	-17.147314	-10.378741	-4.732368	-10.948004	-18.864372	-4.467884
4474	1	-16.177512	-11.611550	-6.664185	-7.903421	-13.230545	-10.847157
4477	1	-9.656812	-4.889850	0.154602	-10.397825	-12.318495	-11.500219
4484	1	-16.376423	-7.669418	-7.956537	-8.492835	-13.320215	-10.960081
4487	1	-12.378118	-14.313096	-6.981439	-11.239497	-12.305885	-11.746750
4517	1	-6.120078	-6.866210	-1.901868	-10.157794	-14.121846	-11.197868
4518	1	-13.874259	-11.825105	-2.196235	-7.912893	-14.998953	-7.920160
4535	1	-12.019370	-3.764301	-4.982153	-8.687148	-17.855846	-13.537888
4543	1	-13.147682	-6.728366	-8.620351	-9.153665	-16.337011	-14.062290
4547	1	-13.247856	-7.011180	-7.357326	-9.958611	-17.468273	-10.381722
4556	1	-8.354152	-7.743987	-5.501822	-6.335632	-16.089695	-8.429069
4562	1	-16.242486	-11.884163	-3.706727	-10.909703	-12.259985	-13.166095
4579	1	-16.230932	-15.420719	-5.137834	-11.238650	-11.060867	-11.487688
4590	1	-17.727229	-11.583420	-0.444772	-5.672403	-11.443461	-11.010215
4596	1	-14.268023	-11.891830	-0.957549	-9.029915	-14.823089	-7.970671
4600	1	-10.942848	-7.739931	-4.587849	-8.739709	-17.153301	-10.751886
4621	1	-14.257844	-7.238893	-5.267229	-6.508680	-10.370801	-11.223683
4625	1	-13.513021	-10.184867	-5.862921	-8.265571	-12.257060	-6.488654
4655	1	-11.820638	-10.963298	-5.728799	-11.151215	-17.705878	-9.511665
4657	1	-13.893858	-11.734441	-2.826165	-12.999823	-16.363938	-13.850327
4658	1	-15.119315	-9.015445	-5.314355	-12.314747	-15.285217	-6.184814
4665	1	-15.293944	-12.253861	-2.822231	-5.526205	-16.350614	-9.093040
4666	1	-16.290728	-7.346926	-6.417739	-14.082837	-17.063894	-9.905377
4673	1	-13.209907	-16.416438	-2.867735	-8.448174	-11.866762	-10.180071
4677	1	-16.775210	-10.419556	-3.152345	-9.153035	-15.936321	-6.455841
4690	1	-14.550227	-12.989172	-3.747985	-10.864853	-13.189834	-12.955609
4693	1	-16.779364	-9.472294	-4.008110	-10.175285	-16.292445	-9.833229
4707	1	-11.783871	-8.076573	-5.778911	-6.282656	-13.784775	-10.833861
4710	1	-10.262022	-9.067419	-3.737561	-13.059431	-16.891525	-15.062725
4724	1	-14.600760	-6.311346	-6.700691	-11.437736	-11.739191	-9.653574
4725	1	-13.353864	-9.005222	-4.600808	-7.802601	-13.286211	-12.613100
4727	1	-11.396260	-9.989556	-4.294370	-10.972865	-15.202644	-8.633271
4740	1	-15.731180	-11.620006	-4.269707	-8.490178	-16.979681	-13.603515
4764	1	-12.514629	-7.041032	-0.315006	-9.537439	-15.475749	-10.125656
4767	1	-13.500846	-10.961790	-6.331949	-7.091496	-12.847603	-14.901356
4780	1	-9.520565	-9.756908	-3.601782	-11.528020	-11.173103	-11.449105
4785	1	-10.177271	-7.033680	-3.774690	-9.870820	-14.199707	-11.140159
4789	1	-12.284899	-5.739051	-4.065752	-14.291185	-14.078305	-12.380700
4797	1	-14.471010	-12.456714	-5.765066	-10.995823	-13.586656	-3.309732
4803	1	1.895675	-1.773065	-1.779020	-7.751820	-13.172388	-6.298838
4806	1	-14.709494	-14.679122	-2.595285	-12.410073	-19.192142	-14.019145
4814	1	5.724383	-17.837914	-5.273404	7.783715	-8.659930	6.582792
4818	1	-19.648451	-15.281597	-7.946772	-10.875210	-17.196220	-10.453113
4821	1	-10.639240	-10.351656	-5.910235	-6.162478	-20.098648	-11.919174
4824	1	-16.101482	-11.982737	-4.490949	-9.729351	-9.709485	-12.339514
4825	1	-16.061142	-10.703407	-4.503742	-5.374889	-12.181098	-10.255672
4830	1	-16.634146	-10.945666	-4.467468	-13.896122	-21.686083	-11.516633
4840	1	-13.251925	-11.755919	-2.999901	-9.577663	-12.201269	-13.137191
4846	1	-7.755857	-4.014435	-0.306612	-6.769347	-14.374514	-12.036929
4851	1	-14.492412	-7.558806	-3.041134	-11.372845	-12.004693	-13.364517
4865	1	-13.733566	-8.110805	-1.036487	-10.696676	-15.333167	-9.854893
4871	1	-13.572422	-12.316373	-4.541683	-9.431175	-20.761998	-13.795206
4875	1	-8.833725	-10.496715	-3.014348	-10.441850	-15.315061	-15.282968
4886	1	-11.788389	4.605381	5.917630	-17.529087	-5.776712	-5.357348
4897	1	-15.729362	-8.864596	-3.314549	-10.115045	-12.554115	-5.009817
4900	1	-15.015295	-10.437804	-6.433262	-13.256436	-14.041992	-7.571079
4902	1	-14.856759	-11.770275	0.222507	-12.581594	-11.995773	-10.299291
4921	1	-15.230927	-9.842515	-3.608754	-2.216994	-13.277547	-8.776213
4923	1	-13.243806	-7.972677	-5.173688	-13.361359	-15.836939	-9.617289
4926	1	-13.107427	-11.939338	-3.924412	-14.559150	-19.086699	-10.908623
4927	1	-9.553775	-8.740719	-5.569604	-11.330532	-8.029156	-10.969255
4931	1	-15.832370	-5.349792	-3.897649	-2.812862	-14.794399	-12.737417
4937	1	-16.037586	-9.008932	-5.729898	-13.839188	-13.456812	-16.320646
4943	1	-14.196896	-10.816531	-2.909062	-10.389133	-13.026454	-10.193236
4945	1	-18.089834	-15.910820	-6.028286	-10.833614	-12.595906	-9.158560
4947	1	-13.813810	-1.683364	-2.161484	-8.251259	-11.012603	-9.948211
4965	1	-13.721989	-12.095898	-4.530824	-11.218632	-15.874363	-9.327677
4969	1	-15.167211	-12.030224	-4.731799	-8.681083	-11.910878	-7.850350
4975	1	-10.986420	-13.280701	-3.260211	-6.402944	-11.934493	-14.947717
4976	1	-13.188537	-10.287746	-6.085776	-11.591953	-16.242017	-14.291410
4981	1	1.194350	-10.450454	-8.137140	1.846092	-16.946270	-4.102939
4983	1	-17.249766	-10.225220	-6.778758	-1.949446	-14.073189	-5.760231
4988	1	-11.044718	-11.335284	-5.962765	-12.514190	-14.684251	-12.857163
5009	1	-15.193836	-10.433186	-4.539669	-12.846818	-18.377234	-11.457710
5011	1	-8.055983	-13.617583	-7.173372	-10.177679	-14.302279	-7.321641
5016	1	-15.086899	-12.033551	-5.734585	-9.465153	-13.610550	-13.249024
5031	1	-13.418071	-10.860548	-4.420198	-14.617917	-16.039535	-6.896144
5044	1	10.320241	-19.015301	-6.854375	3.879531	-15.175040	6.648831
5047	1	-11.781160	-12.545830	-4.238112	-9.729487	-17.323782	-11.064079
5054	1	-15.356711	-8.724085	-5.403488	-7.895802	-19.169167	-9.260788
5069	1	-15.983650	-15.096852	-5.993718	-9.710619	-11.979682	-5.785013
5071	1	-13.702336	-4.594553	-4.535501	-9.707491	-13.457255	-11.752577
5073	1	-5.581424	-7.417879	-3.807191	-11.775707	-14.439710	-13.534475
5078	1	-17.148189	-6.508981	-8.000724	-9.062178	-16.000809	-9.824431
5087	1	-13.827718	-6.031540	-6.368073	-11.021676	-16.183290	-14.759040
5095	1	-14.546606	-5.505607	-3.333127	-5.707994	-12.372552	-10.034633
5121	1	-14.942964	-11.040622	-3.229477	-4.464732	-14.531877	-1.940041
5123	1	-12.306744	-11.957366	-9.130552	-13.215485	-15.669453	-9.272715
5126	1	-13.878429	-8.517335	-0.766859	-13.453428	-9.659680	-13.149821
5131	1	-16.931283	-10.316074	-1.700429	-8.428959	-13.119888	-11.402477
5142	1	-12.350963	-10.791985	-4.796966	-10.731634	-12.620064	-12.075490
5145	1	-15.410002	-11.014649	-4.296615	-10.859901	-16.834881	-9.972830
5149	1	-15.071871	-10.387820	-8.114459	-7.806671	-16.190677	-11.060795
5161	1	-14.133171	-12.494922	-5.318312	-10.524517	-15.938812	-5.348306
5162	1	-7.806814	0.393759	1.033904	-9.375700	-13.944441	-12.642538
5167	1	-14.252901	-5.968623	-5.260451	-13.137889	-12.356310	-12.052277
5170	1	-14.049515	-11.646150	-5.253400	-9.924268	-15.376255	-10.641728
5173	1	-13.195145	-12.030837	-8.322995	-13.680757	-11.512584	-9.595225
5209	1	-13.987481	-8.907054	-1.063241	-9.302579	-17.210242	-9.678141
5212	1	-10.402631	-10.429768	-3.276620	-9.520380	-13.979877	-16.112205
5213	1	-13.368066	-9.842977	-6.171567	-12.596102	-14.748402	-6.523661
5214	1	-12.753244	-7.391879	-5.524856	-12.286603	-16.235096	-6.085850
5219	1	-17.866848	-8.594203	-6.320455	-10.515315	-14.724801	-7.941430
5221	1	-11.607943	-11.033355	-5.054262	-7.523366	-14.342597	-6.559543
5228	1	-16.628258	-5.465472	-2.747038	-12.394526	-10.292334	-13.492016
5233	1	-12.519714	-9.228166	-3.544288	-8.162781	-18.694850	-11.473961
5239	1	-10.181538	-10.145270	-4.484285	-6.426601	-16.216172	-14.026440
5241	1	-11.998629	-8.289204	-2.734916	-10.551150	-14.115912	-5.571499
5245	1	-7.444156	1.261872	2.052652	-7.681955	-9.433243	-18.032737
5257	1	-13.854646	-14.133333	-4.217305	-10.656323	-14.406847	-10.299313
5258	1	-12.642803	-9.272764	-4.865331	-8.785979	-16.402830	-8.807070
5260	1	-12.878118	-8.503628	-5.243857	-10.461240	-12.902228	-11.584720
5265	1	-16.821999	-8.509165	-6.374761	-10.225735	-9.690667	-11.297625
5269	1	-9.368155	-9.444986	-6.041111	-11.311912	-14.398688	-14.127367
5270	1	-10.774203	-7.828439	-4.013670	-11.549175	-15.464995	-14.652815
5273	1	-15.178049	-13.714259	-0.543138	-8.670990	-14.154992	-10.843599
5278	1	-11.938525	-9.336673	-7.112138	-10.733257	-16.267325	-5.867432
5290	1	7.990927	-6.451272	-10.018800	6.937156	-12.347958	7.710611
5298	1	-18.178038	-9.123914	-5.404375	-5.438409	-11.501271	-9.067060
5302	1	-9.162863	-15.978961	-5.214009	-10.016646	-14.634493	-14.637556
5311	1	-9.090811	-8.573556	-1.145264	-12.399664	-15.301346	-10.319353
5325	1	-15.209259	-8.844749	-3.727950	-9.704125	-14.067803	-10.401044
5339	1	-15.389599	-11.832084	-5.423224	-12.990293	-12.116236	-7.060403
5355	1	-16.447642	-8.093976	-5.260516	-12.625235	-10.489349	-11.007686
5356	1	-15.412214	-9.101451	-1.261503	-10.279826	-9.636861	-11.055154
5357	1	-11.514418	-10.687034	-2.391446	-8.083227	-17.272386	-15.947641
5359	1	-10.758342	-12.781265	-1.794838	-5.922505	-15.751091	-11.941401
5366	1	-14.806215	-9.315534	-7.396872	-13.005746	-14.748437	-14.176531
5370	1	-12.038454	-6.831400	-1.840404	-3.502995	-13.115393	-8.889053
5387	1	-11.999888	-11.249120	-2.270386	-12.077850	-13.735810	-4.915346
5390	1	-11.258299	-11.788961	-4.152574	-12.200236	-14.114170	-16.576449
5394	1	-13.791176	-9.100516	-3.605283	-5.772302	-17.146927	-11.896538
5400	1	-12.063855	-0.627989	-5.510342	-10.735639	-11.577021	-9.482581
5408	1	-14.071342	-10.752218	-4.927992	-11.951359	-16.235597	-11.165482
5415	1	-9.443090	-6.280862	-6.542560	2.733639	-15.363252	-4.207522
5417	1	-15.453828	-11.997224	-4.679949	-10.217469	-17.624787	-8.638946
5418	1	-16.187110	-10.004559	-4.975133	-7.083560	-16.008356	-10.550433
5430	1	6.649876	-11.868187	-1.724704	8.312735	-13.154195	7.259822
5432	1	-15.812777	-8.813742	-4.921385	-11.542668	-14.758327	-6.407315
5445	1	-14.440645	0.158253	5.075014	-16.105674	-0.250801	-9.542912
5446	1	-12.086183	-13.369568	-6.482362	-9.792441	-12.456339	-16.224641
5450	1	-12.871500	-10.751347	-3.154157	-7.856178	-17.410425	-11.149696
5454	1	-11.028726	-5.141402	-5.416525	-6.938393	-12.605670	-14.670521
5460	1	-15.995739	-9.818571	-4.666456	-14.361512	-14.614701	-10.832644
5466	1	-13.516990	-8.049150	-5.956234	-6.613494	-9.758391	-9.123865
5501	1	-16.038655	-10.483741	-2.764869	-7.901825	-14.445293	-7.986158
5544	1	4.757559	-10.783369	-5.012853	8.138047	-15.196690	4.989936
5546	1	-17.803693	-8.347695	-3.738059	-9.799309	-17.367665	-8.446706
5547	1	-8.374715	-11.174062	-1.105669	-11.429595	-10.433257	-12.728328
5551	1	-13.742032	-11.724240	-4.926544	-2.760858	-15.506063	-8.447479
5553	1	-13.721101	-9.245482	-6.669175	-12.474653	-14.761553	-8.438174
5555	1	-8.336476	-10.085229	-2.495939	-7.961191	-14.016606	-15.382962
5556	1	-13.712501	-9.310069	-3.872255	-13.227990	-15.677598	-9.755493
5566	1	-18.344445	-10.108937	-0.279900	-12.875509	-13.188731	-13.028875
5580	1	-12.003948	-10.427218	-0.823599	-8.354201	-11.746057	-8.598399
5586	1	-10.890928	-11.883413	-4.130456	-7.857588	-16.775136	-4.243581
5596	1	-15.092136	-9.158791	-5.157464	-13.418621	-13.608375	-9.849863
5604	1	-13.267078	-10.986860	-3.124997	-12.178943	-14.427562	-6.672874
5608	1	-12.749488	-7.032572	-3.322434	-8.576143	-11.027749	-7.868516
5611	1	-12.504652	-9.119675	-4.365925	-8.273275	-17.194338	-12.573384
5612	1	-15.182913	-7.835553	-4.247420	-11.080810	-17.356600	-8.621954
5613	1	-17.666394	-9.947933	-9.009829	-4.564776	-14.635242	-11.730748
5617	1	-15.468653	-9.480090	-5.216928	-9.640494	-12.767208	-10.937343
5623	1	-12.200695	-11.042200	1.088235	-11.881725	-14.562611	-9.674299
5640	1	-14.822448	-7.214387	-1.411134	-5.753889	-14.829541	-8.270484
5641	1	-16.346696	-11.264801	-5.896010	-17.141168	-13.873110	-11.230005
5643	1	-12.054972	-7.371637	-5.898459	-6.826080	-19.069180	-11.228146
5652	1	-14.846310	-9.749446	-4.152857	-10.347108	-14.730564	-8.202235
5660	1	-16.645289	-7.652274	-5.867305	-11.441690	-11.461679	-6.601367
5668	1	-11.365291	-9.760582	-6.867131	-10.763342	-13.978488	-7.451304
5673	1	-16.100359	-12.280632	-6.228848	-11.618873	-16.508952	-8.417009
5686	1	-6.476111	-9.384875	-7.974667	-3.531009	-17.424523	-10.923199
5688	1	-7.865785	-8.751761	-1.975670	-5.513183	-17.988114	-12.351896
5711	1	-15.339081	-11.140283	-2.051254	-8.720000	-12.236103	-4.983991
5727	1	-15.685537	-6.207792	-5.085555	-7.558638	-14.922193	-14.009191
5737	1	-11.902910	-12.843765	-4.101223	-5.411930	-15.946606	-12.008061
5738	1	-11.638346	-13.714619	-8.349456	-13.381689	-11.230357	-11.241776
5751	1	-18.602500	-10.624643	-4.577393	-8.021710	-11.899323	-10.368112
5755	1	-10.252467	-11.083004	-5.279219	-5.834344	-15.455020	-14.805248
5758	1	-12.643791	-10.669796	-6.478356	-11.982971	-15.932196	-12.511258
5763	1	-12.078687	-12.512770	-3.856537	-12.683394	-16.137953	-14.193143
5768	1	-15.768279	-5.342779	-6.098631	-5.365124	-17.620351	-10.894532
5771	1	-12.265421	-11.892152	-7.524371	-9.656821	-14.170712	-16.222616
5783	1	-9.638633	-7.384899	-4.412790	-7.079182	-17.464855	-13.689644
5787	1	-14.273646	-9.862983	-4.540553	-9.399805	-13.377476	-9.482537
5800	1	-14.406725	-11.168171	-5.653727	-7.932592	-18.169710	-10.721879
5806	1	-11.780568	-12.572284	-4.900617	-11.202997	-17.287449	-9.374748
5810	1	6.182269	-13.226237	-1.227298	8.735987	-15.604324	5.959173
5812	1	-12.570564	-9.014416	-6.139635	-10.079498	-10.971268	-12.547293
5821	1	-14.446798	-8.698521	-1.467829	-5.170057	-16.261206	-11.698509
5823	1	-15.014614	-8.746267	-4.103557	-10.848675	-14.254945	-6.092173
5824	1	-15.679925	-11.149452	-4.793261	-13.471207	-18.190042	-12.019308
5825	1	-12.692712	-8.200954	-6.834786	-13.778544	-16.178817	-7.068210
5827	1	-15.162131	-9.378208	-5.748151	-12.941458	-15.320808	-17.682122
5832	1	-12.389580	-13.025424	-4.301837	-9.603059	-17.504417	-10.682290
5836	1	-11.711527	-7.788017	-5.634679	-11.744817	-11.818519	-12.984029
5855	1	-7.897330	-9.927221	-9.127038	-10.374352	-12.856922	-9.156303
5871	1	-18.112043	-7.776405	-2.303676	-11.939880	-14.182266	-5.582317
5876	1	-10.279490	-8.179965	-3.231249	-9.019966	-8.809785	-5.935955
5887	1	-12.359719	-11.854513	-1.164328	-7.552959	-15.687069	-8.108821
5896	1	-13.661736	-11.174221	-3.203391	-9.219715	-15.145907	-11.848379
5899	1	-11.299209	-10.162276	-5.746075	-11.102466	-15.981694	-0.229038
5900	1	-14.912273	-10.015422	-3.530250	-13.250679	-15.915686	-6.052027
5911	1	-11.227794	-8.768512	-4.201362	-13.445926	-15.184313	-9.465358
5913	1	-7.385834	-9.089119	-5.589231	6.349058	-14.049399	-7.216944
5918	1	-13.718080	-8.163381	1.792672	-10.047927	-12.363437	-10.910571
5926	1	-17.966162	-9.324820	-7.966968	-9.935679	-8.887187	-10.668180
5927	1	-9.582227	-9.572095	-4.577711	-2.060396	-13.040519	-8.469358
5930	1	6.523732	-16.634993	-3.268335	7.513691	-17.976756	8.299452
5934	1	-15.613651	-9.185075	-7.232443	-9.404335	-19.621666	-7.168777
5935	1	-13.100212	-10.325602	-2.388824	-12.028174	-15.667154	-5.531840
5938	1	-11.152057	-10.424709	0.065554	-6.986763	-7.626411	-13.740413
5940	1	-15.522175	-9.273885	-3.748880	-9.593418	-14.136041	-6.013114
5941	1	3.770313	-11.451373	-6.008560	6.944845	-14.711421	6.482165
5945	1	-14.944853	-15.119663	-1.959063	-4.458612	-13.793767	-9.446297
5946	1	-15.925109	-11.672294	-0.187489	-7.741289	-13.617255	-12.783373
5947	1	-12.334626	-8.162952	-5.942178	-10.480700	-16.411874	-5.538387
5956	1	-15.335709	-9.170909	-4.944407	-4.900370	-8.014654	-12.488099
5959	1	0.502145	-13.771867	-3.205354	3.469756	-11.198502	-6.314541
5962	1	-15.335396	-11.310114	-2.190803	-12.544380	-12.069710	-14.784386
5964	1	-15.523650	-10.533088	-3.359693	-9.524680	-13.028825	-5.716360
5979	1	-18.195068	-8.179851	-6.427556	-7.618743	-17.471409	-9.817299
5984	1	-14.310739	-4.610316	-5.104138	-8.918008	-11.132629	-7.605008
6000	1	-16.356026	-9.287517	-1.306508	-13.349499	-11.457420	-13.314210
6004	1	-11.191666	-12.616555	1.529486	-10.326014	-9.308258	-11.547142
6021	1	-12.640882	-11.418506	-4.279115	-10.451078	-11.522167	-14.501033
6029	1	-14.070692	-8.691639	-3.852075	-8.763241	-8.673739	-7.488027
6035	1	-12.749477	-5.974684	-6.564984	-11.187199	-15.714752	-8.950507
6039	1	-12.880119	-6.755107	-7.225077	-9.052388	-16.361054	-11.013059
6042	1	-11.425034	-9.559623	-6.765212	-17.970265	-15.352284	-11.008209
6051	1	-10.442940	0.528826	1.362045	-9.133375	-14.103002	-12.394312
6054	1	-12.214906	-11.510991	-3.420289	-17.058154	-17.528664	-3.816118
6063	1	-13.473504	-11.101629	0.063268	-11.564591	-14.402952	-12.764533
6071	1	-16.025157	-11.012446	-2.874251	-12.099496	-14.711768	-11.175305
6072	1	-13.787305	-9.436756	-7.155481	-8.088468	-18.298945	-7.006190
6074	1	-15.517200	-15.083017	-5.323554	-12.804937	-17.683592	-9.802069
6085	1	-11.638340	-8.457028	-2.315869	-11.063800	-19.815098	-8.221579
6088	1	-14.821476	-7.042655	-4.116071	-9.510527	-14.086482	-12.411979
6090	1	-11.111216	-11.681977	-1.440120	-9.558777	-12.148871	-12.848523
6091	1	-16.359555	-4.401629	-6.975045	-8.712977	-16.460627	-11.667523
6094	1	-11.595626	-11.207488	-4.224400	-11.055277	-16.013877	-16.632035
6110	1	-12.730912	-11.582271	-3.740633	-11.662242	-17.512410	-13.700786
6117	1	-13.946578	-15.716450	-3.118757	-8.661320	-16.065423	-12.816648
6120	1	-13.594050	-10.766419	-6.373276	-12.725298	-10.696179	-9.664870
6136	1	-15.627164	-12.521125	-5.440633	-11.074665	-11.487807	-8.177760
6144	1	-16.014546	-9.988664	-6.328711	-8.021111	-11.242402	-12.840276
6148	1	-18.994603	-11.985932	-5.271944	-10.563562	-15.750740	-11.788770
6155	1	-11.340399	-8.715418	-5.931659	-6.024398	-13.858865	-11.333649
6171	1	-11.352982	-14.046481	-6.412165	-10.450563	-13.391850	-14.096179
6176	1	-14.561607	-8.228513	-5.968906	-12.361408	-15.800095	-14.419853
6182	1	-9.771217	-5.826925	-3.459405	-15.211319	-19.943857	-8.759348
6191	1	-10.553260	-9.667681	-8.953684	-14.963830	-12.656457	-12.051998
6192	1	-10.842889	-6.426063	-3.498687	-6.799408	-13.274364	-10.276826
6199	1	-13.141011	-10.166247	-6.592280	-8.361291	-15.323325	-10.471915
6201	1	-16.022642	-10.106473	-0.523194	-12.328467	-11.159449	-10.079453
6205	1	-9.869079	-10.265922	-8.192877	-8.775304	-16.581365	-8.688294
6208	1	-10.055067	-8.128284	-0.243328	-10.051287	-18.868814	-11.580928
6215	1	-12.884367	5.321155	8.260759	-15.000264	-0.521573	-12.217653
6219	1	-18.233471	-16.902071	-3.512593	-11.177890	-17.865537	-9.321388
6225	1	-7.445854	-11.080214	-2.074690	2.420051	-14.568072	-5.789835
6231	1	-8.597328	-10.995048	-4.688176	-1.561391	-18.503276	-6.575679
6246	1	-13.311676	-11.165708	-2.921955	-8.196754	-17.765894	-9.082675
6251	1	-15.481463	-13.667817	-5.258599	-10.475439	-15.097742	-7.623163
6254	1	4.459171	-13.918136	-5.113253	7.115114	-13.023981	7.317104
6283	1	5.050583	-14.351452	-4.934619	6.424558	-19.082843	8.557842
6301	1	-11.324211	-10.725503	0.381207	-11.539072	-15.653631	-9.115543
6315	1	-12.277782	-11.972572	-7.255574	-11.296210	-17.445441	-16.023019
6324	1	6.478921	-15.374015	-5.381220	6.957122	-14.105958	7.285594
6340	1	-12.260879	-9.786063	-3.167625	-5.144215	-18.315288	-11.175386
6343	1	-11.939793	-7.542017	-3.148539	-6.152209	-15.557931	-10.451600
6344	1	-15.849431	-11.609326	-3.638796	-8.601371	-16.663397	-12.914375
6348	1	-12.799952	-8.417019	-6.475001	-12.331480	-14.302876	-13.529885
6356	1	-9.180440	-10.403971	-1.293131	-8.119931	-15.797725	-10.748619
6357	1	-8.903338	-9.429721	-0.371243	-9.650813	-14.196009	-13.613324
6360	1	-12.985766	-10.492480	-5.685933	-13.287176	-13.892267	-6.348249
6368	1	-16.765438	-8.390503	-3.984179	-7.470726	-14.294571	-7.279872
6374	1	-15.569575	-6.871067	-6.726230	-11.226751	-18.366669	-9.228162
6376	1	-15.447461	-13.209145	-2.818861	-11.071903	-14.033240	-8.881962
6401	1	-15.299710	-8.746849	-7.333310	-8.698504	-19.450300	-6.715761
6402	1	-12.621508	-6.794850	-6.298509	-9.024791	-12.561548	-4.017692
6409	1	-13.762542	-11.645433	-5.812861	-15.348333	-9.371156	-7.364818
6420	1	-13.267019	-7.145953	-5.807603	-11.386238	-15.926614	-10.858884
6429	1	-13.933546	-16.616509	-9.821548	-13.714854	-18.742626	-8.491343
6432	1	-16.272163	-10.831955	-9.456307	-6.168350	-15.946613	-3.157920
6445	1	-10.032349	-9.872645	-7.954139	-1.720333	-11.640063	-5.733284
6476	1	-11.161476	-8.869137	-6.634631	-9.875311	-16.318747	-9.841134
6480	1	-16.210072	-8.020769	-3.554253	-12.189441	-15.088831	-8.543125
6485	1	-14.378316	-8.277534	-4.097449	-11.340254	-15.219882	-10.104898
6488	1	-17.204315	-13.118375	-2.897248	-11.790167	-12.662929	-11.983188
6493	1	8.047859	1.861413	0.791775	8.663738	-3.993018	6.184924
6494	1	-11.619354	-9.548386	-4.455595	-12.028587	-13.941329	-9.565038
6506	1	-11.844205	-9.914845	-5.480950	-3.200137	-12.131004	-7.149948
6511	1	-11.551942	-9.896904	-2.104134	-9.806903	-13.459741	-11.106133
6520	1	-14.868948	-9.066687	-6.023089	-8.536491	-15.144355	-9.365974
6531	1	-17.176597	-9.606405	-6.480768	-5.972158	-18.274115	-6.655947
6535	1	-14.900639	-8.012112	-1.416647	-12.254500	-12.066233	-11.924611
6560	1	-14.055785	-11.188061	-5.114557	-9.716675	-14.148307	-11.382191
6580	1	-10.997227	-6.413227	-6.785835	-11.137349	-11.233772	-12.081111
6588	1	-6.873110	0.136019	2.234856	-10.909298	-11.214707	-10.453477
6606	1	-16.645184	-15.036206	-0.518166	-13.316244	-14.366987	-3.356002
6613	1	-16.165945	-5.978081	-6.068282	-6.882923	-15.545120	-12.076513
6616	1	-16.170908	-5.090791	-7.682158	-15.010516	-13.537270	-11.753768
6622	1	-13.161749	-5.616408	-1.337455	-9.704341	-15.172436	-8.165760
6631	1	-15.244861	-11.581229	-4.192013	-9.157289	-16.390212	-12.735435
6637	1	-17.126170	-9.447580	-8.303017	-9.356558	-13.204044	-11.951051
6641	1	-5.079826	-13.558173	-5.467453	-13.579534	-13.883835	-9.650283
6658	1	-16.921877	-7.129086	2.786106	-8.257181	-4.738701	-12.223457
6660	1	-14.918266	-3.958959	-3.896516	-8.113800	-12.825362	-10.643539
6668	1	9.768242	-20.154889	-3.373747	7.259288	-16.441107	7.139529
6673	1	-13.275805	0.069693	5.619313	-13.713591	-6.591441	-8.606006
6682	1	-8.638784	-8.924350	-7.428423	-4.176688	-14.998941	-15.351289
6688	1	-7.198523	-5.785785	-2.744833	-5.529645	-13.477707	-15.127053
6693	1	-12.264097	-11.251327	-6.458509	-9.084818	-12.404538	-12.020756
6695	1	-13.350535	-11.307171	-4.656897	-11.604706	-15.351707	-9.845884
6698	1	-14.964359	-6.459451	-5.884407	-14.163326	-14.867231	-13.047149
6703	1	-9.490380	-6.157109	-8.297139	-11.883397	-15.067919	-10.148668
6728	1	-12.707912	-11.785638	-5.855801	-11.086588	-12.364640	-5.769623
6735	1	-10.957699	-12.523526	-3.946260	-10.405151	-12.715419	-2.889896
6737	1	-16.469624	-6.951053	-4.507370	-9.779391	-13.298527	-10.867180
6741	1	-12.468602	-3.119203	-2.886390	-10.823722	-14.359194	-7.401200
6743	1	-13.093894	-9.920748	-9.033642	-9.670801	-16.452221	-7.616933
6745	1	-7.620865	-13.359138	-4.755931	-14.150831	-17.701683	-7.520528
6750	1	-17.365088	-8.703127	-7.911564	-12.584749	-12.560284	-12.115495
6762	1	-11.735949	-6.614955	-3.946629	-6.878352	-18.527405	-4.840345
6767	1	6.168057	-16.248277	0.167981	6.638877	-9.754640	6.638102
6769	1	-14.846732	-5.409361	-5.723899	-9.214040	-19.094625	-11.074503
6770	1	-8.940851	-13.588160	-6.295524	-11.937415	-18.786863	-14.188109
6787	1	-15.380337	-6.971027	-7.953757	-7.091899	-18.232140	-6.207427
6790	1	-12.044670	-9.520485	-1.720938	-13.105035	-13.357963	-0.583579
6799	1	-17.239441	-11.138328	-4.504694	-10.507535	-13.708163	-3.744138
6807	1	-16.071714	-11.354687	-7.032676	-10.040716	-13.861304	-10.111431
6809	1	-11.364994	-6.345628	-6.287720	-11.966021	-12.776017	-4.885477
6814	1	-16.823711	-11.120608	-7.709188	-2.994707	-13.733081	-12.124860
6819	1	-15.187845	-6.047446	-3.607551	-6.067748	-16.263636	-13.116077
6825	1	-10.278116	-9.038897	-5.569584	-8.685769	-16.773949	-15.452180
6831	1	-16.267024	-8.924904	-5.614695	-15.069966	-16.496078	-8.315913
6845	1	-15.942038	-13.730574	-5.357485	-6.849244	-14.771647	-11.664433
6849	1	-11.665728	-7.446087	-4.471902	-12.624297	-15.688238	-11.017677
6853	1	-17.377415	-8.136201	-3.447527	-10.711617	-16.468443	-8.507354
6854	1	-15.253001	-9.039791	-2.911529	-11.091320	-13.600069	-5.869346
6861	1	-14.636384	-10.419665	-4.189059	-9.566175	-13.912840	-10.256433
6863	1	-17.219941	-13.740524	-4.753490	-8.060578	-14.748068	-11.856689
6872	1	6.609373	-9.203439	-4.888751	7.368950	-11.137063	6.227795
6875	1	-15.941940	-10.358847	2.676143	-4.797763	-10.733800	-7.766617
6877	1	-12.469545	-11.416221	-2.077878	-8.626414	-15.227918	-9.249343
6895	1	-15.633367	-2.788908	-7.688257	-12.345578	-15.481136	-10.914308
6896	1	-7.249388	-9.288723	-1.120401	-11.477711	-20.501322	-13.180815
6897	1	-10.068252	-11.647357	-2.157379	-8.737580	-17.260133	-12.264996
6905	1	-13.941977	-4.923095	-4.858550	-12.069988	-16.794620	-10.341441
6907	1	-9.136780	-11.647244	-2.536915	-6.603450	-10.212025	-8.788348
6908	1	-15.538184	-10.330155	-0.292715	-13.411492	-15.671495	-11.852357
6917	1	-15.976302	-8.943729	-3.721343	-9.444118	-12.248129	-10.400442
6918	1	-7.640815	-8.269995	-5.676951	-13.277097	-11.380347	-13.026884
6927	1	-17.065071	-9.759054	-4.541906	-10.971609	-12.722075	-10.485408
6929	1	-16.095902	-11.517791	-3.627939	-12.264013	-14.355734	-9.129583
6941	1	-10.517205	-9.091048	-10.765426	-9.410486	-7.798087	-12.604231
6957	1	-10.083921	-11.440152	-8.129992	-8.536389	-13.293081	-9.521544
6979	1	-9.109337	-11.109892	-4.921902	-6.167599	-13.427035	-14.916393
