38	5	-13.539653	-7.277795	-10.510027	-9.808842	-7.770075	-14.597182	4.924911	-9.714275	-10.510027	6.396642	-8.093048	2.781004	-9.608427	3.411281	0.413289	-9.808879	3.710903	-14.597182	-9.935786	0.319992	-5.752658	-9.808842	-1.484918	-14.597182	6.736557	-0.497093	-3.746893	6.396642	3.666936	2.781004
45	5	5.406363	-12.214310	-8.951772	6.173002	-11.027753	5.056289	-7.652448	-7.474350	-8.951765	-10.334134	-11.027753	-7.675342	-2.263103	6.898796	1.991864	-10.369713	3.734681	-7.456255	-2.305711	1.402358	-1.339290	-10.333973	1.659762	-7.461717	10.321253	1.106764	1.944728	6.140491	3.543033	5.226014
70	5	4.848120	-14.001806	-8.620553	3.867375	-4.120307	-1.101001	8.065722	-14.240531	-8.620553	9.113422	-4.120307	5.604354	-6.636944	-7.989939	-8.620553	-8.575099	-4.120307	-12.455679	-0.729809	-7.995361	-8.620553	2.872995	-4.120307	-7.073318	-3.382535	6.129643	2.908589	-6.820411	6.018182	-12.239134
87	5	3.551618	-11.154737	-5.299903	7.355295	-10.306925	9.339685	7.565333	3.488385	2.952279	3.664941	4.021596	9.341183	-9.007103	8.256627	2.952302	-12.422122	4.021664	-4.485370	-7.023525	4.382795	0.863472	-8.731529	-2.621697	-4.485370	-13.049371	-7.710882	-5.299903	-8.728139	-10.306925	-4.485370
172	5	2.671949	-7.710344	-10.729346	8.234964	-7.272663	7.295965	7.630828	3.941533	1.159756	8.258196	5.895796	8.279361	-9.489622	-5.821516	-10.727283	-9.382606	-7.269255	-4.961075	-4.522338	7.127394	1.160254	-9.382607	5.896840	-4.961044	-0.889750	6.767120	1.160253	-9.353286	5.896838	-4.902590
225	5	4.643059	-8.976050	-14.777608	9.447649	-9.516126	7.217031	-6.617342	-3.898417	-14.776962	2.050689	-9.516072	-5.559425	-11.127147	1.587792	-8.293948	-3.138084	-3.456504	-5.734417	-5.039476	1.587792	-8.293948	2.050703	-3.456504	-5.559425	-12.705013	-3.898417	-14.776962	-3.138084	-9.516072	-5.734417
331	5	-9.482745	-1.315716	-7.797418	-7.911131	3.320895	-12.507075	-7.934687	1.789583	-0.936071	-7.941366	6.374683	-12.507075	4.510381	-7.152613	-7.934192	5.840819	2.875288	5.785673	-12.556156	-7.687159	-11.704233	-7.910884	-3.071942	-12.507075	4.505663	-13.041842	-11.704233	5.841043	-3.071942	5.785663
376	5	-10.993146	4.778020	2.323023	-5.005991	4.420244	-13.958767	-14.331954	-11.118435	-9.482199	-3.122059	-4.711021	-9.831762	4.605302	-13.712857	-9.482199	7.058964	-4.711021	4.738535	-7.776422	-11.118435	-9.482199	2.375982	-4.711021	-7.570361	2.007416	2.724720	2.320686	2.745796	4.418469	-2.219626
393	5	3.614057	-8.914408	-2.800750	6.126869	3.351454	6.705315	-12.624609	-4.320562	-2.800730	-10.937693	3.351508	-12.172392	-12.605949	-8.921755	-6.594156	-10.918225	-2.423038	-12.172391	-8.181089	3.425001	1.633284	-11.311928	5.280778	-12.171579	3.637956	-13.602462	-6.594156	6.146344	-2.423038	6.705726
425	5	-15.968702	-7.916662	-10.135776	-10.457413	-7.274958	-12.268987	-9.772615	5.921594	2.665279	-10.692585	4.464686	-12.268987	2.757986	-10.575974	-10.135776	6.740149	-7.274958	6.510712	3.263980	2.894524	2.665265	2.291985	4.454636	0.506560	8.954822	2.632404	2.665244	6.505532	4.447379	6.565304
464	5	-6.973648	-13.909509	-8.664649	-10.935317	-9.509066	1.059586	5.065973	-17.640830	-8.664649	6.532597	-9.509066	7.420637	-6.983290	2.036499	3.737604	-12.594908	6.108815	-3.094705	-11.143996	-13.903154	-8.664649	-12.454085	-9.509066	-3.094705	-2.831222	1.896675	3.731853	-11.073783	6.107870	1.059708
484	5	-8.375739	3.705365	2.352854	-8.784396	6.547428	-12.344486	-7.979537	1.396527	-4.147034	-8.504524	-2.057927	-12.233534	0.960368	-6.777409	-5.623371	4.946758	-5.291198	5.652280	-14.104599	-6.664875	-5.623371	-8.502306	-5.282492	-12.232605	0.943169	-6.772365	-5.623371	-1.067094	-5.290821	4.855356
565	5	4.360457	-12.531575	-8.070314	6.779791	-10.085600	6.875818	-6.104465	5.934396	1.944162	-7.242426	5.076127	-5.710477	-11.877296	-10.414648	-8.070073	-7.026490	-10.057499	-5.710476	10.133598	3.747657	1.941793	6.564205	4.927561	6.875822	-0.694397	-10.416838	-8.070074	5.119987	-10.057553	0.013315
571	5	3.831783	-15.529637	-3.845195	6.024414	-8.541446	8.391201	-2.583167	-9.283866	-3.845195	3.133154	-8.541446	5.093831	-7.536328	3.130520	0.996934	-4.468454	-3.167052	-6.374535	-9.612194	6.520147	4.714737	-5.443358	7.216818	-6.374592	-13.715178	-9.283866	-3.845195	-4.439937	-8.541446	-6.374529
576	5	6.151074	-7.080275	-8.087502	9.236420	-8.175369	8.193565	11.122937	3.399228	3.413160	7.019531	6.188129	8.194084	-4.200327	7.385528	3.413170	-5.456956	6.188873	-10.655520	-9.082733	-3.048111	-4.914074	-3.267949	-8.048855	-10.510107	-4.068918	1.757631	-2.484946	-3.331692	-3.161807	-10.365398
671	5	-8.892980	-8.105469	-3.637069	-11.247333	1.593656	-4.597879	8.058597	-14.549302	-3.843778	6.952106	1.593656	8.952493	-8.892980	-8.553520	-6.295623	-11.247333	-4.451139	-4.597879	8.058597	-14.996853	-6.450516	6.952106	-4.451139	8.952493	-8.373688	2.863338	2.823365	-11.262505	6.333482	-4.597875
813	5	4.760417	-16.268540	-5.980364	6.275355	-10.986164	8.098019	-9.908337	-11.365394	-5.980110	-4.480525	-10.985993	-8.544109	-4.115440	-11.365394	-5.980110	1.524546	-10.985993	-2.799325	-10.591905	4.090587	3.898915	-4.717595	6.341800	-8.551937	-4.983692	4.090587	3.898915	1.266840	6.341800	-3.138793
832	5	-9.429768	-6.230616	-7.354328	-5.320350	0.783827	-11.215353	9.223643	-12.713747	-7.356164	6.584115	0.783112	7.241442	-10.214664	5.069150	1.940168	-5.323805	5.660510	-11.215354	-9.430132	-10.894340	-7.388350	-5.320350	-5.230505	-11.215353	9.223644	-17.376536	-7.388350	6.584115	-5.230507	7.241442
935	5	-14.291818	-6.232206	-10.004488	-10.674646	-12.782853	-10.239016	-8.788687	4.696714	1.977303	-10.679733	-1.541083	-10.239008	-8.793218	7.736484	2.058942	-10.681030	3.924563	-10.239008	2.876225	-8.589834	-10.004489	3.937834	-12.782853	5.626839	8.448545	3.196812	2.058359	4.384197	3.922467	6.366633
941	5	-13.559119	-8.496897	-3.962235	-7.679692	1.926569	-12.299962	-13.559119	-13.899998	-9.378515	-7.679692	-4.291135	-12.299962	-6.941991	2.309572	1.898650	-7.679953	5.616022	-12.299982	3.994956	-18.509027	-9.394730	8.828615	-4.291135	5.297298	3.994956	-13.108318	-4.512937	8.828615	1.926569	5.297298
1022	5	0.016958	-10.634660	-7.020140	-2.293277	-5.912225	-9.702512	4.726337	-13.055544	-7.020146	6.457348	-5.929871	6.912386	-12.060123	-10.341729	-7.020139	-9.704522	-5.907380	-9.868654	-7.081794	5.071053	2.797447	-9.535098	5.795066	-9.868654	5.786107	1.453787	2.756873	0.256387	5.166516	-1.700401
1052	5	10.488193	3.462360	2.771015	6.845751	5.701472	6.445800	-12.826359	-10.058345	-6.401240	-10.534347	-8.496745	-9.898697	4.310871	-14.012950	-6.401240	6.848221	-8.496745	6.443078	-6.635696	3.285643	-0.274298	-10.534347	0.432892	-9.898692	-6.650038	8.065516	2.772559	-10.536906	5.701507	-9.898692
1109	5	-8.232239	5.010486	3.822158	-11.296247	7.319473	-12.271939	-9.707079	-8.033551	-4.001576	-10.447355	-7.552334	-12.271939	6.468154	-0.013932	3.822106	4.425337	7.318958	5.208354	4.767580	-12.334064	-4.001576	5.272726	-7.552353	5.207329	3.163478	3.325187	3.822158	-2.080708	7.319473	-6.416441
1163	5	-1.764567	-8.410568	-10.887740	3.428848	-10.456436	6.211444	4.975659	-14.152901	-10.887740	5.211913	-11.216263	7.248470	-8.387388	-1.212432	-0.199284	-12.930734	5.126431	-3.873003	-1.159776	-1.212503	-0.199432	4.657022	5.126054	6.617446	-8.853344	-8.410563	-10.887740	-12.930735	-10.456433	-3.873003
1271	5	5.309085	-11.562210	-11.329089	6.875891	-10.940761	7.788027	-2.668985	2.120966	0.429996	1.220866	1.360977	-1.746256	-6.492616	2.120989	0.430001	-9.679513	1.360977	-7.371356	-6.746982	-7.039815	-10.942027	1.296131	-10.940760	-1.743321	-10.414748	-7.039815	-10.942027	-9.606642	-10.940760	-7.371356
1377	5	-2.925581	7.407123	2.096059	-0.503166	4.012064	-7.192420	-7.636794	7.707676	2.096059	-7.032262	4.012064	-7.554262	9.388837	2.920535	2.096058	5.860770	4.012063	8.252067	3.159305	-10.967467	-8.354467	5.679596	-7.592585	8.059739	-8.832592	-6.245148	-8.354467	-0.494578	-7.592584	-7.186692
1381	5	-11.087291	-7.974688	-10.709522	-13.326146	-8.749750	-5.529764	-6.861116	7.742755	1.853594	-13.713653	7.049474	-4.867919	4.082645	-11.879050	-10.709522	2.077880	-8.749750	6.926540	-0.968426	7.091165	1.853594	-7.203803	7.049474	5.061889	7.870282	2.318923	1.853593	1.693881	7.049469	7.014082
1429	5	-13.302340	-10.649404	-5.262346	-5.411683	-5.829308	-6.262262	-0.967567	0.018338	-0.304802	3.890017	5.094429	-3.083349	3.257604	-12.740178	-5.277671	8.662697	-5.829312	7.645314	-8.371389	0.327786	-0.126217	-5.497381	5.118805	-6.331421	5.489553	-2.073126	-1.759603	8.662444	4.572644	7.677735
1561	5	-10.581190	-9.893454	-0.099143	-7.900568	-7.513297	-7.246582	2.016649	-15.036247	-0.099143	6.823355	-7.513386	8.132764	-5.344393	7.642152	4.745665	-13.755337	6.538487	-8.094186	-0.915400	-9.898893	-0.099143	4.777406	-7.513297	3.517619	7.496613	1.888187	4.744718	1.137525	6.452158	7.915349
1646	5	3.690234	-8.078859	-6.759927	5.822648	-10.140438	6.946712	-8.456179	-5.368709	-6.759748	-10.203555	-10.140438	-9.009122	-4.913076	6.586783	3.632308	-11.138025	5.948695	-8.547144	7.307252	2.544466	3.575229	4.918406	5.879589	7.473841	-2.479288	1.709245	-0.896064	-9.929824	-4.804335	-7.354824
1660	5	4.641879	-10.494183	-12.420622	7.808869	-9.189465	7.963219	-3.563463	0.169943	-1.722381	-4.289577	1.158467	-8.702453	0.134123	-9.314798	-12.353770	4.067364	-9.189354	5.705066	-8.314919	-9.272604	-12.350306	-4.289555	-9.189345	-8.702835	-2.271293	-3.080931	-9.656438	1.703959	-8.478207	-2.350520
1671	5	-7.202489	8.171177	3.860331	-14.187520	6.208610	-6.682367	-12.009925	-5.024132	-8.067041	-13.080490	-11.976729	-6.808632	3.111786	-10.657812	-8.067055	4.862590	-11.976729	4.936069	-6.269245	1.455069	-2.184629	-13.079927	-6.044474	-6.573004	8.020634	2.528702	3.854235	4.234534	6.200132	5.388346
1679	5	-1.392097	-6.830787	-8.123961	1.196451	-6.459081	6.386820	-9.079928	-6.818172	-8.123961	-9.372713	-6.459081	-9.984643	4.649511	-6.217815	-3.494922	6.418839	1.736017	8.083272	-3.405864	1.862246	1.667783	-9.364459	7.287668	-8.839583	4.643152	-11.064802	-8.123963	6.418197	-6.459100	8.083266
1710	5	-12.162822	-8.995724	-11.097406	-6.575377	-8.707247	-7.485659	3.915005	-13.661627	-11.097406	8.683072	-8.707248	6.600254	-9.085766	2.857033	0.453563	-6.729392	5.195502	-7.289089	-1.950383	-8.995730	-11.097406	4.949091	-8.707247	4.194510	-2.007778	-8.995729	-11.097406	-1.413874	-8.707247	4.115013
1732	5	-11.710288	-9.862849	-6.076368	-6.451452	-11.804159	-7.087217	4.035453	-13.061159	-6.076368	6.337182	-11.804209	6.674924	0.387551	-10.698975	-6.076368	3.237019	-11.804194	2.533764	6.730810	1.519254	2.624845	6.464635	7.080226	6.691104	-8.966497	6.470551	2.624846	-6.452812	7.453138	-7.087217
1783	5	-7.276516	-5.484460	-5.506352	-13.548898	0.640264	-8.092216	-7.291435	-9.937495	-8.275799	-13.548898	-5.660854	-8.092216	4.889628	-10.157278	-5.579569	5.456111	0.640261	5.230375	4.889605	-14.366013	-8.275956	5.456111	-5.660854	5.230375	1.746992	4.488690	1.860846	-6.531355	3.012065	-5.747767
1830	5	-7.169490	-7.808526	-9.684115	-12.694617	-2.338224	-9.765089	-1.914007	6.809972	2.043291	-12.480918	4.556386	-7.981683	8.520943	0.254757	2.017979	-1.217267	4.127785	3.376800	9.638819	0.254757	2.017979	3.339663	4.127785	4.969517	4.351222	-13.299810	-9.684576	3.248600	-2.363823	4.966070
1856	5	-6.443791	-8.317790	-7.980072	1.416494	-10.454367	-3.398742	-12.197447	-8.317790	-7.980072	-2.979806	-10.454367	-8.600627	-9.802481	8.335490	4.507198	-6.597095	6.666511	-8.601990	5.586483	-14.530001	-7.982430	8.040063	-10.579043	6.377089	8.124211	1.692915	4.345521	5.085462	5.991314	6.377090
1886	5	-0.933522	6.471399	2.183542	-8.056838	7.198990	-11.122219	4.851767	-13.268407	-5.227755	6.383162	-6.337609	6.785502	-5.651091	-10.796852	-5.227755	-7.661520	-6.337609	-11.064282	9.568877	4.000479	2.183541	5.972134	7.198987	6.781593	7.179150	4.000479	2.183541	4.797084	7.198987	0.449034
1891	5	-8.331867	-11.114047	-10.299300	-10.369618	-9.618727	-11.834217	3.915161	3.924473	1.921220	-6.405891	5.372570	-5.504890	7.543973	1.311947	1.669252	1.207635	5.006158	-0.149484	2.698094	-12.095551	-10.345909	6.518765	-9.618728	5.518225	8.646455	0.720795	1.535949	6.619523	4.805066	5.804987
1920	5	-13.794871	-6.616150	-7.972234	-4.106798	0.260230	-9.765696	4.271922	-14.308933	-8.606042	6.759936	-4.707683	6.031819	-9.134059	5.087601	2.677428	-4.325737	3.397793	-9.766500	4.275469	-12.777796	-8.079536	6.759953	0.177520	6.031825	-14.016485	-8.254529	-8.606042	-4.106798	-4.680711	-9.765696
1982	5	-7.787526	-9.912396	-11.739706	-9.023349	-8.418352	-15.017636	3.578326	-12.487753	-11.739747	1.446396	-8.418368	-2.554441	-7.784531	-4.389746	-7.848372	-9.023345	4.197812	-15.017636	7.669663	-12.491781	-11.739747	6.483953	-8.418368	2.256828	-5.621796	2.166286	-2.363509	-9.007676	4.241905	-15.017584
2025	5	-3.254809	-8.903398	-10.494510	4.068861	-8.763608	2.483293	-12.019686	-8.826093	-10.494459	-7.957075	-8.763608	-9.298817	-10.722564	7.556599	1.434316	-7.949253	4.914255	-9.298813	5.296091	3.411439	1.425560	8.981007	4.907256	7.378930	3.866518	-11.814294	-10.494949	8.726581	-8.763609	7.174228
2132	5	2.283278	0.167927	1.112415	5.040227	5.289410	-0.663137	-0.932158	2.456624	1.953031	0.706535	7.232971	-1.896862	-3.286063	-9.097498	-6.023810	0.554874	-2.611217	-3.704292	7.313352	-12.288409	-3.989172	9.669238	1.070159	5.865752	7.313369	-15.576295	-6.042795	9.669238	-2.611219	5.865752
2144	5	1.281000	-12.852771	-8.673228	2.029627	-9.361474	1.812909	-8.436072	-12.058763	-8.673228	-5.539538	-9.355007	-11.876709	-3.753897	6.607342	3.334332	-4.778680	6.789094	-11.866059	3.059435	0.408197	3.331987	6.525610	5.964066	6.854700	0.637814	6.496898	3.334332	-0.875312	6.787854	-0.916005
2178	5	-14.052912	-9.895844	-8.739035	-6.103202	-9.025094	-5.639666	-8.195045	2.247670	1.938381	-6.943664	3.817560	-5.794167	3.492524	-1.430697	1.659319	5.807813	3.431805	6.729773	4.666595	-0.792121	1.841676	5.787133	3.553773	6.727769	3.340051	-1.479523	1.607562	5.817826	3.401174	6.729941
2182	5	-8.100564	-9.571077	-8.705819	-10.190592	-5.782777	-11.559180	2.208536	-15.436153	-8.835104	3.988310	-5.782903	6.397469	-7.990490	6.222313	3.886817	-10.992618	4.571057	-11.559180	-13.632900	-1.775169	1.719503	-10.429395	3.972064	-11.559180	1.238093	1.232367	3.363454	3.274748	4.471852	6.396753
2217	5	-14.130937	-8.640957	-8.178483	-7.419791	-10.438840	-9.128337	2.766151	-9.530564	-8.178483	7.851393	-10.438840	7.286595	-3.458609	-8.661238	-8.178483	2.621771	-10.438840	3.538722	8.600856	2.093576	3.086236	3.678412	5.892659	7.351701	-8.448883	4.485965	3.086246	-11.593494	5.893185	-9.128339
2237	5	-10.011080	4.612748	1.985624	-10.371329	-4.500768	-7.819415	-10.435706	9.357184	3.672633	-13.761207	4.545457	-7.819492	-12.792397	-6.205195	-2.352359	-10.213481	-11.126361	-7.819396	3.705937	-9.697643	-2.354034	5.462208	-11.185415	5.933169	6.479970	0.858749	1.976183	5.326028	-4.673210	5.933944
2253	5	-7.301503	-8.078855	-9.232025	0.302702	-10.083840	-8.757086	4.320877	-13.207707	-9.232025	7.293115	-10.083840	6.459528	-12.922648	-8.078855	-9.232025	-4.709404	-10.083840	-9.981120	-7.108864	3.892230	0.875135	-4.962160	4.174676	-9.869167	-1.194550	3.891321	0.875135	0.495304	4.174676	-5.711857
2268	5	-9.962549	4.085674	-0.253158	-10.114182	5.808118	-5.395475	4.570892	-14.890156	-10.220657	6.668010	-6.366874	6.522409	-13.898690	-9.024040	-10.125807	-10.114177	-6.034279	-5.395475	-8.443179	-9.024040	-10.125807	-0.633779	-6.034279	0.845251	-4.506874	4.085673	-0.253158	-0.633666	5.808118	0.845256
2396	5	-9.172078	6.506960	3.667484	-15.744616	6.277008	-9.681996	-9.948608	-7.155920	-7.313546	-15.659720	-4.180444	-9.703648	7.417713	2.528244	3.667465	1.867227	6.230633	7.705022	4.167089	2.651528	3.667469	-3.423999	6.237848	2.280854	6.705355	-11.134350	-7.313547	1.989702	-4.185039	7.685468
2481	5	-14.136376	-8.792495	-7.825350	-12.258342	-8.415564	-5.219011	-7.629412	8.125227	3.120250	-13.158790	6.277766	-5.219011	10.079979	2.286470	3.117119	2.796250	6.272689	5.845471	3.317298	-0.889312	2.863190	2.885232	2.782542	5.844339	2.720445	-9.822303	-7.828025	3.648938	-8.415600	5.843011
2512	5	8.787599	-13.353063	-7.989389	5.772561	-6.385724	5.690847	3.790696	-13.353053	-7.989389	3.315264	-6.385724	-0.477601	-1.749174	-8.216388	-7.989389	-4.204716	-6.385724	-11.916643	-5.466236	6.050327	1.412746	-4.221558	5.190781	-11.917179	0.336317	4.283490	1.412731	-3.927991	5.190769	-11.753094
2550	5	-13.288677	-12.359718	-3.577501	-9.022038	-3.722316	-9.161521	-13.648939	4.771917	4.470626	-12.441781	8.553529	-9.161621	-13.069443	-4.055092	-1.714639	-9.026818	3.897238	-9.161521	4.495994	-16.274680	-3.577501	6.149596	-3.722316	6.655768	3.822240	1.609298	4.468820	2.674120	8.553437	6.625095
2554	5	-7.063092	-10.472902	-10.302981	-3.131867	-5.462921	-11.081249	4.291762	-16.677642	-10.302981	7.101587	-5.462921	6.071521	-8.491373	-4.296644	-4.041475	-7.026757	3.770242	-11.081404	0.087789	-4.595310	-4.043400	2.454606	3.487895	3.949513	0.087837	-10.683552	-10.302981	2.455238	-5.462921	3.949637
2557	5	-4.118387	-7.249227	-8.755579	3.606762	-10.381750	-4.357256	5.426518	-12.086442	-8.755579	9.438273	-10.381750	6.631608	-5.512604	-7.249227	-8.755579	-1.674225	-10.381750	-7.960416	-3.233237	3.504919	3.050701	-2.382634	8.143982	-8.661261	-1.508690	3.504831	3.050701	3.149057	8.143982	-4.371685
2610	5	1.179890	-7.887470	-10.538413	5.929052	-9.306583	3.206902	-6.673285	-7.404790	-10.538404	-7.560885	-9.170038	-11.995539	3.712972	-11.550164	-10.538418	6.432694	-9.684164	3.256403	0.344875	3.302441	1.605014	3.386045	4.615853	-2.218872	-2.272581	3.403602	1.605478	-6.794364	4.629735	-9.539956
2713	5	5.652001	-11.504187	-10.014740	6.851128	-7.196177	6.355051	0.170811	6.397013	0.933971	5.922047	7.108247	4.035555	-8.164505	-6.295608	-10.014582	-11.166854	-7.196176	-5.861926	-9.078380	6.533629	0.933972	-11.179756	7.108247	-5.903452	4.735283	1.851347	0.905241	6.838728	7.055960	6.262782
2762	5	-9.976906	-3.215740	-3.010810	-10.570646	-4.577463	-8.730345	5.101159	-9.422293	-9.528833	4.182988	-4.762465	6.690992	-6.389115	7.918010	2.193430	-10.308925	7.318037	-8.728926	10.334426	1.668924	2.193429	3.318704	7.100852	6.690945	9.919730	1.668924	2.193429	-1.290959	7.100852	6.651564
2796	5	5.383881	-16.992619	-8.886202	6.675801	-9.639861	5.610673	-7.834094	-13.995085	-8.886201	-6.756311	-9.639861	-3.410866	0.017861	-14.329481	-8.886201	4.314175	-9.639861	5.232458	-5.267491	3.941627	3.252505	-6.918811	4.711669	-3.411018	6.790047	0.081444	2.414346	6.647214	3.690324	5.610650
2842	5	-7.191752	4.653512	1.899826	-8.954692	7.666468	-9.321419	-12.068483	-5.227189	-8.944212	-8.675910	-4.436653	-9.321419	5.136908	-3.376546	-3.684462	2.763296	0.896167	1.382280	7.018125	-4.530677	-3.994076	5.789341	0.888225	4.991343	3.608057	-6.966891	-8.975886	5.789276	-4.436672	4.990802
2934	5	7.427968	-3.032204	-7.990914	8.136827	-11.562557	7.588371	-6.590018	1.521101	-3.687130	-5.207384	-5.477046	-4.560258	-2.599206	1.469639	-3.699783	1.066922	-5.516657	-2.608121	-2.870476	3.459874	1.118367	0.688616	3.144219	-2.624876	-6.592222	3.502580	1.119066	-5.593483	3.145123	-4.848182
2940	5	-8.617404	-12.546513	-8.140599	-3.208067	-5.220738	-1.759757	-2.562414	-12.548335	-8.140637	4.997235	-5.220738	4.150143	-2.032761	5.075869	0.826998	1.598725	4.812183	0.490814	-7.759453	-12.546513	-8.140599	1.608782	-5.220738	0.490917	-2.891462	5.078679	0.827053	-3.221078	4.812218	-1.779142
2947	5	6.581995	-11.593613	-7.749323	6.862476	-10.360246	5.379354	-9.141821	-7.547608	-7.749322	-3.501647	-10.360245	-10.189827	-5.397229	5.614964	2.946095	-4.288650	5.813823	-10.192423	6.674029	1.507860	2.936637	0.425246	5.436885	-1.183840	2.951321	-8.978177	-7.749323	1.357374	-10.360246	-0.906057
3188	5	-8.485150	2.131873	1.802264	-6.467352	3.332770	-10.443868	-14.510732	-8.055327	-7.663676	-6.444979	-4.354058	-10.443862	9.630565	1.246042	1.782082	7.588509	3.332573	6.004565	6.828709	1.246042	1.782082	4.585181	3.332573	-0.099093	3.699392	-8.956702	-7.663676	7.606331	-4.354058	5.977911
3189	5	-14.181406	-12.289022	-9.561841	-9.814572	-11.609034	-2.150398	-7.903073	-12.289022	-9.561841	0.655535	-11.609034	1.895840	4.435384	-15.314228	-9.561841	5.318604	-11.609034	4.424757	-8.900433	4.985057	2.900276	-9.815480	3.365218	-2.150398	9.619487	1.851332	2.767400	5.319162	3.213189	4.425478
3221	5	-8.771453	4.433564	0.479114	-14.580147	7.447915	-7.085452	7.702192	-4.602176	-6.346198	7.360778	-4.801457	6.746809	9.519404	4.331834	0.479071	1.278511	7.443824	6.081228	7.248920	4.331834	0.479071	-2.131075	7.443824	3.962982	-10.387245	-4.500343	-6.283169	-8.560096	-4.703184	-6.897274
3222	5	11.117693	2.930632	2.675822	6.147055	6.772419	8.124128	-2.696067	6.836625	2.676007	-8.232852	6.980055	-6.185990	-8.492201	-1.247579	-5.330981	-8.226270	-5.212335	-6.349164	4.681194	-8.497221	-8.043644	6.153635	-9.821790	8.109684	5.936199	2.930641	2.675822	-1.703687	6.772420	-0.131954
3227	5	-6.707908	4.373939	1.466672	-9.454483	5.870484	-13.398387	4.924209	-12.039868	-10.278606	6.306478	-6.462997	4.838264	-0.626343	4.373921	1.466672	2.073910	5.870484	-4.251685	-12.382929	-5.586954	-10.236494	-9.113635	-6.462997	-13.531491	-6.671607	0.223500	-3.107516	-9.042370	-3.224522	-13.394954
3251	5	-11.822685	-10.137466	-10.741561	-5.072894	-8.542086	-1.501191	-4.833933	-10.140065	-10.741561	-1.087458	-8.542086	4.316339	-13.946623	5.750391	2.183548	-5.173585	6.516926	-1.572486	3.829740	-15.435282	-10.741561	6.943328	-8.542086	9.395019	-7.274595	5.750375	2.183548	-1.250126	6.516926	4.289887
3257	5	-4.147716	5.909163	3.613409	-8.358904	5.250087	-10.507000	-5.895819	-6.431006	-6.173810	1.839966	-10.342259	-4.941511	3.707177	-9.954327	-6.173810	6.380802	-10.348057	6.958396	-9.397505	-6.430976	-6.173810	-4.400519	-10.342259	-10.506999	5.498598	0.072147	1.543667	6.474137	3.739144	6.958434
3276	5	4.205008	-14.815380	-7.871581	7.034161	-10.427926	4.716526	-6.482689	-9.112412	-7.871581	-3.674625	-10.366465	-3.950756	-3.971233	-9.112419	-7.871581	2.912069	-10.366465	0.753916	-2.677918	4.640636	2.135726	-3.969490	5.794884	-4.024541	-0.083965	4.616728	2.135700	2.928692	5.793271	1.366704
3284	5	-7.537256	4.973866	0.102655	-11.089543	-2.260130	-9.535510	-10.122620	-7.949305	-5.801150	-11.089544	-11.094473	-9.535510	-7.839197	6.938031	2.934814	-11.090675	6.138067	-9.535510	7.615500	2.610300	2.892398	5.665882	6.112528	8.343184	5.321971	-11.864299	-5.801151	5.666756	-11.094473	8.343133
3299	5	-10.055477	-5.818449	-5.158989	-10.422126	-4.815268	-11.644478	8.168323	-7.155235	0.204419	7.908369	4.022103	5.903740	8.168325	-10.408824	-5.158993	7.921818	-4.815268	5.903807	-10.050225	-2.516145	0.207760	-10.435699	4.026870	-11.644799	-5.991226	1.931481	1.708119	-11.100197	7.881647	-11.655380
3305	5	8.949524	-10.943150	-5.358558	8.103657	-9.172446	6.121420	-10.039874	6.291766	3.457011	-8.644975	4.840116	-11.658037	-8.348802	-7.232844	-4.868445	-1.752392	-9.172356	-9.570577	6.132213	-2.110073	3.426673	1.167608	4.593667	5.792204	7.951502	2.657650	3.456970	1.167611	4.840115	5.792284
3319	5	-5.254201	6.029534	0.300517	-11.711047	4.862708	-0.834770	11.585981	2.903544	0.299254	5.341385	4.862655	7.145388	-11.793251	-5.848460	-6.909264	-11.688183	-7.201283	-0.834770	5.038377	-8.964111	-6.909546	5.364142	-7.201294	7.144949	-6.344033	0.569701	-0.462467	-11.689822	-0.580771	-0.834770
3325	5	-10.663868	-12.312441	-7.368733	-5.052219	-7.049589	-6.191964	4.464036	-15.197397	-7.368733	8.336549	-7.049589	7.596227	-6.321774	-2.069302	-5.586450	-4.895201	0.804286	-6.074742	-7.197046	6.334277	4.865373	-6.426943	5.069259	-7.127298	-1.268040	-12.504255	-7.368733	4.723985	-7.049589	3.632611
3391	5	6.333147	4.803806	3.774920	7.228270	5.236806	-1.563083	-10.418273	2.001235	2.042833	-7.721110	-1.502928	-10.618063	-15.828399	-5.666444	-1.944857	-7.653589	-9.508706	-10.629530	-11.958492	6.143284	3.774920	-8.278313	5.236806	-10.640430	6.629813	4.803530	3.774920	8.363728	5.236806	3.841862
3462	5	2.255052	-10.200841	-5.476589	6.940512	-10.168524	7.424257	-9.995593	6.148245	3.715684	-11.007374	6.042040	-1.412766	-6.332741	2.493534	-1.409668	-10.924446	-4.255872	-1.411665	2.726944	-0.292481	2.774975	7.009302	4.941698	7.424604	-12.063730	-5.042632	-4.789179	-10.924446	-10.135630	-1.411670
3531	5	4.783095	-14.165944	-7.872445	6.578157	-5.319241	4.805272	-11.268856	-4.318737	-2.789248	-3.247674	1.120546	-13.348815	-11.272152	-9.219989	-7.872445	-3.205110	-5.319241	-13.330178	4.783095	-9.265858	-7.003205	6.577926	1.120504	4.805272	-11.270870	-3.598030	2.888379	-4.854388	5.414399	-13.449057
3582	5	11.705437	1.518765	3.729084	4.622512	4.605411	7.133466	6.398777	-7.945005	2.432463	4.926306	-9.718038	7.133466	-2.619984	2.968480	2.886332	-6.046404	-2.434733	-8.203097	-2.752405	6.766211	3.732581	-6.392820	4.741368	-8.203169	-5.504572	-3.780221	2.432463	-6.914408	-9.026654	-8.203323
3653	5	8.932933	-12.076815	-7.532098	9.044452	-9.030430	6.439915	-2.787649	7.514942	3.198060	-7.763029	5.453547	-12.210563	-4.016946	-4.930095	-7.530967	-7.800883	-5.513349	-12.212387	10.144195	0.849800	2.864956	9.042563	5.241862	6.439917	-2.747556	-4.943354	-7.530998	3.738580	-5.545244	0.474583
3664	5	-11.382903	-7.512840	-12.210554	-8.372564	-7.038952	-11.242563	-3.147572	4.312163	0.115139	-0.440916	7.061019	-6.196342	3.616417	-13.793289	-12.210554	6.780206	-7.038952	6.060460	-8.022825	4.409420	0.115139	-8.528550	7.061019	-11.242563	-9.758376	-1.098417	-0.029675	-8.514591	5.651933	-11.242563
3673	5	-11.787113	-6.033335	-4.273884	-8.572156	-5.976828	-9.193785	-6.074674	6.117571	2.220194	-8.690258	1.054328	-9.193785	-6.937764	7.628355	3.472712	-9.139798	6.633623	-9.193785	7.437495	3.738822	3.472435	6.272132	6.633549	6.686344	8.308241	2.126470	2.191175	6.725503	0.971860	6.686345
3778	5	-10.036085	5.992885	4.193048	-7.099616	6.431606	-6.775067	6.188177	-15.692831	-5.174626	8.708205	-10.023200	7.568446	-4.637586	-9.519705	-5.174625	1.301088	-10.023200	-0.646644	-8.686683	-9.519705	-5.174625	-6.385521	-10.023200	-6.775066	4.152871	0.606970	4.140379	8.013037	5.803198	7.541012
3785	5	-9.994917	0.481354	-6.205425	-10.159755	-4.804713	-6.679997	-14.240086	-5.882444	-10.407827	-10.158372	-7.925596	-6.679997	2.535995	-7.614209	-11.183679	7.026530	-8.485916	8.707203	-3.166475	-5.883714	-10.408572	2.419003	-7.927177	3.078650	-9.482970	5.949622	1.019284	-10.361205	5.741635	-6.679997
3827	5	5.292618	-7.916987	-9.867841	6.679239	-11.414361	8.151348	-6.241870	7.026486	1.802092	-11.126430	5.139171	-9.580099	-6.241349	0.491921	-5.385967	-11.120814	-5.636600	-9.580098	-6.759804	-3.347589	-7.786748	-11.193975	-8.924185	-9.580639	10.576702	2.593933	1.605729	6.845396	5.068193	8.165344
3921	5	0.534078	-7.511090	-12.359903	3.520823	1.120034	5.741587	5.190620	-13.819858	-12.386646	7.478608	1.030419	5.788214	-10.631712	-7.502596	-12.359719	-9.384673	1.120552	-6.812976	5.190620	-19.840946	-12.447769	7.478608	-4.513345	5.788214	-10.631712	-13.532304	-12.447769	-9.384673	-4.511913	-6.812976
4066	5	-12.506102	-8.390516	-12.560313	-6.619534	-3.413029	-13.935476	-8.106043	-2.464590	-7.443323	-6.619534	3.221462	-13.935476	4.615471	-14.412696	-12.560313	6.314522	-3.413064	5.093161	-7.715381	2.388587	-0.880622	-6.701212	4.574008	-13.940236	4.642722	-8.488838	-7.539008	6.315372	3.104079	5.093254
4107	5	-8.833226	-2.724896	-4.254836	-10.586795	-4.852906	-10.796756	-8.840139	4.749473	2.024220	-10.632085	6.698688	-10.796756	2.876576	-5.447181	-10.283421	5.845091	-7.167817	5.027482	7.433970	0.818718	2.019564	5.940874	6.262161	5.043330	7.434027	-0.223683	2.013713	5.941232	5.890377	5.043330
4127	5	3.394628	-9.074309	-11.055206	9.021178	-10.086701	7.157184	-13.481920	-4.803831	-11.054330	-6.487180	-10.011541	-6.384580	9.872366	3.203217	1.424899	8.839842	3.951697	7.228088	-6.830267	-4.803831	-11.054330	2.362086	-10.011541	0.948921	-7.171328	7.718096	1.426012	-6.782275	3.981141	-6.399159
4177	5	-4.232275	6.705872	2.510075	2.207916	4.374646	-6.074041	-9.453483	6.705872	2.510075	-5.040848	4.374646	-12.488054	-14.189427	-3.453624	-8.321576	-4.984285	-6.362343	-12.488025	3.884283	-8.343571	-8.528135	8.940707	-9.162631	6.131606	8.541390	1.304010	2.472375	9.311056	4.262153	6.131606
4187	5	-8.637228	-10.213360	-6.423693	-8.962590	-2.904459	-7.752913	-8.637395	-6.001935	-3.369109	-8.962590	3.853447	-7.752913	-4.854163	3.028740	2.176797	-8.963681	7.209112	-7.711171	4.162064	-10.900753	-3.370948	8.799530	3.829037	6.710485	4.162231	-15.111937	-6.423753	8.799531	-2.904533	6.710486
4228	5	-7.249171	-9.067347	-8.065802	-0.899339	-9.135387	-8.730007	6.091175	-13.910077	-8.065802	2.364785	-9.135387	1.151783	7.594921	-13.910088	-8.065802	5.827289	-9.135387	6.014942	8.654369	2.706199	2.569904	2.365668	8.044800	1.169121	-4.751920	7.586503	2.570423	-0.902157	8.048425	-8.726349
4273	5	-0.605450	6.372553	4.686027	4.230876	7.959804	6.578121	-16.224547	-10.077612	-2.705237	-11.116388	-10.042412	-8.559777	-3.398465	-10.100163	-2.705237	3.042005	-10.042412	4.658767	-13.446183	6.521915	4.686027	-12.012854	7.959804	-8.556766	4.466218	4.340150	4.686027	5.227129	7.959727	7.986241
4285	5	-9.297868	-9.573360	-7.743638	-5.382182	-10.595300	-9.523580	6.278058	-13.883411	-7.744480	6.972854	-10.699239	8.004650	-5.103899	-9.573360	-7.743638	1.335343	-10.595300	-3.333848	-11.145853	7.497899	4.050491	-10.847184	6.209218	-9.523593	4.855229	3.137498	4.034552	1.444262	5.973440	7.922807
4339	5	3.839172	-13.422682	-12.859671	7.566494	-6.976568	5.283151	-9.680013	3.153896	-1.102290	-3.553849	4.549434	-9.351771	-3.369055	3.153896	-1.102290	2.175704	4.549434	-5.132839	-13.483910	-6.805235	-12.859658	-3.568973	-6.409717	-9.351812	-4.742839	-3.238271	-12.838644	1.583442	-3.703842	-5.151070
4344	5	-7.603210	1.326000	0.026673	-6.377868	-5.642993	-9.927415	-12.994309	-4.942048	-4.768153	-6.377794	-11.598527	-9.927415	-3.777560	1.326000	0.026673	0.023115	-5.642993	-5.507164	4.419355	-10.948343	-4.788582	6.732691	-11.601720	5.987249	-9.174343	-4.942048	-4.768153	0.018013	-11.598527	-5.518412
4350	5	-10.559333	-10.345533	-10.822657	-6.513689	-10.492579	-6.455007	-4.378393	-10.345536	-10.822657	2.447408	-10.492579	0.216337	5.601596	-14.739823	-10.822657	8.070157	-10.492607	6.380541	-7.273031	2.705224	1.622566	-7.304435	1.347000	-6.809674	-1.075016	2.701878	1.622549	1.741324	1.346763	0.094265
4438	5	-2.347574	3.549396	1.262414	-10.076554	0.158221	-10.290496	-4.699368	-5.832174	-6.219291	-8.602231	-9.527681	-10.294029	10.030363	-11.437756	-6.258732	6.013877	-9.527682	6.788298	-2.687319	4.792967	2.967988	-11.344366	6.416132	-10.296222	3.294707	1.355755	2.906207	-6.638484	6.413005	-5.045172
4462	5	-9.485590	-10.455986	-10.160013	-5.639284	-5.091879	-14.270910	4.125089	-12.910664	-10.160013	7.076625	-5.091879	5.211454	-5.229195	5.063334	1.395456	-5.661148	4.399812	-14.270908	2.615446	3.590514	1.395456	-0.655914	4.399812	-6.357640	8.400937	0.702975	1.391421	7.061915	4.399487	5.211455
4520	5	-7.721073	5.132225	3.371747	-9.413191	8.149608	-10.032786	-10.691139	-9.292076	-8.645912	-9.319708	-5.174445	-10.032786	7.628942	-13.844509	-8.645912	6.248381	-5.174445	6.559440	10.612929	0.496587	3.342518	6.161494	8.137950	6.559440	4.004686	0.496754	3.342532	0.025732	8.137955	-2.735892
4527	5	3.122408	3.818912	2.043260	-5.551544	7.382233	-2.673730	0.921117	-1.501454	-6.857479	-7.273825	-7.274134	-5.277700	10.177050	0.930180	1.955333	6.124943	6.715607	4.433382	5.367162	-6.677789	-8.097010	6.149585	-10.309917	4.407154	4.148373	1.867113	2.036550	-5.014074	7.043588	0.767445
4624	5	3.960449	-9.042341	-7.786820	7.152333	2.259530	7.107471	-12.159829	-6.184511	-7.378104	-6.196582	2.259624	-8.994144	-9.786151	-2.511838	1.538905	-6.206041	4.149999	-8.994144	-12.879498	-12.447755	-10.401125	-6.196582	-3.431875	-8.994144	3.833940	-15.246095	-10.401126	7.137891	-3.431875	7.098092
4685	5	-12.214412	-8.937548	-7.949416	-11.247234	-7.652133	-3.550810	-8.823131	2.049867	1.028509	-11.198574	3.927890	-3.550781	5.045029	-10.069066	-7.949416	6.636520	-7.652133	8.663104	8.427809	0.836997	0.133315	6.765879	3.316894	8.667681	-0.947392	-9.060788	-7.949416	3.964367	-7.652133	5.707432
4718	5	-7.154010	7.006328	2.630827	-11.863803	7.070109	-9.314185	10.335116	3.125500	2.626839	5.926957	7.068526	8.054553	-11.725493	-9.127928	-10.114485	-11.862213	-10.072995	-9.314185	5.741465	-12.922017	-10.116197	5.924439	-10.073017	8.054553	6.332047	3.162894	2.627042	-1.479330	7.068607	1.546054
4722	5	-4.295595	-6.113495	-8.904219	6.381476	-11.983561	4.093552	2.419342	-0.043219	-4.158698	7.462551	-10.510463	5.603966	-6.016518	8.883811	3.783159	-10.176270	5.188269	-5.869901	-7.157465	-6.113495	-8.904219	0.073298	-11.983561	-1.269698	6.414619	4.733728	3.779239	0.991509	5.186695	5.278170
4792	5	4.790031	-8.419328	-15.249340	6.183554	-9.196588	4.800261	9.944226	0.398290	-3.014271	6.183599	3.195231	5.020907	-3.317984	1.078481	-2.958578	-8.415288	3.380290	-9.116600	-8.644955	-7.751970	-15.249340	-8.415288	-9.196587	-10.418695	5.425616	0.398708	-3.014170	-3.290204	3.195494	-1.583382
4801	5	5.957797	-11.313279	-5.372588	4.723473	-7.552793	6.850060	-12.995688	-5.462095	-5.372515	-13.088366	-7.552563	-9.310040	3.754034	0.443863	2.467461	-2.335696	4.466154	5.597327	-8.610939	6.238146	4.003720	-14.026455	8.096388	-9.310040	3.515320	-10.800172	-5.372588	2.988045	-7.552793	1.149922
4804	5	-15.724978	-10.676022	-9.118283	-2.576041	-5.983281	-9.379762	-9.250845	-10.676030	-9.118283	2.159018	-5.983281	-5.644013	2.326315	-16.976102	-9.118283	5.822149	-5.983281	5.549508	-15.163162	3.055758	1.558171	-2.727866	5.569881	-9.462476	-8.656903	3.055730	1.558170	2.036104	5.569881	-5.645238
4812	5	-9.551634	-1.469408	-9.501181	-8.412127	-7.254211	-8.390425	2.507952	-2.430303	-9.503293	5.566220	-7.776862	5.937183	-6.601783	3.264546	0.025254	-8.479312	2.035371	-8.390425	8.711599	0.253921	-3.478511	5.562101	1.794312	7.360073	2.211020	-7.215979	-9.503332	5.557992	-7.800907	5.134419
4828	5	2.619921	-8.124812	-8.250028	5.535933	-10.087583	5.752014	8.231866	4.230127	1.851292	4.919336	0.869521	6.248961	-6.073342	6.872325	1.899730	-11.889365	1.008257	-11.661489	-11.650045	-7.168158	-8.250019	-11.115673	-9.933696	-11.662576	0.085541	6.609599	1.898330	-8.291423	1.002959	-9.462164
4846	5	4.280773	-12.484107	-7.041272	6.695653	-4.704123	7.340967	4.115993	-7.544957	-0.725104	6.695011	3.918973	7.338957	-6.858376	1.902406	1.577448	-12.231811	6.581667	-11.664404	-11.485889	-7.471241	-7.041272	-12.165664	-4.704123	-11.663568	-10.364300	-2.598830	-0.704945	-12.166255	3.988171	-11.663575
5026	5	-14.410898	-10.587895	-7.135602	-8.965193	-8.198185	-6.571593	-11.502641	5.624580	2.822970	-9.432746	8.761880	-6.571593	-3.532726	-10.587903	-7.135602	3.012826	-8.198185	3.626820	3.089052	-13.208913	-7.165334	7.813166	-8.199732	5.858608	2.719127	-0.923312	1.001194	4.670969	5.833542	0.906857
5045	5	-12.837810	-5.951726	-9.284331	-8.706590	-12.131280	-12.446065	3.784671	-9.845448	-9.284331	8.595937	-12.131282	4.981078	-6.537542	5.774908	2.792534	-8.712242	5.274865	-12.443228	-0.114533	-5.952519	-9.284331	2.841624	-12.131280	2.745589	10.005100	1.850875	2.791262	8.590895	5.274117	5.005604
5249	5	10.332184	3.535137	1.108802	7.414475	6.065476	9.775992	-7.971781	4.080522	1.108879	-9.606366	6.066352	-6.671550	-1.672989	-7.610241	-7.113233	3.066688	-3.294476	5.790065	4.864529	-8.155430	-7.113298	7.414425	-3.302650	9.775955	-13.439462	-7.610239	-7.113233	-9.606200	-3.294476	-6.671500
5273	5	4.652433	-11.279560	-5.610356	6.336386	-9.151534	4.960315	-8.457543	-4.910009	-5.590090	-5.369687	-9.148777	-12.033029	1.332978	-7.874446	-5.610023	3.445633	-9.151534	-1.354601	-6.459287	1.820422	3.357007	-5.393317	7.411364	-11.919844	-6.302586	0.193730	-2.734755	-5.369386	-2.884343	-11.903305
5279	5	3.590080	-10.616765	-9.943271	6.802065	-7.145825	5.700426	-6.591247	-7.219400	-9.943270	-7.578483	-7.145504	-12.271112	-0.036626	3.812911	2.521942	-7.260658	5.732173	-8.016378	6.712758	0.481496	2.521592	4.334902	5.691211	-0.569950	9.018961	0.481496	2.521592	6.789696	5.691211	5.700434
5321	5	-3.946244	0.514188	1.526897	-6.677222	4.416593	3.336432	-8.776880	-7.192067	-10.174942	-6.677044	-1.312022	3.336532	4.529100	-13.932189	-10.174997	5.962872	-1.312022	7.521109	-4.968231	0.514188	1.526897	-10.364599	4.416593	1.439951	-9.798862	-7.200949	-10.510650	-10.364423	-5.142207	1.439951
5351	5	-6.490693	-8.579535	-7.439644	-1.386797	-12.087011	-6.407074	4.626594	-12.732394	-7.439644	7.165101	-12.095309	6.925366	-0.087367	-8.727498	-7.439644	5.111469	-12.089204	5.387791	-7.610736	5.826669	3.317192	-7.921907	6.766520	-6.466546	3.347444	2.655671	3.316949	0.836435	6.766516	-0.821220
5434	5	-9.991296	-1.777649	-3.017529	-11.888249	1.603883	-10.694962	-10.016485	-8.238181	-9.481977	-11.888220	-3.232174	-10.694962	-7.244934	5.420720	-1.801399	-11.888377	2.648602	-10.694962	6.869823	-14.364528	-10.095183	6.602922	-3.237561	3.753475	6.869823	-8.674849	-7.400561	6.602922	1.012216	3.753475
5509	5	-8.196075	-12.198619	-9.525032	-6.304420	-5.788933	-13.889104	-2.829455	5.435154	2.092236	-6.758349	5.807629	-12.178472	10.014522	1.682500	1.991437	6.030394	5.758698	3.759387	4.723752	-15.923852	-9.525032	6.513539	-5.788933	3.601123	2.972357	1.871348	2.038953	-4.269619	5.781936	-7.288837
5574	5	-7.053903	3.929269	-1.236558	-7.978033	2.165313	-13.514096	-13.382931	-5.854042	-10.466677	-7.977893	-9.689675	-13.514369	4.088864	2.290197	-1.240817	6.523597	2.164227	-1.197555	9.376352	2.282559	-1.240910	6.614297	2.164204	3.465852	2.865170	-7.456103	-10.477763	5.865174	-9.689727	3.077782
5618	5	7.328734	-14.930213	-9.348950	4.244769	-9.293175	7.342021	-4.540315	6.226146	1.830520	-12.744476	6.737070	-9.299724	-9.837584	-8.578892	-9.348947	-12.744999	-9.293078	-9.299932	4.968098	0.109749	1.397724	-4.126133	4.823804	-3.576845	12.633419	0.105025	1.394036	4.244709	4.816978	7.342021
5683	5	-12.232409	-12.084424	-5.235670	-3.557656	-3.882742	-9.415279	2.997149	-14.856009	-5.235670	7.045449	-3.882742	5.848846	-5.685485	-12.084424	-5.235670	1.877289	-3.882742	-4.180088	-6.775596	4.015559	2.423930	-8.798486	4.278822	-9.415603	-3.429085	-12.084424	-5.235670	2.002597	-3.882742	2.400655
5716	5	-8.534725	-6.886211	-7.646505	-6.327060	-11.779013	-11.383645	3.883420	-10.508080	-9.153518	7.649043	-11.779049	8.284282	9.777834	3.516210	2.104562	6.263494	3.906342	8.287715	-6.050156	-6.886211	-7.646505	2.802279	-11.779013	1.569577	-2.619112	6.875184	2.114990	-8.165496	3.924805	-11.393186
5736	5	-14.150023	-9.806824	-10.776030	-8.820360	-7.915402	-4.276242	-2.188552	-9.863698	-10.776030	3.466840	-7.915419	7.454736	4.387633	-12.001022	-10.776030	8.571648	-7.915555	8.029608	5.335499	-2.586790	-3.905428	8.578085	3.547087	8.029608	-8.844149	0.507991	1.552728	-8.833070	4.395953	-4.276242
5752	5	-5.509376	6.287516	2.831347	-8.816477	3.389299	-11.594694	-11.082824	-5.435177	-5.142559	-8.751805	-0.660840	-11.594696	4.094851	-9.018341	-5.246583	5.149043	-0.660840	5.530078	9.708042	2.669752	2.821215	5.080166	3.386132	5.530192	2.438245	2.686358	2.821447	-4.664488	3.386215	-6.098720
5836	5	6.540177	-16.770803	-9.514090	7.487669	-5.889987	6.793183	-10.587023	-11.525879	-9.514090	-8.369371	-5.889987	-11.459246	-6.142699	0.679543	0.252863	-8.369747	0.509464	-11.104703	-5.666056	1.165245	0.837345	-8.370638	5.831493	-10.981696	-0.000252	-11.526784	-9.514090	1.171206	-5.889987	3.877584
5957	5	4.528382	-12.680607	-10.830345	3.242379	-6.822333	9.372349	10.335715	2.479477	1.898588	2.580910	3.520352	9.372346	-10.976391	-8.267836	-10.830345	-11.571976	-6.822333	-6.762640	-5.360187	6.943016	1.898589	-11.633170	3.520428	-6.762497	5.621276	2.480223	1.898588	-2.612361	3.520353	7.094199
6031	5	-6.524158	2.334636	1.297636	-8.574882	-1.622762	-4.629067	5.532781	-7.745622	-1.755603	6.897843	-5.614647	7.261658	-7.607533	7.974850	4.758172	-9.657365	6.720581	-4.629067	-11.287009	-4.705986	-1.755603	-8.560319	-5.614646	-4.629067	9.260230	4.935086	4.758172	5.800796	6.720581	7.261659
6139	5	-8.956507	-8.152819	-7.090766	-7.032850	-7.614233	-10.918207	-3.795356	2.727220	3.785446	-7.906435	6.608068	-10.918192	3.616056	-9.294883	-7.141408	7.533795	-7.707009	5.776677	1.341004	2.191893	3.691624	-7.315551	6.552187	-6.533489	8.960305	0.828345	3.298612	6.910328	6.273455	5.779617
6159	5	4.103070	-9.786276	-12.484699	7.114458	1.593203	8.496762	-12.304659	-9.171555	-14.537218	-6.895954	-4.752565	-5.074779	-12.304668	-7.229424	-12.483227	-6.895954	1.593204	-5.074779	4.103080	-11.728405	-14.537318	7.114458	-4.752565	8.496762	-6.729738	1.502302	-3.691388	-6.895954	3.855035	-5.074779
6184	5	-8.227459	0.087847	-2.844011	-6.692437	-3.749187	-13.483521	1.964650	-0.019617	-2.850404	3.105088	-3.762426	-3.155101	-6.908389	3.513013	1.903777	-7.174972	6.157227	-13.521631	5.023245	-8.511433	-8.711424	7.934927	-10.200957	3.641191	3.055835	0.663228	1.902493	2.989327	6.145600	-3.122908
6223	5	-15.874358	-7.024895	-6.726204	-9.077835	-4.902010	-7.974643	-10.628073	-7.024895	-6.726204	0.743419	-4.902010	1.016134	2.382438	-2.024581	1.577210	6.894246	5.436580	5.712020	-9.289901	2.968147	2.091755	-11.125345	6.675445	-8.007037	-8.265671	2.968146	2.091755	-1.308457	6.675445	1.005046
6331	5	-3.198268	-7.573011	-9.171872	-0.308038	-9.687187	5.731789	4.672432	-12.854565	-9.171872	6.268659	-9.687187	8.803597	-12.643934	-7.573010	-9.171872	-11.767840	-9.687187	-5.598367	-7.045066	2.925191	1.847542	-12.260429	2.353467	-4.683152	-2.078300	2.925178	1.847542	-6.156931	2.353467	4.596238
6383	5	-4.769443	2.640897	2.239161	-12.979003	8.359557	-3.675453	8.316386	-9.801630	-9.996865	4.813492	-8.256614	9.594176	-8.662015	-3.595679	-3.709131	-11.813340	4.264002	-3.601106	-8.662046	-8.768798	-9.996554	-11.813340	-8.249093	-3.601106	12.194764	1.585310	2.239121	3.647958	8.356634	9.587838
6489	5	7.505037	-1.816671	2.122946	7.625863	3.355749	5.662420	-6.635046	3.360730	2.157300	-9.208146	5.522928	-11.327655	-13.216615	-8.047853	-5.817596	-8.547321	-3.874781	-11.327194	4.919740	-2.879944	0.481835	8.024126	-0.511792	5.662410	2.684204	-9.290194	-5.829951	8.274521	-3.901128	5.603118
6501	5	9.767432	3.999163	2.631375	4.595823	6.035469	7.326553	-10.434734	-8.108032	-9.558812	-12.444885	-8.850160	-11.214146	3.242597	-8.949463	-9.558812	4.017175	-8.850443	6.808023	1.844022	3.999163	2.631375	-7.684253	6.035469	-6.964814	-3.908849	4.683696	2.631553	-11.669593	6.039563	-11.202341
6534	5	-2.857197	5.374858	2.250510	-16.013397	6.723423	-12.261161	-7.953347	-8.928304	-5.774715	-9.415445	-8.084521	-12.311111	4.837720	-15.461443	-5.774731	6.104821	-8.088105	6.894776	4.107867	-15.459327	-5.774731	1.754269	-8.088105	0.352147	1.738040	0.631168	-0.577913	-9.330955	2.865265	-5.668714
6537	5	6.058887	-14.803237	-8.336014	5.956797	-8.201427	9.346110	11.767914	0.687769	2.580628	5.956315	4.702058	9.355974	-9.785608	-9.122974	-7.859386	-9.701215	-8.201120	-8.008078	-3.326040	7.078417	2.761336	-9.650225	4.984065	-7.993943	0.873016	6.870595	2.760976	-4.285477	4.983952	-4.140308
6548	5	-9.210845	-5.821521	-8.931681	-10.355127	-4.734006	-8.824979	1.732403	-6.480835	-9.239502	0.152939	-4.907185	-5.436593	-7.774341	2.753394	-3.917400	-10.355126	-0.404372	-8.824979	3.258523	1.877222	-4.123584	0.366001	-0.584448	-2.674525	7.313451	1.877185	-4.123594	6.085646	-0.584457	3.352330
6556	5	3.494807	-15.215504	-9.027294	6.354891	-7.422556	8.632770	9.013774	1.317879	1.994284	5.447910	5.439126	8.632788	-3.045158	6.825169	2.262715	-10.476650	6.087761	-10.037620	-8.408191	-10.335380	-9.027294	-10.542663	-7.419484	-10.038661	-3.021300	1.149381	-1.909593	-8.877134	1.946786	-10.037531
6570	5	3.649054	-0.526034	0.989415	-1.554161	2.491593	-0.041058	-4.071230	6.589079	2.489484	-8.295190	3.400956	-11.290818	5.918723	-9.262031	-5.597966	7.293525	-7.549235	6.571630	-9.567585	-2.793166	-3.406676	-7.538521	-7.126763	-11.281725	5.852433	-9.246121	-5.597248	1.916780	-7.549235	0.159552
6573	5	-13.409285	-9.120078	-9.795245	-10.557397	-8.829746	-13.103094	-7.976775	7.648139	2.247105	-10.567014	5.197195	-13.102990	2.808246	-10.309039	-9.795246	7.040719	-8.829746	5.195633	5.027811	5.068444	2.247047	1.021301	5.197130	-0.829454	8.338356	3.450461	2.245436	7.105588	5.195213	5.498655
6619	5	4.137867	-11.110488	-10.180388	8.363426	-12.768168	5.188878	-9.728875	0.365788	-3.728733	-9.079265	-7.430506	-9.756238	-13.770176	-5.553715	-10.177412	-9.141823	-11.857810	-9.756242	8.195478	3.161392	1.870684	8.495414	4.276222	5.189405	-9.729371	8.697940	1.870859	-9.080125	4.276788	-9.756238
6636	5	-12.639153	-11.389581	-8.341889	-10.040419	-8.128498	-12.731324	-6.925678	5.044671	2.896544	-10.853451	7.801966	-12.731084	9.623868	0.158065	1.739133	8.754962	6.040458	6.555422	4.713612	-15.985657	-8.358790	9.129672	-8.223735	6.487556	3.605409	0.163111	1.742367	7.943102	6.049743	-0.125726
6789	5	-13.428493	-7.733628	-10.753052	-6.220063	-9.493649	-11.104787	-6.886577	8.243863	0.103037	-6.232905	5.253421	-11.104912	-2.266692	8.243831	0.103037	2.413553	5.253421	-3.041091	-8.813398	-7.733628	-10.753052	2.426316	-9.493649	-3.041184	7.594860	6.356121	0.082902	7.002325	5.238855	6.460504
6823	5	4.786230	-17.171982	-11.453319	5.374506	-9.220699	6.604899	-6.449651	-0.048541	-0.187263	-11.270566	2.588156	-6.431947	-5.408176	-10.826786	-11.453319	0.013630	-9.220699	3.487047	-12.996773	-10.826786	-11.453319	-11.180679	-9.220699	-6.431929	-1.728482	-10.826813	-11.453319	4.756227	-9.220699	3.586719
6912	5	-9.843954	5.832193	3.148709	-16.645248	5.423264	-8.838241	6.244655	2.156983	3.136619	0.628789	5.374756	5.359906	-12.060987	-4.993220	-6.817891	-14.298337	-6.640427	-8.838241	2.518799	-7.479062	-6.822289	3.853047	-6.640549	5.387518	-1.805996	-5.421708	-6.820498	2.404095	-6.640500	4.057543
6941	5	6.646104	-9.282633	-3.732112	6.319965	2.408591	7.331157	-12.000154	-3.979328	-3.538374	-6.690619	2.408591	-5.982897	-12.065652	-9.955093	-9.487047	-6.690619	-4.079957	-5.982897	6.646104	-15.258043	-9.487099	6.319965	-4.079957	7.331157	-8.810774	4.105452	2.187000	-6.695341	4.783165	-5.982897
6949	5	-9.486570	-5.911060	-9.328701	-12.326973	-12.510205	-6.944891	-0.487397	-8.554456	-9.328705	1.813996	-12.733989	6.932777	4.185853	-10.615991	-9.328705	5.619684	-12.740011	8.479732	-4.926276	3.625965	-0.746387	-12.313838	0.103468	-5.882795	-5.117352	1.636384	-3.289234	-12.316867	-6.192289	-5.981891
6978	5	-3.322689	5.940427	2.700785	-12.169337	7.340901	-7.876539	-7.957052	-9.179750	-9.749427	-11.960762	-8.824464	-7.879348	11.478330	2.875444	2.700780	4.856255	7.340885	6.491039	2.349025	3.537176	2.700784	-7.793380	7.340897	-2.515689	6.851697	-12.460166	-9.749742	5.092408	-8.824464	6.491033
6998	5	-11.225618	-8.522880	-11.187226	-4.392997	-6.321064	-9.683471	-8.194957	-8.522880	-11.187226	1.029442	-6.321064	-6.101592	3.788260	-13.865580	-11.307281	7.253946	-6.321064	6.936059	-1.726904	6.215080	0.399646	3.117370	2.905073	-5.486872	-4.886618	6.215519	0.399656	-4.309124	2.905073	-9.636379
