4	1	-11.284621	-1.134454	-3.819784	-10.147859	-12.431020	-12.253208
8	1	-15.263854	-13.228108	-7.823154	-6.961439	-10.832955	-10.035232
12	1	-10.334576	-6.554482	-9.419815	-10.489151	-7.047971	-10.539412
13	1	-13.556164	-8.653093	-11.431279	-11.801260	-10.833599	-10.291392
19	1	-15.844827	-2.295611	-7.628142	-8.888372	-10.560821	-12.575380
36	1	-15.702009	-10.160114	-10.961052	-11.770976	-8.167643	-6.896640
37	1	-14.980686	-11.179980	-10.718561	-11.447476	-10.607406	-13.210389
43	1	-18.048817	-4.882731	-9.710467	-14.590797	-11.894029	-8.013233
57	1	-10.364106	-11.660332	-8.095963	-10.059175	-13.363442	-7.834272
61	1	-9.108556	-8.001696	-6.296903	-11.510368	-12.108752	-9.374327
72	1	-8.347362	-12.843284	-8.485129	-8.768786	-8.422110	-1.160545
76	1	-13.609567	-13.436190	-11.025258	-9.206978	-11.524776	-11.358590
81	1	-17.830349	-13.954958	-8.259077	-11.888595	-8.369644	-3.934140
91	1	-13.985194	-11.678742	-8.573295	-8.628362	-8.486919	-4.266950
116	1	-13.858328	-6.044342	-9.336290	-12.471107	-13.293963	-5.648035
117	1	-8.913959	-8.302814	-9.607003	-7.997610	-7.146477	-9.424788
143	1	-12.158691	-12.847280	-6.628076	-14.796494	-9.450600	-10.557920
155	1	-12.781320	-10.977459	-10.361030	-8.658820	-12.307356	-11.333677
158	1	-11.948032	-4.331462	-8.743839	-6.987546	-4.370016	-8.928083
160	1	-11.611472	-9.325198	-8.814612	-11.913185	-11.400537	-8.760867
165	1	-11.786694	-7.127752	-11.861076	-10.457222	-10.651371	-7.521714
183	1	7.135812	-9.982323	-9.653334	7.194951	-6.675451	7.171524
188	1	-15.370120	-10.402763	-13.646051	-9.210067	-9.190742	-11.336325
189	1	-15.538605	-7.085471	-9.195894	-10.871340	-11.351771	-10.873799
193	1	-18.405590	-10.230715	-10.843183	-5.118357	-10.961442	-8.318142
206	1	-15.973680	-10.454685	-10.421880	-9.023234	-10.808188	-9.312624
215	1	-9.921714	-9.937536	-11.918151	-10.463408	-11.171301	-7.273963
224	1	-16.591546	-12.689701	-10.452074	-10.254052	-12.105052	-10.747921
228	1	9.505401	-19.177121	-9.058976	4.194488	-6.778296	9.733739
232	1	-8.160753	-7.895433	-11.109775	-10.212240	-8.303914	-16.031994
244	1	4.533392	-13.288385	-8.361094	7.091662	-11.057878	6.504283
247	1	-11.606381	-10.519312	-9.862143	-5.453043	-9.443504	-12.680242
259	1	-11.263105	-9.825171	-6.572540	-9.541360	-11.865519	-16.527514
261	1	-14.993638	-12.295555	-7.808484	-14.828603	-8.886050	-10.392176
267	1	-16.624990	-9.173731	-13.570576	-12.848551	-8.536709	-8.297252
295	1	-7.848048	-10.866189	-7.092382	-1.120384	-10.376301	-4.689754
313	1	-13.875059	-10.906822	-11.914539	-13.092348	-9.777148	-11.683125
334	1	-15.644669	-11.147185	-6.469746	-3.781935	-11.414491	-9.632730
353	1	-12.321785	-10.385693	-7.523550	-7.797670	-12.983150	-10.173972
362	1	-16.744615	-6.529064	-5.997675	-8.301472	-9.371744	-10.905931
384	1	-17.209476	-10.607646	-2.159074	-14.634440	-8.170181	-7.349046
385	1	-16.385418	-7.945565	-8.330266	-12.075095	-12.133966	-10.836999
387	1	-14.780355	-10.589400	-7.678154	-10.481546	-11.830927	-4.324768
390	1	-15.560981	-10.452262	-7.410174	-11.427329	-13.558288	-8.040007
430	1	-12.787354	-9.319613	-6.945148	-14.612367	-11.663587	-14.132895
455	1	-11.497626	-11.043661	-10.085736	-4.921506	-10.638972	-9.203221
458	1	-8.499326	-14.494288	-9.067335	-8.385900	-13.421534	-13.635802
459	1	-13.338856	-9.297091	-6.899443	-10.894543	-13.856444	-11.061695
469	1	-13.482984	-9.227444	-6.642020	-11.274277	-12.859073	-12.548829
498	1	-12.568778	-10.395593	-9.793916	-11.641665	-8.833686	-8.614622
508	1	-17.046467	-11.139384	-11.451394	-12.009302	-8.574177	-11.425852
512	1	-10.419892	-8.291998	-9.158179	-9.648555	-8.707080	-13.723938
516	1	-16.817311	-10.893261	-10.630111	-8.288284	-10.796247	-10.826080
521	1	-11.026953	-10.342941	-9.126636	-10.846246	-12.500427	-11.915384
535	1	-13.556641	-12.411685	-9.314218	-14.195649	-4.966543	-14.508382
540	1	-15.829400	-11.193208	-2.432757	-9.127919	-13.727033	-13.014871
541	1	-12.730455	-7.359359	-5.925719	-8.108777	-12.195997	-10.464443
543	1	-13.131879	-9.002701	-8.561744	-11.288850	-9.209480	-5.056216
547	1	-13.558630	-12.316490	-11.883206	-6.406190	-6.059121	-8.002005
549	1	-10.679981	-11.733715	-7.420917	-15.342388	-8.566960	-10.600443
557	1	-15.472637	-6.663800	-7.943776	-10.715321	-10.201308	-10.174455
562	1	-13.987285	-6.985007	-11.530920	-12.079391	-10.700096	-9.802839
585	1	-12.511587	-11.893713	-8.253378	-8.149857	-13.022432	-9.673738
588	1	-12.567857	-10.975127	-9.271758	-10.985955	-11.076732	-9.540135
596	1	-10.616933	-10.398365	-11.813488	-1.873209	-10.834048	-8.921322
601	1	-11.411291	-6.393218	-10.523297	-7.696278	-11.772843	-15.163742
607	1	-10.873509	-9.395498	-10.330493	-10.299818	-11.680179	-9.588323
609	1	-13.034090	-6.391350	-9.828908	-7.998924	-5.491013	-10.580963
619	1	-10.779733	-6.387343	-6.896431	-13.020304	-10.679729	-12.496611
620	1	-10.570599	-11.775078	-5.286742	-10.692611	-7.352159	-12.582709
621	1	-14.467450	-7.844522	-9.092392	-10.030125	-6.593555	-9.680873
629	1	-9.707305	-5.281698	-7.013695	-14.245888	-5.600564	-7.003585
642	1	-15.241289	-6.868612	-3.747811	-7.224804	-7.865732	-7.084952
653	1	-16.605324	-11.421190	-12.661943	-13.066344	-9.733037	-11.056942
654	1	-15.133556	-10.977490	-7.414064	-3.940910	-9.374426	-10.595182
676	1	-8.841462	1.085966	-4.311297	-9.030139	-1.790047	-8.296784
710	1	-13.537524	-11.790890	-8.711967	-13.712278	-11.501608	-16.552329
712	1	-17.839750	-8.658341	-4.770145	-10.703132	-14.377041	-7.927326
726	1	-11.540270	-10.828432	-7.863679	-10.256144	-10.942199	-12.992469
730	1	-14.438027	-9.307353	-9.706406	-9.772498	-12.219550	-8.616626
741	1	-9.789601	-8.784008	-10.433602	-9.444172	-14.539115	-10.297985
743	1	-11.870826	-12.669362	-8.041128	-12.009278	-11.921198	-13.409026
748	1	-12.741913	-6.068745	-7.274594	-5.490531	-4.801233	-12.304427
749	1	-11.233877	-12.735240	-10.997294	-7.176191	-11.711857	-14.887301
758	1	-12.078224	-7.019948	-4.791435	-8.330049	-9.982116	-7.746945
767	1	-17.658507	-10.429234	-10.964622	-5.289909	-8.022328	-8.166858
780	1	-12.367277	-9.435026	-10.153941	-10.074046	-10.084672	-8.824368
781	1	-6.972840	-0.838052	-6.077670	-6.335130	-6.429223	-16.479415
790	1	-14.089388	-10.504300	-10.849143	-9.276275	-10.059048	-10.421359
798	1	-15.699940	-10.833821	-9.737223	-7.989430	-11.282805	-13.681130
810	1	-9.463677	-1.478688	-10.132071	-11.644667	-9.731596	-7.041334
812	1	5.143901	-12.114317	-10.313983	6.028354	-9.329865	8.072484
814	1	5.344598	-12.221270	-8.216321	8.032842	-15.340940	7.951364
825	1	-14.057430	-8.968006	-6.356986	-9.817802	-10.856784	-11.230825
833	1	-13.717843	-5.771508	-6.654707	-11.397848	-11.956873	-14.937661
837	1	-15.041716	-13.690567	-11.160321	-13.308632	-11.120697	-7.889432
839	1	-9.422486	-16.127380	-5.213699	-8.062167	-7.946053	-9.399751
852	1	-14.407277	-8.967097	-10.918632	-9.768546	-13.100301	-10.981034
853	1	-9.314492	-8.257082	-13.451414	-7.795470	-5.569291	-14.245047
855	1	-18.463370	-10.329166	-8.258062	-8.787110	-11.147204	-3.912200
857	1	-15.328352	-11.950078	-9.677523	-6.448322	-12.348854	-11.607416
872	1	-15.451635	-10.607332	-6.267993	-11.127934	-11.950183	-12.555493
875	1	-7.591249	-3.452763	-11.222788	-7.198526	-7.879560	-14.482928
882	1	-19.655163	-10.737032	-4.108770	-7.054514	-12.313846	-10.464545
886	1	-12.134578	-10.703575	-7.815601	-7.141180	-9.365552	-10.549716
893	1	8.725993	-16.176584	-10.500534	6.431509	-9.728413	4.392282
906	1	-15.825552	-12.692418	-4.840548	-2.503242	-12.080359	-8.348428
908	1	-7.988233	-9.621193	-7.718216	3.012494	-11.374662	-5.632095
933	1	-14.399256	-10.789263	-8.581017	-14.066392	-5.195821	-12.722168
953	1	-15.781799	-7.245124	-9.246097	-8.307958	-7.648612	-9.199854
955	1	-10.598814	-7.106815	-8.885443	-9.926759	-11.154544	-10.839761
957	1	-15.935242	-6.021029	-9.860136	-11.712937	-12.899119	-15.179574
966	1	-13.680676	-15.987606	-8.537996	-11.529654	-11.593100	-7.552132
968	1	-12.063341	-11.891878	-9.814956	-11.172036	-12.479361	-8.643876
970	1	-9.255146	-10.316047	-13.785988	-10.086540	-7.760062	-9.183470
987	1	-8.171147	-12.785017	-9.267768	-12.323663	-9.541193	-16.580889
988	1	-8.491515	-8.068019	-5.183185	-0.234546	-10.401549	-6.612048
989	1	-13.540708	-7.310011	-11.078781	-13.997091	-6.399299	-11.516436
1014	1	-14.078987	-7.634119	-8.525702	-9.874494	-7.106074	-12.480042
1017	1	-14.349742	-9.903601	-4.740626	-8.793582	-11.643774	-11.022022
1023	1	-13.737906	-8.269261	-10.949130	-10.409760	-10.978559	-8.140033
1060	1	-9.063520	-10.201984	-12.435970	-12.002552	-9.014982	-9.631161
1066	1	-17.820544	-8.844512	-12.078097	-9.472208	-11.719015	-9.034957
1070	1	-13.564612	-9.435761	-10.518256	-7.165023	-12.770222	-10.116621
1080	1	-14.072341	-6.400044	-8.151008	-9.718915	-8.691772	-8.357512
1082	1	-12.312795	-9.219301	-8.228767	-6.459450	-11.747931	-7.404655
1088	1	-15.218148	-5.138884	-6.059135	-11.743935	-15.759765	-13.980201
1102	1	-13.468644	-13.516148	-9.043548	-15.680265	-9.793866	-9.896704
1130	1	-17.020324	-7.977371	-10.836162	-11.487373	-10.191404	-10.970046
1131	1	-14.348850	-9.811913	-11.168343	-11.688627	-10.572582	-16.840412
1140	1	-8.122685	-10.006018	-6.177040	-13.291452	-7.874093	-11.834823
1143	1	-14.221600	-7.828495	-7.766895	-12.116462	-10.699045	-9.886522
1151	1	-8.281342	-9.099287	-11.275268	-0.866731	-10.337214	-13.468196
1164	1	-16.868057	-11.025383	-10.541635	-6.399193	-10.796011	-14.028928
1175	1	-14.939479	-11.897390	-9.382360	-9.229694	-9.659827	-10.961992
1184	1	-11.731504	-1.755444	-10.265430	-10.197772	-9.486027	-17.147608
1202	1	-13.964039	-13.565075	-9.780366	-12.651766	-11.223050	-13.480304
1215	1	-6.819584	-11.814972	-11.034733	-4.587020	-13.433227	-17.295387
1218	1	-10.965205	-9.066844	-11.367541	-9.682265	-8.128125	-10.329992
1219	1	-13.966185	-9.077097	-7.623429	-10.682534	-7.278437	-7.741825
1222	1	-17.230754	-10.062342	-8.214202	-9.761665	-10.413505	-11.883147
1237	1	-14.468212	-8.098242	-7.373611	-13.874227	-15.116432	-4.560416
1248	1	-17.277497	-7.251046	-8.652744	-6.280330	-11.997884	-11.964665
1256	1	-12.888393	-8.625824	-4.067510	-9.472674	-6.976383	-11.670652
1257	1	-9.600950	-6.981482	-10.621021	-9.021786	-7.338026	-14.392949
1265	1	-17.019553	-9.913569	-5.729726	-12.421293	-6.272285	-7.503720
1273	1	-12.531965	-13.597330	-10.867496	-9.616687	-13.788679	-6.519527
1279	1	-14.215005	-11.668222	-11.981745	-7.709630	-12.143285	-10.468061
1284	1	-14.331479	-9.668714	-5.261753	-6.291924	-9.866858	-8.267439
1300	1	-14.558087	-8.362744	-10.075005	-11.617058	-8.011231	-10.217006
1307	1	-9.042616	-11.579882	-8.146819	-8.159656	-6.808504	-11.189206
1309	1	-7.707542	-7.328388	-10.878446	-1.433358	-6.277621	-11.348251
1311	1	-6.657146	-8.527228	-7.569978	-14.044171	-8.524892	-12.777284
1313	1	-18.175774	-9.089418	-8.919490	-8.421303	-12.877126	-12.502902
1315	1	-15.159155	-8.379990	-10.374801	-9.216678	-11.870387	-7.812191
1317	1	-14.063036	-7.085264	-10.217378	-11.841520	-7.445274	-12.099862
1337	1	-13.429366	-13.872745	-9.522520	-8.307703	-7.472918	-6.337282
1347	1	-11.905110	-9.698297	-10.832051	-7.650359	-6.202476	-9.315130
1354	1	-10.679700	-13.004044	-12.407640	-9.824180	-4.289962	-9.175564
1356	1	-9.755034	-8.133622	-9.362238	-12.029832	-11.961373	-13.821959
1391	1	1.855164	-14.223407	-5.081401	5.849031	-8.642708	8.370448
1392	1	-12.771683	-14.213294	-10.387408	-6.202519	-15.762656	-14.882272
1408	1	-13.639430	-8.999526	-11.424553	-10.746219	-7.560773	-8.168051
1409	1	-13.626852	-8.944296	-11.409584	-7.628729	-12.261253	-12.342414
1416	1	-9.056303	-13.258150	-8.073332	-9.448289	-11.393625	-14.933056
1417	1	-13.936654	-8.239440	-9.140871	-9.977693	-12.412542	-4.605416
1422	1	-12.139004	-12.889316	-11.049403	-17.622185	-6.497271	-6.439580
1443	1	-13.283677	-10.919064	-10.139795	-10.191131	-11.098862	-7.741157
1447	1	-15.259906	-12.605434	-6.362165	-14.723836	-10.901863	-11.862773
1451	1	-14.092633	-11.979111	-11.591536	-13.130596	-12.096075	-10.581938
1455	1	-17.996763	-12.925492	-9.877990	-10.412493	-6.679450	-11.557769
1461	1	-18.118088	-11.513204	-11.719255	-9.902193	-9.452420	-12.004326
1462	1	-13.260831	-12.331999	-11.859649	-13.170237	-11.270076	-13.939795
1471	1	-16.254286	-6.460193	-12.440091	-10.378855	-16.216573	-9.807340
1478	1	10.588263	-15.348533	-6.821107	7.199136	-15.856404	6.467266
1493	1	-12.434523	-10.218598	-10.450067	-13.334406	-8.971125	-12.726630
1499	1	-17.248864	-9.807547	-6.134880	-10.803063	-9.378445	-9.535109
1516	1	-15.688257	-11.480067	-10.884277	-9.489476	-12.503488	-8.505974
1536	1	-11.767992	-9.911614	-9.234375	-8.295486	-8.477549	-10.497964
1542	1	-11.680719	-3.524586	-8.445477	-9.620317	-15.906960	-13.710482
1547	1	-11.992629	-9.644429	-9.788469	-9.054216	-12.668163	-12.193722
1556	1	5.630616	-13.815660	-9.037779	6.146581	-9.441037	9.408248
1564	1	-14.126166	-8.455180	-1.413516	-11.349189	-9.052664	-12.648261
1570	1	9.875090	-15.757805	-6.810019	6.153159	-11.417614	5.835771
1571	1	-16.339338	-12.767207	-9.819493	-9.416622	-8.221797	-8.667262
1579	1	-15.847042	-12.363340	-7.712118	-16.579706	-11.841864	-7.744029
1586	1	-14.490887	-8.098715	-9.829900	-16.109762	-9.823859	-10.765066
1595	1	-13.303287	-12.959831	-11.608568	-11.374510	-4.923482	-10.994005
1597	1	-16.406801	-5.465830	-6.786880	-10.738132	-10.537967	-9.390852
1604	1	-13.731803	-9.783749	-9.885231	-11.191871	-11.871397	-11.439418
1612	1	3.088285	-13.684838	-10.689578	7.425665	-8.465605	7.051791
1614	1	-15.262076	-13.446046	-9.364313	-12.167406	-6.907956	-11.095888
1615	1	-6.894002	-7.419427	-9.335484	0.526536	-15.285051	-10.303960
1617	1	1.554731	-10.465360	-8.966848	6.993278	-17.167226	7.329653
1627	1	-15.113942	-13.857706	-9.480166	-5.737926	-7.275557	-10.463516
1637	1	-12.908080	-8.585796	-9.621849	-15.512381	-9.722859	-8.353539
1659	1	-11.417474	-11.281760	-10.980884	-13.610737	-12.591461	-11.740513
1667	1	-12.054661	-10.033822	-8.082519	-11.063660	-9.678250	-15.812888
1668	1	-10.521077	-6.028607	-4.788102	-10.774251	-11.116300	-8.798818
1680	1	-11.640273	-13.744468	-7.503409	-13.466570	-9.387690	-9.895955
1687	1	-15.433009	-10.296094	-9.962838	-11.041194	-8.478775	-10.992773
1704	1	-12.653377	-10.467968	-7.631774	-12.356493	-6.937063	-9.465039
1705	1	-15.187306	-8.750509	-8.193375	-9.519017	-11.075389	-7.047335
1727	1	-10.551586	-5.430346	-3.922838	-6.591933	2.741530	-15.526172
1735	1	-14.352882	-12.498189	-6.683623	-16.307415	-9.723890	-8.243336
1740	1	-13.490839	-8.128162	-13.164700	-9.199963	-9.571389	-7.699743
1742	1	-12.428817	-9.259467	-9.088106	-7.169901	-6.914544	-8.844282
1745	1	-8.629230	-9.585312	-9.839185	-11.104229	-9.436124	-7.325760
1753	1	-11.633715	-11.903904	-12.385740	-10.954666	-9.362177	-14.027333
1757	1	-16.245460	-9.051667	-6.854881	-12.658574	-13.584695	-10.155776
1759	1	-18.129359	-10.114788	-8.266171	-12.002457	-11.109326	-8.788511
1760	1	-18.628823	-9.225137	-13.079641	-12.819166	-9.676730	-10.145661
1762	1	-13.506034	-9.797093	-9.119407	-13.586645	-12.382080	-4.856812
1764	1	-16.349526	-5.128236	-5.478116	-8.583989	-14.108811	-12.142277
1800	1	-15.360467	-15.387270	-8.891461	-12.310388	-8.379249	-11.287307
1802	1	-12.739273	-12.325872	-1.561389	-12.174298	-8.859083	-15.660948
1807	1	-16.318039	-9.655354	-8.248108	-8.949322	-7.585972	-8.069159
1828	1	-9.439949	2.702581	-0.622720	-13.519425	4.792678	-11.282025
1838	1	-10.725516	-12.068448	-8.090791	-11.490885	-11.769828	-8.883632
1849	1	-16.031542	-9.769687	-8.159801	-8.412268	-5.041681	-9.931553
1852	1	-14.107359	-10.356032	-12.269833	-7.204557	-9.260263	-9.090275
1855	1	-13.767094	-12.298096	-11.340822	-12.850968	-9.534190	-12.728647
1858	1	-16.655335	-9.480247	-6.227013	-7.639781	-8.341736	-10.490549
1863	1	-13.605945	-9.784096	-10.534180	-3.039110	-9.117310	-8.411474
1865	1	-12.113305	-9.653304	-12.926621	-8.465856	-8.158868	-10.335875
1875	1	-14.313923	-9.903680	-8.851968	-18.507303	-8.335291	-10.257786
1883	1	-16.758999	-11.526071	-5.748766	-8.369407	-11.156325	-8.246411
1896	1	-14.231727	-10.050320	-4.627273	-12.971954	-7.572266	-9.478019
1901	1	-8.941671	-11.288911	-9.910502	-0.624826	-9.251662	-6.372864
1915	1	-13.515735	-7.050794	-9.460376	-10.136359	-9.085569	-11.635047
1921	1	-11.655518	-13.905018	-7.391557	-11.465103	-9.872366	-12.861890
1924	1	-6.188933	-6.918458	-12.844300	-8.756982	-10.656555	-12.478330
1926	1	-18.767242	-5.139220	-4.167956	-3.857753	-10.622420	-15.422861
1933	1	-15.515655	-6.419004	-5.119691	-9.048342	-14.484189	-7.318744
1940	1	-13.342146	-12.563215	-8.959216	-10.841596	-10.970500	-15.791262
1947	1	-10.470230	-12.255059	-7.254198	-9.073440	-8.659413	-13.671651
1957	1	-13.527571	-8.198958	-9.178370	-11.902217	-7.559924	-13.623390
1973	1	-13.941899	-10.904050	-8.838665	-6.364226	-11.106819	-9.894092
1974	1	-11.985807	-10.894410	-3.206923	-6.207986	-11.049461	-10.169230
1975	1	-15.286714	-14.039149	-11.821759	-8.244113	-8.750270	-8.221324
1984	1	-10.891195	-6.526683	-12.500245	-0.126407	-11.609294	-3.906146
2000	1	-10.273165	-11.550473	-6.987516	-8.055232	-11.572333	-9.555807
2007	1	-4.215271	-14.030208	-9.138049	-13.778100	-6.571420	-12.904781
2018	1	-9.746169	-7.806197	-9.543044	-5.699495	-9.060647	-11.965409
2035	1	-16.348891	-10.203126	-4.002377	-12.469712	-8.129321	-13.985288
2050	1	-13.161677	-13.824792	-7.020690	-9.007226	-11.073700	-10.234795
2058	1	-9.434985	-7.422683	-9.889944	-10.904337	-3.422990	-9.130939
2059	1	-11.572603	-14.958674	-5.676088	-10.035098	-8.541821	-14.849977
2063	1	-15.513977	-9.947058	-10.039111	-12.195377	-8.686331	-8.878523
2066	1	-16.979268	-12.983837	-13.844225	-9.548495	-9.409730	-12.104522
2069	1	-9.808458	-9.572758	-11.964841	-0.002053	-10.187277	-9.237741
2089	1	-15.260590	-10.817051	-7.149652	-7.201483	-3.628858	-6.675024
2094	1	-12.660108	-14.611513	-14.529617	-12.254873	-11.268248	-13.515804
2104	1	-16.413802	-9.974420	-8.585962	-8.026784	-6.132970	-2.184096
2125	1	-14.246702	-11.296920	-10.086427	-10.153792	-10.902401	-12.519623
2133	1	-12.563427	-12.256242	-8.651684	-11.234203	-11.482104	-9.609158
2134	1	-15.097682	-13.681041	-13.991355	-10.228747	-8.209622	-6.876867
2142	1	-14.402308	-10.991235	-8.242469	-7.094893	-6.489012	-14.839817
2149	1	-13.748216	-10.564360	-10.584774	-7.327279	-9.071735	-12.691288
2155	1	-11.004354	-9.702520	-10.184232	-10.129093	-10.500901	-13.016046
2158	1	-16.195025	-10.926384	-9.557841	-12.930259	-6.789537	-12.340150
2193	1	-13.104956	-2.390705	-5.888946	-2.527398	-9.813058	-14.214237
2200	1	-7.721239	-14.877954	-9.247819	-10.618432	-11.675066	-11.888940
2204	1	-18.077311	-9.177822	-12.216635	-3.654864	-9.215974	-7.087499
2205	1	-12.047922	-3.489318	-11.441369	-7.810415	-11.097947	-7.657667
2222	1	-16.639030	-8.333042	-10.685482	-11.606598	-10.042582	-8.078806
2229	1	-13.293867	-5.424817	-12.279005	-10.339711	-7.077473	-15.821426
2232	1	-12.000178	-12.001165	-12.300423	-10.023803	-11.823016	-8.401749
2235	1	-7.497085	-1.674733	-8.349338	-13.236166	-9.976838	-11.518960
2236	1	-14.892963	-8.224759	-11.591093	-11.942839	-10.814223	-17.132279
2251	1	-13.309938	-6.427068	-12.587214	-7.822410	-10.956023	-12.020410
2252	1	-7.832064	-10.943461	-8.217788	-6.946395	-11.303579	-14.095136
2254	1	-13.567971	-11.432812	-6.407423	-13.401487	-12.393490	-10.686465
2261	1	-12.658955	-9.540648	-8.441544	-12.192874	-12.109239	-9.120319
2270	1	-11.328052	-9.490320	-10.360778	-10.848585	-9.244915	-11.765519
2281	1	9.784383	-14.429662	-14.073953	7.537084	-11.553791	7.645551
2308	1	-10.859189	-12.646478	-8.358422	-7.646615	-10.952900	-11.596057
2310	1	5.867286	-12.864009	-8.922621	5.770925	-8.625868	6.485963
2316	1	-15.207354	-9.460339	-6.095652	-2.609279	-10.153333	-9.058826
2324	1	-12.234052	-13.281099	-6.444529	-9.985367	-11.778896	-12.329638
2326	1	-12.299957	-8.965833	-5.549405	-9.361357	-13.645428	-11.879220
2330	1	-15.017268	-8.149337	-14.222475	-12.963349	-9.153478	-10.944720
2332	1	-16.644072	-10.484454	-10.163145	-8.758831	-11.342064	-1.716738
2336	1	-9.825087	-10.544627	-8.886255	-14.889868	-9.054123	-7.097782
2342	1	-10.351561	-11.032442	-13.699657	-10.857019	-9.215668	-16.703376
2368	1	-16.120162	-12.933073	-10.899519	-9.944660	-15.818439	-9.170472
2373	1	-14.925742	-10.341842	-10.831811	-9.148633	-11.070036	-6.959731
2395	1	-14.295911	-8.769603	-11.212033	-10.942480	-13.038481	-11.417218
2406	1	-8.900138	-10.826566	-9.552196	-7.250199	-12.250571	-13.529685
2408	1	-16.344625	-15.336837	-9.485765	-10.391442	-10.562838	-11.886923
2429	1	-15.077145	-11.639019	-6.392739	-7.143978	-12.351570	-14.329201
2434	1	-15.474783	-8.908992	-12.339996	-9.760056	-14.473531	-14.801506
2468	1	-14.406121	-12.180943	-10.525822	-10.421373	-11.534576	-11.895799
2487	1	-11.894709	-6.660606	-10.983523	-10.034974	-11.275515	-7.248675
2494	1	-16.184144	-11.815686	-10.279006	-10.517421	-8.749517	-5.473912
2499	1	-14.080322	-5.679258	-8.755047	-12.154943	-13.074086	-8.231138
2510	1	-10.908348	-0.812230	-9.538346	-9.825630	-5.110785	-15.591270
2521	1	-10.422496	-8.400724	-9.113121	-13.127801	-11.003579	-14.493680
2530	1	-14.706197	-10.253061	-12.114375	-10.951843	-10.872077	-10.944980
2541	1	-15.499183	-10.364599	-8.264604	-5.190862	-10.485615	-8.021424
2543	1	-13.127121	-7.216169	-7.538093	-9.215675	-9.776223	-7.472768
2552	1	-10.825529	-3.070832	-9.555336	-2.169169	-11.443499	-6.034370
2563	1	-15.462822	-7.003320	-10.087038	-9.135638	-6.938071	-8.342988
2567	1	-15.797332	-15.276650	-12.185871	-9.105228	-5.399934	-7.856029
2572	1	-15.728750	-10.710118	-8.991080	-10.165661	-3.664468	-10.571853
2578	1	-11.228516	-10.393259	-8.090658	-13.889561	-9.868689	-13.193078
2594	1	-14.252865	-11.727763	-12.178771	-9.555061	-10.143403	-8.522370
2601	1	-12.255856	-9.388075	-12.539963	-14.827162	-11.103204	-11.715170
2603	1	-17.434189	-4.856058	-11.782139	-11.548867	-12.535818	-9.044354
2604	1	-13.301380	-13.159578	-10.354551	-8.138297	-5.402878	-9.412918
2613	1	-11.834208	-15.908150	-12.013718	-4.696910	-7.828505	-7.660377
2629	1	-15.686218	-9.260859	-10.541715	-11.831043	-8.886504	-9.368822
2636	1	6.581302	-10.305569	-10.507055	6.459674	-12.707442	7.050639
2655	1	-17.043151	-10.470450	-8.026492	-9.172927	-8.365483	-14.315082
2657	1	-16.581677	-11.828828	-13.186139	-6.330337	-10.600020	-10.905196
2659	1	-12.578902	-7.004011	-10.189063	-11.957225	-11.956860	-9.786328
2670	1	-16.048095	-8.715096	-8.601677	-7.539356	-14.059421	-7.691452
2675	1	-18.706353	-11.397550	-11.357667	-10.509472	-12.060135	-11.664579
2682	1	-13.068207	-7.119651	-4.302308	-10.521932	-11.269140	-13.835679
2694	1	-10.358811	-12.145080	-9.810332	-11.319516	-10.402751	-14.208553
2701	1	-16.751203	-4.412423	-6.297158	-9.667700	-9.532667	-11.768604
2707	1	-14.556458	-15.066879	-9.829674	-6.825805	-10.863840	-8.221292
2711	1	-8.604680	-10.412569	-10.840804	-7.766517	-12.349070	-15.254845
2723	1	-13.963977	-9.485732	-8.437215	-11.817696	-15.207212	-7.145098
2728	1	-13.722787	-15.559310	-9.772003	-6.453208	-12.983052	-9.629709
2732	1	-11.735783	-11.495055	-11.741698	-12.496242	-9.557183	-8.735292
2741	1	-12.232737	-7.938910	-8.218625	-14.338627	-10.411645	-8.131954
2750	1	-11.444702	-14.766867	-9.316029	-10.388785	-9.000947	-10.427584
2755	1	4.372522	-13.586748	-11.042399	6.771541	-9.911206	9.491129
2758	1	-12.978360	-9.747321	-8.853248	-11.589574	-11.508328	-8.661114
2763	1	-10.030754	-8.815568	-5.766137	-10.943302	-6.704636	-7.509011
2766	1	-14.963618	-10.414372	-13.666561	-5.403443	-11.280630	-11.781858
2768	1	-12.102040	-10.929859	-4.683635	-8.100005	-13.456872	-12.284201
2770	1	-14.289289	-9.004183	-8.953103	-13.108175	-13.551004	-10.532238
2776	1	-11.852459	-9.981317	-9.768275	-5.544911	-9.785473	-7.836259
2787	1	-13.451486	-10.517188	-16.476241	-14.286437	-13.377110	-4.298904
2816	1	-9.606123	-13.389318	-8.304304	-11.527740	-7.272889	-6.315103
2827	1	-15.794027	-9.330533	-6.690896	-5.974910	-9.182993	-5.955536
2835	1	-15.668890	-7.699206	-10.233758	-14.543254	-11.251035	-13.223065
2851	1	-12.203318	-12.450753	-7.886593	-10.408890	-9.396994	-11.287628
2862	1	-14.549171	-9.661596	-7.487396	-8.906662	-11.322672	-8.470622
2865	1	-12.458630	-14.792409	-10.452305	-10.555896	-2.119580	-12.954987
2873	1	-17.085957	-8.214628	-7.873177	-7.252105	-11.956408	-9.565258
2889	1	-13.437847	-12.583125	-9.456092	-12.656357	-8.342359	-8.636465
2911	1	-5.454443	-3.949523	-9.521044	4.870175	-9.125673	-7.007104
2916	1	-10.135255	-8.842340	-10.369103	-14.802861	-13.001789	-5.606565
2938	1	-16.278765	-12.054942	-11.392808	-10.485961	-11.507321	-9.970118
2952	1	-13.466419	-12.823492	-7.440251	-9.694948	-10.831016	-10.153046
2962	1	-10.939711	-6.351146	-10.037486	-10.591769	-9.039739	-15.493857
2969	1	-13.076377	-8.898862	-8.671833	-11.090996	-6.665652	-10.449446
2979	1	-8.728721	-15.324048	-8.533747	-14.759278	-9.039047	-7.711486
2982	1	-11.639200	-9.435529	-10.965959	-9.043709	-6.572271	-17.393485
2983	1	-11.865601	-10.156411	-9.656079	-10.815762	-8.669040	-9.814747
2984	1	-9.426333	-14.033357	-8.433314	-7.997229	-11.987160	-9.753764
2991	1	10.702258	-15.412940	-9.868067	8.034747	-11.471432	6.977038
2992	1	5.733997	-12.753770	-11.594289	6.674183	-11.561591	7.627406
3006	1	-17.407202	-13.184955	-6.052063	-15.748126	-14.364156	-4.886212
3013	1	-8.428065	-7.350500	-5.795861	-13.494498	-2.404759	-12.958777
3023	1	-8.030818	-10.205224	-4.945733	-14.174506	-4.782197	-7.822314
3030	1	-12.640441	-10.466051	-12.392301	-14.583504	-11.121219	-3.519024
3048	1	-15.624696	-10.731991	-4.901580	-9.162464	-9.663496	-9.415117
3058	1	-11.011684	-8.274912	-10.432868	-8.646874	-13.207131	-6.998023
3068	1	-13.568534	-9.180132	-8.025813	-7.543732	-11.532316	-12.323283
3083	1	-18.128490	-9.623744	-9.857442	-11.570183	-5.245116	-10.821270
3084	1	5.514288	-17.535971	-10.610004	9.478880	-8.175327	9.623855
3105	1	-14.280187	-11.202702	-9.964394	-10.640004	-14.380566	-9.580035
3106	1	-14.241041	-8.030643	-10.661999	-2.655761	-10.832928	-11.934687
3108	1	-13.684735	-8.858185	-10.189817	-9.543304	-11.729622	-9.307949
3117	1	-12.839984	-8.763444	-11.183495	-8.244889	-7.768084	-5.567016
3118	1	-14.325595	-8.557965	-11.442553	-9.201592	-5.295670	-8.620289
3128	1	-9.926357	-9.589503	-11.562225	-11.620078	-11.635810	-15.451879
3135	1	-11.140714	-9.917585	-10.005515	-9.198124	-9.076905	-9.329328
3146	1	-17.141325	-10.446493	-6.717622	-8.911608	-9.540797	-10.217004
3151	1	7.960303	-10.943686	-12.934885	6.164547	-3.854806	6.277122
3152	1	-11.352398	-8.405475	-5.883893	-10.426711	-9.863535	-4.061140
3163	1	-14.132313	-9.162247	-7.548238	-8.654245	-10.550824	-9.713356
3167	1	-11.447409	-11.922725	-9.430943	-11.642574	-6.330052	-13.616908
3171	1	-3.963338	-10.786294	-12.377585	-9.650075	-10.960033	-10.969474
3172	1	3.164453	-12.111046	-6.963241	8.709274	-5.512368	6.616104
3183	1	-13.889891	-11.085722	-12.692522	-10.499258	-11.089324	-9.636090
3202	1	-15.970344	-10.192519	-4.591980	-9.050333	-9.130632	-10.205270
3208	1	-16.694263	-8.298466	-9.433767	-10.290958	-10.808738	-11.204024
3210	1	-13.548801	-5.463439	-7.601021	-8.621056	-6.493618	-9.870600
3219	1	-18.765819	-7.563108	-13.694076	-8.035404	-11.257303	-7.889495
3223	1	-6.743385	-6.486403	-7.954900	-10.554110	-11.534938	-12.541885
3224	1	-13.783464	-13.222365	-9.383535	-4.562950	-11.540696	-10.320964
3236	1	-14.732382	-11.260931	-10.550383	-8.403809	-8.739122	-15.997014
3237	1	-14.852491	-12.123553	-11.069824	-7.761872	-9.535503	-10.256284
3250	1	-14.573189	-5.815041	-9.432638	-5.809781	-12.638641	-13.068428
3290	1	-7.703926	-6.712589	-10.486053	-7.160560	-6.189043	-12.740503
3291	1	-10.789303	-0.435972	-8.587074	-14.347512	-5.887638	-4.996390
3295	1	-13.293265	-10.238107	-7.325774	-11.458390	-11.844323	-13.391012
3297	1	-8.785542	-10.136684	-7.747754	3.349636	-8.224447	-3.979653
3301	1	-18.819897	-11.532562	-8.898557	-7.427987	-9.923453	-9.960449
3303	1	-13.515642	-10.171590	-11.091081	-8.436336	-10.534487	-12.115368
3339	1	-12.277634	-7.066670	-7.983310	-6.791447	-1.472806	-10.912738
3351	1	-12.382199	-7.899146	-12.645896	-5.634779	-11.040877	-15.702880
3353	1	-15.313683	-12.767719	-9.041017	-8.156543	-15.844043	-8.381757
3357	1	-16.723194	-12.366614	-11.833121	-9.755562	-10.132233	-9.560078
3364	1	8.999012	-15.624839	-12.074194	7.918056	-9.966147	7.249902
3368	1	-7.763305	-12.746870	-13.163818	-8.781899	-10.743377	-15.134513
3373	1	-14.749073	-6.042533	-6.968671	-11.198963	-11.323343	-6.727067
3382	1	-16.573736	-13.485690	-8.647797	-12.154195	-13.797133	-8.932195
3392	1	10.272859	-16.544502	-6.484978	3.690966	-14.074657	7.952957
3393	1	-12.100577	-12.798148	-9.219920	-8.562945	-10.118134	-14.369016
3404	1	-12.870912	-13.930181	-7.506062	-11.515061	-10.168032	-10.022180
3407	1	-13.750972	-10.802220	-6.040767	-11.070197	-6.603689	-10.259363
3408	1	-15.399295	-9.720564	-13.661380	-11.219684	-7.778116	-10.463915
3414	1	-7.258071	-12.092691	-10.204408	-12.340287	-9.407622	-14.803633
3423	1	5.471579	-8.198629	-10.192581	6.846179	-10.398371	8.989613
3430	1	-14.187970	-12.404961	-10.849635	-17.638796	-11.860429	-6.667724
3431	1	-11.284709	-10.817841	-16.558140	-6.687021	-8.769281	-10.708735
3434	1	5.552196	-14.524753	-7.259142	6.518861	-10.328356	6.779875
3457	1	-14.714113	-9.660698	-8.906557	-13.142773	-4.541576	-8.454235
3460	1	-9.906267	-9.862087	-8.342213	-8.857167	-11.949207	-4.565221
3468	1	-14.654569	-11.974665	-7.992262	-11.078246	-10.295972	-10.328314
3469	1	-13.671884	-11.923223	-10.805089	-6.836092	-13.187923	-10.703596
3474	1	-13.522661	-11.653239	-16.575213	-10.771753	-10.778069	-8.737253
3477	1	10.604725	-20.072019	-9.065852	3.367508	-10.498771	6.581401
3480	1	-11.502858	-6.684112	-8.285812	-11.556431	-9.888530	-10.359739
3486	1	-13.652084	-11.140771	-8.025530	-4.870446	-7.566005	-9.965481
3487	1	9.244437	-15.056223	-9.741611	6.766545	-10.594251	7.451016
3501	1	9.749408	-16.556128	-10.580629	8.488949	-12.603193	7.527293
3505	1	-15.623331	-6.087511	-7.935482	-10.219495	-14.195482	-8.296550
3518	1	6.342669	-12.495736	-11.372663	5.866308	-11.384310	7.405021
3523	1	-12.169734	-12.595980	-11.505698	-13.640299	-13.277210	-6.788460
3525	1	-14.606465	-10.195973	-8.297974	-9.651562	-10.870608	-11.132190
3538	1	-18.352798	-9.825245	-9.762379	-15.079090	-7.074566	-14.333786
3568	1	-12.097304	-9.140763	-9.563969	-11.082069	-8.469277	-12.769244
3594	1	-12.582809	-11.268144	-10.094465	-8.516633	-8.209896	-13.254695
3604	1	-14.499864	-10.597527	-11.013431	-10.363486	-7.557674	-8.401048
3644	1	-11.937493	-7.016909	-7.655478	-11.978448	-4.259252	-10.328441
3648	1	-14.534482	-12.054462	-7.793380	-10.076914	-8.605424	-11.738812
3649	1	-13.721780	-13.398362	-11.530404	-10.655580	-10.032033	-7.484600
3651	1	-12.795417	-8.705482	-9.362654	-10.316529	-9.999617	-12.517605
3652	1	-11.940761	-11.809491	-8.517619	-3.008424	-10.253723	-10.473084
3659	1	-13.579739	-9.453783	-5.542820	-8.688369	-5.760690	-14.103430
3661	1	3.915778	-6.818549	-11.058050	6.493581	-10.972731	9.038767
3668	1	-8.789610	-8.776410	-7.579863	-10.089791	-11.887199	-11.540316
3675	1	-4.798933	-11.380697	-8.691239	5.500231	-9.871193	4.962958
3681	1	-12.217116	-14.239524	-8.481089	-13.547585	-8.894299	-4.836774
3683	1	-11.673240	-11.930935	-3.514120	-15.876935	-8.919501	-4.788822
3699	1	-14.837783	-12.695509	-8.860172	-5.334879	-6.385301	-8.921344
3700	1	-12.650056	-9.176251	-7.837589	-9.002234	-4.375217	-4.979535
3701	1	-6.881843	-9.885980	-8.296650	-2.287120	-11.808232	-14.608279
3707	1	-16.017812	-5.369628	-11.526779	-3.491542	-11.185437	-6.994429
3721	1	-13.708529	-11.159171	-7.958869	-14.336903	-13.417040	-6.742291
3753	1	-13.329856	-12.217058	-9.183759	-11.699739	-11.615070	-13.830159
3754	1	-13.327705	-13.056042	-12.362893	-15.428767	-11.128179	-9.238367
3761	1	-16.829707	-13.133005	-12.032889	-7.840633	-9.872823	-8.195760
3762	1	-15.120177	-9.584257	-8.428402	-11.457341	-8.604523	-9.999746
3763	1	-15.062724	-9.725896	-11.452331	-11.580443	-11.203249	-12.245742
3774	1	-13.298595	-9.817556	-9.222782	-4.628055	-11.503740	-5.039725
3776	1	-15.299205	-13.489089	-13.211519	-10.187602	-9.092037	-8.688306
3779	1	-13.644072	-10.792812	-9.281283	-8.915613	-11.354315	-10.190359
3792	1	-6.234091	-7.410441	-11.426516	-16.425373	-10.434967	-12.744782
3797	1	-16.233092	-11.828161	-7.178728	-9.662683	-12.880808	-7.221296
3807	1	-10.556001	-5.325052	-8.649839	2.205611	-8.365657	-3.800849
3816	1	-10.663535	-8.989416	-10.447599	-8.338960	-12.408928	-14.694768
3818	1	-10.501522	-11.288960	-9.710765	-11.434720	-7.087897	-12.261252
3826	1	-11.353815	-10.769478	-7.081542	-8.067386	-7.802535	-8.154527
3855	1	-11.258349	-14.621696	-9.051510	-12.049440	-13.125731	-14.147940
3859	1	-10.890462	-11.702566	-8.699658	-7.098543	-7.806956	-16.596134
3892	1	-10.626547	-9.949807	-10.389205	-13.004765	-4.902072	-13.115210
3896	1	-10.166918	-2.248853	-7.583468	-10.409401	-6.277291	-14.272825
3898	1	-15.594970	-13.893837	-10.039353	-9.022263	-9.811137	-10.432163
3905	1	-15.834331	-7.922373	-9.756349	-5.241081	-8.088768	-8.592412
3906	1	-14.463213	-15.134975	-10.737480	-9.825269	-8.524000	-13.624406
3918	1	2.535106	-15.857692	-5.596035	5.955106	-11.085944	6.232529
3923	1	-12.364547	-12.155423	-8.697148	-13.713129	-7.320600	-12.804728
3924	1	-13.558054	-5.265375	-5.734061	-10.222870	-13.499658	-10.010945
3933	1	-13.976592	-10.949127	-8.745804	-11.213062	-7.800420	-9.052214
3935	1	-12.756874	-9.520989	-8.661090	-10.223184	-13.998472	-11.654105
3937	1	-14.234133	-9.726908	-10.389140	-12.216137	-5.783820	-5.808454
3961	1	-10.405588	-9.072094	-8.412441	-8.188611	-10.440189	-9.025696
3963	1	-10.205419	-13.292847	-9.307064	-10.773437	-12.012338	-7.278910
3970	1	-12.178291	-7.941581	-11.981223	-1.028034	-12.050552	-6.406090
3983	1	-9.615714	-12.690977	-6.898315	-8.908075	-10.288035	-11.482966
3996	1	-14.327406	-12.220707	-9.736059	-8.217904	-9.334451	-11.319421
4020	1	-15.351833	-11.172727	-7.683649	-15.314050	-8.803916	-11.445730
4027	1	-12.501243	-5.836643	-10.115339	-10.122807	-12.725942	-10.022966
4046	1	-6.617641	-11.732913	-12.570570	0.425673	-7.096057	-10.668272
4050	1	-15.514669	-11.080666	-6.875609	-11.466713	-8.452591	-9.274476
4053	1	-12.478116	-12.271522	-10.958611	-10.090551	-10.050744	-5.589403
4057	1	-14.064963	-12.883372	-11.013135	-16.465988	-11.853720	-7.727081
4064	1	-13.075231	-13.869657	-9.795569	-12.677859	-10.642322	-7.385346
4071	1	-17.149144	-11.344089	-10.895518	-6.777540	-8.220114	-11.045322
4078	1	-16.021115	-11.714542	-9.048246	-13.526146	-11.504799	-7.601793
4079	1	-15.127519	-9.919024	-11.014392	-12.056958	-12.445796	-14.484341
4089	1	-15.910071	-9.644096	-11.441421	-10.320160	-9.795253	-7.512925
4096	1	-13.889715	-8.543018	-11.970246	-10.024519	-9.189882	-7.101686
4097	1	-5.631198	-15.508710	-8.443045	-11.946917	-11.403348	-8.938375
4106	1	-11.985754	7.156519	2.056700	-7.659010	5.241221	-11.784326
4116	1	-9.469108	-10.007709	-6.199696	1.026555	-11.978716	-3.130538
4129	1	-13.895764	-10.876668	-9.667333	-10.052084	-10.904574	-9.713818
4130	1	6.104298	-20.582045	-8.732646	8.487726	-14.005290	8.177525
4132	1	-12.814915	-9.668890	-11.632632	-13.474325	-6.694359	-12.053825
4146	1	-13.193023	-16.161685	-7.405338	-5.408925	-7.090032	-14.191707
4152	1	-11.400768	-12.245835	-10.446794	-10.643376	-6.175253	-13.383361
4155	1	-14.260978	-12.745091	-7.399119	-8.732558	-12.293176	-9.787890
4174	1	-17.903411	-8.312144	-7.347203	-11.921036	-10.476580	-12.685376
4176	1	-13.378050	-10.154105	-8.744532	-10.663697	-10.592607	-7.728972
4197	1	-16.716296	-7.031231	-8.581369	-10.815378	-7.847198	-4.210818
4211	1	-11.805108	-6.650152	-9.131080	-7.392844	-9.076504	-11.572938
4215	1	-7.459967	-10.872242	-11.308346	-9.666920	-10.565241	-16.575529
4246	1	-15.318779	-10.712109	-8.431539	-12.434064	-4.472558	-11.846406
4247	1	-12.035752	-10.021843	-7.795070	-8.865226	-7.443367	-9.687941
4250	1	-16.077244	-8.574725	-12.111426	-9.430088	-12.023019	-13.599683
4251	1	-15.537988	-8.130378	-10.339638	-8.977547	-13.647200	-11.971089
4255	1	-15.176461	-11.790861	-8.471144	-10.039735	-11.779903	-11.983464
4265	1	-10.202683	-11.175008	-8.862644	-11.668008	-8.157043	-12.544301
4269	1	-12.355940	-9.252295	-8.098838	-11.057639	-8.709436	-11.118588
4271	1	-17.419265	-7.503174	-5.988729	-9.684819	-6.049990	-12.266753
4279	1	-16.177506	-11.634647	-10.226653	-12.399512	-8.711022	-12.511721
4286	1	-14.857179	-11.650112	-9.474544	-10.682252	-5.639455	-10.980125
4290	1	3.589672	-15.007339	-10.814885	8.035139	-5.911750	7.296067
4307	1	-13.934137	-7.444614	-8.449639	-5.188488	-11.564125	-10.671204
4308	1	-10.458378	-8.783640	-11.350622	-5.335757	-10.245931	-10.836305
4317	1	-11.475777	-10.136653	-8.513071	-10.668109	-12.972858	-8.928324
4323	1	-13.870278	-11.430531	-9.556263	-9.799035	-9.361631	-10.137500
4332	1	-13.557587	-5.171136	-7.024382	-11.351734	-9.443769	-14.124132
4340	1	-10.317449	-4.417039	-4.933520	-8.619267	-7.696813	-13.105628
4342	1	-12.023163	-4.471115	-8.907519	-11.894695	-9.373310	-11.095230
4345	1	-10.478649	-7.976918	-6.541842	-9.951804	-12.901941	-8.922947
4346	1	-10.385025	-10.961847	-11.527039	-3.764821	-6.713886	-4.057824
4348	1	-13.088025	-12.039152	-5.886272	-3.886131	-8.986329	-6.383047
4355	1	-18.722741	-10.332041	-9.689510	-10.389108	-9.322726	-11.428932
4361	1	-11.584635	-11.524658	-7.301622	-1.680815	-8.740555	-9.480475
4371	1	-11.920033	-8.435540	-11.739949	-8.567750	-11.026585	-6.747784
4392	1	-13.627108	-2.719801	-8.567241	-8.721521	-9.819430	-12.250846
4406	1	-16.587775	-4.652998	-7.770051	-7.792328	-5.967334	-6.850567
4408	1	-17.850856	-6.318178	-13.696884	-5.944657	-11.992171	-9.346903
4419	1	-13.534715	-5.932055	-7.524270	-9.347306	-7.553167	-13.384459
4426	1	-10.293144	-6.682046	-8.740957	-8.901803	-8.637092	-5.786563
4439	1	5.692316	-10.788428	-8.800718	7.037225	-9.799083	7.468924
4446	1	-15.996042	-11.741342	-8.663724	-14.259848	-9.657175	-11.730503
4451	1	-11.917628	-10.701974	-10.921893	-7.361987	-11.636834	-7.747827
4454	1	-14.924938	-6.181500	-10.603255	-9.718215	-9.422032	-9.886616
4481	1	-12.612936	-11.432567	-11.063115	-8.634078	-9.571560	-4.506607
4499	1	3.570732	-13.930761	-10.708963	6.643185	-10.569608	6.785705
4504	1	-15.306758	-13.785721	-11.711515	-10.801118	-12.525127	-14.029795
4519	1	-11.922978	-9.234971	-9.767593	-13.706291	-10.614379	-11.230369
4531	1	-3.446594	-7.020490	-8.770559	3.021076	-7.966929	7.893029
4534	1	-11.448417	-6.524207	-9.679638	-6.926004	-1.331414	-10.742309
4536	1	-10.198456	-10.465470	-11.696352	-10.861963	-8.298288	-9.416972
4550	1	-15.046352	-8.434142	-8.875288	-8.029106	-8.771296	-13.036092
4561	1	-16.623740	-10.654292	-7.268890	-11.891114	-8.030682	-9.471072
4579	1	-10.582687	-16.150584	-9.415875	-13.385525	-6.243365	-10.329611
4586	1	-14.318020	-14.878874	-8.531392	-7.287445	-10.014706	-8.158255
4594	1	-12.119595	-6.427090	-8.605690	-9.480166	-8.244591	-12.418725
4625	1	-14.979657	-10.395237	-9.843008	-12.592206	-8.189908	-13.811426
4629	1	-11.582348	-13.073997	-10.876088	-11.713851	-3.884188	-8.265971
4634	1	-1.115555	-8.647718	-13.192624	7.734964	-10.417671	2.911800
4637	1	5.255592	-16.885219	-10.638480	7.987148	-12.190918	1.058712
4639	1	-10.679125	-11.021007	-10.708145	-12.654286	-9.620576	-10.951597
4644	1	-14.648036	-9.985526	-9.073466	-3.926749	-11.068631	-8.932704
4651	1	-9.237427	-10.817920	-10.929501	-9.688332	-9.353851	-15.401187
4659	1	-11.197212	-1.304446	-9.189388	-11.620231	-10.251774	-13.911293
4663	1	-18.445917	-7.094625	-8.251253	-10.787982	-13.220658	-9.769308
4664	1	-11.807273	-16.535595	-7.101338	-11.869667	-11.683097	-11.021145
4679	1	-13.540335	-10.133715	-10.305155	-13.310768	-10.033703	-11.218052
4683	1	-15.797518	-4.245140	-8.542482	-14.640850	-7.461515	-9.832403
4695	1	-13.380349	-7.758098	-10.374278	-12.205223	-13.450138	-9.971639
4697	1	-15.193592	-6.251125	-8.015959	-9.577323	-11.544334	-7.611349
4708	1	-18.140160	-11.274491	-12.230578	-8.957806	-13.855202	-9.633609
4714	1	-14.256387	-11.970994	-11.627050	-8.741140	-14.595612	-15.078180
4727	1	-9.498692	-8.504472	-6.993068	-12.423555	-12.696323	-8.200365
4730	1	-14.135440	-13.610792	-7.690840	-9.262935	-15.483960	-14.386941
4737	1	-16.209878	-8.554099	-12.272083	-11.726670	-9.242666	-10.717024
4739	1	-9.004979	-4.047053	-8.167411	-7.678059	-8.817115	-8.077811
4741	1	-15.891126	-5.031702	-12.280604	-5.684433	-6.211505	-10.079184
4743	1	-11.398908	-12.370082	-5.318324	-8.730281	-7.469451	-11.101073
4758	1	-17.588639	-11.131298	-15.991591	-10.639289	-7.655439	-2.790031
4759	1	-8.941323	-3.205071	-6.764499	-7.214018	-5.964755	-9.796308
4787	1	-7.878242	-10.390249	-6.805437	-4.892896	-11.343782	-13.099676
4797	1	-15.307101	-10.066244	-13.345036	-10.120297	-9.386786	-6.092914
4808	1	-12.031529	-14.700189	-9.513947	-5.830250	-7.489976	-12.567055
4811	1	-11.097551	-10.253636	-9.683300	-16.109349	-12.943043	-10.276694
4821	1	-13.223523	-9.275047	-10.582011	-14.172958	-13.802219	-13.940439
4825	1	-12.808224	-11.029067	-10.470042	-15.288144	-6.376637	-13.076273
4827	1	-15.812288	-12.963633	-8.227389	-7.019098	-11.361603	-10.330040
4829	1	-17.586339	-3.115274	-6.938027	-5.881880	-12.362558	-8.695556
4836	1	-19.866602	-9.496426	-9.968989	-9.139473	-5.647147	-2.066593
4843	1	-14.342647	-9.209758	-8.317486	-6.580037	-11.811815	-15.906119
4845	1	-18.041933	-9.789014	-8.414340	-10.662798	-3.319060	-7.265678
4847	1	-16.991716	-13.267945	-6.733735	-11.176224	-10.880888	-7.326616
4860	1	-11.756835	-15.478270	-7.600146	-3.926731	-8.306262	-7.991175
4871	1	-18.854248	-9.725974	-12.417200	-14.635968	-12.338962	-11.421108
4873	1	-19.526823	-9.477784	-6.506465	-9.918554	-10.290607	-12.902401
4884	1	6.193930	-3.312077	-10.979242	6.526761	-5.975813	7.310190
4890	1	-16.318545	-11.278144	-5.715521	-12.189742	-11.217820	-4.130914
4892	1	-16.947564	-9.593269	-6.709584	-9.330470	-13.593532	-6.106694
4893	1	-12.951197	-12.210320	-10.822366	-14.810316	-8.090202	-10.744165
4920	1	-15.676452	-10.165875	-9.947866	-9.685013	-12.299814	-8.491756
4927	1	-15.339613	-8.114036	-10.540740	-9.101721	-10.351997	-9.785735
4949	1	-13.532076	-8.069207	-10.711862	-12.826046	-8.812963	-9.222860
4950	1	-18.333240	-10.115683	-10.650251	-13.869407	-10.478849	-11.121074
4958	1	-12.793493	-2.761191	-8.023847	-8.058815	-8.770319	-13.502093
4960	1	-18.100617	-12.704913	-7.295549	-15.035712	-8.760691	-11.000447
4963	1	-14.744559	-12.550186	-9.350395	-12.422896	-6.896710	-7.153678
4980	1	-13.592052	-12.265361	-7.936678	-9.532250	-9.411893	-7.078926
4987	1	6.308442	-17.052545	-8.211474	8.253587	-8.294330	6.450073
4989	1	-8.606701	-11.478863	-8.614379	-12.274533	-11.952941	-2.868683
4994	1	-20.598888	-7.912899	-12.574212	-11.532188	-6.835918	-0.847579
4997	1	-13.296158	-12.062953	-9.849727	-5.632365	-1.817857	-12.079655
5000	1	-15.485537	-12.154303	-8.685260	-8.345304	-9.515733	-11.446904
5008	1	-15.586674	-6.084855	-6.280917	-11.871207	-15.144818	-11.164848
5022	1	-12.740787	-7.906759	-10.179987	-11.405017	-8.221993	-10.871608
5023	1	6.623891	-16.424306	-9.061417	5.260316	-9.236226	6.876946
5046	1	-15.676117	-10.830324	-9.016663	-8.482521	-10.424269	-11.843940
5060	1	-10.241939	-7.505055	-8.024624	-5.493920	-11.634536	-8.909291
5094	1	-12.167512	-9.942314	-13.726332	-7.622388	-11.628769	-1.388680
5096	1	-16.069620	-8.023410	-8.382306	-7.428192	-13.124758	-10.992227
5113	1	-5.467861	-1.940948	-6.688798	-8.815129	-9.376535	-5.804347
5114	1	-9.800312	-5.754300	-11.382080	-13.492630	-6.970746	-13.033496
5124	1	-15.766114	-6.417653	-9.738601	-8.413789	-9.749071	-10.800318
5132	1	-11.704326	-8.428298	-11.862605	-15.719305	-8.091136	-8.879614
5134	1	-9.549451	-9.429746	-6.794797	-9.379920	-10.097760	-6.060720
5142	1	-10.348711	2.470304	-5.176216	-4.535865	-6.558994	-11.603002
5145	1	-14.134551	-10.045572	-7.955032	-6.653941	-10.340343	-10.677065
5146	1	-16.297957	-10.456371	-12.186479	-9.336299	-9.633702	-15.205322
5155	1	-17.271167	-10.316214	-10.642635	-1.157817	-5.379698	-8.875705
5161	1	-13.918002	-7.471181	-8.472705	-5.900542	-13.287663	-8.097108
5163	1	-12.831456	-15.540016	-11.685006	-12.571331	-11.835713	-14.684559
5164	1	-15.379921	-14.466421	-9.333557	-8.382662	-5.198502	-12.143233
5172	1	-11.047599	-8.077553	-10.559408	-6.396196	-8.948409	-7.088198
5174	1	7.876394	-22.344345	-7.701113	8.392776	-11.011210	7.904654
5176	1	-11.868551	-8.971211	-12.896761	-10.327321	-5.031114	-13.100486
5179	1	-13.145281	-13.283023	-8.135982	-3.247822	-10.678520	-5.144491
5180	1	-17.602007	-8.706796	-7.605803	-12.344929	-11.912109	-6.931622
5181	1	-14.546517	-5.340083	-4.023612	-14.815201	-12.945977	-14.668086
5192	1	-14.633185	-11.885040	-13.240044	-9.869241	-11.419313	-8.843797
5200	1	-15.512577	-9.327349	-11.610809	-11.863655	-8.327480	-8.062824
5202	1	-10.509145	-8.004821	-9.922184	-8.661955	-11.687885	-16.255111
5205	1	-13.299207	-7.837529	-9.155020	-13.849089	-10.392641	-13.052883
5213	1	-11.641354	-3.684158	-5.916758	-9.605058	-6.118406	-11.234554
5223	1	-10.744876	-8.258938	-8.144733	-13.866982	-12.054494	-8.403392
5225	1	-10.413899	-11.119329	-8.725115	-11.698642	-5.610326	-7.514105
5235	1	11.486306	-17.662744	-6.467749	8.735693	-10.650630	9.297175
5241	1	-11.874716	-11.505439	-10.263195	-7.665397	-9.831407	-11.550508
5243	1	-15.358399	-10.777281	-12.188918	-7.546981	-7.794751	-10.833548
5245	1	-10.611314	-9.998052	-10.098766	-13.457152	-12.109425	-5.531808
5265	1	-12.805763	-10.512577	-11.248372	-9.204049	-11.228661	-11.035768
5272	1	-7.501627	-6.937037	-2.423194	-12.201007	-9.567488	-10.586357
5281	1	-15.690123	-6.538023	-11.995652	-11.666932	-12.796139	-11.911717
5282	1	-10.976863	-9.343378	-8.640286	-13.316328	-11.687848	-11.603642
5283	1	-6.833655	-10.478410	-3.356771	-10.516268	-2.717901	-15.091396
5287	1	-13.121224	-10.496879	-10.830860	-10.867834	-11.635295	-9.365936
5291	1	-10.183179	-12.104839	-9.779264	-6.340242	-8.605265	0.009599
5293	1	-15.142766	-9.085165	-10.635756	-7.377736	-11.947550	-10.559710
5308	1	-17.698656	-10.686675	-7.692121	-8.210700	-11.648847	-11.771379
5326	1	-15.400214	-8.446953	-9.898194	-12.231173	-12.582315	-7.390830
5329	1	-5.611211	-12.392914	-11.287568	-8.644530	-5.846036	-12.790567
5330	1	-15.587288	-10.029566	-9.779328	-8.316191	-10.729094	-8.652041
5348	1	-16.070518	-10.529999	-6.806162	-11.413157	-10.935599	-11.485069
5354	1	-8.238810	-10.604898	-10.381733	5.035060	-10.024807	-2.847767
5356	1	-14.411838	-9.672022	-10.944544	-5.980061	-4.433750	-10.432977
5361	1	-12.236373	-15.182082	-12.612386	-7.857120	-7.555126	-10.587876
5375	1	-13.233105	-5.988678	-12.986635	-8.220627	-7.650896	-9.099710
5377	1	-16.271128	-8.292473	-8.261451	-10.801981	-8.479201	-8.694256
5380	1	-15.587045	-9.436738	-8.890116	-10.270102	-12.863042	-10.957819
5388	1	-9.639978	-10.752639	-13.599328	-2.251439	-8.302699	-4.625261
5391	1	-10.867838	-9.574946	-5.001475	-12.633420	-9.413595	-6.700536
5394	1	8.023039	-13.027464	-11.583889	7.019658	-12.182984	8.248491
5402	1	-17.874407	-12.723332	-10.027719	-10.101427	-13.864691	-9.725133
5416	1	-13.196770	-11.383305	-12.205614	-9.280727	-9.037708	-9.354947
5417	1	-13.148814	-13.053038	-8.569601	-8.184526	-13.250559	-16.895323
5426	1	-12.420935	-8.754085	-12.750473	-14.979179	-8.524890	-8.848928
5435	1	-14.666245	-9.904381	-11.701825	-8.194822	-6.845492	-8.401739
5450	1	-13.600022	-10.738270	-9.269161	-9.802657	-7.645687	-9.925382
5458	1	-3.185182	-9.639080	-4.842693	-4.984668	-11.692962	-12.122718
5460	1	-9.176861	-8.661131	-12.006862	2.734899	-9.250170	-4.502313
5461	1	-7.814648	-11.207854	-7.855029	-16.750324	-9.062697	-13.399463
5467	1	-17.867492	-13.309548	-12.301679	-10.753285	-7.989905	-8.942254
5469	1	-15.399820	-9.647145	-5.345419	-7.062252	-9.679786	-12.783967
5477	1	-14.871644	-8.764766	-9.167178	-11.275470	-8.891299	-6.153383
5479	1	-17.249855	-14.038375	-10.434019	-8.852665	-15.387233	-10.755709
5488	1	-7.678769	-12.149837	-8.679874	0.931236	-9.194210	-8.719840
5493	1	-13.309064	-10.803068	-10.852813	-10.065658	-4.598587	-14.785939
5497	1	-4.259276	-10.637872	-9.350162	-8.777407	-9.429687	-12.598909
5501	1	-16.238699	-6.813560	-11.812945	-12.615185	-7.815713	-5.536550
5506	1	-15.017676	-9.451647	-11.432574	-7.205415	-12.882375	-9.305259
5515	1	-4.593598	-8.632529	-5.679103	-8.645539	-11.761729	-9.728949
5523	1	-14.933815	-8.793696	-11.061381	-1.245013	-12.733255	-2.424052
5545	1	-12.591301	-12.974272	-6.910533	-14.702717	-4.780465	-8.392470
5547	1	-14.966390	-8.671770	-6.601204	-15.287529	-11.161693	-15.405661
5557	1	-16.892387	-6.453359	-8.162163	-7.412909	-10.350005	-8.999299
5563	1	-16.574378	-10.130617	-7.404172	-15.780398	-9.759763	-8.662553
5566	1	-12.759592	-5.610215	-13.655825	-12.798282	-3.967988	-13.257969
5582	1	-15.436650	-10.399508	-11.065188	-8.821084	-9.040934	-13.748959
5602	1	-7.782950	-10.946244	-11.796233	1.253521	-6.551714	-2.739189
5608	1	-9.668580	-5.424127	-9.672119	-7.603861	-6.644689	-9.190352
5609	1	-11.570846	-13.117236	-11.074132	-4.358678	-8.564534	-12.551702
5614	1	-17.987523	-8.003872	-11.627067	-6.792193	-11.209771	-9.592155
5626	1	-14.640773	-11.122955	-8.672278	-3.950831	-11.495959	-7.080134
5627	1	-10.323171	-6.380270	-11.598835	-12.258121	-11.655526	-4.899848
5630	1	-16.693778	-11.657391	-5.113762	-11.124256	-8.952804	-8.114547
5631	1	-16.897405	-10.524200	-8.590438	-10.291301	-11.478191	-9.955504
5636	1	-12.810233	-10.564340	-13.566005	-2.996013	-10.834396	-13.945836
5641	1	-16.646997	-7.735896	-8.597491	-6.932560	-10.673088	-11.168369
5643	1	-9.067046	-9.626357	-12.304283	0.031001	-6.675160	-7.639882
5645	1	5.084899	-14.179929	-7.583486	6.640823	-12.243453	7.138785
5652	1	6.353465	-14.768128	-4.606737	7.358450	-12.731218	6.819985
5654	1	-14.736494	-10.504330	-5.638076	-9.162230	-9.450144	-9.228832
5659	1	-12.132516	-9.684269	-7.813873	-10.762521	-9.104297	-5.768802
5670	1	-12.062110	-7.767491	-7.184105	-9.977827	-11.115765	-9.979347
5671	1	-12.818012	-8.307583	-8.451460	-8.247203	-8.755326	-10.959318
5672	1	-14.212250	-13.807495	-9.535319	-10.200451	-10.447754	-8.947330
5681	1	-14.013398	-8.163429	-9.651326	-10.198817	-9.750236	-6.865313
5693	1	8.958736	-7.278942	-6.687442	5.994395	-7.716338	8.938257
5702	1	-11.435137	-9.570500	-8.699711	-10.836931	-14.078109	-8.536953
5707	1	-7.385407	-9.624990	-4.804934	-6.528308	-9.095699	-11.091137
5712	1	-10.880464	-8.466678	-15.725240	-8.375138	-12.076892	-7.957265
5718	1	-13.889663	-11.865778	-9.001095	-13.249820	-10.941589	-11.510522
5742	1	-15.763946	-6.777408	-11.292241	-8.942669	-7.880403	-9.855580
5751	1	-10.573747	-9.469682	-9.683461	-8.033882	-12.341226	-8.907011
5753	1	-15.099267	-9.021710	-6.787680	-3.604915	-8.374218	-13.194216
5755	1	-5.667920	-14.910140	-6.318044	-11.968319	-8.090298	-17.757012
5761	1	-14.700243	-7.933166	-8.088919	-12.158098	-10.082077	-7.363673
5765	1	-14.017447	-12.543651	-13.611078	-8.782876	-8.735010	-13.557378
5771	1	-9.907076	-11.144604	-9.828019	-9.308462	-8.869546	-11.766069
5776	1	-14.677340	-8.649913	-10.927614	-6.993712	-10.494621	-14.480875
5777	1	-16.608320	-13.039924	-5.115562	-7.297755	-10.050634	-7.576226
5782	1	-14.643287	-10.241557	-6.857860	-7.790823	-10.016684	-8.541957
5788	1	-14.047925	-11.914555	-7.673685	-8.305900	-4.701418	-10.251407
5801	1	-10.880563	-7.445269	-7.521194	-12.332361	-9.296226	-9.315666
5838	1	-13.271557	-9.820626	-11.694196	-9.977380	-10.896876	-9.168531
5843	1	-14.873069	-5.295663	-9.362782	-10.452146	-14.541148	-10.598426
5845	1	-9.725574	-11.325875	-10.193235	-12.321422	-8.139186	-13.731294
5854	1	-17.043094	-7.821197	-5.665987	-9.316193	-7.473944	-12.215624
5858	1	-14.556437	-9.916678	-8.277650	-13.140592	-11.732695	-15.332122
5863	1	-15.092011	-14.820335	-9.442879	-8.885853	-10.673133	-13.159415
5865	1	-10.443683	-10.942627	-13.555753	-10.364824	-9.832255	-7.551294
5866	1	-14.736456	-14.632721	-9.664345	-10.548401	-9.728547	-15.994393
5869	1	-15.270043	-11.101491	-8.896337	-7.450894	-13.614468	-9.433913
5889	1	-14.892863	-6.203343	-14.270502	-6.998849	-9.160632	-10.496956
5902	1	-8.909851	-7.587674	-6.982552	-12.118947	-8.618487	-9.533183
5917	1	-13.745348	-13.794839	-10.269833	-11.299257	-9.177938	-6.140152
5920	1	-14.424406	-9.699608	-10.317487	-11.069851	-8.262280	-5.332427
5934	1	-14.622565	-11.198588	-8.835040	-7.867330	-8.194138	-7.498364
5940	1	-14.548723	-13.477721	-7.052005	-13.375305	-9.622255	-11.450078
5941	1	-12.769107	-9.075507	-6.374910	-10.977631	-11.451016	-9.159316
5944	1	-16.342755	-10.380877	-12.371974	-10.313209	-6.403318	-9.324174
5947	1	-15.523091	-10.560791	-9.911192	-10.204756	-10.728457	-10.003946
5955	1	-12.133177	-7.172171	-5.195546	-12.249097	-10.993728	-12.290254
5962	1	-12.970856	-10.312830	-11.108691	-9.018785	-11.323471	-11.913493
5964	1	-15.689406	-7.052589	-8.121917	-13.929929	-9.630837	-9.169383
5981	1	-16.968864	-11.603129	-10.085502	-7.680245	-12.647989	-6.773298
5992	1	-9.952089	-9.892455	-11.237381	-10.445617	-10.842118	-10.540612
6002	1	-15.540926	-13.481476	-6.278189	-11.655587	-9.481660	-10.447705
6007	1	-10.622542	-10.718748	-8.178348	-12.811288	-9.202014	-9.273365
6017	1	-15.538822	-9.193782	-6.638877	-8.525113	-6.912383	-12.202636
6041	1	-13.966035	-7.127603	-2.860286	-9.187164	-8.489343	-9.103349
6042	1	-12.820230	-9.141266	-11.040942	-6.464131	-11.856312	-10.544080
6049	1	-15.839409	-6.680429	-6.502436	-6.680625	-12.014524	-8.885766
6058	1	-13.990791	-9.290575	-8.435687	-6.902355	-11.152491	-11.082973
6089	1	-16.796698	-11.967810	-13.168518	-11.192277	-11.062557	-10.666644
6091	1	-11.461933	-12.047883	-8.922836	-11.397053	-10.282400	-10.318722
6095	1	-18.073008	-9.611988	-9.076259	-12.239418	-3.747543	-3.787248
6104	1	-16.182535	-7.902095	-13.786018	-10.712560	-7.634365	-9.333329
6106	1	-13.102239	-12.197632	-10.725444	-5.075440	-9.724827	-12.136664
6108	1	-12.344154	-10.102404	-9.980950	-9.016633	-15.957668	-6.258460
6118	1	-15.883348	-11.641693	-9.312895	-11.956344	-8.495468	-12.219437
6122	1	-13.628205	-9.833241	-9.777166	-4.516153	-10.277266	-8.217945
6125	1	-12.760939	-14.718300	-5.909689	-9.054996	-6.574856	-12.519232
6134	1	-13.750019	-11.254373	-13.003133	-7.584865	-9.506933	-11.712632
6153	1	-16.679057	-8.473832	-10.183038	-9.481957	-9.276833	-12.272208
6158	1	-18.210503	-4.838164	-6.837108	-9.945555	-6.832193	-8.514424
6165	1	-14.526817	-5.322695	-9.774637	-12.259720	-9.765915	-3.798331
6166	1	-18.069527	-5.194909	-6.922020	-10.076642	-12.373280	-6.899176
6176	1	-16.363599	-0.879892	-7.437463	-7.147653	-12.623498	-13.091054
6177	1	-13.790422	-12.228541	-9.590078	-14.182438	-6.552742	-9.038888
6193	1	-15.998564	-11.863842	-10.258705	-5.557510	-9.390523	-5.223490
6208	1	-15.539667	-12.911137	-8.490228	-9.167805	-10.935021	-15.446948
6213	1	-13.224002	-8.825756	-6.469455	-11.436305	-6.270516	-7.249240
6216	1	-13.729646	-8.882066	-11.268906	-7.705613	-10.114996	-10.364873
6246	1	-14.488375	-9.253806	-11.210541	-15.945195	-16.799912	-8.321406
6253	1	-10.375087	-11.347523	-8.908501	-10.009110	-12.418491	-10.014504
6254	1	-6.752642	-8.420337	-10.068878	-14.470169	-9.428741	-8.601799
6257	1	-9.990574	-8.463977	-7.958127	-12.355481	-11.451314	-9.624025
6268	1	-14.350369	-10.298184	-10.918412	-10.110492	-11.018718	-7.582034
6273	1	-9.572458	-6.042484	-10.607333	-6.181104	-9.060010	-15.545754
6277	1	-16.401786	-12.992623	-9.829707	-11.720987	-9.056583	-16.024352
6286	1	-13.142834	-9.292483	-13.591996	-13.126541	-12.335114	-12.917001
6291	1	-10.436545	-13.300614	-10.293293	-14.833238	-10.586584	-15.402947
6292	1	-15.514211	-12.182498	-9.554509	-11.226469	-8.260154	-12.245508
6301	1	-10.183756	-0.869318	-7.227155	-8.640968	-8.577640	-7.584762
6316	1	-12.829697	-8.729594	-9.208811	-11.503423	-10.901294	-8.852351
6325	1	-13.554810	-12.592025	-9.617438	-9.905568	-4.503623	-6.545277
6339	1	-14.366586	-7.046382	-13.955273	-4.116550	-8.341391	-9.422475
6349	1	-16.753623	-10.223175	-9.442727	-9.594709	-12.453606	-9.501141
6364	1	-10.792607	-10.929504	-9.503378	-8.639856	-11.366408	-8.801005
6371	1	-16.231671	-10.677961	-11.608254	-12.790779	-11.959694	-10.851736
6388	1	-13.774475	-12.704893	-11.496265	-9.009486	-10.318086	-11.628341
6392	1	-11.405610	-9.149934	-7.612566	-9.486357	-9.620540	-9.477180
6398	1	-15.206393	-7.473046	-10.267130	-11.402556	-8.447303	-8.506582
6402	1	-12.527277	-9.722489	-11.626265	-9.868627	-8.916344	-15.624451
6406	1	-13.632229	-9.486920	-7.019771	-10.309727	-10.665693	-8.343990
6410	1	-11.695634	-11.409755	-6.955950	-7.139496	-13.628327	-11.027850
6414	1	-8.001552	-11.225413	-11.594260	-15.458069	-6.995704	-14.909545
6415	1	-13.088786	-11.538432	-13.167267	-8.345265	-8.745294	-10.595087
6416	1	-12.262902	-10.708106	-10.801698	-5.911850	-9.651355	-12.646559
6429	1	-15.016660	-8.831453	-14.385360	-7.518744	-11.505316	-7.751226
6432	1	-12.174240	-7.266151	-8.898681	-9.834643	-9.578574	-13.916336
6444	1	-15.998341	-11.917947	-6.127884	-11.381262	-10.457203	-7.964148
6456	1	-6.364562	-9.776901	-4.688205	-7.214121	-12.477974	-14.566686
6475	1	-14.492373	-9.447378	-7.811335	-11.151743	-10.050513	-10.359452
6477	1	-11.766169	-8.907577	-10.968473	-8.386027	-7.892484	-8.863477
6480	1	-13.761392	-11.052965	-2.100980	-11.663849	-10.794210	-12.099376
6486	1	-12.261728	-9.619956	-9.562753	-5.713871	-10.417380	-4.602791
6492	1	-13.135527	-8.582726	-10.146604	-8.696591	-8.865680	-12.216883
6500	1	-15.702007	-11.214456	-9.584874	-15.838033	-11.006191	-11.171345
6505	1	-12.100703	-9.192676	-9.284623	-9.049391	-11.202498	-11.654990
6511	1	-14.156775	-8.896912	-8.177275	-11.239305	-10.117925	-8.561186
6512	1	-9.461440	-3.155738	-9.583813	-10.612815	-7.759719	-7.610105
6524	1	-15.224249	-12.241665	-13.553362	-7.760467	-10.491744	-10.735151
6542	1	-8.908890	-9.141306	-7.281746	-8.454224	-15.444461	-12.290823
6550	1	6.143180	-16.112550	-11.206666	7.961675	-10.491315	6.557231
6552	1	-9.229451	-9.246086	-10.393107	-9.851013	-7.004955	-10.890985
6558	1	-5.803114	-11.116111	-12.110615	-11.682611	-4.991494	-12.909023
6564	1	-12.465585	-10.626834	-6.636314	-13.872863	-12.895991	-12.658377
6567	1	-11.093070	-13.089232	-14.224185	-7.529711	-8.304897	-12.860055
6568	1	-16.703847	-9.769789	-13.606887	-11.132317	-7.812158	-10.683615
6572	1	-10.844154	-8.359220	-6.863023	-9.461220	-9.066032	-15.385432
6593	1	-13.303831	-6.206577	-9.633928	-8.888882	-13.557629	-16.176508
6609	1	-12.800032	-11.036122	-10.542975	-9.042947	-10.625538	-13.862195
6612	1	-15.144237	-9.751407	-8.177986	-8.660947	-14.052471	-9.779882
6620	1	-12.663005	-7.880136	-9.465681	-16.375304	-5.510701	-12.225924
6623	1	-15.574523	-6.446920	-10.392820	-8.552170	-4.593370	-10.094272
6629	1	-18.004308	-12.237693	-11.713787	-11.553259	-7.381717	-10.565555
6630	1	-11.855686	-7.224951	-11.743811	-4.184717	-8.095388	-12.757820
6634	1	-18.106177	-10.360656	-10.845243	-12.480520	-9.703372	-9.089736
6639	1	-14.492776	-7.384289	-10.013793	-13.625128	-9.695690	-11.747754
6643	1	-13.559290	-10.040097	-11.569953	-8.654265	-8.594422	-13.559188
6652	1	-9.999525	-7.994312	-15.467369	-9.499975	-11.145024	-10.689768
6653	1	7.740390	-15.616582	-7.180864	5.963566	-7.710977	5.176483
6668	1	-10.339949	-14.702153	-5.995932	-5.196589	-6.664464	-14.449871
6679	1	-12.364428	-9.812339	-3.813316	-6.873409	-13.120829	-10.624676
6692	1	-10.760615	-8.079343	-9.574800	-9.565194	-11.590110	-10.529717
6698	1	-11.433548	-10.077682	-11.179007	-10.186932	-9.366792	-13.615070
6701	1	-16.435421	-9.040863	-6.829064	-12.286078	-9.516124	-12.420373
6706	1	-15.656964	-10.554903	-11.646865	-11.425276	-13.214944	-14.278062
6707	1	-16.199738	-6.876714	-9.653835	-14.272989	-4.227657	-14.212521
6716	1	-7.469990	-10.792713	-12.595395	-10.587771	-3.787465	-16.622558
6719	1	-17.793445	-10.001204	-9.271314	-10.638116	-10.020324	-4.900496
6728	1	-16.462852	-7.306264	-11.166892	-10.422133	-12.456858	-4.558891
6729	1	-11.400460	-9.731632	-9.639790	-9.071436	-9.896782	-14.112696
6737	1	-14.278883	-10.156106	-7.968176	-7.687110	-8.408582	-15.179201
6748	1	-13.079943	-13.904484	-10.452578	-3.766884	-10.146759	-8.328807
6753	1	-13.918029	-10.038814	-10.949317	-10.856740	-12.930537	-10.387795
6755	1	-12.041841	-13.798940	-5.598653	-4.621220	-11.700814	-9.309411
6762	1	-15.103445	-8.194444	-7.748254	-11.210514	-5.616515	-4.494569
6767	1	-17.479459	-8.976327	-10.226085	-4.096269	-9.556048	-6.302655
6773	1	-18.608071	-11.136715	-9.370196	-10.372278	-10.683399	-10.412591
6787	1	-14.728251	-8.485901	-7.483963	-10.239298	-7.071933	-10.313342
6793	1	-18.129040	-11.422319	-12.344507	-10.937631	-8.977638	-11.806892
6809	1	-17.385206	-8.188021	-9.254864	-14.035613	-5.090941	-11.104014
6825	1	-18.215364	-7.904624	-10.389511	-8.158257	-6.681156	-10.100121
6834	1	-11.739164	-3.185626	-6.897685	-4.920810	-9.498427	-8.999368
6836	1	-13.963346	-12.692535	-9.194546	-13.307944	-8.879937	-12.620993
6842	1	-10.424270	-11.743623	-7.546568	-8.778748	-11.290779	-11.345201
6846	1	-13.484831	-14.718605	-9.543424	-8.586407	-11.044758	-8.335912
6858	1	-15.714205	-7.793993	-13.240166	-10.201016	-9.314287	-13.600670
6861	1	-11.349245	-8.633110	-10.190792	-5.592748	-11.707699	-13.385192
6863	1	-11.059623	-10.445327	-10.702720	-9.900166	-9.744003	-8.798240
6875	1	7.593891	-13.549223	-10.682127	9.448542	-6.283371	7.944470
6886	1	-18.702963	-5.885215	-4.915917	-12.256667	-9.923873	-11.660708
6888	1	-14.167295	-11.211556	-10.022858	-4.765461	-11.381408	-7.893238
6895	1	-14.737053	-16.026211	-6.053003	-9.996690	-7.877562	-12.739608
6901	1	-15.374921	-11.742765	-10.266826	-12.202108	-12.561275	-11.145021
6902	1	-13.267507	-8.135328	-10.944442	-7.216718	-12.783683	-9.606335
6906	1	-11.831029	-6.115721	-4.539194	-10.255872	-7.964932	-10.596489
6920	1	-9.560667	-7.317117	-8.582784	-10.447212	-9.651804	-12.709174
6924	1	-7.431900	-12.763654	-10.674303	-9.738353	-9.511548	-4.436704
6940	1	-10.105957	-12.016967	-5.348408	-8.236370	-6.533058	-13.226272
6945	1	-16.451980	-10.851533	-12.331819	-8.265235	-13.245925	-8.455495
6953	1	-16.569890	-14.697084	-6.753913	-11.981704	-11.068548	-8.882612
6954	1	-14.797765	-7.949086	-7.161668	-7.394628	-10.755637	-10.763829
6957	1	7.432849	-17.916159	-8.667628	9.072030	-10.193700	7.088539
6984	1	-8.446908	-10.509650	-5.568688	-16.136931	-8.308510	-7.555585
