141	8	10.325522	3.532917	2.133608	8.908994	-0.467620	7.182655	-5.979750	5.051625	2.133711	-1.150771	-0.467610	-1.846859	8.313425	11.117480	8.212849	3.573900	5.659913	7.182641	-8.252747	12.607370	8.212849	-12.124463	5.659913	-8.439546	5.278136	-6.110171	-4.392071	8.909023	-7.035217	7.182487	-11.056532	-4.781048	-4.392070	-6.789335	-7.035217	-5.784430	-0.370705	-4.941967	-4.392071	5.412586	-7.035217	4.224240	9.693466	-0.809402	-3.953718	8.909023	-6.325429	7.182655
498	8	3.218358	-7.186948	-6.062769	6.861652	-7.037889	7.951897	6.270806	4.702668	5.076889	4.623225	-0.085762	8.160227	-5.456856	8.877951	5.081738	-0.651355	-0.074816	3.447921	-10.932325	8.877951	5.081738	-11.245888	-0.074816	-8.641020	-11.862551	10.777399	5.394471	-11.572406	4.027021	-8.641071	5.323514	6.610394	5.394456	4.291417	4.024684	8.159381	-7.616153	4.277850	-0.550029	-9.000216	-4.994411	-8.638046	-7.635858	-2.771867	-5.962041	-8.997039	-6.099028	-8.638033
682	8	4.395844	-0.689576	-0.722580	5.171295	-8.813799	6.540524	-8.220696	-4.710972	-5.909376	-8.629574	-8.849655	-4.911449	3.191005	1.872642	-0.722501	-3.486932	-5.932905	-4.105497	-6.832981	11.214724	5.894412	-12.576200	6.263200	-4.909017	4.969332	5.846712	5.894412	1.223155	6.263200	5.869966	-1.686138	3.992228	-0.722501	-8.578215	-5.923767	-4.789704	3.932091	0.203779	-0.722504	4.899814	-8.023317	0.356709	3.192152	-6.937708	-7.097474	5.171260	-8.849655	6.454913
791	8	5.512851	-9.383762	-3.934110	4.828855	-11.810558	0.114930	6.317450	-10.075812	-3.993042	6.740659	-11.857655	5.090071	-5.364183	2.295762	1.035656	-10.823523	-5.739212	-11.753950	8.035330	2.753039	5.679471	1.780029	6.102437	5.090070	-1.588991	7.893307	5.771904	-15.899872	6.328890	-11.748920	7.088338	3.541636	5.718764	-0.912410	6.196293	-0.020039	0.521684	1.855879	0.992433	-9.334727	-5.857287	-9.207062	-7.554113	7.969937	5.772048	-15.926233	6.329260	-11.753950
1068	8	-6.885599	3.557887	-0.119731	-4.319606	-0.890330	-8.828093	-5.952114	-5.396811	-6.232246	0.468828	-10.778112	-6.404971	-12.322985	-5.396811	-6.232246	-4.347165	-10.778112	-8.850120	3.459782	-10.096352	-6.232246	9.013926	-10.778112	6.545521	-0.316367	3.541992	-0.121409	1.808656	-7.450312	-0.486154	-11.566921	11.456076	5.842269	-9.290035	5.449734	-11.993795	4.223841	5.090580	5.842269	4.176303	5.449723	6.523260	-0.555852	-5.396854	-6.232246	7.566631	-10.778112	5.628552
2760	8	2.386511	3.591294	6.691803	-11.037729	0.316926	-7.228154	10.018949	0.974541	0.124422	6.651599	-6.085133	5.736924	-3.176959	9.470096	6.732201	-16.242395	0.319363	-12.724157	5.485411	-9.648259	-5.079924	6.650000	-10.235015	5.736921	-1.550806	7.506589	1.288597	-9.987480	-4.157738	-12.724147	2.377219	4.337436	6.717847	-11.041647	4.547711	-7.254716	3.560890	0.989726	0.139732	-0.816702	-6.050050	-4.140349	-3.177000	10.195674	6.732340	-16.242402	4.548335	-12.724157
3670	8	-10.718123	9.806838	7.740051	-11.260143	6.554905	-7.035132	4.121171	-8.977230	-3.672541	7.312105	-8.252131	6.051182	-13.104743	-6.054930	-3.672540	-7.702580	-8.252131	-6.897504	-6.687242	-6.060755	-3.672540	2.239928	-8.252131	-2.223419	6.657476	5.080160	7.740051	3.717567	6.554905	5.939001	-6.401703	3.486868	2.391415	-6.606708	-1.919387	-6.743832	-6.005250	-6.064305	-3.672540	4.741823	-8.252131	1.578822	-1.175955	9.560852	7.740051	2.935846	6.554905	1.398295
3777	8	-2.957254	3.636809	1.485252	0.092807	-2.922083	-4.342627	-5.308964	-1.390167	-0.295817	4.651486	-8.404258	0.966038	-8.825491	3.636839	1.485252	-5.065213	-2.922081	-8.786577	-12.527643	10.966914	8.110562	-8.594362	5.284439	-8.796730	-3.501185	10.966907	8.110562	1.681256	5.284439	1.309703	-8.053002	-1.390167	-0.295817	0.250051	-8.404257	-4.670211	-13.902478	-1.390167	-0.295817	-4.910201	-8.404257	-8.797252	4.043250	5.791769	8.110551	3.363041	5.282472	4.864448
3780	8	1.941002	9.391458	7.240711	2.043012	6.440114	6.234434	1.964832	-5.544746	-2.531367	5.134911	-8.977089	6.322844	-14.363635	9.935929	7.241788	-10.219058	6.440116	-8.054943	-9.290686	5.462770	2.544044	2.816401	-2.566871	-3.200531	-9.558106	-4.969660	-2.250336	2.867253	-8.977088	-3.199440	-14.126492	5.462770	2.544044	-7.236037	-2.566871	-8.054943	-14.394765	-4.969660	-2.250336	-7.187708	-8.977088	-8.054943	2.365762	4.119850	2.468681	5.571099	-2.633514	6.583394
4555	8	4.014048	9.268939	4.836799	6.618049	6.959163	5.516283	-11.033257	11.656144	4.839676	-9.774639	6.959460	-4.808958	-10.723704	7.054907	4.704385	-9.774246	0.539424	-4.808958	-5.847162	0.729999	1.501396	-8.351470	-5.278230	-4.808958	4.672484	4.132099	4.598962	6.621155	0.514313	5.524041	5.392739	-2.734181	-3.079620	8.047629	-9.785627	5.526106	-1.988299	11.558483	4.839628	2.674524	6.959455	3.331575	4.353462	-7.496112	-4.743993	8.046868	-9.916155	5.521543
5456	8	3.862573	-8.656450	-1.094514	6.140191	-9.909875	7.464585	3.711930	8.209847	7.808043	1.640374	6.815557	7.429081	-3.628891	-4.340253	-1.075177	-2.736219	-9.908506	-9.932048	3.711987	3.541408	7.269681	1.640651	0.748523	7.429100	-9.861021	12.419310	7.808073	-12.299547	6.815557	-10.207756	-9.860994	7.755157	7.304255	-12.299308	0.758848	-10.207756	-2.715833	4.488709	2.500218	-2.339172	-3.834606	-9.645150	-0.025172	-4.657354	-1.082038	-0.500698	-9.909167	-6.199192
5618	8	-0.046678	-3.125677	-10.233000	5.840545	-9.009276	5.681731	-10.437367	-3.115929	-10.232944	-10.161640	-9.004950	-10.473328	2.724834	-6.740027	-10.237140	5.842709	-9.367924	7.187500	2.581291	-6.309167	-10.237118	5.324706	-9.365683	0.806600	-7.431345	2.910891	-2.918559	-10.173088	-3.250161	-10.472643	-7.433255	9.954517	0.251150	-10.262435	4.902110	-10.472645	8.277704	4.117365	0.249609	5.324664	4.878605	0.898334	8.359476	4.117364	0.249609	5.741960	4.878605	7.251187
6354	8	-11.202076	12.898115	8.053692	-9.467117	5.861539	-11.550471	-10.090964	9.837092	5.867665	-7.801600	0.684681	-11.550471	-8.026423	-4.655946	0.714246	-6.198131	-9.050561	-11.550471	-4.812285	6.337352	2.441153	-6.383581	-5.033498	-11.550471	5.309930	4.111267	5.861311	5.719762	0.683318	5.434024	-6.040065	-1.491913	1.853327	-6.298902	-8.755554	-11.550471	4.260422	7.186634	8.053060	3.972970	5.861537	5.433732	5.719911	-10.696337	-3.128305	7.413185	-9.058048	5.434027
6818	8	-1.436225	5.575966	0.615420	5.522900	-6.254967	-6.666426	-7.845884	5.717022	0.615420	-6.019027	-6.254967	-12.509662	-1.967687	11.354469	4.330987	4.972827	5.806753	-6.687800	-8.369335	11.454043	4.330987	-6.545926	5.806753	-12.762507	9.468025	8.642104	4.330987	8.083814	5.806753	5.582629	4.402663	3.694651	0.615386	5.738540	-6.254968	-0.755290	9.975045	2.894597	0.614875	8.515026	-6.254970	5.582629	3.794578	9.679548	4.330987	5.305855	5.806753	-0.757273
6841	8	-11.352327	11.698010	8.770158	-6.546735	7.131098	-2.871469	4.202676	6.532332	8.770158	3.574803	7.130960	6.667746	5.621671	-10.429696	-2.790374	8.185853	-10.238069	6.692922	-5.573007	11.697994	8.770158	-4.803094	7.131098	3.223076	-1.741868	4.365558	2.722128	4.053913	-3.263330	-0.238184	-4.423479	4.411387	2.722128	-1.682292	-3.263154	-2.754480	-7.474154	-5.257875	-2.790374	-1.680403	-10.134710	-2.753920	-4.799605	-5.257955	-2.790374	4.026418	-10.134721	-0.246101
