71	7	-9.753960	12.015093	6.143946	-11.072543	6.387433	-10.348039	-7.951347	11.545665	3.338223	-8.829312	0.778669	-10.348039	-10.313165	-3.145000	-5.381552	-8.813821	-8.147673	-10.348039	4.038143	6.434760	6.143946	2.913580	6.387433	6.969929	-7.113291	1.963444	-0.432514	-8.813821	-4.864168	-10.348038	3.375979	-6.389272	-5.381560	5.044085	-8.148290	6.955564	5.868551	4.952546	3.338210	5.202604	0.778664	6.975733
193	7	7.751826	7.166850	4.344044	5.035627	6.933119	4.582462	-8.986027	11.921524	4.344044	-4.737112	6.933119	-10.669388	-9.871033	-0.837463	-0.734978	-3.983394	-5.062402	-10.681551	7.327247	7.166903	4.344044	5.032764	6.933119	-0.100342	4.530859	-6.396285	-4.635823	5.781254	-9.273884	-0.295823	-6.624654	-0.837463	-0.734978	1.833381	-5.062402	-5.212832	5.196686	-6.536957	-4.837213	5.786893	-9.273887	4.470045
231	7	5.826089	6.429004	8.203382	3.815300	5.974645	8.023368	3.547742	-7.029372	-2.174369	6.416315	-11.919599	8.103981	-5.528719	10.940852	8.203776	-6.036024	5.974645	3.983377	-6.944475	-3.640943	-2.041390	-3.376318	-11.887744	4.082878	-1.318186	-3.641915	-2.041563	2.911860	-11.887829	7.361481	-10.556250	10.940852	8.203776	-9.404716	5.974645	-0.903248	-12.815248	-3.640943	-2.041390	-6.795695	-11.887744	-0.889996
482	7	7.410442	1.243454	3.480986	6.534781	-5.672952	6.145191	-15.818643	12.883725	9.125661	-11.139664	4.030233	-6.997855	4.085130	-5.724560	-2.614369	7.613502	-11.578278	5.765816	-11.679361	5.746205	3.493876	-7.196240	-5.122590	-6.992007	-4.404166	-3.312819	-2.579699	3.930353	-9.923571	0.514545	-15.007160	-3.290871	-2.577549	-6.088995	-9.906378	-6.997446	3.278988	11.038606	9.125660	2.561020	4.029580	5.513679
1239	7	-5.863512	4.639982	-0.299546	-10.076239	-1.917907	-14.136484	-8.594915	11.462947	5.407133	-13.821184	6.433884	-14.877207	4.642167	-7.069350	-3.268107	6.146575	-7.539084	4.465059	7.191278	2.483187	-0.310738	1.140446	-2.061102	-2.283802	-10.579583	-4.999148	-3.217896	-10.076234	-7.523146	-15.012904	9.537983	2.483187	-0.310738	6.146624	-2.061102	4.555342	6.878906	9.410062	5.407132	2.400625	6.433877	4.521650
1304	7	-6.819554	12.163340	5.676295	-10.948196	7.120996	-11.716656	3.653132	-2.053668	-1.208888	2.375403	-4.946032	0.321866	3.328245	-8.662283	-5.975171	8.946420	-10.452288	6.787134	1.911654	-4.211471	-5.970049	2.199545	-10.268610	0.097938	5.902818	5.538853	5.676294	7.171330	7.118932	6.788370	3.274693	0.104176	0.453474	2.154758	-2.964023	0.257630	3.541340	-3.755425	-4.144383	2.479495	-7.076597	0.333334
1338	7	-10.426360	10.288341	3.868213	-8.303204	6.660606	-10.516260	3.379548	-1.888695	-5.977977	2.907545	-7.487381	-1.143611	-7.075085	3.214391	-0.527337	-6.825668	-2.049004	-10.516254	3.894152	-2.586692	-6.889244	8.720362	-7.918023	5.025295	5.812405	4.167982	3.868207	1.645092	6.660472	-1.151118	7.434918	4.166234	3.868207	7.481186	6.660472	5.025757	3.728048	-8.762540	-7.124603	8.698683	-8.077467	5.025104
1381	7	-10.715980	-2.640379	-2.724197	-10.992512	-8.088570	-6.180199	-9.260994	2.299574	-0.868687	-11.000776	-5.089810	-6.180177	5.765034	7.485452	5.039098	6.830220	5.281476	7.453512	3.348194	-4.348711	-4.059797	7.084344	-8.192624	7.381355	-12.644909	10.495364	4.774194	-11.227441	1.259752	-6.180202	-12.767064	10.911667	5.042483	-11.244923	5.282743	-6.180202	5.889512	6.959706	4.766274	6.848014	1.250902	7.453939
1498	7	4.841721	4.891128	6.496573	3.194554	5.943499	6.398066	-12.423261	-4.673659	-3.414091	-9.980229	-7.180575	-10.487842	7.609176	3.891329	2.651703	2.235104	-0.733123	-0.029662	10.662616	3.891329	2.651703	5.422479	-0.733123	6.398849	-6.320119	9.094826	2.651713	-10.405416	-0.731654	-10.488392	-12.145296	10.094344	6.496573	-12.447601	5.943634	-10.489038	4.563745	-9.876663	-3.414091	5.848632	-7.181474	6.398864
1569	7	-7.893408	-5.301408	-4.366233	-10.377335	-10.077508	-12.968352	-3.520332	2.596480	1.590387	-10.409034	-3.569932	-12.968205	-9.132249	10.370482	6.553194	-14.412009	4.888080	-12.968352	4.039859	-10.940820	-4.528705	7.021787	-10.077515	5.665050	4.038770	-10.939433	-4.528705	3.739616	-10.077515	-0.723925	-7.173858	-0.336708	1.563907	-10.408049	-7.855324	-12.968352	2.800687	9.182917	6.553194	2.195589	4.888080	5.664693
1582	7	-8.431608	10.085576	6.946536	-15.606206	8.648573	-11.468356	0.813783	-1.850870	-0.537855	-3.657091	-6.160114	5.528857	3.285729	0.704999	0.909610	-3.774196	-5.268572	5.516988	2.328643	-3.760905	-0.182948	-3.669130	-5.667158	5.513435	3.624835	-1.758743	0.838763	-3.785544	-5.229423	5.509101	4.034716	-0.185659	0.984931	-3.784608	-5.103696	5.513915	0.872336	1.746259	0.394037	-3.780519	-5.886611	5.524862
1750	7	-7.779129	5.642418	4.680718	-8.939529	-2.970280	-11.486175	8.526068	1.696519	4.647915	5.664495	-3.023814	5.749885	4.042694	8.297952	7.948503	4.026583	3.686629	5.557781	-11.955714	-3.370605	-1.397786	-7.804461	-11.323047	-11.633489	-12.005512	12.172337	7.948503	-10.471543	3.686633	-11.633798	4.107645	-7.246564	-1.397888	6.717609	-13.213719	5.566080	-1.711983	-3.370613	-1.397786	2.507506	-11.323059	2.587487
1775	7	4.461715	-11.226815	-2.875005	3.874502	-11.618415	0.192355	6.333909	-11.355309	-2.875005	7.775650	-11.618415	6.426965	10.760169	4.896453	5.541134	4.589235	4.787921	6.426881	8.841518	4.896454	5.541134	0.542225	4.787921	0.167428	-6.899649	11.453018	5.543323	-6.692859	4.788086	-10.624129	-7.975775	-4.798979	-2.865336	-3.497298	-11.616233	-7.865744	-2.404179	1.778427	0.129848	-3.495496	-5.307019	-7.862978
1984	7	6.261259	4.857230	5.948192	5.010472	7.966562	8.116243	8.123233	-11.919221	-6.181271	6.878303	-7.367856	8.180987	-9.117491	-7.016905	-6.181218	-8.242966	-7.367847	-10.456901	-6.250465	2.669478	-0.376828	-8.030686	-1.340250	-10.435545	-10.978631	9.759544	5.948192	-10.114790	7.966817	-10.559225	-8.829975	-0.082152	-0.429818	-8.240821	-3.836298	-10.456699	-0.187276	0.814591	-0.413463	2.358737	-2.151723	-4.971237
2104	7	-9.419290	13.637882	6.661040	-13.944997	4.300604	-4.764870	-6.963808	7.779434	5.060698	-13.879682	-0.507352	-4.764852	-5.550781	7.410372	3.636815	-13.507974	-1.908571	-4.764738	8.994225	3.589200	3.627032	4.222612	-2.050996	6.081071	5.083642	9.827371	6.661040	3.780045	4.298922	6.059804	8.083760	0.489431	0.514137	6.612910	-5.166600	6.080831	3.304333	-4.169719	-1.606769	6.895967	-8.324625	5.855483
2293	7	-9.364402	-5.152256	-4.052189	-6.267663	-5.117593	-7.474714	-7.136766	8.473499	5.085125	-10.536733	9.352254	-7.474714	9.192008	1.988277	4.926765	2.040722	8.933167	9.154182	6.814509	-12.112716	-4.442669	6.309038	-5.927810	9.154180	5.639155	2.008570	4.928848	-4.125879	8.938271	3.247005	6.683443	-5.556682	2.493363	5.595623	4.063125	9.154179	-4.136760	4.257117	-1.583706	-6.267610	-0.714573	-7.474709
2296	7	-15.983591	11.884350	8.699779	-11.777018	4.641176	-10.756277	-9.925171	2.550282	3.265345	-1.118142	-2.624815	-6.222953	-11.564985	-5.375505	-2.021212	-0.937976	-7.380924	-5.871650	-4.732213	2.550282	3.265345	0.556898	-2.624815	-4.558126	5.391963	-10.507344	-2.021212	6.710907	-7.380924	6.996673	-4.821322	-0.563050	-1.532428	0.739965	-7.334918	-4.525334	2.608217	10.797636	8.699779	0.912404	4.641176	6.887070
2453	7	-6.706486	11.189705	5.353434	-12.023325	6.051257	-9.195007	-0.331008	11.097924	5.353434	-5.011486	6.051257	1.832378	-9.366952	-5.415504	-6.459870	-7.453336	-13.058630	-9.230434	5.726120	-12.037435	-6.547278	7.168006	-13.058647	6.891884	-0.705950	-5.435782	-6.462221	3.343444	-13.058631	6.882112	8.387859	4.580709	5.351615	2.601313	6.050946	6.891882	-2.705156	-5.415509	-6.459870	-1.843463	-13.058630	6.110766
2607	7	-12.260979	13.077806	7.427439	-11.419097	7.288531	-9.114289	2.595385	-5.407725	-5.204678	7.798326	-10.139513	6.609176	-7.098095	3.763122	1.169202	-4.686089	-5.944572	-9.107387	-7.656127	-3.750018	-5.195055	1.074264	-5.979331	-3.582982	3.589989	9.140098	7.427439	1.577220	7.288531	7.116908	2.580011	-5.377226	-5.204657	5.831417	-10.009408	0.087962	-13.066164	-3.750018	-5.195055	-4.677923	-5.979331	-9.107229
2744	7	-6.146051	-1.762422	-1.107558	-7.129046	-11.969124	-7.789007	-8.799948	5.477043	5.836888	-9.046073	-0.409550	-7.800284	3.080829	-7.595339	-4.167536	6.981597	-12.039752	5.476186	-8.758204	11.405934	6.671472	-9.581492	4.773090	-7.800267	4.322614	6.114558	6.635368	4.654504	4.773019	5.482131	-0.716561	5.370440	5.832555	1.950790	-0.409598	4.473008	-0.678878	11.297154	6.671397	1.160357	4.773090	4.084945
2922	7	-7.250429	11.862298	6.133282	-10.605268	7.476568	-12.787848	-1.231720	4.106686	1.347573	4.244790	-4.867284	-0.356262	5.722812	6.277338	6.132753	6.306530	7.476568	5.832135	4.767155	-8.370252	-1.287252	9.671525	-11.237563	5.854655	-7.599702	-3.233039	-1.255124	-7.228875	-11.237511	-12.380601	-3.746595	-3.435025	-1.262886	3.261499	-11.237537	-0.453927	-5.139254	4.955842	1.354946	-7.620329	-4.867200	-12.476752
2928	7	5.134748	-8.918176	-6.946907	6.382853	-2.509513	6.160730	-5.547041	11.207257	4.795517	-5.636132	5.463717	3.824359	-7.774147	2.905650	-1.639057	-7.645465	-1.609725	-2.122747	7.273211	6.368581	4.795517	4.938679	5.463717	6.160774	-12.128467	11.207276	4.795517	-9.090718	5.463717	-2.122754	-6.618722	-4.827366	-6.946907	-4.162065	-2.509513	3.834074	-14.265690	-4.827361	-6.946907	-7.645465	-2.509513	-2.122747
3056	7	-8.553894	4.171454	0.087875	-10.413480	-7.174227	-11.760541	4.047207	-4.918755	-6.161758	6.139930	-11.478901	0.787992	-13.816683	10.925854	6.654742	-14.521726	1.901111	-11.869735	8.455711	0.456471	-1.685225	7.134365	-7.262047	6.245839	8.340535	0.456487	-1.685192	6.320012	-7.262045	0.840704	4.776992	7.371306	6.654740	2.980208	1.901106	6.124968	4.173187	-5.000389	-6.161851	7.082359	-11.509869	6.215887
3147	7	3.616653	-8.415928	-8.965238	8.113850	-8.995063	8.996742	-6.838280	11.038165	4.140105	-9.554706	7.226649	-4.327154	7.823855	5.936023	4.140067	7.551294	7.226563	8.996742	-11.040627	-6.534932	-8.965211	-8.991867	-8.995048	-4.327154	-7.516904	-6.536549	-8.965211	-6.999134	-8.995048	2.100578	-3.312493	11.008697	4.140105	-7.550861	7.226649	2.104606	-2.127418	-6.607185	-8.965215	1.911108	-8.995050	4.596303
3274	7	-1.937362	12.316464	6.359101	-8.458750	6.389528	-13.542141	7.355803	7.942110	6.350438	3.181171	6.389092	4.778435	-1.931673	7.675337	6.348295	-8.450834	0.386995	-13.541813	7.463549	3.202937	6.134789	3.381315	0.372947	4.778435	5.035331	-2.961900	2.970367	2.180278	-2.008495	-0.775136	5.639695	-5.803674	-1.675364	7.213760	-4.784335	4.778430	4.165181	-4.651054	-1.202410	2.186841	-4.767705	-0.775450
3284	7	5.228834	6.819017	7.304498	1.331215	6.562373	7.785316	4.036109	-11.071837	-2.408878	6.519651	-11.218301	7.785489	-4.277072	-5.476162	-2.153314	-10.109458	-11.218301	-6.335924	-2.665060	12.416417	7.322616	-11.228507	6.562374	-0.814701	-1.844688	-0.170745	0.190102	-6.052224	-8.207781	-0.625910	-2.589199	12.416328	7.322616	-11.225828	6.562374	5.647113	-1.775538	-0.171819	0.189530	-6.051001	-8.211257	5.784859
3546	7	6.051190	5.625325	7.329726	4.264584	4.231531	5.723108	11.717182	3.059837	0.978999	7.743473	-8.643120	5.723141	-4.688245	9.607350	1.084963	-7.273464	-8.585695	2.114867	-7.166975	9.607350	1.084963	-10.232331	-8.585695	-3.996532	-10.362071	11.889840	7.348709	-10.738845	4.233628	2.114867	8.799845	-7.067082	-2.547964	7.745067	-9.004367	5.723141	-12.840697	11.889840	7.348709	-13.697075	4.233628	-3.996532
3554	7	-13.384126	-4.188514	-3.211727	-10.594135	-7.365955	-8.715081	-7.755866	0.553150	-0.404524	-9.626410	-5.300749	-8.715081	3.130124	8.423293	6.506312	7.096453	6.486177	4.606827	-1.846908	-4.500841	-3.224268	6.302376	-8.062738	4.257239	-13.532667	10.989667	6.506324	-11.018558	6.486177	-8.715081	3.238714	-7.099247	-3.247120	7.522465	-11.019392	4.607876	-1.977364	10.783043	6.506324	5.806586	6.486177	4.257236
3592	7	9.091814	6.546794	5.189099	2.848702	-0.538178	8.098601	-6.172237	12.182015	7.244046	-11.066139	6.019841	-7.950275	-4.746798	12.090233	5.189197	-10.246708	-0.538103	-7.813975	4.489728	-7.403130	-1.034628	5.032992	-5.810697	8.098599	3.743821	9.356417	5.189195	-1.532055	-0.538105	7.724832	-3.588806	-2.078815	-0.889400	-8.010568	-5.164742	-6.869551	7.665744	6.992491	7.244046	2.036549	6.019807	8.098599
3759	7	-8.730072	13.090906	9.896957	-12.980281	6.449143	2.577911	-7.313498	8.780305	3.481683	-7.033878	-3.135048	2.577912	-1.080771	8.413323	3.481681	3.479150	-3.135050	8.870492	-12.839839	8.780379	3.481683	-11.341761	-3.135048	-1.033790	4.182031	2.642131	3.469033	6.884865	-3.149802	8.875711	3.640595	-8.607829	-1.892273	6.990565	-5.072096	8.875712	-14.256343	13.090917	9.896957	-17.286844	6.449143	-1.033790
4156	7	-10.909523	11.201245	7.789448	-6.323574	6.207912	-10.575107	-8.752847	4.336622	2.627052	-2.125156	-1.209006	-4.403033	5.150850	9.117110	7.789448	3.885881	6.207912	6.647190	1.289030	-4.448735	-2.527259	4.360724	-9.793333	-0.221022	7.174169	1.622828	2.586746	6.268672	-1.244948	6.647190	5.415369	-6.093891	-2.527261	6.377378	-9.833119	6.647190	-9.122868	-3.908857	-2.527252	-1.861441	-9.711668	-4.139161
4273	7	2.036599	-10.912503	-1.155641	5.528347	-13.445206	5.790609	-13.543616	-9.134355	-1.155268	-9.675650	-13.357975	-8.608402	-13.589829	3.890395	7.253807	-13.656739	-0.983109	-8.608402	-7.025725	2.786680	1.810844	-9.664012	-7.138807	-8.608402	-13.589830	9.750026	7.327363	-13.656744	5.130527	-8.608402	1.989633	8.032365	7.327363	1.514064	5.124171	5.516326	1.984707	2.148658	7.096375	1.511519	-1.330090	5.500309
4374	7	1.732825	8.139857	4.591692	-6.878606	0.389829	-5.824035	1.091321	11.665903	7.874004	-9.655356	5.736876	-7.751858	-4.182839	8.848844	4.591692	-12.412644	0.389829	-9.254391	-0.857110	-6.933018	-3.619778	-9.765203	-11.952124	-9.242252	6.299246	-12.824020	-3.619778	4.638053	-11.952124	5.429855	8.147561	2.883632	4.585267	2.442099	0.385657	5.425685	-4.287361	11.728703	7.874004	-14.856182	5.736876	-9.254391
4497	7	4.519700	-11.030198	-5.290643	9.038545	-11.256280	6.571180	-1.978076	-10.904831	-5.290643	4.205601	-11.254809	4.213181	-8.845927	0.684840	-0.007234	-3.590403	-6.819039	-9.233448	6.036277	3.332770	6.293715	3.413886	4.725359	6.610754	-12.625738	8.458099	6.302048	-8.971303	4.927992	-9.428267	-12.472771	-5.700819	-5.290639	-3.343323	-10.734756	-9.420348	-7.217624	-5.700831	-5.290639	2.958505	-10.734759	-2.084218
4607	7	-4.190734	-10.111213	-5.233269	-1.752652	-10.118739	3.862847	-13.857360	-10.098589	-5.233269	-8.170678	-10.118739	-5.592783	-10.609529	8.931686	5.995505	-14.018494	6.800185	-5.770387	4.703501	-12.417875	-5.233269	8.171112	-10.118739	7.096915	-1.887808	-10.159872	-5.233269	2.531920	-10.118739	6.205048	7.990114	4.093808	5.995501	2.319535	6.800185	6.687897	6.339011	5.313113	5.995505	-1.567192	6.800185	4.600825
4674	7	-2.754519	-4.723263	-5.615866	-14.553402	-8.440148	-10.110900	5.474221	5.506210	5.258847	-9.308755	4.042317	2.915085	-2.393842	4.617626	1.562735	-13.077046	-3.995036	-10.097433	11.454719	-10.600791	-5.615932	2.178168	-8.440793	8.244191	7.953645	-10.600791	-5.615932	-4.379326	-8.440793	4.407725	4.287517	-10.600778	-5.615932	-10.139289	-8.440793	-3.406624	-4.942436	11.357420	5.258847	-20.600830	4.042317	-10.121512
4733	7	6.088154	0.972125	6.842050	1.215151	-1.189018	5.683761	-12.935692	-6.272906	-4.233991	-5.656225	-12.066478	-11.856667	-10.091431	5.496411	7.215914	-11.447270	-1.033781	-11.856626	3.477239	-8.728526	-4.234890	6.521185	-12.100884	5.699987	-10.900019	11.377734	8.221251	-11.451937	5.336706	-11.856680	-1.572959	-6.280098	-4.234000	2.943251	-12.066827	3.178580	5.579272	7.001830	8.221251	1.166349	5.336678	5.680251
4805	7	-12.969592	11.524737	8.789088	-9.355281	7.049380	-9.496229	6.290116	6.341723	8.789088	2.726158	7.049380	6.728582	2.857359	-5.906888	-2.672985	6.189134	-5.491098	0.580264	5.932759	-2.954667	3.343181	6.176340	4.231420	0.615486	9.260007	-3.545711	3.341758	6.510534	4.229303	6.772543	-9.352454	-4.760287	-2.672975	-5.321808	-5.491091	-9.496084	5.268830	-9.158861	-2.672986	6.580595	-5.491098	6.772545
4917	7	-2.769361	10.540802	2.510931	-8.022109	7.864701	-7.631937	3.530764	5.524725	2.508830	-3.982232	7.864040	-5.882679	7.102619	4.014414	2.493965	2.469263	7.859340	-0.560430	11.017595	4.014414	2.493965	7.525576	7.859340	5.034749	8.128121	-1.718094	-6.509464	7.649310	-7.907100	5.021871	3.429505	0.402407	-4.342527	-3.858765	-4.394735	-5.901231	4.372533	-1.610947	-6.444249	2.303865	-7.898673	-0.724713
5137	7	-16.381917	11.577466	8.304280	-11.815065	7.574119	-8.795230	-11.028267	7.349673	3.357273	-6.217577	-1.151087	-8.789826	4.693286	-10.327908	-3.188414	6.383932	-9.836756	8.224575	-13.077636	-4.997618	-3.173907	-5.376106	-9.766455	-8.764444	0.791940	7.305950	3.357273	4.072167	-1.151087	8.214496	6.754902	2.012697	3.351149	5.704476	-1.163990	8.224578	-1.315375	-4.997625	-3.173908	3.482868	-9.766456	7.585221
5173	7	-10.513790	9.772318	8.309428	-14.062826	6.253993	-7.189904	-10.512849	5.526188	1.858726	-8.557019	-2.477321	-7.189828	-4.574234	5.526188	1.858726	-2.967817	-2.477321	1.003661	4.604967	-7.081518	-4.722354	7.655837	-11.530229	9.619983	5.590570	3.977826	8.309336	1.861588	6.253782	9.625398	-4.577793	9.772317	8.309428	-8.473752	6.253993	0.998517	0.635474	9.730038	8.309428	-3.957116	6.253993	3.109364
5222	7	-10.210420	12.047384	6.390302	-10.506964	0.488958	-12.654519	-10.218758	13.817050	9.361046	-12.837747	5.869856	-12.654890	4.762707	5.954816	6.370961	4.820612	0.434946	5.100731	-7.544461	-3.829884	0.754437	-1.876100	-8.924584	-12.097328	4.730241	7.794812	9.361045	2.470447	5.860118	5.038436	4.363863	-9.857679	0.754429	7.131621	-10.311821	5.086860	-1.554420	12.047262	6.390302	2.310552	0.488958	3.259465
5260	7	-6.737466	-6.610929	-6.079629	-5.335974	-9.968852	2.384099	6.876798	-10.581949	-6.079629	5.084918	-9.968853	7.655148	-2.352872	10.514318	4.691443	-8.800981	6.108820	2.382642	11.053300	6.557295	4.691443	1.557442	6.108820	7.654925	-6.018019	10.528256	4.691443	-12.465000	6.108820	-3.637445	-10.408000	-6.610929	-6.079629	-8.999969	-9.968852	-3.637445	-5.904944	6.430260	4.531673	-11.689059	0.026753	-3.637445
5568	7	0.328616	-8.347978	-4.642359	3.416089	-11.089822	6.365934	-4.674841	3.226548	1.055499	-5.637264	-4.481159	-4.609940	7.300779	4.983101	6.165393	3.635015	6.945637	9.685520	4.042853	-12.346481	-4.642359	7.116001	-11.089822	9.745102	-7.508985	11.580744	6.165393	-8.120177	6.945647	-5.791214	-0.679353	11.364729	6.165393	-0.451310	6.945647	5.461909	-9.338227	-5.741105	-4.642359	-4.575312	-11.089820	-3.844934
5593	7	-5.490360	1.667034	-0.067855	-2.695272	-6.625580	-7.586580	-5.206266	6.000107	-0.065302	-2.683824	-1.033857	-7.578411	-8.867339	12.420149	6.534326	-9.384814	4.676516	-10.388148	10.488077	1.278613	-0.072631	6.316158	-1.081603	6.217353	8.400781	-3.106483	-5.230485	6.405385	-11.915731	6.218022	5.985765	-9.080428	-5.281894	6.404602	-11.916131	6.218007	7.186954	7.700360	6.534326	3.638004	4.676516	6.158295
5801	7	-7.449121	2.299659	-1.643107	-4.486926	-0.077965	-10.799197	-3.599789	9.660995	2.139951	1.363475	6.580570	-4.124266	-6.387323	-4.848690	-5.542606	1.371741	-6.073820	-4.121714	3.804540	6.884464	2.129541	5.934355	6.578107	5.818416	-10.167245	-4.848678	-5.542600	-4.486925	-6.073820	-10.799197	-3.411672	2.298663	-1.643289	1.372118	-0.078148	-4.121597	-7.622832	9.661580	2.139952	-4.493388	6.580570	-10.799293
5815	7	3.267799	0.605201	1.379136	-3.657993	-2.943899	-2.518123	-8.458616	14.392745	6.158377	-10.677966	6.410005	-11.579889	-3.246977	6.510600	1.476124	-6.355645	-0.291540	-11.318747	6.143987	-8.329387	-3.160013	7.540806	-11.526731	5.621355	3.048245	-0.380537	1.291246	5.103432	-5.464478	0.974656	6.140894	7.959207	6.157779	-1.934055	6.410004	4.510793	7.109846	7.959154	6.157779	3.215439	6.410004	5.625239
5963	7	5.198834	-13.881119	-2.738915	6.292660	-12.159770	8.081806	0.479493	-7.234415	-2.738915	3.320172	-12.159770	4.016067	-11.240435	-6.738724	-2.738915	-8.024249	-12.159769	-7.112636	-8.713815	10.620288	7.481842	-14.610520	4.637038	-7.112636	-7.585315	4.218139	3.494056	-8.905016	-6.008175	-7.112636	5.492781	4.291265	7.481841	-0.397635	4.637034	4.620313	-5.651854	-6.738724	-2.738915	2.196984	-12.159769	-2.425667
5977	7	-12.166011	9.947340	7.047026	-16.814968	7.216911	-5.285902	3.827237	-10.419724	-4.886169	5.809636	-7.628577	7.674570	-0.218232	9.947240	7.047026	0.556796	7.216911	5.172836	-14.475239	-4.941149	-4.874454	-11.886075	-7.611658	-5.285888	6.157040	3.442894	7.044857	0.810591	7.176081	7.809908	7.935103	-0.757172	0.154141	5.811545	-5.263915	7.886273	-2.402013	-4.941149	-4.874454	1.970229	-7.611658	5.113525
6045	7	-5.892734	-2.863377	-8.931641	-12.174838	-10.177378	-9.858306	8.166723	-6.028391	-8.938951	3.722757	-11.135834	5.574721	9.257902	2.652710	0.267624	3.516809	-0.437229	5.570848	-4.783237	5.726347	0.268129	-12.315126	-0.437071	-9.160332	4.310356	2.850910	0.267874	-8.326887	-0.437152	1.188034	3.614908	5.640353	3.158390	-11.564161	6.219306	0.922142	-4.936979	8.047234	3.158390	-15.200505	6.219306	-9.277499
6138	7	3.560618	7.570064	7.966143	2.704615	6.066505	5.729378	-11.398642	11.562067	7.966143	-9.342979	6.066505	-11.409786	-7.723208	6.170742	2.866403	-5.916376	-2.218093	-11.404545	2.595032	-7.737653	0.932710	7.063604	-9.293838	5.729228	7.250452	2.141813	2.865118	6.078476	-2.221009	5.729978	-9.329054	-4.014033	0.932710	1.167137	-9.292000	-4.581153	-11.174428	-4.014033	0.932710	-4.615068	-9.292000	-11.333239
6141	7	-5.268278	8.682769	0.131538	-8.457364	-3.794822	-10.281862	-9.838942	13.220820	6.698663	-13.225044	6.784388	-10.801067	10.705112	2.668186	0.131530	7.160564	-3.794825	5.591871	-5.854300	-3.658489	-2.828765	-8.457360	-9.439828	-10.422263	4.899862	2.668217	0.131530	4.732967	-3.794825	-0.619755	6.124606	7.331601	6.698663	2.394461	6.784388	5.288572	4.213369	-9.757011	-2.828770	7.149534	-9.450610	5.229818
6316	7	3.850105	8.109786	6.312727	-9.629758	5.810852	-3.969590	10.810235	8.108526	6.312719	1.101787	5.810852	7.659583	6.962677	-10.169328	-3.094841	7.116619	-9.408396	7.773343	-5.770596	-6.632363	-2.706975	-9.609893	-9.408395	-10.301792	4.152737	-10.168886	-3.094828	-3.613991	-9.408396	-2.930362	-2.494028	11.645486	6.320702	-15.622385	5.810852	-10.302163	5.367609	8.108533	6.312719	-8.644980	5.810852	1.721628
6451	7	-4.364146	11.407413	4.401495	-10.952878	8.396913	-8.996805	-5.476385	-5.101878	-6.637147	-10.106545	-8.546617	-8.996805	-0.986795	0.990382	0.373915	-9.573953	-2.609329	-8.995749	3.691870	-10.772685	-7.688066	4.207170	-8.546744	1.044269	6.601811	5.657838	4.357342	3.518023	8.396541	1.122748	3.892424	-10.772696	-7.688066	5.987312	-8.546744	5.553043	6.800223	5.657838	4.357342	5.230717	8.396541	5.589210
6592	7	3.730932	-5.974817	-5.924190	6.917124	-11.534126	1.138899	-7.890873	11.068047	5.791166	-7.541563	6.550696	-6.892050	7.919876	5.009661	5.791166	5.666851	6.550696	5.493349	4.738022	5.010331	5.791166	4.682262	6.550696	1.172831	6.959111	-5.996638	-5.924190	7.907966	-11.534256	5.493310	-7.793095	7.116754	5.637581	-7.541505	-0.032580	-6.892050	-3.480473	5.563136	-0.570299	-5.231777	-5.912395	-6.891706
6608	7	5.342582	5.228130	5.145976	5.759826	0.704768	7.799832	4.578403	11.804753	6.773063	3.284774	7.097114	7.760059	-7.790376	6.081595	5.167697	-10.228507	0.705797	-6.246701	-8.509827	12.631960	6.773290	-12.674018	7.097114	-6.246702	4.409884	11.808975	6.773065	-0.580914	7.097114	6.208380	6.683401	-5.911849	-0.223196	7.288426	-11.066400	7.801030	-5.532649	-4.937491	0.352756	-8.674081	-11.055628	-6.246693
6631	7	-7.869435	3.253131	0.444325	-10.824725	-3.650098	-10.639147	-12.469135	11.128164	6.011786	-12.529961	5.281065	-10.639147	5.096593	5.399221	6.011746	3.689907	5.278751	8.216385	3.688045	-8.077345	-2.783785	-1.097738	-11.403323	6.195703	-1.812705	3.253087	0.444325	2.250687	-3.650102	-4.784348	2.623894	-5.617203	-2.699219	-4.061298	-11.368485	1.789843	4.087921	-8.381729	-2.784817	5.461277	-11.403737	8.205018
6914	7	-9.993926	10.822747	5.991278	-11.782157	5.653186	-10.073779	6.343112	-7.140692	-3.462049	7.991813	-8.825574	7.604628	7.662633	5.976982	5.991278	4.359083	5.653185	7.606470	-3.644615	4.751112	0.437668	-8.158503	-4.560702	-10.032494	9.752283	3.921180	4.098638	6.978178	0.048438	7.606803	-6.009987	9.752503	4.100046	-9.164460	0.048778	-10.072208	-11.499367	-3.224322	-3.461990	-8.149428	-8.825438	-10.073785
