4	6	-11.398228	-4.896849	-4.722384	-8.274225	-5.719870	-8.387113	-14.100688	10.085838	6.527337	-14.055260	7.404771	-8.467183	4.286755	5.242016	6.527112	0.422131	7.401836	5.498438	5.978086	-10.113174	-5.178386	6.387471	-5.745681	6.727180	-1.499117	4.758007	1.079716	0.570416	-0.062493	0.252371	-7.886798	4.810645	1.079759	-8.275396	-0.062015	-8.387178
27	6	-5.363352	7.530627	2.146780	-4.805104	0.731539	-8.913089	4.858192	6.884095	6.642655	2.175741	6.819381	7.107408	-11.380365	-4.072972	-3.993213	-3.329455	-2.576601	-8.913089	-11.694906	11.792536	6.642655	-8.774942	6.827340	-8.913089	11.332580	2.464481	2.122110	6.192939	0.562479	7.118013	5.140988	-9.866652	-3.993574	7.638043	-4.247777	7.118013
34	6	3.372405	6.686613	6.396389	4.276224	7.294310	7.348987	-13.661021	11.235641	6.396389	-6.513454	7.294310	-8.410781	-10.607729	-6.501652	-5.134082	-4.319995	-6.943305	-8.410768	7.932115	2.434807	2.469949	6.454124	-1.580481	7.349895	-7.564098	7.193174	2.471152	-4.332514	-1.578786	-8.410769	4.874649	-11.227534	-5.181506	6.466436	-6.943305	7.349883
133	6	-10.259337	8.995387	6.065757	-12.284503	7.992816	-8.277064	3.639462	-14.955318	-4.742365	7.339341	-8.733673	8.764474	-7.468444	-9.625319	-4.659006	-3.649278	-8.721169	2.926213	-13.317472	-9.625319	-4.659006	-9.591951	-8.721169	-8.399573	6.724293	3.427953	5.952860	4.772637	7.970785	8.801472	-2.627683	-9.625330	-4.659007	1.468675	-8.721169	7.133312
148	6	2.092958	-13.857285	-4.444466	6.762708	-10.758996	7.350140	-10.139021	-8.006588	-4.150639	-9.292257	-10.490743	-8.724403	-6.279839	7.797499	7.510557	-14.149369	6.629509	-6.391025	6.073099	1.787579	7.007862	-2.837741	6.296596	6.634746	6.131495	1.787579	7.007862	2.671839	6.296596	7.397939	-3.115761	-8.006604	-4.150642	1.619120	-10.490746	6.182198
154	6	7.621225	5.592639	8.266626	5.820699	9.222380	6.789121	-10.616135	11.558550	8.299538	-10.742033	9.222380	-12.002358	-9.162247	-3.498428	-1.774634	-9.971638	-8.784275	-12.002358	5.066727	5.592682	8.266627	4.307494	9.222380	0.364550	7.853302	-9.469068	-4.551792	6.591424	-8.784276	6.789121	5.302210	-9.469052	-4.551790	5.080756	-8.784276	0.364552
182	6	5.138645	-5.832787	-3.568367	4.930536	-13.077195	8.708753	-8.274078	9.484934	7.041465	-14.788069	4.517259	-8.638368	9.055024	0.533479	0.260434	4.931096	-7.771842	8.709018	0.762808	1.570579	0.927592	-10.400228	-7.501907	-8.538544	-8.769844	-4.564823	-3.527157	-10.630339	-11.702015	-8.638368	-4.830331	1.823014	1.014268	-10.630339	-7.452092	-8.638368
189	6	-8.982431	-3.868401	-1.692045	-12.244660	-8.201657	-11.520736	1.397646	5.195173	4.182320	-13.113845	-0.736991	-9.457363	-4.205288	5.210357	4.182322	-18.810574	-0.736987	-11.520693	3.273634	8.102672	7.500111	-0.534368	5.556931	5.234389	3.398741	-8.821278	-1.707150	6.133520	-8.363777	6.828278	-6.643212	12.521423	7.500111	-18.815113	5.556933	-11.520736
201	6	-11.286606	11.870470	3.923186	-11.069937	5.624195	-12.764670	-10.430448	4.135876	-1.179421	-7.115998	-2.854462	-12.764653	3.060724	2.186884	-1.378059	2.554983	-2.864962	0.306099	-14.711640	-5.499784	-4.851973	-7.115979	-6.512871	-12.764653	3.485476	-8.535196	-5.236234	6.953047	-6.512926	6.056552	7.327999	6.486740	3.908016	3.042840	5.608551	6.050051
229	6	-4.025628	5.259964	2.475015	-10.114141	-7.751698	-4.725894	-9.515297	11.767558	7.508256	-14.920176	3.937878	-5.411214	10.573653	0.351543	2.434975	6.877390	-7.816222	7.062451	5.826932	6.884508	7.508252	2.247415	3.937878	7.001353	6.454546	-8.529060	-2.233677	6.876473	-14.899362	7.027489	3.113005	7.241402	7.508254	-2.589737	3.937878	5.056829
233	6	-5.835052	9.820375	6.030768	-13.980562	8.330270	-4.312025	7.739040	8.739085	6.030768	2.958303	8.330270	7.551262	10.261010	2.417648	-0.287532	7.017651	-0.124885	7.552519	4.300625	-8.321794	-5.258532	7.009877	-6.340031	7.552504	10.209741	-1.763568	-5.092349	7.021789	-6.229000	7.552519	-3.309138	3.464243	-0.283484	-8.966178	-0.113334	-4.306996
339	6	2.574795	-8.686278	-4.803621	1.703005	-12.878105	0.561952	-2.826344	4.754681	0.480021	-11.396793	-7.568841	-8.952339	6.489511	-12.855381	-4.803621	6.477657	-12.878105	6.580334	-6.407666	-7.142236	-4.803621	-11.660894	-12.878105	-11.529794	2.894996	7.015444	6.682776	0.522082	4.129442	6.549235	-8.756951	9.453853	6.682776	-17.582664	4.129442	-11.530297
366	6	11.332299	3.184445	2.273900	6.353332	-2.587618	5.830270	8.363367	-9.760251	-3.472077	6.459308	-4.357974	5.830271	8.186802	6.682585	7.860664	1.309886	6.168123	5.822762	-8.058373	12.492386	7.860664	-14.670542	6.168123	-10.269013	-4.613262	9.018803	2.274056	-9.680405	-2.587255	-10.267933	-8.409809	-3.945018	-3.472064	-9.574430	-4.357974	-10.267762
412	6	-8.951860	-5.250950	-4.786566	-10.213340	-5.315667	-10.231589	4.049712	-7.223457	-5.772741	5.216480	-5.315673	8.500973	-10.924409	11.461700	6.154870	-13.235815	7.699437	-10.231589	0.849731	3.116073	0.290470	-7.514943	0.618616	-7.468331	-4.870618	3.543969	0.330515	-10.213991	0.618634	-10.231589	2.772097	10.302069	6.154216	1.592497	7.699436	8.310129
466	6	-10.726938	10.944246	5.449895	-11.095492	7.830547	-11.401637	-13.617160	-6.888935	-5.382984	-6.037562	-5.835358	-11.401560	4.707250	-10.444382	-5.382984	7.455979	-5.835358	6.851798	7.597743	7.122914	5.449895	2.502050	7.830547	6.813909	-0.772154	-6.930495	-5.382984	5.194443	-5.835358	0.805309	-0.328606	-0.703055	-4.136633	5.475430	-4.280257	0.805829
470	6	-6.945613	-2.913232	-4.182045	-5.278166	-9.304159	-8.820057	-3.630052	11.452448	6.956434	-11.629575	6.965489	-11.266036	7.156305	5.082393	6.956434	0.860893	6.965489	4.885295	-3.489245	7.304855	1.836004	-5.278299	-2.633037	-8.820139	3.121628	-6.488989	-4.182075	7.250723	-9.306339	5.089906	5.471376	5.082954	6.956434	-2.666091	6.965489	3.532618
474	6	-8.736573	10.868724	5.636689	-12.591952	7.579202	-8.457409	7.880890	4.731538	5.542968	3.485777	7.571137	7.522136	0.260685	-0.858183	1.048387	-2.067557	-4.425640	3.789957	0.257591	-1.094987	0.876313	2.617592	-5.004439	7.456765	7.785094	4.731538	5.542968	-1.171030	7.571137	4.958598	3.925997	-11.260288	-2.797742	6.917776	-9.117907	7.535527
499	6	-9.199117	11.949819	7.155736	-8.522521	7.881916	-9.165529	-5.847877	-3.744134	-4.555677	-0.122439	-9.373593	-8.347648	-1.822271	-4.433578	-4.555708	5.273645	-9.373682	0.780812	-3.947806	11.939141	7.155736	2.742775	7.881916	0.769620	4.027609	5.514440	7.155736	5.244700	7.881916	6.756334	6.144529	-10.180333	-4.555710	7.761412	-9.373691	6.758697
501	6	-8.922638	12.081265	7.084739	-14.347967	6.491696	-10.922528	6.974060	5.578166	7.084627	1.768648	6.432964	0.334794	6.999041	5.578166	7.084627	1.900678	6.432964	5.641660	-8.518194	-4.120083	-2.354553	-9.644831	-7.054447	-10.922527	7.378437	-10.623234	-2.354630	6.282464	-8.043635	0.339714	7.401185	-10.623234	-2.354630	6.396277	-8.043635	5.645288
521	6	-8.377707	9.339133	6.259836	-15.569893	6.364766	-7.352685	5.948088	-14.172614	1.333726	6.458815	-8.967015	8.585257	8.193489	2.806474	6.259836	0.680294	6.364655	8.556576	-11.631664	-2.506348	3.715405	-9.969834	-4.130303	-7.352684	-11.455790	-7.775200	1.333732	-9.792437	-8.967015	-7.352684	4.264943	4.639188	6.259836	-5.704819	6.364766	4.080739
558	6	-12.177258	10.061593	4.407551	-10.476828	-1.767333	-9.539107	-11.319424	-3.925099	-1.002505	-9.035013	-11.955318	-9.276668	4.572006	3.639377	4.407082	7.467085	-1.768004	5.832372	5.429881	-10.555929	-1.002505	8.908028	-11.955374	5.833691	4.494111	5.858795	9.128823	2.315365	3.480065	5.770336	-12.238052	12.273506	9.128823	-15.622838	3.480066	-9.713505
569	6	-12.714728	3.603345	5.580189	-10.806735	-2.579386	-8.846162	-10.502665	-9.215836	0.293730	-8.852281	-12.541720	-8.846161	5.435878	-13.118162	-0.623513	7.966445	-13.726251	7.310650	2.769252	1.666529	5.538786	5.979163	-2.822137	7.306076	-12.512893	10.101919	8.505930	-13.112480	3.780871	-8.846162	3.412704	7.702912	8.505220	3.655447	3.780869	7.307831
664	6	6.930418	-13.966230	-2.310185	8.385689	-8.995621	6.495541	-8.698201	-10.416199	-2.310185	-10.073757	-8.995621	-11.939556	4.608207	-13.966223	-2.310185	7.812274	-8.995621	-0.144772	3.974946	4.027659	5.659792	4.452877	6.327295	-0.144786	-9.333176	7.577631	5.659926	-13.433112	6.327341	-11.939556	6.297634	4.027562	5.659792	5.026339	6.327295	6.495541
693	6	5.540107	-7.692478	-1.197006	8.117748	-9.604379	6.371423	-6.326360	12.085864	7.081181	-13.644344	9.029120	-7.121024	8.432396	7.716222	7.081181	1.723554	9.029120	6.277168	5.314257	-1.333171	-1.180752	6.671864	-9.179262	0.759470	6.165550	-1.815710	-1.194812	8.117750	-9.539207	6.392030	3.542245	-6.395040	-1.197006	6.188928	-9.604379	0.602661
706	6	4.930802	-5.884062	-6.187714	-2.032289	-13.463410	3.520647	-4.412853	10.867933	5.611301	-16.624534	5.251964	-8.982680	4.894748	8.825427	5.611298	-7.310725	5.251946	2.153849	6.842175	-6.064495	-6.187717	4.260513	-13.465722	8.688740	-5.549773	-3.745995	-6.187424	-11.352228	-13.283629	-8.982680	3.071389	9.819701	5.611300	-8.539502	5.251960	-2.566113
736	6	-6.236060	7.469011	1.838927	-6.626426	-4.082045	-8.638755	10.255821	0.870724	1.838758	8.509153	-4.082276	6.427920	5.427788	0.870756	1.838758	4.614348	-4.082276	0.449063	-8.117737	12.438502	6.249675	-7.363651	4.587388	-8.638757	3.833031	5.879141	6.249675	3.866208	4.587388	0.447968	8.668552	5.855118	6.249675	7.773093	4.587388	6.427920
772	6	6.756558	-7.523665	-3.879042	6.397023	-6.707979	6.152133	-12.533506	10.141962	6.596290	-12.476887	7.131954	-8.030009	6.994458	6.186272	6.596290	1.826334	7.131954	6.110161	-12.771527	-3.718625	-3.876378	-7.940102	-6.707664	-8.030584	-12.745714	-0.773975	-1.149628	-7.940102	-0.054041	-8.030526	0.421889	-1.471681	-2.939424	6.352134	-0.798344	3.828942
794	6	-6.375962	4.392016	0.340796	-10.439023	-1.022593	-10.614248	-11.759404	-2.930541	-1.424964	-10.040598	-10.083606	-10.614248	5.572078	-10.630548	-4.994597	7.064125	-10.088160	6.108337	6.774110	6.964134	5.527216	2.683840	4.021748	6.085365	-10.718933	13.601798	5.530226	-13.892373	4.022709	-10.614248	-6.364854	4.011260	-0.000639	-10.331491	-5.819364	-10.614248
810	6	9.271002	2.732732	6.037039	2.526181	-1.973045	7.865419	8.996743	5.814227	6.438202	2.525668	4.237751	7.865418	-2.714615	11.494895	6.438370	-9.384701	4.276346	-7.217196	-6.122313	-4.571151	-3.151909	-4.176400	-11.126560	-7.007057	5.071044	-10.431857	-3.373108	7.817736	-12.247162	7.860945	-2.440109	8.641984	6.107007	-9.375397	-1.663292	-7.216944
868	6	8.307239	3.233184	5.380289	4.052153	6.376362	6.849878	3.672300	-8.788089	-4.181476	6.209617	-11.112714	6.805693	-7.821824	-4.477729	-1.389503	-10.969523	-8.994923	-9.929835	3.176045	5.781512	5.384143	-8.056242	6.376656	-5.360053	7.477887	3.233187	5.380289	4.051798	6.376362	0.384939	2.831409	-5.980522	-2.160374	5.550763	-9.636481	0.188930
911	6	9.769529	4.746172	0.987349	5.046470	7.717594	6.388022	-3.409687	9.527951	0.987349	-7.286053	7.717594	-8.262184	3.852377	-5.535223	-6.155467	4.992709	-4.904804	5.986899	-9.118479	-3.495965	-6.155466	-7.307705	-4.904802	-8.395099	-1.052667	-3.652341	-6.155467	1.525781	-4.904803	3.592178	-2.923868	-3.540101	-6.155466	-3.019996	-4.904803	0.295913
914	6	-11.226352	-4.758633	-4.487612	-5.164835	-8.665101	-9.734349	-9.214017	10.992025	6.448719	-8.875681	7.023813	-9.734829	-1.086539	-4.758716	-4.487654	6.732373	-8.665101	6.954147	-5.430583	4.167607	1.266649	-5.179967	-2.256947	-9.734096	4.994553	-7.957125	-4.903946	8.505184	-8.666523	7.028721	7.055431	7.847016	6.448711	4.794688	7.023813	7.028488
933	6	-4.930066	6.132234	2.357177	-4.757772	-4.870606	-10.137746	8.401603	0.220555	2.341343	8.658497	-4.895343	6.326816	-9.319574	-4.456571	-4.020812	-7.979492	-12.557011	-10.400487	-9.829663	11.432794	6.339753	-14.838208	3.579323	-10.403846	3.922898	6.351098	6.339753	1.960562	3.579323	6.261441	4.459420	-10.121106	-4.047700	8.672082	-12.557236	6.326816
950	6	8.037376	9.358372	6.619839	1.194603	8.019164	7.729346	1.913402	9.394121	6.619839	-2.499901	8.019164	5.527881	-9.385113	11.776887	6.619839	-9.853323	8.019164	-6.912913	6.412533	-9.025027	-3.791204	7.242700	-9.829233	8.223303	-10.938537	-6.606512	-3.791204	-3.942091	-9.829233	-4.577433	-7.580781	2.831334	1.985884	-3.934361	-1.385233	-4.571517
966	6	-12.027634	8.359198	6.085864	-11.805488	7.769509	-10.916189	4.376403	2.881471	6.052185	-1.959830	7.670862	4.100895	5.061749	-16.081577	-5.468253	5.176908	-9.791257	6.045989	-12.538607	-10.433537	-5.468233	-9.825701	-9.651552	-10.824137	5.517312	2.675472	6.041229	3.196956	7.655970	5.960456	3.843136	-15.538167	-5.468253	3.841247	-9.789891	-0.177457
969	6	3.621971	9.274556	5.370024	4.313742	7.806485	9.351629	-11.689864	11.859971	5.370024	-9.027300	7.806485	-3.677252	-6.410687	1.487550	-1.101049	-6.111877	-2.533796	-3.671535	4.243987	-6.844086	-6.025771	7.227036	-7.284297	9.366560	0.752599	-4.577549	-6.025761	4.869386	-7.284266	2.822681	-8.899051	-3.776395	-6.025672	-6.111877	-7.283811	-3.671535
1038	6	-9.134268	8.588407	6.127498	-17.154422	7.398593	-9.397656	6.604190	3.398853	5.882587	1.687268	7.361028	6.567184	4.998361	-10.312489	-7.016921	5.190089	-1.605042	6.567937	4.998378	-7.313321	-0.114436	5.190018	4.933966	6.567937	-5.444616	1.511292	-0.846900	-12.565012	-0.479830	-9.397656	-10.581150	-5.040147	-5.785269	-12.954651	-1.602415	-9.397656
1071	6	-2.178100	12.515551	-1.058539	-7.789249	-0.653782	-7.468659	9.244137	6.693273	-1.058582	6.565535	-0.653788	4.828702	4.413012	7.149841	-1.058561	-2.215748	-0.653785	-3.094857	2.219439	13.335892	4.176291	-6.376906	5.786056	-4.456694	-3.964123	13.748129	4.176291	-10.077723	5.786056	-8.527244	7.454165	7.925976	4.176284	4.276869	5.786052	4.803784
1090	6	11.522011	3.674189	3.245883	3.195462	8.533623	4.785077	-3.610352	8.677008	3.245951	-13.077609	8.535202	-11.115393	2.569920	2.679738	-0.317738	-9.083335	-0.509857	-7.127289	2.229365	7.466233	3.245951	-9.370668	8.535202	-7.437868	6.947179	-7.448575	-1.593195	3.363531	-4.083329	4.786331	-3.307944	4.322554	-0.300529	-12.682131	-0.475248	-11.115197
1101	6	-8.240881	1.574967	2.034810	-9.593813	-6.044492	-3.440927	4.516616	-7.647961	-4.535245	8.261002	-12.318395	9.723990	-13.629718	-5.037966	-4.535244	-9.576042	-12.244900	-3.440276	-13.473119	11.683834	7.406046	-15.655181	5.680680	-3.504262	-2.115995	-5.118578	-4.535245	1.460861	-12.252702	4.616109	4.673253	8.956668	7.406046	2.220650	5.680672	9.438480
1133	6	-9.543364	13.640362	8.912604	-8.712254	6.497208	-10.924688	-9.303824	13.448626	5.888049	-8.680752	0.000946	-10.924688	4.247883	7.090889	5.887636	1.720261	0.000828	4.607028	6.735648	-8.812393	-2.871509	6.267825	-6.906025	4.721743	2.279759	-6.715074	-2.871509	1.463750	-6.905489	-0.951737	3.929582	7.314235	8.912604	1.687468	6.497124	4.587341
1252	6	-10.864202	12.468618	5.183446	-13.196429	7.992832	-2.741116	-8.816993	1.564233	-1.171201	-6.847474	-4.171128	-2.740926	3.867773	-9.710793	-6.847639	8.245384	-6.132890	9.057150	7.204255	5.966619	5.183446	1.917072	7.992832	8.826999	-13.965619	-3.852264	-6.537578	-1.450721	-6.132890	-2.449138	-1.493258	-3.852264	-6.537578	6.751527	-6.132890	4.429413
1292	6	-8.581995	7.996614	-2.704348	-10.059174	-0.613069	-12.773657	-11.959092	13.625576	3.297997	-10.670559	4.624528	-12.773795	9.621271	3.902605	-2.704383	6.156795	-0.613073	5.350127	6.193424	9.532630	3.297997	5.545261	4.624528	5.348839	1.605547	3.929684	-2.704380	2.612342	-0.613073	-1.235632	3.697928	-3.597392	-9.035187	6.154928	-7.201756	5.311346
1305	6	3.988563	-6.453401	-2.425151	1.195746	-5.764614	-2.023767	-12.487164	-3.925912	-2.322520	-12.256842	-5.276436	-10.386579	-13.711900	13.462055	7.247089	-13.867444	8.005859	-10.386579	-9.416697	6.046961	2.728554	-12.278608	-2.932312	-10.386578	4.143945	10.870872	7.247082	2.877966	8.005494	4.533279	5.488205	-7.667777	-2.436868	4.495351	-5.842365	4.582564
1350	6	4.581974	5.970673	5.996509	2.331498	4.890296	9.193745	-8.165231	8.646588	5.996510	-14.111521	4.890296	-8.056230	8.696151	1.644921	4.170866	4.735114	-3.229456	9.235183	8.243001	-12.725618	-0.082324	8.276621	-13.417239	9.235060	-3.475440	6.836731	4.180158	-11.772806	-3.168005	-8.010301	-4.074524	-7.685827	-0.082309	-8.189655	-13.417239	-8.036066
1358	6	-4.440177	-4.562240	-5.314037	5.696785	-12.126277	2.665669	-13.199734	-4.561664	-5.314034	-6.203072	-12.126277	-10.136479	-11.027911	11.311938	6.572455	-10.041904	5.579561	-10.143140	3.288988	-8.774613	-5.315273	7.355542	-12.126279	7.090771	4.000682	7.374023	6.572455	-2.313821	5.579561	4.355226	5.496933	5.684209	6.572455	3.546857	5.579561	7.126921
1359	6	-14.014778	-8.715311	-2.757293	-5.015409	-5.995221	-11.301309	9.338956	1.746576	3.402007	7.746574	-1.929777	6.622249	-8.736404	6.412685	3.402388	-5.431067	-1.628737	-11.260330	-9.658859	8.254351	5.087110	-10.780615	6.600495	-11.280058	8.424606	4.003199	5.087110	2.396278	6.584547	6.597153	4.038172	-12.940650	-2.757293	8.161664	-5.995226	6.144506
1402	6	-12.375205	12.830073	6.719236	-14.131811	6.089267	-5.623113	3.610702	6.563780	6.719236	0.732710	6.089267	7.435423	-14.624120	-4.047238	-5.771601	-9.152726	-10.490821	-5.623113	1.644645	-7.347444	-5.772656	5.168799	-10.562980	5.784210	-8.443215	-4.047238	-5.771601	1.741236	-10.490821	-0.077967	-4.091524	-4.047238	-5.771601	1.796474	-10.490821	5.053728
1420	6	4.074603	-7.556577	-3.687487	8.243091	-6.680117	9.096944	-4.148598	10.492617	6.847018	2.275319	8.606209	7.084601	-16.675682	10.492657	6.847018	-9.284429	8.606209	-2.758656	2.260012	6.925069	6.847017	5.426054	8.606209	9.055240	-10.198938	10.492657	6.847018	-5.071831	8.606209	3.298904	-10.159879	-2.638437	-3.512615	-6.544046	-6.677631	-2.578639
1431	6	-5.028344	5.021859	0.607145	-8.870860	-5.962723	-12.686735	-11.005658	11.388243	6.724545	-13.636688	0.712816	-12.689454	-11.052633	13.198505	6.972345	-13.643958	6.352342	-12.689454	3.579383	-1.634084	-5.022412	4.401011	-12.543932	-0.436373	5.649251	-2.105519	-5.537386	6.117621	-12.559867	5.437625	4.867474	6.632218	6.972340	1.330086	6.352342	5.429547
1447	6	6.213719	-11.748057	-2.230573	6.098217	-13.959168	-0.555427	7.282108	-11.753592	-2.230573	8.059860	-13.959168	5.810981	-3.569049	3.602954	0.910769	-5.107255	-7.351597	-11.516294	-8.382350	-2.417802	-2.198619	-5.284641	-8.790651	-11.516656	-3.704044	10.901721	2.842854	-5.140416	0.295936	-11.516382	10.893293	4.391568	2.840942	6.094627	0.294820	-0.555025
1483	6	3.434163	7.205939	7.328005	-4.756813	5.600256	3.973113	4.154266	-9.388177	-1.826789	7.010011	-4.298519	8.309023	4.125144	6.476578	7.327728	1.525335	5.600253	7.890268	-8.548579	9.835592	7.328160	-15.908002	5.600258	-7.004639	-8.554637	-6.002815	-1.825959	-10.449168	-4.298516	-6.948286	-1.095835	-6.022362	-1.825981	1.946886	-4.298516	5.001055
1497	6	-7.096952	-4.494316	-2.057924	-4.083233	-10.339496	-9.841791	2.135941	-6.947454	-3.440568	2.594784	-10.574814	0.925690	5.046747	-11.031169	-3.529379	8.239431	-10.584367	6.577334	6.962149	5.847213	6.393262	2.264021	3.537468	6.571981	-9.375463	12.385199	6.393273	-10.058791	3.537471	-9.842349	-2.524047	-4.494316	-2.057925	0.814711	-10.339496	-4.010822
1528	6	-7.989340	11.288304	7.540829	-14.024296	6.260758	-11.682092	-5.748165	3.652526	2.838658	-9.251518	-2.869746	-11.682090	7.376749	7.333806	7.540828	0.942239	6.260728	7.131288	-10.160353	-2.837977	-3.366780	-9.052140	-8.736077	-11.682092	5.298859	-10.365995	-3.457911	5.969269	-10.636648	7.135872	0.724511	-4.363984	-3.453975	1.214095	-10.214616	-4.301535
1534	6	9.392265	8.905363	4.410361	1.636771	6.278938	8.887745	3.770117	8.910379	4.410361	-4.644402	6.278938	6.458730	10.443903	0.796857	-1.064978	5.256039	-5.154875	8.889676	-5.832441	6.727951	-1.036606	-8.411855	-5.124948	-4.718823	-7.094716	14.241491	4.410362	-12.109284	6.278938	-4.718911	3.780377	-8.002967	-7.147339	5.064024	-12.241467	8.885627
1591	6	6.605650	6.288200	6.322500	3.648155	7.547604	5.947205	-10.762250	11.052423	6.322512	-10.684868	7.547605	-8.687393	4.161216	-5.636274	-6.257409	6.644794	-6.070556	5.934704	-8.576957	4.052981	0.590697	-7.688140	-1.936614	-8.687393	-8.732779	-2.448931	-6.098447	-7.687955	-6.069293	-8.687393	4.983108	7.299202	6.322511	-0.899993	7.547605	5.910435
1627	6	-12.894212	12.575870	6.680116	-12.279400	4.273357	-7.669882	4.039403	-6.193359	-5.010940	6.377707	-13.951415	6.907958	-2.813521	-3.766368	-4.704269	-2.617426	-13.951293	4.523559	-10.556202	-3.702242	-4.665264	-6.630351	-13.951262	-7.669881	-6.543043	4.356596	1.420804	-6.630284	-7.161675	-7.669761	0.829986	-4.335999	-4.911273	4.278733	-13.951398	6.907958
1660	6	4.063846	-9.759416	-5.771474	7.249426	-13.181890	5.715854	-6.670316	1.742436	0.540238	-10.410383	-7.132105	-7.459226	7.346804	3.677556	4.952654	5.645854	-0.561830	5.735814	-9.898658	11.600840	7.018150	-13.301503	5.954958	-7.504607	-8.338037	10.057327	5.007500	-11.929262	-0.525798	-7.493743	5.747403	5.537303	7.018097	4.230760	5.952323	5.731118
1666	6	-8.902783	-5.298257	-3.385286	-9.585596	-11.605426	-10.496810	-7.209768	11.608948	7.124996	-15.552936	5.699969	-10.496810	4.993829	-8.386798	-3.407518	8.512933	-11.606167	5.962502	7.146685	7.168731	7.124996	2.545093	5.699969	5.961654	3.743567	1.540456	2.395769	-3.003814	-2.221165	-5.299516	-4.553186	3.745974	2.395799	-9.619414	-2.221087	-10.496810
1744	6	5.493523	5.082113	5.102444	5.463631	9.046694	6.599324	5.229163	-11.632923	-5.412664	7.978547	-6.119989	6.578159	-12.076359	11.030488	5.102459	-9.689387	9.046698	-8.577796	-12.337993	-5.686340	-5.412663	-7.174206	-6.119988	-7.775474	-9.189705	0.172204	-2.645721	-7.173530	-1.393875	-7.770073	0.360766	-6.539539	-5.412664	7.539825	-6.119989	4.797014
1772	6	5.099068	7.751118	6.045609	-7.438015	6.542516	1.517902	-6.907677	13.211959	6.045609	-13.549210	6.542516	-11.219104	-4.030146	7.614205	0.093334	-9.781465	-1.273832	-11.219102	7.689306	1.312368	0.075553	-3.661270	-1.287219	1.519555	10.391567	1.280145	0.073022	2.874555	-1.289124	6.964834	5.580976	-10.169809	-6.237404	2.880441	-10.751885	6.964585
1773	6	-7.079154	-4.936127	-4.918091	4.367040	-11.222923	4.443721	2.173465	10.392613	5.528732	5.846052	4.309048	5.275647	-4.209851	11.366578	5.528734	2.983189	4.309207	4.424826	-18.123063	-4.936123	-4.918091	-6.509071	-11.222920	-4.948966	-10.924430	11.366791	5.528734	-7.564018	4.309207	0.430338	-15.272458	11.366791	5.528734	-7.894751	4.309207	-5.638156
1812	6	8.844886	-7.912076	-4.877677	7.081983	-10.113125	5.854094	-10.796014	12.228864	6.717385	-9.844993	5.553739	-3.863303	5.859890	9.144153	6.717385	3.000589	5.553739	5.853694	-6.766187	3.832277	1.279107	-5.805788	-5.412809	-3.861866	4.084769	9.247135	6.717385	-2.758289	5.553739	4.707593	-7.736691	-4.731583	-4.875763	-5.791049	-10.113117	-3.862877
1813	6	-1.935315	0.003886	-2.143384	-6.755054	-5.825188	-10.792956	4.129003	-4.118845	-4.836784	3.143003	-10.829626	-3.598970	8.222508	4.897003	3.686744	9.247073	8.032413	2.919921	4.606755	-5.623135	-5.939552	9.341127	-10.829672	2.917039	4.817336	7.338193	3.703053	3.044060	8.032421	-3.595541	-2.131068	10.522563	3.706352	-6.881248	8.032422	-10.803781
1817	6	-11.225698	-2.950406	-2.818610	-10.990440	-7.682297	-6.076564	-9.216546	6.906999	3.627352	-13.305540	-1.876000	-6.076561	5.531012	2.691389	3.603559	4.119290	-1.954281	8.421955	-0.999193	-3.091177	-2.833756	2.114305	-7.897058	4.731593	3.448856	-7.166565	-2.879251	6.364102	-10.833469	8.203354	-10.306159	12.418627	4.930599	-16.367784	5.440850	-6.076563
1820	6	-7.409748	-6.776779	-7.041344	2.274061	-11.618796	2.456461	-13.338649	-6.776779	-7.041344	1.325317	-11.618796	-2.375312	-19.380370	-6.776779	-7.041344	-3.880146	-11.618796	-5.353559	-13.789614	7.890053	4.310335	-4.555087	4.120693	-5.674048	-2.044538	7.890050	4.310335	1.791355	4.120693	2.342003	4.958135	1.244158	4.300777	7.108536	3.998255	3.709014
1870	6	4.541265	5.269467	5.669311	-3.259347	7.369464	5.532130	-9.954770	11.032542	5.669311	-14.540792	7.369464	-6.002155	-7.738411	-1.250895	-5.989768	-13.375480	-5.101382	-6.002155	6.246730	5.147351	5.669311	2.871738	7.369464	6.616593	8.061806	-9.621035	-6.086153	4.042107	-5.113988	6.619614	7.543815	-9.621012	-6.086153	-2.041921	-5.113988	5.544533
1929	6	0.734538	3.792521	0.242924	-7.630868	-6.010230	-8.124001	0.729586	4.583141	0.809375	-7.636262	0.409910	-8.145324	-0.991954	14.057200	5.155315	-13.134387	6.722362	-10.845002	9.348870	-0.803067	-3.449599	4.646829	-6.289830	7.055292	5.124110	-7.114299	-5.303230	4.566542	-9.672563	7.055285	9.518525	-0.757715	-3.025399	4.647348	0.182858	7.055292
1952	6	8.560316	10.425114	4.841065	6.728522	6.369479	3.493923	2.635694	-0.925716	-6.471455	4.213146	-5.079478	-2.036480	-1.308153	2.779316	-1.563020	-2.174273	-4.655487	-10.747680	5.030411	-2.974143	-6.551058	7.991015	-8.899957	3.493908	-4.286144	14.062636	4.841065	-6.673486	6.369479	-12.842604	4.882454	10.435539	4.841065	2.951652	6.369479	-2.033289
1973	6	4.277086	-10.429033	-8.580654	3.455467	-10.757463	-0.540420	-6.764617	-4.500732	-8.580653	-8.626493	-10.678439	-12.214845	-3.427782	9.466207	2.755204	-8.816402	6.527918	-12.270155	7.649454	4.743763	2.755199	3.261247	6.524200	-0.547079	6.687795	-11.531700	-8.580654	5.925795	-10.757480	5.793128	10.059753	4.545299	2.755198	5.735939	6.523023	5.791905
1983	6	6.556734	1.301287	7.367273	2.879381	6.658343	7.904021	4.917197	-15.407465	-1.605153	8.577302	-9.679309	8.042676	-7.895814	-9.739736	-1.605153	-3.793197	-9.679305	2.357770	-12.040306	-9.739718	-1.605153	-8.831572	-9.679305	-4.019238	-6.337106	7.380594	7.433552	-10.056447	6.663388	2.082488	-10.378904	7.380749	7.433552	-14.538874	6.663388	-4.028731
2012	6	-11.874141	11.370947	5.867054	-12.501352	7.103453	-5.921140	4.832048	8.004770	5.867010	-2.136271	7.096640	4.973616	-6.644090	2.418042	1.013342	-9.610373	-4.965051	-5.920886	-13.221781	-4.106633	-1.603923	-9.155851	-8.621953	-5.921140	2.990811	-6.059276	-1.614380	5.623804	-9.439400	6.986264	4.856540	7.985566	5.867009	2.313281	7.096539	7.182638
2021	6	-5.934390	2.521579	-1.571307	-11.211554	-4.950800	-10.161465	-6.836739	12.791230	4.674314	-12.117046	6.244022	-10.161465	4.183502	-5.005159	-6.588624	7.077187	-11.364938	6.660676	3.132800	0.535953	-2.427603	3.119300	-6.803621	0.480887	9.217184	7.537484	4.674231	6.299553	6.244007	6.661842	4.184579	8.916825	4.674302	2.620688	6.244020	0.517810
2042	6	5.176540	-9.571191	-7.664662	6.050770	-10.304979	6.345812	-4.413023	-5.892466	-7.663988	0.767139	-10.277578	0.650587	-11.817998	9.737704	4.494381	-12.706718	6.772744	-5.470799	-11.814688	-5.658215	-7.663372	-11.773005	-10.267137	-5.470799	5.173008	5.828035	4.494381	5.117055	6.772104	6.345810	-6.719927	2.279874	-0.467833	-11.773000	-0.199660	-5.470799
2053	6	9.669766	7.171143	4.633048	2.796799	7.074556	6.825111	-4.696100	13.560611	4.633048	-12.860828	7.074556	-11.966416	6.193677	-9.304785	-7.638782	6.388029	-10.194141	7.165162	-3.640076	5.206747	-0.210456	-8.737181	-3.610791	-11.855913	2.731764	1.856575	-0.225796	-4.954416	-3.632288	-4.526196	1.904911	10.797928	4.633048	-8.771047	7.074556	-5.517032
2092	6	-10.438563	-5.448415	-7.568896	-6.703184	-10.421229	-2.707674	9.359584	0.961632	3.427475	2.537066	6.221996	6.718671	5.801308	0.961632	3.427475	-4.227096	6.221996	-0.737328	-4.495419	4.207543	-1.372143	-6.729747	-0.988257	-2.707668	3.680242	-11.634082	-7.568899	6.178141	-10.421449	6.703134	-5.449670	7.180222	3.431430	-10.446715	6.889341	-2.707686
2095	6	5.855473	8.901790	7.531628	5.419227	5.091285	7.217880	-12.988237	14.364978	7.531628	-8.601837	5.091285	-9.228065	-9.630455	6.846357	2.685743	-8.254246	-6.355413	-9.227920	9.165388	1.312482	2.655162	5.761154	-6.391178	7.223975	3.451022	-8.725853	-3.869201	6.810104	-6.874394	7.080032	-13.190425	-3.261453	-3.869167	-7.051716	-6.874394	-9.226413
2106	6	-4.081811	-9.130838	-6.517057	-6.116226	-8.025139	-11.887394	-1.384615	9.836884	6.448140	-12.308776	6.157117	-11.887408	4.513877	-13.222817	-6.518425	0.119784	-8.025139	-0.727662	5.299813	-13.836531	-6.518427	6.746272	-8.025139	5.657818	7.907264	4.688769	6.447496	0.171447	6.157116	5.599509	4.110033	6.215542	6.448063	-6.242272	6.157116	-5.435716
2135	6	-9.142495	8.566543	2.954137	-10.421998	5.150656	-8.289911	3.487558	-9.991182	-7.097603	5.907262	-9.430647	4.204534	1.614935	1.951232	-2.289873	-6.438373	-4.264900	0.811211	-8.996328	2.236937	-2.203605	-9.805812	-4.243584	-8.289903	7.493153	-0.160538	1.337963	6.050171	4.447059	4.215906	1.299699	8.463131	2.953603	-7.570188	5.150560	0.739026
2191	6	-10.775601	6.298592	4.173027	-10.979340	-2.077121	-9.055869	5.493128	3.903479	4.027374	7.045209	-2.143526	6.649672	5.528619	-5.985365	-1.348605	7.902741	-11.841697	6.659528	3.858926	9.857783	7.931931	3.723063	4.502128	6.464378	-12.275722	11.433848	7.933440	-14.040366	4.502211	-9.064236	7.486098	-0.491609	1.355206	7.903427	-7.163320	6.659544
2332	6	-10.954494	-2.950579	-2.745257	-10.276919	-9.998779	-10.417455	0.201713	4.667037	1.829996	-10.226662	-6.969226	-6.713816	-9.498877	8.254292	6.415871	-14.585776	5.882042	-10.507546	-5.234050	4.799942	1.830111	-10.339701	-6.963672	-10.421375	5.310133	-9.301934	-2.758127	5.432986	-11.750981	6.197594	6.179878	1.862795	6.261781	1.317787	5.492964	5.699873
2333	6	-5.067542	11.664965	6.319878	-12.795222	6.389688	-10.993261	12.160705	2.586473	0.987888	5.249046	-2.264342	5.736421	-3.499055	3.906093	0.987888	-8.118865	-2.262615	-10.346700	10.923265	2.586473	0.987888	5.031909	-2.264342	-0.483155	4.573700	10.355948	6.319878	-2.234978	6.389688	4.752268	4.948623	-3.448375	-0.245649	5.748762	-10.998130	-0.479605
2363	6	-3.476143	3.047462	0.583936	-12.618688	-5.226139	-4.892024	10.388355	1.284440	0.513517	5.104124	-5.226145	6.714315	6.922403	9.350976	3.888504	2.394687	4.446474	6.647157	-7.199751	10.721650	3.888504	-15.011268	4.446474	-5.037703	4.244956	1.284440	0.513517	-6.872991	-5.226145	-2.602985	4.895096	-2.607456	-3.039996	5.104872	-5.235824	6.562538
2368	6	-10.783799	10.217725	8.407537	-11.927097	9.427499	-5.742314	-5.441204	-4.381110	-3.231386	-0.414701	-5.623256	0.889153	4.105226	8.346917	8.407537	5.734310	9.422570	4.583652	-11.569763	-4.366896	-3.231386	-9.267944	-5.616266	-5.742314	-6.854321	3.170392	2.365383	-9.369303	-1.242936	-5.742314	-0.929138	2.996503	2.364004	-0.521695	-1.271907	0.881871
2369	6	6.481730	-13.789351	-4.710050	1.804411	-4.911324	0.401809	-3.395577	4.856060	1.227570	-9.384626	-2.707652	-9.243417	-5.315014	10.624606	5.831459	-15.408358	7.024051	-9.243417	7.885305	4.109286	5.831453	0.371207	6.925013	5.168755	8.432050	-13.789351	-4.710050	6.447545	-4.911324	5.412657	-4.796031	-7.252434	-4.710049	-9.343737	-4.892535	-9.243417
2398	6	-14.033037	5.380700	5.782660	-10.382732	-1.205895	-9.560929	4.993913	1.583029	5.725530	3.743884	-1.420359	6.621532	-11.968102	-6.978875	0.786260	-6.824055	-13.171221	-9.560892	7.291977	-11.052558	0.786260	7.299425	-13.174936	6.622667	-14.033273	11.888554	8.989690	-10.401403	3.823101	-9.560929	5.132225	8.102973	8.989687	3.722031	3.823075	6.621503
2420	6	-9.164758	9.260821	8.494148	-12.304690	4.000603	-9.294740	3.661409	-4.648133	-1.407353	4.512354	-11.592409	6.545740	4.440303	-3.461831	-1.353330	4.434932	-11.335878	6.525961	0.905677	-0.872151	-1.628827	0.912775	-11.526588	5.963040	4.275540	-0.566965	-1.380850	1.800238	-10.720530	6.011245	2.241033	-5.727612	-1.592912	3.486260	-11.890108	6.486475
2422	6	10.296353	3.886212	2.068601	3.264005	-2.746462	6.785750	-4.362604	8.886090	2.091767	-11.005229	-2.731115	-7.402729	-6.906637	-2.260640	-2.396481	-9.338563	-9.435430	-7.214691	-5.848550	13.623491	4.396491	-14.763330	4.293118	-7.554161	8.260540	3.886334	2.068605	-2.059266	-2.746459	5.205802	6.553904	-7.247782	-2.762539	4.885710	-9.487152	6.765212
2473	6	3.981552	7.166152	6.031810	2.539682	6.825035	7.345758	-9.835316	11.194487	6.031810	-11.318760	6.825035	-8.151755	4.523431	-7.865602	-5.669048	6.261755	-10.286761	7.512111	-4.236824	3.293207	-0.582072	-7.586661	-5.435252	-7.637034	-6.283647	-2.121746	-5.661709	-7.586717	-10.065895	-7.637053	-0.901883	11.193307	6.031810	1.374732	6.825035	3.410076
2545	6	4.387233	-5.576448	-5.582892	5.317469	-8.064332	8.074173	-5.466305	0.271630	-0.290922	-2.554498	-3.803401	-1.681746	-11.110327	12.569624	5.725571	-6.094102	6.372615	-6.898288	6.110560	8.971030	5.725565	1.312309	6.370556	8.074830	-3.707859	-3.038340	-4.616335	-1.389741	-6.043828	2.938511	-11.443640	-2.988378	-4.565979	-2.547646	-6.002511	-1.670200
2562	6	5.419767	5.755084	7.435255	5.463337	7.087665	5.304723	-12.976167	-3.081171	-1.963383	-9.022947	-3.298083	-10.453182	-10.805668	11.372269	7.435431	-10.694995	7.087665	-10.479439	5.850115	1.322717	2.250088	7.078164	-3.238533	0.520672	-7.302072	7.067028	2.329851	-9.084753	-3.221498	-10.433446	8.573849	1.212204	2.237305	7.079125	-3.240791	5.337391
2611	6	-0.895726	-5.986413	-2.760024	5.487053	-7.947159	4.114115	-5.895090	0.192778	-0.233506	-13.782212	-6.102159	-8.431225	5.335579	-11.622704	-2.760046	8.459835	-7.952658	9.757646	-8.379615	11.871935	6.360168	-14.206764	4.022429	-8.431225	-10.034682	-5.985478	-2.760024	-8.876309	-7.947152	-8.431225	7.039910	5.974947	6.360133	3.186028	4.022367	9.755084
2632	6	4.660115	-7.831038	-2.480439	6.608812	-8.142595	6.280290	-11.441691	11.795600	6.945150	-9.096560	4.940947	-8.833100	-5.130747	4.507726	1.171055	-4.627462	-3.568614	-8.786087	4.781922	6.492435	6.928101	3.343522	4.940384	6.220013	0.303922	11.770565	6.945142	2.807284	4.940947	6.152296	-11.150272	-2.587364	-1.216726	-5.935402	-8.068418	-8.825468
2688	6	-12.534428	8.633997	5.361572	-9.615736	6.862806	-8.939537	5.392851	-12.220920	-5.279264	8.945720	-8.063383	8.671673	2.512294	6.904466	5.361572	5.485511	6.849393	8.550526	-9.590149	-8.533049	-5.279264	-6.651533	-7.892572	-8.925175	-0.907106	8.334523	5.361572	4.083234	6.861464	5.141536	5.880491	-1.679080	-5.069778	8.975175	0.807714	8.672840
2701	6	-9.308385	10.462886	5.854532	-12.107072	7.702217	-8.381736	-10.507535	-4.773587	-6.368717	-10.410408	-8.971353	-8.381417	4.862492	6.205566	5.854532	-0.817907	7.702217	6.002356	-6.526255	1.970801	2.207393	-10.527002	-2.786881	-8.381469	6.202489	-9.040744	-6.368726	6.759591	-9.394214	6.236534	7.479034	6.204043	5.854532	5.090484	7.702217	6.236747
2704	6	-1.086279	6.725421	4.136955	-13.085241	-0.983418	-12.113922	5.135081	4.023332	4.136854	-7.904584	-0.984332	-5.592059	7.316631	-6.555694	-1.711467	5.938576	-9.137548	6.640478	-4.988477	11.166607	6.364135	-14.086599	3.309826	-12.181737	6.089292	-6.475873	-1.711467	-2.788382	-9.137539	-5.583124	-0.641663	-3.796989	-1.711397	-7.780065	-9.123165	-12.016632
2728	6	-15.385999	12.312023	7.000679	-17.273256	7.326674	-11.350305	-13.460720	-3.918791	-3.546755	-12.494983	-4.276107	-11.350305	1.883830	10.414384	7.000678	1.498126	7.326672	6.325091	0.924507	-5.218721	-3.669770	5.560115	-4.297203	-0.047649	4.452563	-3.146055	0.660786	6.476501	2.216820	6.433192	2.724665	-6.431244	-3.690606	6.472629	-4.300629	6.433190
2768	6	-11.156346	11.630661	6.320994	-8.654010	6.059705	-11.352053	3.830573	-10.931923	-2.239719	6.377835	-5.051581	7.400346	-10.934239	-7.296563	-2.184833	-5.374893	-4.648159	-11.347040	-2.349628	11.630609	6.320994	0.215911	6.059705	4.394428	3.880143	7.934635	6.320394	3.099638	6.052441	7.405296	-1.948025	-7.296688	-2.184839	3.725801	-4.648192	4.796471
2772	6	8.224857	-2.253979	-2.569816	6.800683	-10.504200	6.844107	-3.010884	3.643561	0.473031	-5.622570	-3.560242	-4.467559	8.391905	8.603406	5.668618	6.511291	3.710920	6.844100	-4.413697	14.188765	5.675755	-7.290245	3.710950	-4.467584	2.804603	1.373598	-0.126940	-4.598727	-4.378509	-3.029133	-2.030688	14.188757	5.675755	0.372578	3.710950	-2.131180
2776	6	9.025620	2.782622	4.318058	5.999687	7.051893	7.302922	-8.910868	8.648924	4.506857	-8.698504	7.365931	-7.046966	-10.645903	-4.524943	-2.861954	-7.825973	-8.210971	-7.046966	4.613181	-10.251663	-3.280457	6.714296	-9.898300	7.302922	-6.750065	1.383518	-0.398174	-7.827260	-2.570399	-7.046966	-0.153996	-5.916129	-3.107619	6.672458	-9.077577	7.299330
2781	6	-2.609906	1.662692	1.700311	-3.327022	-6.293433	-4.713462	-6.841486	11.274905	7.502775	-6.059226	6.541739	-6.092310	3.908071	9.253015	7.502775	6.254586	6.541737	6.906796	0.292202	-3.328586	-3.555059	4.240646	-10.058894	4.839013	-3.230703	-1.757884	-3.422453	-3.151569	-8.586932	-5.073736	-1.907913	-2.385195	-3.539846	2.471640	-9.318419	-0.433487
2793	6	4.009178	-8.487226	-5.479337	6.844166	-9.039860	7.261568	-8.796279	10.357652	6.644205	-12.598465	2.082463	-3.742433	-6.114798	-4.093356	-5.479332	-5.390552	-7.389600	0.847879	-8.111144	-4.067701	-5.479332	-0.775521	-7.372714	-3.737317	3.354257	6.406851	6.642343	0.184294	2.068734	6.785271	-4.962843	10.287792	6.644198	-12.010009	2.082415	0.847879
2806	6	-6.238417	12.066818	3.344064	-15.343510	5.516435	-10.166065	7.869395	5.857045	3.344064	2.314122	5.515915	5.206599	-8.640121	-2.880358	-9.095372	-11.209699	-6.151432	-10.169604	5.617493	5.857520	3.344064	2.063006	5.515915	-0.178537	3.134658	-5.794636	-9.101875	5.809239	-6.740170	-0.192847	5.467489	-9.090698	-9.101875	6.442192	-6.753300	5.206086
2852	6	0.124689	12.776855	5.000172	-13.348776	6.699778	-0.621458	-4.698518	-3.920026	-4.465090	-11.966094	-12.218822	-2.861506	1.259149	-5.514769	-4.465812	-6.932493	-12.218824	4.732475	4.448538	6.864196	5.000172	-3.648372	6.699778	4.751718	5.435620	-10.207894	-4.465813	4.041174	-12.218824	5.368739	8.352497	6.794569	5.000172	2.385502	6.699778	5.368667
2858	6	-4.448999	2.567833	-0.883319	-5.970886	-5.255485	-8.652561	-9.911491	-3.176665	-4.038841	-6.680977	-9.119227	-8.652602	-9.822317	11.484608	5.861989	-11.378288	7.462681	-8.652602	4.356475	-5.621500	-5.360520	7.195874	-10.629193	6.226174	4.460687	8.990771	5.858578	2.517721	7.462414	6.212722	2.599678	1.049949	-1.328553	1.513473	-5.257931	-0.200916
2882	6	-8.257228	9.047498	2.318051	-13.405095	6.056945	-3.351876	5.423804	-8.340748	-5.641143	-3.128373	-10.962341	5.043741	5.682950	2.899756	2.317785	-3.142446	6.056711	5.038690	-7.628691	2.233115	-0.417718	-13.387669	-3.410916	-3.351865	8.977213	-8.340762	-5.641143	2.781745	-10.962341	7.063640	9.243196	2.899751	2.317785	2.764321	6.056711	7.061718
2914	6	-13.219287	-5.072363	-8.297196	-10.783661	-9.160768	-10.585569	2.111815	3.686991	-2.436467	-8.251613	-1.951508	1.301833	-1.665327	5.764041	-2.436467	-10.783332	-1.951508	-10.403604	-10.990837	11.553624	4.009420	-11.067050	7.451517	-10.585569	5.335504	7.103390	4.009420	4.218563	7.451517	6.904806	3.107053	-9.323933	-8.522078	4.398027	-9.160885	6.903773
2934	6	-12.925978	10.957383	6.289287	-14.254431	7.088735	-8.001372	-9.348809	-3.434084	-2.172767	-11.304304	0.980995	-7.977805	3.008133	-8.713011	-2.173072	7.602316	0.980955	5.112351	-11.994503	-7.695634	-4.393369	-11.280403	-4.355077	-7.977358	2.132287	9.511152	6.289287	4.489274	7.088735	4.207814	2.656541	-11.523138	-4.393369	7.605626	-4.355077	4.861929
2966	6	7.732917	4.259423	2.435426	5.173998	9.270648	5.673036	-7.235592	8.670716	2.439734	-14.219841	9.271239	-8.700483	-10.750927	-5.640162	-6.956989	-12.620156	-6.698184	-8.691709	3.266854	4.260690	2.435433	3.002092	9.270649	0.214655	3.291391	-10.356398	-6.967760	6.791722	-6.937469	5.526301	-6.595203	2.642913	-2.516040	-12.620144	-1.096531	-8.691506
2981	6	6.411747	-12.082196	-4.131734	5.667485	-8.943181	0.474084	-6.998204	-8.431251	-4.131734	-8.422074	-8.943181	-12.033265	4.863836	7.312191	7.014111	1.474358	9.253440	0.437672	-8.532506	10.962868	7.014111	-12.537570	9.253440	-12.036377	5.513986	7.311940	7.014111	2.657852	9.253440	6.240382	7.048309	-12.082196	-4.131734	6.778961	-8.943181	6.242803
2995	6	8.689592	5.891046	4.051674	0.219597	7.695070	-2.238227	7.874718	-4.815773	-8.633879	2.181001	-6.413627	0.780821	-1.678455	-0.218991	-2.444161	-2.584036	-3.014254	-7.382289	-1.615188	8.212683	4.051674	-3.926509	7.716339	-8.173685	-2.507530	1.430788	-2.440360	-6.949700	-2.347354	-9.432229	-2.891477	9.612032	4.051674	-8.296014	7.719671	-10.660149
3032	6	-4.703742	-3.377386	-6.180478	-3.651882	-8.315326	-11.174897	9.746654	2.184375	-1.104047	6.389784	-0.511229	6.568689	8.959871	-5.386584	-6.479465	6.389784	-9.422684	6.568688	-3.923015	4.256278	-1.001824	-3.651879	-0.416859	-11.174467	7.817732	9.820424	5.051561	4.025213	5.901870	6.568660	-5.854218	11.809216	5.051564	-6.133892	5.901871	-11.175002
3044	6	3.879927	-8.496347	-7.578717	7.392844	-9.937630	8.073631	-11.036381	12.243880	5.422108	-13.202009	6.483451	-5.475112	4.556534	7.413434	5.422062	2.630609	6.479697	7.976494	8.810312	2.964062	1.205847	7.283216	0.590357	8.076371	-6.796266	8.203389	1.462181	-3.785752	0.750077	-5.446805	-11.693214	-3.758443	-7.578424	-3.589455	-8.172092	-5.466091
3079	6	-8.279102	11.280258	6.314499	-16.226947	4.832582	-10.686016	-8.243938	8.563095	6.144905	-16.071582	-0.678091	-10.685934	5.685345	5.202855	6.144800	-2.210120	-0.678122	4.699476	5.340998	7.965627	6.314499	-2.663522	4.832582	4.299299	-10.906234	-6.587471	-1.950401	-10.214777	-8.734976	-10.640934	5.324599	-9.901076	-1.950439	5.204931	-8.734997	7.815312
3082	6	-12.735631	-2.527386	-3.855989	-9.369465	-6.233795	-9.484376	-13.154006	11.210010	6.741357	-14.894661	6.436639	-9.484376	3.516348	-3.920930	-5.201626	7.011921	-6.406444	5.177941	-6.935946	1.451577	0.501975	-9.286690	-5.904376	-9.484375	-1.355510	1.343087	0.476686	3.418362	-5.914270	-3.344100	3.105344	10.138819	6.741356	1.315759	6.436639	5.160583
3124	6	-7.238676	11.157737	2.609352	-9.063798	-0.557011	-11.299099	-10.063354	-4.266921	-3.575580	-9.363712	-11.755423	-11.299100	11.040255	4.747664	2.603731	5.637341	-0.566143	5.193949	4.874151	-10.666690	-3.684428	5.778955	-11.755454	5.193950	-12.513568	12.989873	8.368656	-16.011959	6.254990	-11.299100	1.941656	8.933484	2.609336	-3.453107	-0.557037	-6.183307
3203	6	-11.497513	11.764344	5.158955	-13.875608	5.169112	-8.162147	-8.335356	10.992751	0.940429	-11.161202	-3.865890	-8.162147	9.663143	4.388944	0.930767	6.822115	-4.021515	7.135332	6.501496	5.165408	5.158939	4.106183	5.092534	7.134909	-13.268962	-1.358377	-4.516944	-11.159791	-9.383694	-8.162147	4.131713	-7.971688	-4.597498	6.823499	-11.979277	7.133677
3223	6	-11.958237	-3.306842	-4.214698	-3.358939	-8.958657	-8.725723	-8.935154	-3.306842	-4.214698	1.181401	-8.958657	-5.568906	3.369640	-10.367784	-4.248055	6.710975	-11.644775	7.043060	-14.815150	11.742022	6.742243	-9.347513	3.562611	-10.286141	-7.282547	5.001631	0.372281	-3.359581	0.826228	-8.725790	-4.241670	5.001631	0.372281	1.184398	0.826228	-5.536348
3245	6	3.776106	-10.193011	-3.182774	6.256341	-10.631500	7.375836	-13.178204	-4.067749	-3.181771	-7.282456	-10.631498	-5.148071	-6.493944	-4.067749	-3.181771	1.472673	-10.631498	1.635541	7.429392	3.364192	5.606767	1.465829	4.179143	7.373069	-3.485779	-4.067814	-3.181771	1.603792	-10.631498	3.343324	-9.656664	9.495291	5.610423	-12.074404	4.179188	-5.148073
3261	6	-10.356379	-4.488141	-4.817934	-9.706725	-10.631208	-4.426581	6.097069	-10.254918	-5.347357	6.671658	-10.694094	7.239071	-9.018335	9.455618	6.647865	-12.660754	5.068697	-4.422858	-2.558130	1.715969	0.841347	-8.242637	-6.131116	2.056799	-6.278234	1.716014	0.841349	-9.879923	-6.131108	-4.388411	7.427410	3.688568	6.645042	3.686960	5.059468	7.290297
3293	6	8.741301	1.752494	2.560596	8.318980	-4.132934	6.506704	-7.975234	11.126399	8.678133	-8.854081	6.161164	-9.619257	3.711708	7.209409	8.678133	2.509900	6.161164	6.468102	5.793665	-7.929553	-0.574187	8.478281	-11.379234	6.506258	-1.505223	5.677272	2.561192	-2.616981	-4.131063	-9.581994	-3.709013	-4.006559	-0.574135	-2.305710	-11.377165	-9.568277
3299	6	-6.986793	5.110900	0.990873	-8.955360	-1.520426	-9.339652	-12.971237	12.246394	6.240241	-13.481170	7.658398	-9.340089	2.616617	10.481704	6.240240	1.252147	7.658398	6.031310	9.511847	3.249466	0.965239	5.796257	-1.560044	6.669166	-11.994898	-4.246559	-3.794663	-8.917011	-9.724491	-9.340089	4.172449	-6.053817	-3.854229	5.833209	-9.725244	6.650662
3313	6	-8.100510	11.092430	4.796079	-13.399698	6.031181	-4.743855	-8.100580	7.038797	4.796078	-13.399694	0.514862	-4.743858	10.641432	6.274097	4.796079	3.723903	6.031181	8.357595	5.749557	-8.568295	-5.989132	5.883934	-7.282515	8.340532	-12.922560	-5.467042	-5.989131	-11.264138	-7.282515	-4.804915	10.585066	2.223210	4.796077	3.723911	0.514720	8.357571
3318	6	-11.524748	10.793523	3.865253	-8.515728	5.393400	-7.361125	3.834230	-12.750971	-6.647410	9.290995	-6.525458	6.778716	-4.208212	-7.490977	-6.280358	4.263260	-6.449619	2.127285	-2.150736	10.793523	3.865253	4.645456	5.393400	2.128626	-13.508931	-7.490977	-6.280358	-7.503508	-6.449619	-7.361120	5.851943	5.019799	3.809028	8.444381	5.244176	6.789431
3326	6	-6.602290	6.745628	3.436129	-6.741371	-7.275647	-13.069179	-11.144460	13.341207	5.431270	-7.937793	4.802095	-13.074385	11.454084	4.739295	3.436125	4.528619	-7.278700	3.141411	6.362560	-5.606575	-2.907462	7.007417	-14.145567	3.144175	-11.691996	-3.498023	-2.900833	-4.263416	-13.747821	-12.888667	6.908321	11.340961	5.431270	3.327670	4.802094	3.128337
3332	6	-9.143756	12.319228	8.499622	-12.825006	6.912031	-4.374449	3.781438	1.043935	2.235297	8.252169	-3.826648	1.814207	-9.077451	5.251169	2.502124	-9.860286	-3.795788	-4.374449	4.525670	7.615729	8.496585	5.286387	6.912030	1.817766	4.059099	-9.663977	-3.516321	8.252958	-8.585028	1.817662	3.914333	0.642830	2.155807	8.252644	-3.833717	3.970582
3389	6	-3.858787	9.058175	3.697192	-12.338335	8.187205	-11.848690	4.096522	-4.937876	-7.276002	-1.183340	-8.643269	5.342012	-9.408503	-3.025980	-7.274644	-11.194519	-8.642889	-11.848888	10.139351	3.613051	3.696270	-2.409831	8.187186	5.199142	10.257426	3.587766	3.696203	3.894969	8.187185	5.373621	4.108022	-4.945903	-7.276002	5.066163	-8.643269	5.356837
3434	6	4.983102	-13.119690	-3.901266	6.229793	-13.690073	7.803553	-7.131916	12.057493	7.890463	-8.856636	3.817014	1.455986	-10.594340	-6.138175	-3.901240	-7.142519	-13.690073	-3.276220	-3.093921	-6.180226	-3.901244	-3.291727	-13.690073	1.500999	-10.532459	12.057588	7.890463	-12.620923	3.817014	-3.276209	-1.217065	-6.621972	-3.901261	4.366367	-13.690073	6.748066
3437	6	-12.450991	5.166971	4.200500	-9.144508	0.579071	-9.082069	-12.733182	11.161134	6.999576	-12.139545	6.610025	-9.084794	1.471294	-1.036728	-2.349150	3.526145	-0.935716	6.199153	2.839630	-5.652159	-1.529983	5.559661	-0.818095	6.681269	4.649839	0.148987	1.797276	4.254067	-0.642058	6.115100	1.495005	0.675911	1.063742	2.606746	-0.786611	5.862831
3439	6	7.711732	5.728433	6.025486	3.333469	4.816859	5.971734	-3.124115	10.279282	1.327354	-8.009527	-1.773959	-11.115135	-5.213268	11.799786	6.025486	-10.584850	4.816859	-11.470788	4.058555	-9.551901	-3.256963	4.982473	-6.814708	6.029169	9.802874	4.207813	1.327213	5.204519	-1.774116	6.033097	-5.168290	-3.550086	-3.256423	-8.527750	-6.814705	-11.233808
3449	6	2.070982	-5.226574	-4.225175	3.650020	-8.896476	5.178379	-11.355595	11.924231	4.669895	-14.523008	7.413020	-4.918155	-14.144300	-4.113451	-4.225137	-12.585826	-8.895618	-4.918154	-8.936873	9.922202	2.438941	-13.277937	2.361039	-4.918155	8.453840	4.624935	2.438834	3.099055	2.361018	6.898242	5.939458	6.839083	4.669895	1.843514	7.413020	6.681833
3456	6	7.228806	-11.385535	-6.855389	6.410849	-11.575026	7.010296	9.167807	2.503582	5.306138	4.248052	-0.246651	6.975939	9.232257	4.466126	5.311408	4.240298	6.338656	6.975704	-4.965630	9.095184	5.306528	-10.700611	-0.209674	-8.060768	-6.864708	-4.821335	-6.829396	-8.536716	-11.421691	-7.830148	-4.968147	11.030083	5.311408	-10.707794	6.341113	-8.061731
3462	6	-7.367749	5.013381	5.843458	-13.613717	-0.813580	-6.922835	6.849735	-12.143569	-2.808045	6.139877	-9.652554	7.476203	4.242557	5.073251	8.674292	-3.999041	4.502663	4.933167	3.028908	0.290722	5.144870	-4.063877	-1.700588	4.787709	-7.779317	11.611724	8.674292	-13.614804	4.502663	-6.922835	-8.604628	-5.233608	-2.808045	-7.187844	-9.652554	-6.922835
3472	6	-12.784206	11.102715	6.613304	-14.568474	9.508218	-9.140506	-8.137693	4.883405	2.628342	-14.557553	-0.605711	-9.140492	-11.713331	-1.559424	-2.381647	-10.795988	-7.587920	-9.140506	2.662145	-4.856471	-2.383820	7.582576	-7.594822	5.323386	3.157921	9.747392	6.613304	3.822584	9.508218	5.486174	2.891566	9.982260	6.613304	-1.782262	9.508218	4.398838
3493	6	5.868789	-14.791030	-5.686566	6.498341	-8.165223	3.847340	-8.880761	9.592046	4.360158	-18.972910	6.661708	-4.363153	-13.582787	-9.028472	-5.686566	-12.541400	-8.165223	-4.742058	10.304891	3.819748	4.360139	-0.003586	6.661654	3.457911	4.023055	3.940878	4.360145	-6.428373	6.661669	3.280927	-7.350072	2.250150	0.996545	-12.542681	0.917521	-3.828205
3556	6	1.907136	6.355675	-0.101197	-1.485586	-7.174249	-6.503995	-5.444423	6.778378	-0.101197	-8.065381	-7.166283	-13.023392	9.693145	2.316806	-0.101312	8.453028	-7.588830	6.038518	-10.748012	13.099729	5.948884	-12.372451	5.919829	-13.148816	7.472754	2.316823	-0.101312	5.052285	-7.588826	-0.053116	4.381493	8.723145	5.948883	4.145938	5.913909	6.036758
3569	6	-11.554422	-6.557306	-2.476289	-12.823467	-11.932125	-7.225196	0.258097	-6.574928	-2.476289	6.274984	-11.941126	3.802176	-5.955037	5.151726	2.888448	-12.857006	-6.669057	-7.225196	10.957757	1.647692	2.888447	6.712271	-6.871286	7.484097	5.358690	-9.985822	-2.476289	6.746724	-12.856166	7.484093	-11.941426	10.926776	7.975351	-19.403302	2.666542	-7.225196
3593	6	3.390370	11.312277	3.937392	-8.294402	4.108559	-6.239016	3.931877	10.945541	3.937392	-1.972369	4.108559	-4.306657	10.682224	7.228173	3.937302	3.994526	4.108496	6.139161	-7.406328	-5.734019	-2.995338	-13.732780	-5.327363	-11.509521	4.995224	-8.481287	-2.995993	4.058128	-5.327363	6.139046	-1.675425	12.816022	3.937392	-10.729754	4.108560	-11.509459
3595	6	8.563036	-7.181701	-5.161630	6.161020	-8.735434	4.981899	-7.689504	11.665308	7.265179	-16.926265	4.113074	-13.160275	-2.338719	-4.076988	-5.069112	-11.898331	-8.735433	-13.160274	3.131765	-7.175917	-5.161628	3.635196	-8.735434	-1.616953	5.644461	8.536325	7.265179	1.415534	4.113074	4.981899	3.092066	8.542574	7.265179	-4.118388	4.113074	4.951483
3596	6	-6.283238	6.519666	3.391018	-8.085700	-6.155720	-12.406089	5.313629	1.676999	3.391004	0.092133	-6.347870	-3.325923	-12.727631	-4.816470	-1.486761	-7.977321	-13.020664	-12.406042	-10.616494	12.897871	5.617592	-11.055141	5.601518	-12.406375	6.138253	7.962868	5.617591	3.027120	5.601484	3.724388	4.001469	-9.376216	-1.488677	5.802773	-13.116141	3.746909
3639	6	-7.567269	7.726904	2.133351	-11.352184	-4.110008	-12.264260	-13.254192	12.756991	6.202652	-15.052519	7.437368	-12.264261	5.163622	8.912712	6.202600	2.273476	7.436057	5.702816	4.530847	-6.183408	-2.477582	6.533870	-8.586818	5.701322	-13.906515	-2.846332	-1.891812	-10.791643	-6.182554	-12.264261	10.974710	3.270855	2.112292	6.083141	-4.176141	5.704123
3662	6	-5.210688	2.341414	1.845191	-11.475822	-2.505884	-9.221422	-9.904106	-8.117333	-4.218985	-11.463615	-11.308306	-9.221761	5.219825	-13.674992	-4.218985	7.420518	-11.308306	6.076326	4.912051	4.699934	8.130762	2.190272	6.156680	6.076287	-9.770548	10.206845	8.130762	-16.693232	6.156680	-9.221761	1.554378	1.703522	1.845115	-5.490028	-2.506061	-5.025520
3689	6	7.300109	-9.729891	-7.100592	6.855121	-13.188477	7.024837	9.658651	5.129220	4.213454	6.346996	5.126204	7.024845	-5.992404	1.558008	-1.329326	-10.728230	-6.434517	-9.622293	-8.706486	-5.415488	-7.100592	-10.728230	-13.188474	-9.622301	-6.336033	10.714863	4.213454	-11.236110	5.126204	-9.622297	-0.091370	10.514865	4.213454	-10.809952	5.126204	-8.561045
3796	6	4.629173	-14.179083	-5.428553	7.180451	-13.769156	8.432888	5.253795	4.076831	6.919353	1.590757	3.568043	8.421224	-7.758342	10.657692	6.919353	-13.678705	3.568045	-9.554395	-8.365898	-7.604552	-5.428553	-7.801129	-13.769156	-6.272329	-7.149334	-7.604552	-5.428553	-3.403648	-13.769156	2.170577	-2.671666	-7.604552	-5.428553	5.011981	-13.769156	2.537806
3820	6	-16.507192	3.302001	2.378338	-8.926132	0.444406	-4.896469	5.870982	-11.801358	-5.122214	6.524982	-11.251267	6.810539	-13.384197	-6.023007	-5.122213	-8.926045	-11.251267	-4.896469	-17.089009	9.997495	6.191314	-13.710874	6.762581	-4.896469	-4.404372	-6.024332	-5.122214	-0.014425	-11.251267	6.054254	-7.702064	3.301988	2.378338	-0.070551	0.444406	6.054254
3842	6	-4.961272	2.938534	2.013376	-8.269479	-4.004494	-9.341006	4.364037	-5.161380	-2.555252	6.921465	-10.653276	6.636667	-11.224322	-3.026947	-2.218008	-8.266565	-10.653268	-9.341546	-11.075324	10.623020	6.407888	-13.481809	5.378952	-9.341546	-1.086338	-3.141500	-2.264887	1.729823	-10.653271	2.349702	4.519251	8.375565	6.407873	1.697561	5.378952	6.582144
3863	6	6.018070	-9.802902	-8.255814	9.505158	-5.946869	6.625621	-0.904650	12.093022	3.623850	7.023919	7.067420	3.693831	-11.164988	12.093023	3.623850	-7.393679	7.067420	-10.920298	-5.244230	1.444784	-2.402963	-7.360648	-2.052345	-10.906187	-10.522501	-3.242375	-8.252057	-7.361319	-5.946638	-10.920293	5.372894	5.533280	3.623850	9.474196	7.067420	6.624456
3865	6	8.416586	-9.374204	1.353206	5.993940	-11.415314	7.857171	-0.910967	3.630205	2.724810	-11.189795	-6.648888	-6.732031	-3.539126	-3.148076	1.365344	-10.609475	-9.134883	-9.865976	7.045595	4.915299	6.173698	1.864791	3.305860	7.712408	1.606251	10.567052	6.173804	-7.200138	3.305868	1.903274	-4.905727	10.949656	6.173804	-14.641104	3.305868	-9.915929
3884	6	5.794687	4.319600	4.799365	5.898168	6.947199	8.100271	-5.634681	7.541338	0.067322	-8.178619	0.850308	-2.723613	-2.184701	7.532401	0.067322	-4.955670	0.850308	2.602860	9.794072	0.943252	0.043348	7.885101	0.798043	8.238747	-9.818431	10.566187	4.799365	-10.165554	6.947685	-2.835772	3.645619	-4.508037	-6.098888	7.885268	-10.345292	7.765099
3905	6	-11.216443	10.666334	5.564759	-17.720409	6.078519	-13.054366	-7.668307	6.794009	4.237423	-15.431024	-0.074528	-13.054366	7.517833	3.006516	4.226411	3.207834	-0.096526	5.063436	3.903300	8.943749	5.564759	0.892629	6.078514	5.049958	-11.403318	-5.683294	-1.957851	-12.236444	-6.982347	-13.054366	3.974706	-7.450726	-1.957859	6.376843	-7.022226	5.063458
3975	6	-7.315692	13.156248	5.926589	-4.417666	6.591504	-7.587727	6.260710	7.278595	5.926589	4.544232	6.591504	6.126417	8.819039	-1.877083	-5.298200	6.264211	-6.001015	6.212283	6.902024	-8.228203	-5.317583	6.264211	-8.639281	6.212275	-0.723865	4.366178	-0.175359	-2.043449	-4.329098	-5.956772	2.064242	3.293098	-0.175416	-2.029817	-4.329122	-1.958037
3978	6	3.812041	-6.860359	-6.141530	4.248372	-13.246192	-0.168714	1.431710	2.030190	0.317297	-5.755547	-6.904735	-6.795929	-3.658469	2.186020	0.323022	-9.538810	-6.904296	-12.620561	-5.004134	11.595137	5.541499	-14.694774	5.314190	-12.701547	5.803766	-7.256931	-6.141530	6.760880	-13.246192	3.898199	8.784181	7.593258	5.541499	2.343028	5.314190	3.849267
3988	6	-12.031018	11.013069	7.535648	-12.265108	6.458666	-3.245778	4.691577	7.406681	7.535648	2.261225	6.458666	5.159728	5.788454	-9.189672	-3.248626	6.832540	-10.056581	5.170952	-11.001977	-5.569050	-3.248626	-7.547208	-10.056579	-3.244532	-1.424463	-5.569112	-3.248626	0.253013	-10.056579	3.622165	-5.556874	1.752031	2.570902	-8.188452	-5.218835	-3.226245
4004	6	9.634475	-0.987387	-1.356481	6.774198	-4.400661	7.379898	-3.809156	6.565120	0.404881	-6.580702	-2.463227	-2.282912	3.530289	9.301666	5.817746	6.165188	5.868270	7.283377	9.034246	-4.521741	-2.978224	6.774198	-7.165630	7.379138	-11.657270	13.449036	5.820977	-7.325390	5.871770	-4.829909	-0.720766	13.449024	5.820977	-1.482709	5.871770	4.641857
4021	6	-15.931711	11.195827	7.277782	-11.365200	6.814581	-9.368203	1.518317	-8.443961	-1.372799	6.994066	-11.286148	4.515838	-8.369438	4.782796	1.346196	-0.934181	-5.162882	-7.187332	-13.338159	-7.243365	-1.372781	-0.931378	-11.286148	-7.194675	2.918895	7.161176	7.277782	2.093755	6.814581	4.657207	0.425038	4.605193	1.346193	1.289501	-5.162883	-2.387333
4062	6	6.910190	8.491341	6.805310	4.542328	5.428452	7.408581	-4.425269	5.454652	5.681658	-12.642582	-0.649964	-8.454385	-3.824520	-7.545631	-2.755527	-10.444938	-8.528365	-8.454382	6.818306	3.422160	5.678205	5.863940	-0.653202	7.417192	-4.400599	10.513716	6.805310	-13.959426	5.428452	-8.454385	7.245488	-9.640955	-2.928386	8.056671	-8.540537	7.418760
4086	6	-4.882274	1.091192	-0.026622	-8.318266	-4.372897	-8.960074	-9.390223	12.283730	6.583757	-13.411563	6.579522	-8.977357	-10.618799	-5.291606	-4.073168	-8.318078	-9.995716	-8.976294	6.007031	7.088621	6.583754	2.291179	6.579522	5.644509	4.795288	-10.565622	-4.073276	7.606816	-9.995716	5.654810	1.796232	-0.347307	-2.487267	2.709462	-7.162910	0.834764
4127	6	-9.795155	11.759711	4.719185	-13.711217	6.087551	-11.710419	-7.452579	7.291582	2.148724	-9.888091	-3.171374	-11.710419	9.472641	2.044586	2.140651	7.028635	-3.610971	7.473643	-13.141930	-2.434094	-2.836454	-9.774937	-7.118800	-11.710419	3.832917	-7.688380	-2.837841	7.073492	-8.426824	7.473334	7.208923	6.536648	4.719184	3.186964	6.064799	7.470587
4174	6	2.971085	-13.514539	-1.938915	-5.106776	-6.812392	0.120536	8.728071	-13.514539	-1.938915	7.033457	-6.812392	8.544684	9.159922	5.104336	6.311589	4.021917	5.674870	8.544439	-9.007464	-8.387060	-1.938915	-10.749707	-6.812392	-4.750911	-8.575069	10.231815	6.311589	-13.761212	5.674870	-4.700080	3.469008	5.104336	6.311589	-8.027418	5.674870	0.148210
4198	6	-8.569650	7.154247	4.820821	-9.532888	6.945221	-11.856978	-12.907295	-3.736005	-6.389417	-8.532838	-3.468650	-11.789887	4.926948	-9.761654	-6.538936	7.357625	-9.626119	6.783851	3.451145	-8.535839	-6.538778	1.158640	-9.626094	-0.600042	-7.218482	2.920897	-1.097920	-8.556596	-3.456342	-11.664634	-0.512554	-3.736009	-6.389417	3.245467	-3.468650	3.672600
4256	6	-7.417656	3.074881	0.560645	-10.589989	-5.063440	-7.733126	4.855540	-12.524558	-5.989988	6.813348	-13.570802	7.251757	5.072306	5.649912	6.335712	1.851788	2.103641	6.918183	-12.851685	-6.638057	-5.989964	-10.589644	-13.570619	-7.733122	-12.480487	11.530926	6.335789	-15.495838	2.103667	-7.757331	0.305184	-6.638399	-5.989964	5.531985	-13.570619	4.308819
4390	6	4.218551	-5.648640	-5.521402	6.520082	-12.130971	5.939776	-4.651399	3.926326	-0.086868	-4.848358	-5.922345	-6.435611	-8.506671	11.600756	5.489184	-8.438607	6.241285	-6.437681	-5.542515	-2.572640	-5.520975	4.835562	-11.419566	-1.011801	-10.392839	-2.572624	-5.520975	-4.796459	-11.419541	-6.435404	7.344668	5.255825	5.489183	2.911722	6.241284	5.947442
4402	6	-12.116830	11.100571	5.008768	-9.557093	8.810397	-10.597592	-9.935837	-6.335873	-6.708957	-6.301548	-9.756974	-10.594779	5.544933	-11.111815	-6.708959	5.312975	-10.736041	-0.202426	-6.662035	3.394290	-0.797296	-6.301548	-4.465935	-10.594779	3.842629	7.367780	5.008764	4.918403	8.802475	5.889274	6.272252	-11.221794	-6.708959	8.276119	-10.739989	5.895414
4448	6	-7.240199	10.786336	5.806059	-13.626740	5.680707	-5.027847	11.705065	1.225911	0.339449	5.426098	-2.804035	7.759311	2.763789	1.723535	0.504356	-6.168696	-2.558338	-0.850678	7.306292	8.359220	5.801072	3.795521	5.679194	7.724104	-2.939424	3.844024	0.877390	-12.019134	-2.340620	-4.172173	7.802406	-4.372189	-3.454360	5.495078	-8.055360	7.737317
4449	6	-5.497467	3.093056	-0.865729	-8.091673	-1.171723	-9.100183	6.760331	5.880329	5.698853	-2.485258	5.903414	5.174543	9.888183	-11.258455	-6.888002	7.416076	-9.057208	6.339287	-7.616513	12.490451	5.720091	-12.960846	5.903416	-9.687978	-6.278151	-4.202793	-4.561909	-8.097576	-9.057169	-9.102195	8.553458	5.880321	5.698853	2.554156	5.903414	6.286166
4472	6	6.324473	5.349130	7.151680	1.917079	7.035488	6.619311	-11.406028	10.864269	7.153091	-12.622315	7.035631	-11.152545	4.885002	-6.910152	-3.552816	7.634121	-9.660597	6.801141	3.825767	5.349133	7.151680	-2.185256	7.035488	4.726452	-7.339308	7.879289	2.944910	-7.297444	-0.488391	-10.186543	10.404959	2.155639	2.803066	7.373322	-0.681626	6.882293
4476	6	-8.834645	6.370950	3.262753	-7.981994	-1.626385	-4.704563	3.433344	-9.929827	0.008118	8.069824	-8.884067	7.822883	-12.904260	9.968634	7.767779	-13.288300	5.351964	-4.704589	5.579990	4.012738	7.767713	2.028827	5.329480	7.824446	-3.129997	-5.383018	0.008118	2.778773	-6.446197	3.055652	-14.993749	-5.383017	0.008118	-7.247663	-6.446197	-4.704470
4486	6	-12.220821	11.326308	6.799615	-14.390524	5.865238	-8.275323	-6.384850	-3.503995	-2.668553	0.461481	-9.660211	2.301324	4.449588	1.839292	0.609040	7.410795	-3.346498	6.935935	-9.629500	4.808669	0.958780	-7.956443	-3.336310	-8.275315	-13.247589	-3.497181	-2.663057	-7.956095	-9.660211	-8.275315	-1.642353	4.679522	0.953363	0.906835	-3.336310	6.041275
4584	6	-12.262079	11.256583	6.608470	-9.593089	6.478492	-12.182670	-6.211916	2.150943	0.663905	-3.926158	-6.118832	-12.166090	-7.892592	-2.703729	-1.015113	-3.926042	-10.952998	-12.166086	2.723503	-5.756184	-4.367416	8.983511	-10.956839	5.546304	3.441667	7.146394	6.608467	3.784246	6.478492	5.561564	-12.261842	7.036703	5.493221	-9.548195	0.144763	-12.182670
4625	6	-9.148906	-8.341036	-4.636566	-8.533482	-13.854060	-7.486261	6.005178	-14.323798	-4.900324	8.917142	-14.080735	9.706033	5.982310	5.447785	7.080509	2.596788	3.622688	9.706033	-8.990647	-1.705425	1.309159	-8.533410	-6.456174	-7.486261	2.842582	7.934114	7.081285	-3.097988	3.666520	4.365607	-9.171683	11.429910	7.081424	-14.828479	3.675124	-7.486261
4634	6	3.857984	6.122040	5.274765	2.868549	7.180570	0.444349	-6.399089	-3.790542	-2.894047	0.518054	-5.908303	-4.216253	7.962841	6.122040	5.274765	3.086695	7.180570	4.704656	-5.328063	10.307853	5.309208	-9.599294	7.181193	-10.779942	5.528036	-8.330687	-4.877319	6.656962	-8.692971	4.697716	-7.782592	-3.790434	-2.893966	-6.057990	-5.908271	-10.450282
4641	6	-8.113353	11.607182	8.808321	-14.970233	5.254143	-8.953284	5.677683	-11.025345	-2.829445	7.822223	-10.448468	8.339201	-5.047655	6.633382	3.391396	-12.429461	-2.557498	-8.949334	-8.624031	-6.446721	-2.828142	-8.345051	-9.286449	-8.875389	8.261177	7.088677	8.808321	1.197062	5.253107	7.696302	11.635593	1.464233	3.391395	3.707801	-2.611067	8.207548
4644	6	5.554044	-7.756369	-5.500301	6.715233	-14.581057	7.514741	-7.907243	-1.562437	-1.865237	-7.590582	-10.739905	-9.661559	-4.732656	1.000598	0.576267	-7.581741	-8.474589	-9.655006	-8.858820	12.254371	5.545263	-11.756464	4.743341	-11.534178	7.973514	6.159418	5.545078	2.546586	4.743171	7.486158	1.870662	-1.911124	-2.418574	1.354494	-11.287771	-2.975427
4676	6	-10.739292	10.562472	6.002286	-12.536143	5.864456	-8.438364	-1.346183	7.116828	1.856834	-9.945497	-0.327880	-6.959562	7.868278	2.231235	1.595150	1.973885	-0.513883	-0.804321	2.194516	-4.262829	-1.748710	4.345908	-6.819620	-1.043346	4.509578	-5.913887	-2.550603	6.273590	-9.758874	5.584421	5.926623	3.239842	1.733014	-2.025710	-0.376396	5.455006
4683	6	2.816977	-10.653553	-6.785660	-1.608459	-8.009837	-5.820565	-6.572233	9.137155	5.589332	-8.153837	6.710134	-9.405851	8.968073	-12.663898	-6.785665	8.591878	-8.054391	5.741789	7.558409	-12.534031	-6.785665	2.586683	-8.052984	-0.389976	-3.855000	-8.965447	-6.785642	-3.279125	-7.885834	-9.394897	6.250813	5.796741	5.589239	3.691364	6.683318	5.737620
4706	6	-11.671170	12.347841	8.021994	-14.315090	6.127383	-11.638679	5.333875	5.906881	8.021993	1.607533	6.127383	3.371493	10.874125	0.603299	1.850291	5.944150	-4.080679	3.460223	4.932809	0.604100	1.850387	2.489888	-4.079645	-2.893019	-6.310674	7.110266	1.923140	-10.015427	-3.500755	-11.610458	1.892279	-4.885776	1.579997	2.321618	-10.274107	-3.457270
4707	6	-5.611566	10.853370	4.646030	-14.539915	-0.157136	-11.295815	-6.919925	11.755254	6.529247	-14.754014	6.626604	-11.295824	6.228122	5.550918	4.628263	2.706439	-0.168802	6.865644	-7.985032	-5.029449	-0.707316	-9.491747	-6.356640	-11.295825	4.831848	6.471590	6.523489	2.350417	6.626215	6.854928	3.905508	-10.380551	-2.975099	7.931486	-9.309830	6.831671
4744	6	6.815813	-8.755155	-5.183652	6.838115	-5.564489	6.798762	-11.868144	-3.349635	-5.183647	-8.947374	-4.969627	-7.537544	5.228037	2.454941	3.607410	-4.771512	4.290564	-2.174278	-7.123724	7.941317	3.609746	-11.145964	4.679092	-7.658855	11.639539	2.454393	3.607408	4.641080	4.290432	6.777162	-6.377160	2.039326	-2.657942	-9.011106	-2.535396	-7.543962
4791	6	4.653419	-6.734366	-4.956003	6.588281	-12.513721	6.348619	-4.611439	2.377897	1.034695	-7.191158	-6.058211	-7.173217	-9.815096	-3.953213	-4.955871	-1.985465	-12.507159	-5.219160	-8.192014	12.200642	6.275409	-9.321552	5.399403	-7.291566	-0.204911	2.096384	1.007628	-6.944238	-6.106596	-5.870228	7.476638	7.334344	6.275409	4.505885	5.399401	6.309091
4828	6	-7.289688	13.311791	6.511168	-11.990055	7.188631	-12.655023	9.885725	4.014922	1.155611	7.628333	-4.935101	6.178006	-10.134230	-5.405299	-4.198391	-2.420509	-8.533719	-12.653954	-6.378706	7.274292	1.155612	-2.430810	-4.845048	-12.653999	8.975442	10.053231	6.511168	2.552474	7.187200	6.177878	6.129222	-8.663868	-4.198392	7.631872	-8.843218	6.178006
4831	6	9.956579	-12.490160	-3.764060	6.533566	-10.828065	6.906065	-11.262528	10.511936	7.088735	-8.166104	6.731780	-7.209330	5.954973	4.362003	6.974368	2.646302	6.731709	6.768661	-2.083080	-6.557212	-3.340918	-4.208460	-10.828065	-6.060600	-5.051560	10.508019	7.088731	1.859420	6.731780	-1.048649	0.071930	8.456602	7.083372	2.279209	6.731780	4.662119
4844	6	-10.175467	13.144111	6.335764	-11.701478	4.574797	-7.909899	-5.645064	11.778142	3.712378	-6.829688	-1.763122	-7.909765	6.604449	6.921134	6.335764	2.528367	4.574797	6.955115	11.164173	5.553396	3.712378	6.951888	-1.763123	6.959185	5.812129	-9.309215	-2.200589	8.684013	-12.983794	6.959182	-10.028059	-3.093492	-2.200209	-5.521854	-12.980700	-7.907873
4886	6	-7.749679	3.233540	-1.216321	-12.704095	-2.410549	-7.496695	-7.744937	8.818143	2.057227	-13.039508	7.569303	-7.504534	-14.259530	-3.384987	-6.052307	-12.661299	-8.384175	-7.495575	3.481093	-9.892621	-7.683989	5.202089	-8.413976	6.778711	7.417140	2.332690	2.036336	-1.370385	7.565399	5.687541	10.048844	2.332690	2.036336	4.839315	7.565399	6.859764
4925	6	4.806761	-7.520124	-3.825080	5.153290	-14.086311	7.437488	-14.271398	-3.021225	0.825983	-7.404683	-13.576239	-6.579105	-9.784546	10.936048	5.950544	-12.475740	2.139131	-8.655023	-8.167101	3.287786	0.833255	-7.404686	-7.642120	-6.579108	7.310815	5.482694	5.950544	-0.523796	2.139131	7.178883	-6.282793	-3.046712	0.825452	-1.612495	-13.577070	3.003986
4948	6	-8.117287	4.460764	0.579546	-8.430114	-5.008848	-13.221610	-12.688667	9.864409	6.248911	-14.869419	6.111431	-13.221622	3.420257	3.335911	0.579526	0.769389	-5.036089	-1.413109	9.509196	3.331219	0.579526	6.727875	-5.036312	5.356835	-13.554834	-2.604665	-3.534275	-8.430106	-10.511948	-13.221610	3.876266	-3.759126	-3.536073	6.727639	-11.209763	5.281055
4955	6	-13.577615	11.545469	8.284946	-19.091256	4.883384	-9.937948	2.605347	-4.580033	0.924243	-1.076847	-10.934124	5.003709	2.267278	-4.403485	0.845551	-1.078393	-11.177146	4.836598	5.177112	-0.813879	1.023404	4.347626	-9.132117	5.623474	3.213036	-3.963123	1.041223	4.423375	-10.461457	6.233828	2.978497	-4.284596	1.002948	-1.078555	-10.642935	5.085342
4976	6	6.287669	-14.041879	-2.688386	7.687041	-12.611679	7.914450	6.279031	4.405058	8.630424	2.253271	6.237201	7.893091	-8.088685	10.488511	8.630435	-10.448847	6.348336	-7.783575	-3.317940	3.477163	4.385137	-10.385311	-0.352169	-7.760600	-3.176906	-7.949423	-2.688386	1.095911	-12.323096	-2.573126	-7.956461	-7.949405	-2.688386	-5.015200	-12.323093	-4.231834
4989	6	-1.380528	-7.878383	-0.148223	1.007335	-3.743968	-6.138509	-12.083757	11.250540	8.688958	-5.621776	5.850978	-9.655342	-9.464976	-7.615958	-0.148222	-4.065906	-3.743968	-9.144823	2.986498	5.021161	8.688904	5.762736	5.850921	5.404605	2.685490	-13.845331	-0.148224	5.561670	-3.743969	-0.346039	5.283669	-13.845355	-0.148224	7.363291	-3.743969	5.451787
4998	6	-3.486225	-4.787547	-5.062022	3.007691	-9.826855	3.260535	-13.927253	12.687648	6.312172	-13.387291	8.249377	-6.079534	2.283176	-6.863093	-5.770504	7.999263	-9.826955	7.697941	-16.212351	-4.683120	-5.008805	-8.236343	-9.826821	-6.079533	4.681963	9.027224	6.307551	4.166385	8.249377	7.699655	-10.897904	2.265248	-0.746516	-8.236392	-3.347498	-6.079533
5101	6	-4.739624	1.421604	0.864658	-7.511896	0.365167	-8.854274	5.491313	-16.646742	-4.981718	9.060230	-4.829484	6.731426	-9.225987	7.459428	7.003391	-13.174838	8.654633	-9.385734	7.570875	1.124423	6.618983	4.242276	8.053249	6.777447	-11.310590	-10.348556	-4.981685	-7.986719	-4.829468	-9.409276	0.357665	-10.455511	-4.981689	8.857591	-4.829470	5.508504
5132	6	3.527247	-10.448161	-5.121319	5.713920	-14.035143	9.344637	-10.920093	6.396308	6.542184	-13.327005	-1.744864	-8.528912	-11.834936	-6.101606	-5.045104	-11.778935	-13.023050	-8.520339	4.560457	1.083949	6.432075	4.205638	-2.137452	9.257950	4.146829	4.189274	6.953315	4.199997	4.830787	9.257441	-11.234965	9.033107	6.953492	-13.329844	4.882400	-8.528921
5138	6	-11.200336	11.606437	7.847591	-14.170254	9.022772	-14.015752	-5.351575	2.002443	1.880193	-8.473633	-2.395228	-14.015752	2.245295	11.278204	7.847591	2.372336	9.022772	4.966419	-11.006098	-3.751501	-4.312875	-8.473451	-4.787973	-14.015752	2.276050	-4.124973	-4.312938	8.071071	-4.800926	4.973630	2.612448	-3.575270	-3.983039	8.077106	-0.012776	5.016725
5169	6	-9.650800	10.936507	7.129408	-8.773805	6.086910	-7.449628	5.394000	7.280454	7.129354	5.371206	6.086908	6.138435	-8.991624	-3.145010	-4.739292	-0.604429	-13.445450	-7.317631	2.978289	-6.050875	-5.912429	7.819567	-13.445900	6.137039	-6.568978	2.339356	0.601150	-6.271188	-6.331593	-7.449628	-2.008620	-3.145010	-4.739292	2.424727	-13.445450	1.897522
5175	6	3.803704	5.947014	7.033173	-7.136107	5.095342	3.743675	4.763354	-11.345537	-2.356791	3.490328	-8.816106	8.070691	-8.493551	12.075946	7.068864	-16.960396	5.096302	-3.625197	3.908209	4.021201	6.936769	-7.056588	0.289645	3.770918	-8.492301	10.159601	7.067372	-16.959352	0.297540	-3.625197	-11.377360	-5.171491	-1.941097	-10.781305	-8.483167	-3.625197
5201	6	7.272743	-12.418313	-5.097422	7.829996	-10.222980	7.734608	-6.423732	6.294509	4.319191	-15.439977	8.083298	-10.906895	9.241494	0.603893	4.314742	1.706150	8.048850	7.729997	-9.475947	-7.767832	-5.097165	-9.316223	-10.171119	-10.906895	0.143456	5.982450	4.319191	-14.916313	8.083292	-10.904872	4.497076	3.780990	4.319183	-4.510519	8.082927	1.146870
5248	6	-11.155336	12.403711	6.150414	-9.545443	5.937319	-4.161028	-9.732497	-5.649860	-5.291424	-8.408556	-6.494340	-4.161027	0.146968	-5.652535	-5.291601	5.229346	-6.495745	5.303210	3.707001	6.113533	6.150276	6.591015	5.928772	6.604802	-6.979422	0.485701	-0.269781	-8.407162	-3.174962	-4.160942	4.939825	-12.245694	-5.340083	7.766912	-7.627542	6.625925
5251	6	-5.300134	-2.701392	-2.129824	-12.557199	-10.412867	-9.561319	-10.989395	6.907045	4.725543	-13.535753	-2.054643	-9.561332	5.083147	5.664539	4.725542	4.802670	-2.054645	4.979044	-10.989395	11.842053	8.483642	-18.380852	4.131040	-9.561332	5.334663	-3.945357	-2.177856	5.809909	-10.414613	-0.141704	9.052349	-3.947120	-2.177864	5.846250	-10.414613	4.980033
5273	6	-2.992810	1.917291	-1.550301	-11.032891	-1.522531	-0.946939	4.397673	-7.610068	-7.706931	7.090389	-5.959571	9.076483	-8.947718	-2.624701	-7.684993	-11.256676	-5.551971	-0.946939	4.417831	3.778729	5.001957	2.403026	6.527975	9.070972	-8.786804	8.706453	5.001957	-15.939986	6.541431	-0.946939	-3.500043	-2.624708	-7.684994	0.541089	-5.551974	5.296485
5291	6	11.258940	0.954163	0.869958	6.624117	-1.848902	6.053360	-5.351130	5.438009	0.985621	-10.115462	-1.758956	-7.688473	-6.578247	9.112442	4.530636	-16.689398	5.345410	-7.688482	-11.656657	-5.971405	-6.352516	-10.116288	-7.833233	-7.688473	6.108523	1.052859	0.894248	2.363080	-1.837247	-0.279034	4.930424	-9.981600	-6.355542	6.562208	-7.941449	6.052937
5298	6	3.744682	-12.154445	-7.219659	6.987984	-8.064582	7.495296	4.895441	4.405630	4.241817	6.181244	7.065133	7.494485	-14.515624	-7.131332	-6.020705	-8.224144	-8.064582	-8.808980	-13.936866	10.771340	4.257898	-9.114449	7.084959	-9.373816	-1.656574	10.771339	4.257898	0.803076	7.084959	6.878856	-2.212473	-7.131332	-6.020705	2.428543	-8.064582	6.522044
5305	6	5.079776	-9.597260	-9.014589	6.512260	-9.800755	6.681456	-5.720416	-6.817799	-9.014589	-8.589460	-9.793450	-8.086777	8.836493	3.274475	3.935586	5.921060	7.238230	6.688636	-1.454727	-6.927480	-9.014589	3.360965	-9.794500	-1.856455	4.144708	5.484136	3.936006	-5.652800	7.250655	-4.035582	-1.778718	7.556599	3.936007	-7.665842	7.251216	-7.803279
5353	6	5.306874	-7.464357	-4.686876	8.012843	-12.411681	7.856853	-12.677599	11.529157	6.962407	-13.516826	4.378546	-4.483115	0.327337	-3.929457	-1.431696	6.737921	-12.199559	7.856462	-6.201585	1.168390	1.292021	-9.810128	-6.882552	-4.475474	-11.312149	-3.853357	-1.313603	-9.791063	-12.177680	-4.483096	4.471676	8.413178	6.962407	4.286660	4.378527	7.843923
5372	6	-12.226172	14.020649	5.816124	-13.949650	5.288411	-7.322185	-10.006346	7.761213	3.547507	-11.455428	-1.377607	-7.322152	-11.582278	-4.446754	-7.321062	-8.358824	-10.753604	-7.319699	4.163776	12.172448	5.816124	1.226065	5.288411	7.529977	7.118671	3.740598	3.547507	3.749857	-1.377607	7.647649	5.571641	-7.401497	-7.321277	6.844097	-10.753659	7.651401
5391	6	-2.894302	-6.390652	-5.831593	5.852446	-11.136962	6.805388	-0.843096	11.546001	6.458073	2.652316	6.967687	6.521388	5.467019	5.932266	6.458073	2.825492	6.967582	7.537419	-9.492416	11.558710	6.458073	-7.791402	6.967687	-4.159979	-4.290225	11.558709	6.458073	-2.427566	6.967687	3.515661	-11.059013	-6.390609	-5.831593	-4.470077	-11.136959	-3.256199
5402	6	-7.036652	3.331337	-2.500926	-8.755431	0.184384	-11.653714	3.799571	-0.538983	-3.207538	1.819065	0.111235	0.413123	-7.036652	3.323711	-3.812724	-8.755431	-6.049543	-11.653714	5.698375	-0.749432	-3.375607	7.916916	0.014510	6.548241	3.796252	-0.539812	-4.437495	1.819065	-6.127095	0.413123	5.693023	-0.751984	-4.502629	7.916916	-6.224601	6.548241
5407	6	-11.870669	11.748092	7.173297	-9.796791	4.621750	-7.914689	-11.870669	6.562094	7.117441	-9.795718	0.577094	-7.914689	-1.548412	6.562015	7.117441	2.836718	0.577094	2.658376	2.735592	3.494368	7.114825	4.623223	0.576999	6.908584	-13.458731	-7.159990	-2.763329	-7.182331	-11.123360	-7.914685	2.736718	8.705357	7.173295	4.622098	4.621750	6.909128
5408	6	5.581974	-5.268406	-4.230691	3.502483	-8.604438	8.204850	-5.619440	12.440769	7.058836	-14.819858	6.672202	-9.196819	6.808523	9.493784	7.058836	1.281142	6.668978	8.097419	-6.989926	-2.321430	-4.226629	-12.603037	-7.430503	-9.165341	4.530002	9.512772	7.058836	-4.876820	6.669026	5.256407	-0.489777	2.974635	0.721001	-9.064691	-4.239819	-6.587959
5419	6	5.145193	-6.447500	-3.542074	7.358965	-12.196268	5.447176	-11.983202	13.726564	9.163910	-13.795390	6.037761	-6.429380	6.414618	8.884803	9.163910	0.990396	6.037761	5.110112	-11.489788	-2.355690	-1.683050	-7.424598	-12.163538	-6.127573	6.717503	6.547003	8.737022	0.991337	0.371745	5.110462	-11.681305	11.531823	8.737023	-13.794809	0.371745	-6.429378
5423	6	-9.659123	9.783572	4.364802	-15.092178	0.437931	-8.939345	-9.893798	12.130794	7.085368	-15.202004	6.001096	-8.939677	4.236047	11.542385	7.085368	2.653629	6.001096	6.889393	4.470912	9.169782	4.364802	2.765554	0.437931	6.899081	-9.405584	-5.505323	-3.402801	-11.864522	-10.003580	-8.901938	4.723875	-6.144231	-3.402801	6.005630	-10.004130	6.992929
5472	6	-6.411935	-4.469830	-7.404920	-10.810915	-12.188054	-9.720577	-0.888560	1.647074	-1.716457	-10.809346	-6.035806	-4.811976	5.741679	-10.844301	-7.404921	7.171002	-12.189877	5.925955	-1.675449	9.723676	4.623484	-11.829322	6.726421	-5.137984	11.361901	3.403507	4.623245	6.152005	6.726321	5.925955	4.692389	3.403573	4.623245	-5.701852	6.726321	-4.764189
5473	6	-11.998416	-6.130337	-3.311965	-9.355751	-8.032192	-10.216360	-14.547581	10.320915	5.038775	-13.938457	5.286074	-10.216360	-11.838184	5.364028	1.296449	-9.357547	-2.078135	-10.216360	3.167084	8.873758	5.038775	2.265196	5.286074	4.823169	4.376866	-8.387363	-3.312902	6.848935	-10.664690	4.843920	6.083285	1.652476	1.291833	6.847198	-2.086633	4.844669
5506	6	-12.007454	9.130458	7.797260	-13.785635	7.416852	-9.602053	-9.340192	3.917877	1.964129	-9.618178	-4.352397	-9.602053	8.224391	1.553847	1.917541	7.211431	-4.438392	6.020811	5.702954	6.803939	7.797260	2.992521	7.416852	6.020376	-13.721061	-3.569486	-4.495737	-8.378632	-10.924883	-9.602053	3.940510	-5.824040	-4.495811	8.395771	-10.924884	6.003829
5526	6	-3.702206	-6.479783	-2.085388	3.045433	-12.898915	5.247390	2.811093	-10.212675	-2.085391	6.615873	-12.908363	6.410857	-15.043965	10.095143	6.334157	-10.791913	5.734695	-6.736173	-16.023877	-6.479783	-2.085388	-7.288878	-12.898915	-6.736172	-11.601648	2.551771	3.957624	-7.934444	-4.833748	-6.736173	3.789454	4.028488	6.334143	3.174540	5.727168	6.412459
5545	6	-13.978169	6.385322	5.208461	-12.139776	0.359032	-0.085395	-12.722425	-9.933248	-5.805152	-7.140745	-9.302943	-0.084532	-14.194626	7.977929	5.794067	-12.139776	6.647772	-0.085395	2.488411	5.124194	5.193747	0.660437	0.359032	5.129690	3.821924	-14.328410	-5.961525	6.444575	-9.302943	6.029972	-0.997615	-9.933405	-5.805169	1.821103	-9.302943	4.211575
5550	6	4.435713	-10.702194	-2.674854	7.095300	-7.412426	6.561546	-9.752399	11.618980	8.961577	-13.584026	6.937699	-9.670835	4.742081	6.865239	8.961576	0.594032	6.924928	6.486902	-0.782925	-6.231849	-2.674854	4.274116	-7.278707	4.140607	-10.189355	-6.181818	-2.674854	-7.048305	-7.274047	-6.707302	-1.947176	-0.018131	1.685927	3.303106	-1.829766	-1.504805
5564	6	-6.468844	10.532607	7.006534	-10.100018	6.356362	-12.603123	3.073959	-1.230100	-3.906274	0.978008	-9.060669	-1.967152	-0.780676	3.497793	0.547347	-5.751052	-4.979213	-11.005528	-9.936173	-4.182338	-4.361676	-5.417836	-10.621208	-11.662255	5.230181	-10.503232	-4.362849	6.461402	-10.622025	3.877109	8.400131	4.285664	7.005407	2.231884	6.356354	3.407896
5654	6	-4.436698	2.145932	-0.746399	-6.239562	-1.753680	-8.768919	-10.331457	9.663283	6.042238	-9.444216	7.342247	-8.924076	1.622296	9.347800	6.041459	2.402907	7.341568	6.152501	-10.208700	-6.036910	-6.038407	-7.516085	-4.292690	-8.897987	3.126103	-0.471137	-2.306392	4.672070	-2.751280	6.352049	1.828423	-6.488276	-6.186013	4.393539	-4.315176	6.266495
5662	6	-4.150204	12.726970	7.000929	-11.596527	6.233137	-11.393237	-6.517668	-4.500422	-3.690688	-8.371300	-10.686425	-11.393237	5.729292	-7.603514	-3.690689	5.556389	-10.686452	5.734154	3.445574	-7.146487	-3.690689	-2.396446	-10.686452	-5.126620	3.472841	-7.187178	-3.690689	2.364564	-10.686452	0.161691	8.740380	9.649511	7.000929	2.313954	6.233137	5.734076
5686	6	-11.874794	-5.770364	-3.539080	-7.953407	-10.846073	-6.228545	-11.535351	11.180927	5.476347	-12.418636	7.098954	-6.228684	5.419606	-8.226742	-5.299335	8.061278	-10.846073	4.075686	6.569168	8.232806	5.475795	3.597057	7.098944	4.037464	10.633147	2.371204	0.407050	8.060194	1.357747	4.075747	-7.285895	6.059564	0.441595	-7.954577	1.358068	-6.228546
5715	6	3.083479	-3.835858	-6.292706	7.580474	-6.821685	8.856123	-8.149360	11.101444	6.269741	-14.264361	6.325137	-1.476104	5.457715	-0.116137	-0.348936	7.763262	-5.019317	8.857317	6.557570	7.208157	6.269735	1.097637	6.310303	8.309496	-11.780058	-2.407606	-5.147866	-8.114547	-6.261407	-1.467103	-6.522759	3.414189	-0.224136	-8.144867	-3.874596	-1.467292
5718	6	-11.486799	8.819988	7.260592	-12.855190	6.033264	-4.772400	-12.123460	-8.688245	-3.949994	-8.907507	-4.849813	-4.772400	-3.665501	-8.688393	-3.949994	-0.160534	-4.849813	3.513709	3.040862	-8.445171	0.687689	4.808055	2.449113	6.602767	4.180658	3.335059	7.260592	1.157422	6.033229	6.965401	3.054638	-13.773482	-3.949994	4.814247	-4.849813	6.614999
5721	6	3.715271	-11.572983	-3.954531	7.355252	-10.288515	6.140357	1.689678	1.407894	2.639665	-8.703349	-3.945322	-4.811661	-4.478845	12.958592	7.656755	-13.768827	5.962854	-9.578749	-6.888380	-6.144578	-3.953424	-10.075263	-10.288514	-9.578749	-0.942960	2.431750	2.665239	-11.133093	-3.757182	-9.466567	6.126451	7.255980	7.656755	3.713179	5.962854	6.140244
5820	6	-5.154568	3.664233	3.818766	-8.725580	-2.831501	-10.599032	-11.056287	-5.906200	-2.572333	-8.004314	-13.815292	-10.604893	4.225956	-11.686253	-2.572337	7.594946	-13.815428	7.224892	0.951847	3.431152	3.818656	-4.835884	-2.833776	-4.882901	-10.863753	11.279620	8.422375	-11.502009	5.629044	-10.604893	4.418881	5.330743	8.422373	4.097259	5.628942	7.224647
5852	6	-6.646145	6.118861	1.659589	-7.686553	-2.066239	-8.965497	7.460172	-8.416531	-4.001414	8.392409	-8.699235	7.607296	10.658707	2.966126	1.659456	8.194835	-2.072359	7.608958	-13.026526	9.129459	8.174363	-11.417574	4.036076	-8.966295	4.187462	6.095278	8.174363	4.240678	4.036067	7.453472	-9.843981	-5.265253	-4.000849	-7.528012	-8.698124	-8.965684
5854	6	-10.929311	3.140167	5.081796	-9.380543	-0.017633	-11.082413	-8.724789	-4.567606	-0.776179	-7.936147	-12.607270	-10.655377	4.845397	-10.969934	-0.809404	5.757346	-12.660715	4.706389	-11.612638	7.010677	6.566228	-10.627603	5.924386	-11.135840	0.739446	3.516072	6.566228	1.737868	5.924386	4.522812	0.225181	0.696791	5.081632	2.034734	-0.017674	4.446020
5908	6	2.651763	-8.235015	-2.837153	7.069348	-11.175287	8.054601	-8.708328	11.297123	6.976546	-12.893200	5.912287	-7.271800	-8.884987	1.648201	2.452955	-8.872357	-3.561750	-7.271800	-11.647404	-3.993820	-2.671302	-8.859223	-11.174531	-7.271800	-2.250075	-3.993820	-2.671302	1.164352	-11.174531	4.993733	7.089163	6.268407	6.976546	4.204258	5.912287	8.056149
5947	6	-9.452776	1.800301	-1.630504	-11.409587	-4.798020	-12.187968	-12.629155	10.340921	4.944556	-17.502979	6.553738	-12.187968	9.622339	1.152849	-1.866759	6.986979	-4.976834	7.075136	3.836241	-3.555130	-4.999473	6.985284	-11.120968	7.006371	6.473957	9.748055	4.943629	0.830284	6.552974	6.936747	-14.959844	-2.714605	-4.393708	-11.409576	-10.962748	-12.187968
5951	6	-9.091931	-4.583171	-5.642653	-9.396799	-10.956774	-11.864825	4.715910	-10.150064	-5.642653	4.438129	-10.956975	0.774650	-5.712517	2.853700	0.509031	-9.579278	-3.169228	-11.864392	6.169995	-10.205123	-5.642653	6.651791	-10.956975	5.723257	-9.067480	8.722309	6.932036	-12.575950	6.345404	-11.864826	6.195559	3.082331	6.931755	3.464784	6.345120	5.723257
5969	6	3.231090	-9.287660	-5.858385	4.317323	-6.161385	4.500273	-10.769048	11.994524	5.834802	-14.336272	6.698815	-12.296668	3.085627	6.529163	5.834802	1.695454	6.698815	4.436773	-4.375286	4.671449	-0.176054	-11.834415	-0.279238	-12.296543	-10.289019	-3.818270	-5.858164	-11.832657	-6.159836	-12.296668	3.184534	-9.287656	-5.858385	1.558081	-6.161385	-0.943503
5975	6	7.826865	-11.275023	-6.147306	7.631486	-5.342289	7.728703	10.517137	6.675867	4.193466	6.801625	6.313008	7.726229	-7.482285	-6.956892	-6.087656	-8.838264	-5.342289	-4.836904	-4.791402	10.994029	4.193481	-9.111003	6.313009	-4.867434	0.387375	10.992827	4.193481	-4.472448	6.313009	-3.136912	1.340328	-6.989186	-6.090221	4.855274	-5.342289	0.243148
6020	6	-10.025883	10.147532	7.927871	-16.383732	5.829251	-10.516508	-8.897960	-8.056299	-3.577279	-10.644239	-6.464495	-10.516508	-4.673539	5.567698	1.333784	-10.629541	0.187277	-10.516505	-5.026600	0.330375	1.245694	-10.635228	-2.182906	-10.516507	4.145607	5.381266	7.927869	2.702354	5.829122	6.124360	5.016734	-13.570193	-3.577312	8.478917	-6.464496	6.127176
6056	6	-5.131867	3.065729	0.431389	-11.067733	-6.549838	-8.815581	3.630789	-7.085729	-5.268202	8.383410	-7.307595	5.838386	-5.160055	-1.675194	-2.779635	-10.962887	-7.279831	-8.815776	-11.160287	12.140754	5.711373	-12.981533	2.444785	-8.820668	3.590051	6.774512	5.711370	6.353660	2.444780	5.832394	-1.769109	-4.216941	-5.231475	1.778939	-7.306935	0.627217
6059	6	-4.984419	4.593152	2.598117	-10.549227	-4.863977	-6.241705	-9.567140	10.723033	8.901279	-15.324456	7.679527	-6.241705	0.557042	-5.983594	-2.869188	5.531378	-10.644330	3.772576	6.496790	5.121280	8.901279	3.114389	7.679526	7.765138	-10.581757	-5.968460	-2.869169	-10.327988	-10.644330	-6.241705	4.808316	-11.567680	-2.869493	8.102028	-10.644334	7.765247
6064	6	8.519632	7.433293	2.438496	6.594699	-3.238795	5.610841	-8.835823	13.024354	2.438496	-10.836610	-3.238795	-11.612946	-13.760889	13.647971	7.571734	-14.202028	6.203446	-11.634788	-13.000678	-4.414970	-2.900866	-9.772550	-10.296046	-11.634268	3.227997	10.510888	7.571734	2.948716	6.203446	4.888254	4.107836	-9.834043	-2.901242	7.652823	-10.296047	5.180347
6077	6	-10.697764	8.912671	7.718328	-12.144765	6.672925	-9.213236	1.615203	-9.021109	-3.550512	1.575689	-9.741743	-2.795531	-8.936213	-7.775843	-3.442149	-8.156410	-9.688474	-9.213227	5.334878	-11.546959	-3.620164	5.688277	-9.774995	5.762717	3.565328	5.198471	7.651002	1.464122	6.643269	5.253120	3.252292	-1.975612	4.782404	1.436481	4.400327	5.086667
6078	6	8.402383	5.934526	3.858331	-1.769046	5.510896	5.625114	9.771773	5.929736	3.858331	4.160338	5.510799	6.786845	3.671712	-4.434115	-4.045647	6.194516	-9.407440	6.798643	-5.822466	4.765041	-2.475128	-6.116675	-4.686290	-7.103086	-6.968551	10.587048	3.858331	-8.168196	5.539162	-7.312590	-8.827891	-1.570301	-4.042776	-6.077216	-7.212457	-7.101444
6080	6	-4.668639	-5.250893	-2.662925	-5.124267	-9.728653	-14.305397	-1.309780	2.222005	1.168139	-5.112934	-7.171904	-14.299367	5.171789	-9.137986	-3.812071	6.754760	-9.728698	4.515243	4.257588	7.980597	7.361671	2.481894	3.967061	4.504938	-6.952725	11.194109	7.361671	-9.351950	3.967061	-14.735972	-3.048460	-2.747487	1.135759	-5.124906	-9.720424	-14.305726
6103	6	6.975378	6.169042	5.219236	1.489350	6.498343	6.545413	-9.259563	9.871067	5.219346	-13.124073	6.498391	-9.491505	-12.233796	-5.595898	-3.588172	-7.090827	-6.269291	-9.491505	3.963234	-9.259790	-3.648027	7.718090	-6.269302	6.739504	-8.199279	1.538190	2.285622	-7.163266	-2.209268	-9.491505	-2.498237	1.423701	2.273710	3.551840	-2.211983	-2.268626
6115	6	8.376619	0.165688	-2.392414	3.424454	-6.032086	7.656250	2.041063	4.595910	-0.479476	-3.938968	-6.027626	-1.213815	5.190900	8.509302	5.130308	0.165752	6.590572	7.228710	-2.395650	13.378797	5.130308	-14.565265	6.590572	-7.410888	3.726428	9.875579	5.130308	-5.675603	6.590572	3.997666	3.152407	-3.102538	-6.020745	3.362097	-12.037989	7.656168
6124	6	3.221279	-8.557329	-3.963804	5.990725	-9.763264	6.342139	-2.827816	5.916396	1.292137	1.605408	-3.601785	-4.613866	-11.264912	12.660213	6.185102	-8.544080	5.891568	-9.777516	-8.644718	5.916400	1.292137	-5.117803	-3.601785	-9.777441	1.916525	1.172138	1.291548	5.039840	-3.780556	-1.840164	3.461193	6.554613	6.185102	3.610201	5.891460	6.491943
6170	6	-5.047528	10.479400	7.678242	-12.221335	5.537848	-11.392769	10.260372	-10.857222	-4.370440	6.876123	-9.043156	6.382054	-3.599111	-5.217676	-4.370439	-7.489732	-8.561246	-11.129665	-1.534565	1.735659	1.367665	-8.049728	-3.150494	-11.212139	2.780762	-7.271700	-4.370440	-3.223454	-8.918346	-3.834267	9.075785	4.875505	7.678234	2.094884	5.458002	5.964877
6226	6	1.208933	9.914846	5.446257	-0.829114	5.991901	-5.376081	-8.368872	-3.673433	-4.372810	4.504740	-9.745435	-6.622249	1.603676	9.693754	5.446257	3.989819	5.991680	-0.349594	6.543895	4.711811	5.443374	5.254311	5.944751	5.175391	-10.313168	10.291215	5.446258	-3.865330	5.992207	-12.044234	3.055620	-7.237239	-4.422535	8.685102	-11.593302	5.175391
6252	6	-6.435261	5.226370	0.383711	-7.355102	-4.107521	-12.907421	3.552742	-1.830312	-4.620328	1.023211	-4.182818	-2.143071	-11.721670	11.816444	5.287311	-9.150548	6.559487	-12.907769	6.519638	-2.536663	-4.621750	7.383638	-4.282283	5.088263	5.245396	6.149017	5.287311	5.985197	6.559487	5.060116	6.485190	-10.671621	-4.621830	7.383595	-10.236009	5.087977
6294	6	-11.172135	12.475154	8.571000	-11.054665	5.711344	-11.235466	4.310539	-8.634716	-2.171096	7.532910	-12.380815	4.175056	5.774529	8.714879	8.571000	3.945434	5.711344	4.175088	3.361880	-7.800024	-2.170807	2.693429	-12.380756	-1.259520	-9.680651	-4.889136	0.256326	-7.471803	-10.358367	-11.235466	5.804542	-2.646534	2.825604	6.732939	-5.182946	4.175088
6297	6	-1.419081	4.959542	0.531570	3.520306	-5.605490	-1.398734	-12.983756	13.561739	6.572966	-11.451852	6.222631	-8.401431	-5.693761	4.959701	0.531570	-4.905049	-5.605490	-8.354621	9.619102	0.648832	-0.482328	8.444012	-6.866317	6.088243	4.232841	9.264183	6.572966	1.845302	6.222631	6.085251	3.720909	-5.374094	-4.133335	7.881436	-12.594584	6.084724
6310	6	-11.012814	11.555087	5.104188	-17.629085	7.241476	-8.947522	9.414954	1.797057	-1.921535	6.474962	-1.226816	6.475008	-6.838333	5.472160	-1.409335	-12.691251	-1.019502	-8.862661	3.855851	-5.184627	-6.372376	6.472279	-8.276165	6.469650	5.554063	8.023327	5.095709	1.547114	7.238374	6.402119	-0.672538	3.723946	-1.528234	-12.512369	-1.071748	-8.850630
6384	6	-3.952454	2.928637	1.186605	-2.555730	-4.424981	-5.853430	6.200091	-13.433809	-2.429500	6.419940	-10.968719	5.990450	3.206082	2.606101	6.877355	-1.687687	4.979876	1.523672	-8.219197	9.330925	6.880629	-6.758219	4.980072	-6.505834	6.510006	2.563748	6.877157	2.357054	4.979858	5.871733	-7.377362	-5.853821	-2.377564	-2.678443	-10.948531	-5.937648
6422	6	-5.939762	11.721430	3.584116	-13.942316	5.194700	-9.217522	10.930000	1.580253	-1.821102	3.834401	-2.538150	6.113034	10.919340	8.442126	3.577109	2.704594	5.185767	6.113034	5.234601	8.442148	3.577109	2.503218	5.185768	-0.295654	-5.887070	5.013411	-1.246247	-12.797932	-2.503142	-9.217522	5.248383	1.580276	-1.821094	3.633024	-2.538150	-0.295654
6468	6	-8.681624	1.449661	-0.806541	-10.407305	-2.474428	-11.733498	-13.103525	9.333524	4.821119	-13.760204	8.945011	-11.733498	-13.628465	-8.234038	-6.550198	-10.404270	-9.291392	-11.733498	3.402180	-12.910502	-6.550198	3.817281	-9.395162	-0.133731	4.020504	3.466223	4.820939	2.641455	8.715115	5.962913	3.403799	-12.915973	-6.550198	6.042644	-9.395178	5.903942
6496	6	4.021551	-14.552475	-3.376046	9.124630	-11.901301	7.625263	-13.058251	-8.633604	-3.376046	-7.518484	-11.901301	-5.289504	-10.010215	9.454127	7.952117	-12.988304	6.359756	-5.289446	7.050718	3.163464	7.952116	3.664418	6.359360	7.610005	-7.895831	3.285421	2.526185	-7.589795	-1.617336	-5.286841	0.324936	9.454049	7.952117	-9.453475	6.359756	4.961059
6548	6	-6.843629	6.681315	3.555367	-14.217525	-1.111393	-9.097196	4.326282	-13.628861	-4.275921	5.364088	-9.766326	6.653504	-8.051309	10.614844	7.340732	-14.217924	5.424896	-9.098427	7.318833	4.227321	7.340732	0.075780	5.424896	5.347750	-9.480174	-0.985758	1.549837	-13.852403	-4.977139	-9.098672	-11.064071	-7.296144	-4.275916	-7.031415	-9.766326	-9.098688
6551	6	-14.800536	12.884325	6.770721	-11.222413	6.642685	-6.846802	-4.910721	-5.803803	-3.073928	3.623236	-11.580747	3.003138	-13.957216	-5.803388	-3.073928	-4.330859	-11.580747	-6.546144	6.514035	0.189793	1.360824	8.310524	-0.361189	8.181118	6.039008	-0.050660	0.416324	8.453436	-0.568913	8.350876	-0.734373	0.066691	-1.157768	7.050934	-5.230199	6.496021
6606	6	5.478858	4.225289	7.557051	5.986246	8.670360	6.376969	-12.895788	10.337389	7.560049	-11.858006	8.670871	-7.605653	-12.197653	-4.645090	1.956208	-8.959575	-2.364440	-7.605653	-12.142128	-4.765966	-4.394754	-8.914554	-5.745072	-7.605653	6.167139	-10.828726	1.782644	8.727783	-2.510798	6.376984	6.213992	-10.915304	-4.525737	8.749151	-5.762403	6.376984
6636	6	-8.462624	1.598462	-2.655178	-10.795231	-2.649939	-7.121046	-14.278937	-3.437795	-8.598000	-10.795231	-6.086883	-7.121047	4.187075	-8.577188	-8.600349	5.025116	-9.271470	7.289047	-8.361111	9.234759	2.341730	-10.800704	3.243331	-7.121046	10.135480	4.080939	2.341730	5.019716	3.243331	7.308140	4.304008	4.097606	2.341730	-4.788115	3.243331	-0.779945
6684	6	5.487139	9.029256	5.681895	-0.234855	4.794356	5.916629	9.508818	2.254254	0.168549	6.028837	-5.315656	5.937339	3.749908	-6.102899	-1.920478	5.998441	-10.305612	5.866676	-10.438504	11.211768	5.681903	-12.077375	4.798675	-11.480784	-11.297518	-3.965569	-1.920478	-3.383359	-9.441895	-2.921821	-1.995475	-3.966248	-1.920478	1.700948	-9.442281	4.071365
6766	6	-8.504645	-7.319276	1.133094	-13.175050	-7.979847	-7.952605	-7.696338	9.178245	9.213469	-16.146885	6.410515	-7.952605	-7.695775	9.172458	6.103958	-15.934973	0.060188	-7.952605	4.778636	-11.542753	1.133094	4.702113	-7.979847	6.132595	5.562036	4.919002	6.103884	1.940002	0.059985	6.034382	5.519437	4.926284	9.213467	1.725996	6.410363	5.982049
6780	6	-9.210963	11.228957	5.133782	-12.453594	7.284818	-7.665529	-13.612077	-2.661530	-4.268743	-6.221995	-5.970543	-7.670581	6.765282	5.928866	5.132830	0.980476	7.283404	5.683165	3.071936	0.582204	-2.266435	5.889595	-2.387343	-1.597339	-7.993757	6.036697	-1.077844	-6.225797	-0.985617	-7.658073	3.209429	-6.203141	-4.358609	7.175159	-6.302877	5.074006
6798	6	-7.683406	2.400387	-1.641558	-10.701238	-1.361379	-9.580968	9.887213	3.653158	3.257213	8.270317	7.302748	6.904536	-7.385800	9.934118	3.258480	-11.214946	7.329418	-9.542334	5.544231	-9.324439	-8.950655	8.805344	-7.795542	6.855772	3.021425	-1.090566	-6.776348	3.611169	-5.602472	0.217113	4.704973	3.995431	3.257856	3.845048	7.312850	0.406520
6810	6	-13.132366	12.465468	6.535762	-10.191327	6.277768	-9.397721	-12.133403	-5.560034	-4.542454	-9.809376	-5.781173	-9.356613	-6.904606	0.467853	-0.862635	-9.790508	-1.834822	-9.350559	5.135468	-8.646819	-4.542459	7.117555	-6.603430	6.924340	4.136276	9.681974	6.535761	6.733907	6.276069	6.916005	-1.198645	-5.560559	-4.542454	5.294072	-5.781428	3.564932
6824	6	-9.119152	-8.078915	-3.854348	-9.957117	-10.693985	-15.214922	9.228697	2.958517	3.592662	4.572772	5.526846	3.244472	-4.995281	2.733821	2.575186	-10.174305	-2.270786	-15.214936	5.355226	-12.854640	-3.854348	5.597741	-10.693985	3.252528	-5.141778	8.058267	3.595772	-10.881506	5.532057	-15.214960	4.402225	3.891705	3.595538	0.584456	5.531671	0.207227
6830	6	-11.854249	9.910318	6.351494	-11.067143	9.091643	-8.567831	10.965869	-12.709315	-4.307057	7.528038	-10.107734	6.463701	0.024644	-7.154696	-4.307057	1.783571	-10.107734	-2.952395	-6.510147	-6.942489	-4.307057	-6.787943	-10.107734	-8.567826	10.965865	-6.802681	1.425007	7.390239	2.521777	6.463701	5.621718	6.919882	6.351494	3.136251	9.091643	6.463699
6835	6	2.820400	8.546091	6.728164	5.693923	4.245680	7.064047	6.101021	-5.044954	-2.377956	6.017026	-14.204653	7.109386	-10.536129	-4.781540	-2.377954	-10.095806	-14.204653	-10.483142	-13.486951	1.202382	2.095485	-10.099827	-4.960924	-10.483148	-14.114580	8.786032	6.728164	-10.416283	4.245680	-10.483547	3.547264	0.855898	2.070879	6.012991	-6.174345	7.105682
6894	6	7.892001	6.633951	6.412911	6.365941	5.729598	5.710265	-0.446287	-2.499487	-2.832710	2.745304	-8.862476	5.366992	5.594529	-7.616037	-3.617810	8.712068	-10.141276	5.710180	-9.071673	12.272164	6.413048	-11.578606	5.729661	-12.872548	-11.172720	-1.996391	-2.349295	-9.245994	-8.257138	-12.875177	-5.872131	0.694527	0.551038	-9.379333	-5.823419	-12.658118
6899	6	-10.089774	11.092596	6.333748	-10.617032	6.681616	-10.968144	2.854382	8.466869	6.331661	4.927726	6.681583	5.892766	6.058231	0.050347	-0.319862	8.437215	-1.071632	5.918862	1.764666	-2.567713	-1.708658	8.491213	-2.353787	5.960840	-1.184008	-0.821268	-1.075941	8.423215	-3.166180	4.879019	-0.269133	-1.707373	-1.490240	8.484249	-3.242329	5.936252
6915	6	5.155349	7.008813	5.646751	-1.059263	6.399530	5.421220	-6.235257	11.394291	5.646751	-16.171871	6.399530	-7.007144	3.425366	9.049858	5.646751	-5.339295	6.399530	2.693861	2.892305	-6.045676	-6.958940	5.060537	-8.413708	6.299008	-2.310120	-4.422928	-6.958940	2.930129	-8.412460	2.521640	-5.216761	0.025519	-2.677071	-10.089947	-3.497137	-6.959660
6918	6	-9.098072	5.973566	-0.341221	-3.101900	-2.400610	-11.185870	-14.573632	10.328432	6.187859	-9.351010	6.659717	-13.305513	4.871457	-12.618306	-3.075309	3.894309	-8.463630	-1.121655	-10.739219	-6.013714	-3.073143	-3.100958	-8.463585	-11.183768	8.057877	-12.624374	-3.075309	7.506915	-8.463630	5.507856	4.347880	3.743579	6.187859	1.256183	6.655085	5.502482
