94	8	-2.737694	6.142386	0.960948	-8.445225	-1.327978	-7.985268	8.734559	3.139196	0.932659	6.178772	-1.328214	9.462899	-5.158241	12.374250	6.781514	-13.674086	5.225004	-8.171131	3.962190	3.237952	0.934777	-4.738843	-1.328191	-2.009040	-7.754774	-2.726028	-0.215609	-8.431280	-6.117397	-7.985746	5.323579	9.381385	6.781135	-4.865553	5.225004	4.366752	5.877254	9.380605	6.781135	0.885854	5.225004	8.503976	7.546167	-0.423413	0.623584	6.186476	-3.184977	9.463079
446	8	-15.560259	12.187426	7.368846	-16.205596	5.214994	-7.716117	-15.432062	3.268807	1.553345	-9.929950	-5.986483	-7.716117	1.783879	-7.889685	-0.595975	7.119896	-9.188762	8.372524	-3.464584	3.268802	1.553345	5.811201	-5.986483	3.753102	-15.243595	-2.339940	-0.595935	-9.927510	-9.184525	-7.716117	-3.615769	12.187423	7.368846	-0.558470	5.214994	3.753065	2.887598	6.444153	7.368846	0.873002	5.214994	9.010700	-3.210720	-2.339955	-0.595935	5.940288	-9.184526	3.753149
597	8	-4.808008	12.580452	5.433362	-10.881101	5.233245	-10.247583	8.554669	7.505331	5.433362	5.583425	5.233245	5.518918	5.010577	7.505500	5.433362	0.972230	5.233245	-1.049918	5.926137	-0.483164	-0.260389	3.075147	-0.842015	-1.010199	4.006058	-3.621284	-4.992377	3.458922	-5.541189	-1.052576	4.627822	-7.907448	-5.034207	7.795739	-6.542623	5.440193	4.419661	0.248491	-0.634435	2.564090	-1.810666	-1.301946	5.587019	-1.548921	-2.642701	3.364868	-2.953257	-0.982111
1411	8	-7.100380	3.716105	-1.675514	-10.738247	-3.127185	-11.501202	8.634567	-2.869226	-8.133720	6.356975	-9.331074	6.271373	10.019067	3.052063	-1.675610	6.365342	-3.128219	6.271373	-8.884352	11.245408	4.183256	-13.729030	6.327577	-11.501202	-8.102729	-2.178307	-7.583635	-10.842820	-9.280306	-11.501202	6.099813	-2.855504	-8.129219	0.479970	-9.330728	0.202949	7.548032	3.057094	-1.675608	0.529196	-3.128202	0.209663	8.250732	10.582321	4.183256	3.512654	6.327577	6.271361
1526	8	-5.563011	7.294538	4.273676	-12.214604	-2.220174	-9.774750	-9.549360	12.860999	8.006082	-13.910031	4.192195	-9.908607	1.183530	-4.855027	-1.907831	-10.262827	-11.756876	-7.019353	8.959428	1.607613	3.717825	4.529203	-2.226203	0.572993	5.475938	-10.529248	-3.173460	6.035380	-11.987119	6.083762	9.942627	1.607613	3.717825	5.659356	-2.226203	6.168513	3.655815	-10.287531	-3.165936	4.714399	-11.987117	0.284376	-4.492969	-4.841294	-1.899804	-10.791750	-11.750737	-9.633935
1627	8	3.823540	-9.615631	-5.558574	4.785059	-9.570638	8.661949	-5.195407	9.912629	3.648180	-7.004595	5.158336	2.687586	-1.751695	1.329077	0.275665	-4.644325	-3.620099	2.687596	-8.241212	1.329364	0.275689	-10.434455	-3.619818	-3.856501	-11.289409	9.912629	3.648180	-11.126809	5.158336	-3.856501	-8.040453	-5.477223	-5.558548	-6.706334	-9.570612	2.687586	-14.130616	-5.477223	-5.558548	-10.483603	-9.570612	-3.856501	6.730861	3.361795	3.647813	4.404963	5.148017	8.664385
1798	8	-11.971021	4.489278	-0.736476	-9.729204	-4.929433	-9.461592	-15.500541	11.468706	5.736095	-11.830111	5.154382	-9.461597	-0.598660	4.488783	-0.736476	0.848407	-4.929433	7.947667	-18.030554	-6.509428	-7.191293	-9.670914	-11.557827	-9.461592	4.294939	-0.049110	-2.327884	6.814884	-5.814300	8.040796	5.345533	0.671359	-1.479903	6.572458	-5.082598	8.040755	1.631415	-0.008501	-4.024497	6.231327	-7.892135	8.040819	1.209933	0.934484	-2.903882	5.197418	-5.964100	8.040696
3034	8	9.908397	1.201858	-1.066798	6.454520	-3.761693	6.231066	-11.488601	11.751095	5.101570	-14.867091	6.220362	-1.252867	-12.118686	-6.257330	-6.499825	-11.027517	-9.576688	-7.314483	-7.795549	2.253825	-0.926634	-11.027714	-3.089322	-7.314483	4.567530	10.844409	5.101570	2.253385	6.220360	6.230990	-5.969036	5.975492	-0.059707	-10.668083	-0.502112	-1.252867	10.104009	5.052757	-0.064399	6.453484	-0.507265	6.231066	5.104437	-7.164037	-6.499826	6.454665	-9.581139	6.231064
3209	8	-12.598174	10.639238	6.046086	-12.344614	5.844384	-10.573462	1.785789	4.304801	1.177856	-0.930635	0.519446	-5.778172	-13.267824	-5.327630	-3.502773	-7.259358	-11.567529	-10.572859	2.462353	-7.275919	-3.951164	6.310039	-11.567588	6.376381	5.202049	4.967658	6.012738	1.193194	5.844279	6.024949	-8.413445	4.858011	1.195080	-7.259446	0.519723	-10.572859	-8.152131	1.667315	-0.160402	-7.259358	-5.090409	-10.572859	4.958681	4.978901	6.012999	-3.035166	5.844280	1.673290
3528	8	-6.851869	0.634046	0.552656	-4.100546	-3.025023	-9.034998	-7.214341	-5.885060	-4.589814	3.083080	-7.125029	-2.578155	-9.494668	12.588702	6.368877	-6.928592	6.026791	-9.058023	7.746621	11.661628	6.368877	5.414405	6.026791	7.172925	-1.108887	-5.885060	-4.589814	6.975331	-7.125029	4.327230	4.759421	-6.812040	-4.589815	8.319991	-7.125206	6.942703	-1.573543	0.634046	0.552656	5.787456	-3.025023	-1.827735	-12.475390	-5.885060	-4.589814	-3.914017	-7.125029	-9.061897
3628	8	-5.843733	7.825545	-0.259189	-10.269181	-3.456921	-5.237298	-8.284184	12.012854	6.300243	-15.980192	4.625160	-5.237511	-10.892826	-6.786850	-6.811271	-10.267843	-8.772237	-5.237493	5.779750	6.753053	6.300243	1.674183	4.613134	6.731875	8.380207	2.369460	-0.259199	7.784330	-3.686734	7.169231	-7.074141	11.712857	4.531219	-15.853920	0.854942	-5.237482	3.354636	-11.280618	-6.811271	7.649886	-9.414336	6.982912	7.098181	6.448085	4.469905	1.931442	0.837267	6.853842
3769	8	-11.655974	11.661984	5.848222	-11.084831	6.773637	-13.024569	-10.355108	10.391602	4.294211	-9.409534	-0.510884	-13.024434	5.469849	-8.952484	0.691666	6.438710	-8.148715	5.754972	5.109794	5.163547	4.294192	5.805926	-0.513196	5.754769	0.241382	-3.633438	0.706342	4.302429	-7.739785	5.372447	-9.995736	-3.461418	0.712600	-8.779515	-7.647543	-13.024330	-0.428969	10.325882	4.294211	2.813859	-0.510884	4.932857	3.797285	7.885061	5.848222	4.096100	6.773609	5.752111
4104	8	4.982246	-8.574664	-4.154420	6.486132	-5.182611	7.411071	-3.264095	3.281524	1.809341	-2.015807	-3.616226	-4.148407	-10.447156	11.845496	7.546214	-6.205745	6.750653	-10.415272	2.997984	9.494629	7.546214	2.816066	6.750653	7.409117	-1.655832	3.131037	1.809341	1.109033	-3.616226	-3.792777	3.998365	-7.817524	-4.154420	6.129695	-5.182607	1.119053	-7.053107	-4.695689	-4.153830	-1.474134	-5.157720	-3.855666	-6.684069	-4.697413	-4.153834	1.396139	-5.157836	-3.795638
4491	8	-7.109945	-4.925000	-4.894797	-8.117649	-11.881815	-11.300669	-9.858170	11.748066	6.354394	-11.477061	4.823109	-11.300669	5.430862	-10.539591	-4.894798	6.557046	-11.882659	6.804156	5.351096	-10.535255	-4.894798	4.597470	-11.882659	1.001237	-3.493483	3.247940	0.474935	-8.124103	-2.289312	-11.300669	2.521767	2.054903	0.457295	-4.047900	-2.371202	-6.031346	3.726192	7.349538	6.354394	1.156887	4.823108	0.980327	4.427981	6.376264	6.354394	3.196104	4.823101	6.803116
4648	8	4.424026	-8.796973	-5.435159	8.999950	-12.429227	9.451337	-4.534776	11.458404	4.896937	-4.477799	4.649985	1.908055	-2.049716	-4.434253	-5.404334	2.341813	-8.679768	6.395653	7.928979	7.169100	4.896937	7.057870	4.649984	9.451416	0.501517	11.406874	4.896937	-0.118581	4.649985	7.617941	-8.236033	4.220091	1.506197	-7.314528	-2.197612	-2.447986	-10.269396	11.458404	4.896937	-9.682448	4.649985	-2.447986	-13.421628	-4.434251	-5.404334	-7.254584	-8.679766	-2.447986
4852	8	-9.192801	7.710289	7.557302	-17.830345	7.510531	-10.039604	2.880573	-7.481104	2.281962	-1.674033	2.830657	4.179289	1.488493	-4.418405	2.291647	-7.554317	2.976825	-4.249917	-8.379199	-9.546424	-3.792690	-12.209253	-8.921138	-10.029970	1.978071	-2.135649	2.296449	-7.635602	3.069753	-4.266638	5.651447	-7.547727	2.281962	4.656328	2.830632	6.251387	5.665512	-14.653211	-3.792690	5.014021	-8.921151	6.265446	2.901968	-14.591707	-3.792690	-1.304993	-8.921151	4.434846
4920	8	5.387022	-8.420614	-2.367537	6.497936	-8.845689	6.216890	10.892603	2.046643	1.684509	6.493059	-1.398224	6.216869	4.904433	8.619252	6.084726	1.917379	5.900544	6.077951	-5.375563	6.218854	1.686853	-5.518430	-1.395559	-8.112320	-11.353380	11.177485	6.084726	-10.748666	5.900544	-10.092108	-10.881082	-5.575339	-2.367537	-6.169569	-8.845671	-8.565988	1.122089	5.663544	1.686853	5.534598	-1.395559	-3.209704	-1.031328	-5.726774	-2.367537	5.194257	-8.845680	1.266939
5066	8	-12.893274	-4.312965	-3.516681	-6.411009	-6.402285	-7.076362	-6.846923	-4.312966	-3.516681	0.205357	-6.402285	-3.406277	-6.764142	5.795226	2.175842	-6.740508	-3.916662	-7.077523	11.696687	1.705939	2.112356	7.225292	-3.919809	8.068509	-8.830749	10.316684	5.874822	-8.484909	5.562404	-7.079351	5.680887	-8.340273	-3.522472	7.541492	-6.402285	8.068546	-0.838437	1.710192	2.112903	-0.136249	-3.919760	-3.785381	9.743646	6.290947	5.874817	5.467989	5.562404	8.067434
5494	8	4.741583	6.873760	2.501718	-0.964589	0.282488	-4.602997	-2.767842	13.824459	4.404148	-13.402437	5.240694	-9.022836	-1.990744	12.564951	2.501718	-6.087856	0.282488	-8.481763	10.166105	6.060263	2.501718	5.740855	0.282488	6.206387	4.787933	-8.931189	-5.543303	6.292665	-5.039922	6.175516	9.389658	7.319716	4.404148	2.049835	5.240694	6.205730	2.568544	-4.351601	-5.241479	-0.491178	-5.039919	-2.511730	-1.999184	-3.128932	-2.922969	-3.939811	-5.039704	-8.487327
5688	8	1.278659	0.786108	0.421870	-3.704624	-5.572024	-3.805520	0.455273	0.588037	0.389313	-3.692191	-5.639597	-3.801680	-2.006726	12.259286	5.817055	-8.694297	6.967668	-7.100012	2.786735	-7.372957	-4.690902	8.680667	-10.542856	3.252730	6.103766	5.794906	5.817052	5.062100	6.921297	3.211810	1.293092	0.742836	0.256522	1.960386	-5.759009	-2.622548	0.864405	-0.349974	0.227616	2.008643	-5.803500	-2.547244	0.369340	0.717095	0.210081	1.969527	-5.826175	-2.630422
5843	8	4.949579	4.841009	3.295782	-5.241140	3.401893	3.985447	-9.494828	10.686061	3.295783	-17.973848	3.401895	-7.588598	-8.809489	5.352089	-0.623866	-13.829982	-0.283899	-7.588598	-13.735717	-2.816700	-5.026124	-13.829414	-4.499506	-7.588598	5.002880	-8.739463	-5.054691	4.602189	-4.501276	7.156221	-1.177450	1.052671	-3.750429	3.727584	-2.228728	-1.993096	1.326046	-4.502589	-4.623937	4.572282	-1.676510	0.277486	3.654094	1.350252	-0.799071	3.777818	-0.889160	-0.170047
5884	8	-10.257261	10.462516	6.207485	-5.860094	5.935680	2.903657	-14.579336	10.462525	6.207485	-11.963113	5.935680	-7.492673	-7.031816	-6.170489	-2.611908	1.858185	-11.621118	4.647468	-1.648843	-2.271231	-2.388029	2.108346	-8.147480	5.104803	-11.188061	-6.169693	-2.611908	-3.998352	-11.621115	3.920789	-3.731291	-1.246778	-2.413996	1.878534	-7.498955	4.853191	-16.200086	-6.169691	-2.611908	-10.101596	-11.621115	-6.703111	-12.145066	-6.169691	-2.611908	1.812223	-11.621115	-1.818237
5894	8	4.214519	10.885032	6.982036	1.913739	6.464693	7.402250	-6.553921	8.611637	3.646254	-16.768604	-1.972208	-8.093078	10.128759	6.737251	3.646252	2.122004	-1.972219	7.404361	-11.910884	11.446549	6.250758	-16.964680	0.406822	-8.093080	4.769557	9.572478	6.250758	1.922439	0.406822	7.403695	-12.465790	12.756348	6.982036	-16.964685	6.464693	-8.093080	-11.380187	-4.443500	-2.448066	-12.305062	-11.671578	-8.093080	5.308918	-6.318395	-2.448228	6.586061	-11.674113	7.404145
6195	8	-8.173383	12.173476	3.485556	-9.857286	4.949630	-11.917226	2.893361	9.878941	3.485556	4.718449	4.949628	0.189247	-13.395625	-3.313734	-6.686315	-9.822588	-8.072550	-11.917226	-0.609358	12.125523	3.485556	-0.251636	4.949630	-9.828053	-0.009551	1.574784	-1.598055	-0.206743	-3.369930	-9.662340	-7.799885	1.722303	-1.557020	-9.822588	-3.336227	-11.917226	3.778359	-7.246268	-6.687035	5.936718	-8.439416	6.114134	9.420414	6.869080	3.485556	5.902027	4.949499	6.114463
6200	8	-9.544379	11.523870	6.239849	-12.198185	6.624531	-6.923636	-12.218449	-6.261398	-4.747203	-8.435726	-12.302997	-6.910715	4.995658	-1.438706	0.011458	3.179251	-8.679489	1.317577	-7.857127	5.629174	0.935478	-8.453895	-4.748444	-6.893949	6.548006	-1.507056	-0.053636	6.072585	-8.919724	6.624725	8.421757	5.117509	6.239700	2.312069	6.624531	6.350370	4.123943	-12.259468	-4.848252	3.067487	-12.303024	1.301534	2.462800	10.869582	6.239849	-4.972418	6.624531	4.118210
6496	8	-0.141667	5.410433	4.398945	4.108596	7.697698	4.200993	3.768781	-11.754233	-7.994859	4.563293	-6.523097	6.815313	-14.670879	-8.231938	-7.994846	-10.682821	-6.523007	-4.699464	-12.074397	-8.231938	-7.994846	-6.715359	-6.523007	1.767774	-2.309000	-8.346497	-7.994848	3.455394	-6.523020	4.198786	-12.494477	6.705616	4.398996	-11.046585	7.700005	-4.699464	-9.911132	6.705613	4.398996	-7.387514	7.700005	1.767774	5.869134	3.144631	4.397551	4.223841	7.637812	6.820594
6717	8	-10.422801	9.421991	3.929645	-10.229832	5.141582	-9.532372	4.246306	4.002196	3.920973	2.120053	5.136456	6.748987	2.078569	-0.655489	-0.162872	3.286413	-4.096696	6.338910	2.347073	-0.067304	-0.099098	3.124045	-3.915906	6.187321	1.644459	0.367539	-0.240581	2.917210	-4.256335	5.981702	2.351833	-0.137982	-0.097979	3.153087	-3.917957	6.213214	1.969366	0.345191	-0.174060	2.934671	-4.082301	6.005865	2.302661	0.067515	-0.108446	3.064028	-3.930032	6.133128
