32	6	8.765595	-13.605889	-7.135152	8.495948	-9.937718	6.337046	2.124894	-13.605884	-7.135152	-2.983867	-9.937718	-7.017623	1.898471	1.689141	5.491401	-9.612169	4.331863	-7.305360	-3.066229	-10.482053	-7.135097	-5.905267	-9.937718	-10.351741	8.735142	1.689125	5.491398	1.998638	4.331862	6.323059	-3.020937	4.856902	5.629928	-12.383717	4.338418	-10.350804
42	6	2.228519	-9.843707	-6.656243	4.183143	-13.076080	-0.463537	-8.887401	-7.212150	-6.656243	-5.336263	-13.076079	-9.448882	8.168695	-11.339673	-6.656243	6.698317	-13.076080	5.410205	1.629513	6.107053	3.967872	-4.630159	3.826845	-5.442196	6.199834	2.905668	3.965078	2.390213	3.818396	0.540401	-5.486663	7.032979	3.967872	-7.331979	3.826846	-9.448905
54	6	-8.135225	5.282239	8.756945	-12.190455	7.326281	-12.088136	7.441138	-13.303656	-4.244492	9.030313	-5.849234	6.991534	-8.240526	-9.636292	-4.244491	-5.613775	-5.768766	-8.343124	-3.129072	-9.636293	-4.244491	0.743850	-5.768766	-5.802414	4.550344	-1.654826	5.403589	3.709277	6.015265	6.979030	3.484283	-0.557612	7.734600	2.210440	6.559360	6.948269
90	6	8.708140	-12.257059	-6.299712	7.056692	-13.859059	0.069375	10.467995	5.655814	5.844835	6.758694	4.892117	0.069375	-6.681452	-11.114578	-6.299712	-6.391905	-13.859041	-7.364471	9.834656	-12.257059	-6.299712	9.040444	-13.859059	6.098227	-4.980798	6.798334	5.844835	-6.689904	4.892582	-7.364471	11.596309	5.655814	5.844835	8.742446	4.892117	6.098227
118	6	-3.673063	6.617731	6.942176	-16.860971	6.061826	-13.878494	-3.622687	-8.866751	-4.264531	-12.689921	-10.901467	-13.878324	10.333038	-14.507910	-4.264647	5.238847	-10.901481	3.833890	2.752533	-10.449402	-4.264634	-7.323668	-10.901479	-4.486194	2.695949	5.070221	6.937901	-11.513714	6.061507	-4.512604	10.365933	0.781865	5.766687	2.898154	5.510717	3.833411
129	6	15.748892	0.518641	2.936169	8.072224	7.531793	4.431969	-2.244571	-7.007245	-4.235113	-8.781383	-0.291001	-11.072338	13.305805	0.518641	2.936169	7.816431	7.531793	-1.132322	4.459177	0.568528	2.957793	-4.672996	7.540336	-6.086123	9.612774	-13.637794	-4.715307	7.809084	-0.310054	-1.132322	12.058772	-13.637794	-4.715307	8.073652	-0.310054	4.431969
160	6	-6.697947	-3.046307	-0.797767	-7.652073	-3.894609	-15.143721	2.429641	-0.657561	4.620538	-4.251892	7.697413	-9.931490	10.429702	-8.636286	-3.990814	7.835050	-6.789154	3.761157	-4.379225	6.629627	5.580185	-7.695182	8.712277	-15.143768	4.662977	-8.636211	-3.990801	1.740671	-6.789143	-2.999877	2.650782	-0.211096	4.728865	-4.225913	7.784392	-9.644567
171	6	-4.165221	-9.518190	-5.281946	-9.272322	-7.989178	-6.730056	-5.867604	6.907652	7.629497	-14.019066	6.954173	-6.730057	4.303159	2.717105	7.627208	-6.565489	6.920943	3.331267	-1.325368	1.781647	1.134671	-8.455578	-2.551154	-6.729909	6.210989	-14.825652	-5.281946	-2.020607	-7.989277	3.609378	12.268163	-15.748115	-5.281946	3.855629	-7.989277	8.420696
176	6	-7.570597	-8.892753	-7.288725	-10.743493	-5.668925	-14.005878	-7.320075	7.308977	5.149778	-13.406858	8.973306	-14.005878	12.087597	1.580737	4.511768	4.657863	8.971950	5.370071	9.786149	-10.711046	-6.712475	5.385167	0.080552	5.370100	-7.420755	-3.131433	-4.482307	-10.743473	0.082758	-14.005878	9.786149	-14.135325	-7.389129	5.385167	-5.668925	5.370100
181	6	5.501981	-14.008030	-4.377182	8.388670	-14.038249	0.143068	4.570776	3.862561	6.442654	5.744049	2.405632	0.142021	-4.572219	-10.355855	-4.360991	-9.364567	-14.038249	-8.825495	9.865099	-14.672526	-4.377702	8.842922	-14.038249	6.248399	-6.041505	7.131417	6.593863	-12.059820	2.407869	-8.825521	8.978134	2.806112	6.278743	6.254666	2.389198	6.247943
222	6	-7.706667	5.859077	8.893328	-16.925519	6.259653	-12.985038	-7.412594	-8.228795	-2.119419	-11.428777	-12.024345	-12.985038	-9.639779	-1.236126	2.855140	-11.456991	-10.244102	-12.985038	11.772128	-13.802140	-2.119420	7.492749	-12.024345	6.057550	5.620950	-13.802023	-2.119420	6.475381	-12.024345	-0.401857	8.494540	0.285724	8.893322	1.970898	6.102140	6.057091
225	6	-11.630644	-9.011793	-1.563907	-9.976257	-5.440817	-13.202315	-10.932866	6.414594	6.481992	-16.096697	5.270287	-13.202504	6.586403	-13.903762	-2.129891	5.126841	-5.884819	4.110954	4.484963	1.364299	6.329816	-0.966832	5.257573	2.745497	6.586392	-7.100257	1.687577	5.123922	2.668527	4.110952	5.610026	-3.327908	4.534086	2.531175	3.201695	4.093305
264	6	3.638443	0.863062	8.542201	-5.846474	8.016219	1.593963	-9.346198	-6.417450	-1.746832	-9.357952	-9.679731	-10.313969	-7.676376	6.522819	8.542233	-14.099470	8.025562	-10.225682	8.501287	-15.296888	-1.748196	6.936672	-9.685159	7.742045	-4.977377	0.115398	2.104862	-9.518153	-2.859510	-9.668958	8.962339	0.053569	8.541925	2.185637	7.975979	7.729078
265	6	2.126184	-10.825636	-2.429164	-5.530554	-9.457111	-4.796944	6.593942	-14.440156	-2.429164	6.210162	-9.457111	7.471273	2.476842	5.853641	7.666314	-10.129787	6.842077	-4.723255	-4.168628	-9.085442	-2.429164	-11.452570	-9.457111	-8.872994	6.752811	2.975043	7.666313	1.595649	6.823369	7.480527	-3.817816	8.330367	7.666314	-16.066730	6.842124	-8.755547
302	6	-4.819668	-8.672774	-3.480427	-7.093403	-8.387891	3.541515	0.780356	-9.376384	-3.481053	-4.557549	-8.388104	5.360956	7.048414	-13.673010	-3.481431	3.190979	-8.388233	7.189452	2.639295	6.799120	6.510751	-8.383860	6.788334	5.901381	-9.980911	-8.653948	-3.480401	-12.963229	-8.387882	-2.723448	-8.258635	8.525258	6.510832	-17.693912	6.788350	-2.712831
377	6	9.651171	-15.321289	-3.959709	6.687000	-10.081420	8.396249	0.080231	1.016492	7.279058	-8.809815	8.198275	-7.939690	0.050484	-15.237994	-3.959626	-5.260523	-10.081419	-7.367981	-5.537553	-10.402896	-3.919410	-10.961225	-10.080853	-8.433355	-4.921254	6.113629	7.690886	-14.490309	8.566156	-8.433325	-0.154367	-0.641606	6.970816	-8.808782	7.593824	-7.787336
382	6	9.436416	-12.165438	-3.998144	6.724390	-8.403129	8.423560	9.479860	3.164430	6.634724	0.891438	6.821988	7.877271	-3.416883	8.758891	6.634733	-15.714204	7.076860	-5.835950	-3.162365	-6.596168	-3.980778	-9.880772	-7.905283	-5.767395	2.493971	6.384733	6.634733	-10.145991	7.052358	-2.349978	5.433570	4.300126	6.634731	-4.230674	6.958047	4.739993
386	6	-8.196036	6.674085	6.475431	-14.293502	6.678373	-9.422297	8.848869	6.618945	6.475431	1.853715	6.678373	8.084854	9.458842	-8.084335	-2.526341	7.477870	-4.331711	8.132054	-1.855414	-8.040644	-2.526341	0.796420	-4.331711	-4.444233	-7.585823	-8.029247	-2.526341	-8.670831	-4.331711	-9.421620	7.304292	6.619182	6.475431	-2.382750	6.678373	4.757347
436	6	-5.804111	7.294780	6.132287	-13.786793	8.901189	-4.315502	12.453679	1.504559	6.108199	3.616434	8.863297	8.953840	7.372400	-9.805948	1.532428	8.050515	3.691452	8.953999	7.445041	-17.193681	-3.965139	8.050520	-8.301612	8.953999	-10.809903	-11.460087	-3.965139	-9.348629	-8.301612	-4.315517	6.521787	1.685996	6.115775	-2.941446	8.880853	4.566471
562	6	-7.266352	4.482977	6.812777	-14.294214	4.917204	-9.621878	6.387318	-16.620301	-3.236423	5.637790	-3.732286	4.549228	6.387316	-12.852722	0.428577	5.637790	3.425497	4.549228	-7.640593	-6.507990	0.428584	-9.132651	3.425499	-9.621965	-7.640591	-10.281199	-3.236423	-9.132651	-3.732286	-9.621965	3.511928	0.350400	6.681259	0.352504	4.856193	3.809713
724	6	9.445541	-16.785433	-5.953985	5.860260	-7.235301	-0.888711	14.371573	2.064177	6.825938	1.962462	5.517939	-0.882130	14.557471	2.064177	6.825938	3.190296	5.517939	5.569122	-6.087292	-11.747347	-5.953931	-4.583407	-7.235301	-11.593803	9.569262	-16.785433	-5.953985	7.080120	-7.235301	5.558793	-1.084283	7.108711	6.839784	-11.132132	5.518039	-9.454118
726	6	9.072025	-17.239869	-3.799919	7.814365	-11.740388	6.546737	-5.627190	-12.623854	-3.799901	-8.810057	-11.740388	-9.182368	-1.033755	-12.772490	-3.799904	3.914246	-11.740388	-3.606701	-6.402951	5.327499	7.930088	-14.918428	7.001581	-9.308032	7.726412	0.244920	7.821602	1.814333	5.382405	6.099595	4.636692	2.777959	7.926819	1.229898	6.985834	0.057919
730	6	10.871061	-15.290078	-3.859164	4.219331	-10.860849	9.017740	4.819174	1.545535	6.625793	-10.415109	5.180705	-2.048806	-2.950709	-9.822689	-3.859164	-10.907104	-10.860849	-7.346387	3.539948	-15.285160	-3.859164	-4.557329	-10.860849	-2.094791	-1.853516	7.007508	6.753000	-16.627548	5.471549	-7.346386	7.002495	1.545393	6.625734	-6.868189	5.180628	2.950190
759	6	-6.746230	6.705288	8.878237	-14.931964	5.888340	-8.168002	-7.014834	-6.216771	3.321950	-13.043826	-6.909333	-8.168670	7.917185	-9.655606	3.321950	4.020568	-6.909334	8.476947	-3.969607	4.334814	4.965250	-13.912291	-0.108387	-8.072764	5.232373	1.803376	4.950811	-1.301482	-0.109091	7.200979	8.063432	3.241580	8.878201	1.939460	5.888338	8.476952
760	6	7.512374	-15.928578	-3.855887	6.807315	-6.151795	1.622258	-6.156902	5.469611	7.030890	-16.384256	8.465780	-11.060688	-5.463738	-12.009274	-3.841898	-11.512937	-6.150802	-11.060680	8.593278	1.548786	6.635240	2.523847	8.411684	5.249054	6.400959	1.549201	6.635346	2.343181	8.411716	1.503854	9.326847	-15.928597	-3.855887	6.920316	-6.151795	5.268296
772	6	10.582692	-14.859592	-3.259539	7.110609	-7.711318	7.620076	3.877548	1.728585	5.765278	-5.908310	6.832689	-3.566573	12.099972	1.715948	5.761165	3.608050	6.832237	7.622794	-3.090027	-10.147533	-3.259522	-6.821164	-7.711318	-6.013403	0.221152	0.000848	0.515535	-5.115628	-1.048642	-5.060620	-1.854914	6.459513	6.020644	-10.890630	6.854582	-5.796846
835	6	3.487017	5.833389	6.663764	-3.625055	8.358156	3.566472	-0.848944	2.876330	0.117637	-4.929231	-2.765603	-8.702021	9.819712	-9.647575	-5.054953	5.385652	-8.412068	7.804224	-6.893157	7.668740	6.665072	-16.325665	8.358162	-10.029861	4.358599	0.023731	0.033061	-3.883337	-3.307660	-2.814273	-6.804860	-3.268735	-0.623441	-10.163924	-8.396746	-9.974950
865	6	-11.473099	-3.847414	2.562839	-6.593913	-5.597048	-5.135776	-7.452477	5.780371	7.630986	-12.062600	7.025743	-5.135725	4.885647	-5.393875	2.512574	7.875530	-5.714113	6.016635	8.824300	4.258737	7.630985	2.332377	7.025594	6.033239	4.131097	4.383007	7.630986	-4.945016	7.025638	1.033177	-0.384022	-3.889600	2.557306	3.354815	-5.609461	3.023658
929	6	11.104966	-16.985758	-6.523724	-1.911330	-11.145451	5.479132	3.227332	-14.008888	-6.523724	-5.964402	-11.145451	-4.915125	-3.217612	-10.708377	-6.523724	-11.287659	-11.145451	-6.862300	-2.694596	6.804818	4.757637	-14.372368	7.020321	-6.597895	11.124293	-16.985758	-6.523724	2.806661	-11.145451	6.004532	3.533330	2.563352	4.757428	-9.050166	7.019371	-4.950178
951	6	-8.453871	3.658759	8.335241	-17.195505	5.967440	-7.289710	7.362368	-18.670572	-0.377202	3.351817	-7.112666	6.445259	-8.134852	-12.913769	-0.377202	-12.564716	-7.112666	-7.271298	1.038174	2.849424	8.332968	-11.630708	5.966993	3.528413	1.444847	-14.102762	-0.377202	-5.069310	-7.112666	3.783879	0.105239	-3.753155	4.699115	-13.009494	1.896565	2.854353
1024	6	-6.492694	-8.217166	0.460612	-10.062742	-5.463673	-6.643345	-4.607238	7.663389	7.086229	-16.450955	7.223884	-6.643343	5.756334	-10.978475	0.460612	6.744191	-5.463673	6.531623	-0.523666	2.263134	1.319812	-9.411509	-2.962514	-6.493933	2.961281	4.936174	7.086229	-7.062640	7.223808	2.955791	6.144780	4.902081	7.086229	0.330786	7.223802	5.931311
1051	6	9.202347	-13.819190	-4.459321	5.857383	-8.112512	7.339560	9.409861	3.624950	7.115665	-1.739011	5.086130	3.376483	9.122534	1.885541	6.682635	-0.140753	0.792705	4.701658	-8.045100	-9.026731	-3.920581	-7.428886	-8.112509	-4.837520	-7.743029	6.707604	6.729132	-13.289734	0.795026	-4.837520	-7.727276	8.417434	7.128729	-13.655241	5.086190	-4.837520
1053	6	4.315056	-16.687151	-3.757609	-1.342144	-6.793297	-0.748662	9.061025	-17.033655	-3.757609	6.495060	-6.793297	6.103234	-3.551745	7.004283	7.915831	-11.130601	6.077816	-5.319491	5.559770	0.991032	7.706148	-4.922201	6.059994	-2.007974	-6.329368	-11.027759	-3.757609	-7.444761	-6.793297	-5.447473	12.825010	0.958365	7.692541	2.975794	6.057435	6.087006
1094	6	8.001055	-8.848958	1.588708	5.091114	5.511224	8.098033	-5.872201	7.269262	6.417832	-16.710764	7.544993	-10.809560	-8.555860	-3.530647	1.589945	-11.149104	7.254216	-10.738913	4.151425	2.669804	6.417811	-5.891684	7.540911	3.522485	8.002963	-15.747363	-3.186987	5.097147	-3.483996	8.098132	-8.595054	-10.239440	-3.186824	-11.148838	-3.270804	-10.738900
1105	6	-5.257643	8.722818	6.971452	-10.453881	9.061597	-10.692728	9.016152	2.902246	6.971445	4.161867	9.057903	4.922187	3.662803	-7.662921	-0.330374	3.441297	-6.121315	-0.071791	9.241861	-3.050664	3.383571	6.121106	3.235667	4.961159	8.837076	-11.026172	-0.330374	6.372930	-6.121315	4.963332	-5.444636	-5.208311	-0.330372	-8.341574	-6.121308	-10.570882
1137	6	6.909275	-13.042372	-2.338892	5.748827	-10.851602	0.497450	10.776553	-14.513070	-2.338984	7.559626	-10.851604	6.758229	-1.031594	-8.339089	-2.269401	2.289308	-10.849780	-4.695258	-6.352746	-8.115056	-2.244884	-5.453904	-10.849095	-9.926148	-1.408925	2.704066	4.100677	-4.540302	-1.861471	-9.925819	5.842380	1.640438	4.545266	-1.111136	5.078066	-4.901540
1158	6	11.421639	-16.065838	-7.232525	6.212459	-9.533339	4.551486	8.314586	-16.065834	-7.232525	3.549616	-9.533339	0.003925	7.872710	-16.065825	-7.232525	-0.738483	-9.533339	-3.625983	-3.763340	-10.547663	-7.232525	-6.985431	-9.533339	-12.740834	10.296153	1.819549	4.275478	-1.344624	6.276978	-5.303134	10.743106	1.819549	4.275478	2.976022	6.276978	0.003882
1216	6	9.228972	-12.348371	-2.570558	5.905240	-12.319513	-2.487054	11.602019	-12.348371	-2.570558	8.110698	-12.319513	3.074513	12.704950	2.611777	6.556719	4.611694	6.297654	3.074530	-1.787685	8.827871	6.734013	-3.434609	6.299908	-14.542897	4.703135	2.612427	6.556795	-2.248576	6.297659	-8.664458	10.265398	2.611777	6.556719	2.178721	6.297654	-2.490929
1231	6	-9.392692	-7.706251	-2.171087	-6.448895	-7.288362	-8.109375	8.715211	-13.606970	-3.444296	9.122520	-7.567123	7.582624	-10.395237	7.901533	6.573903	-9.161302	6.982756	-8.109380	8.360890	1.996910	6.485690	6.400556	6.951838	7.582448	-8.239243	1.452780	2.812344	-7.496025	-1.490854	-8.109350	1.873895	-8.138570	-2.409542	2.699594	-7.355519	-0.170612
1236	6	-8.184093	-4.441655	-2.622585	-8.179923	-9.753300	-9.922619	-4.690065	1.343000	-1.652503	-8.179923	-4.817055	-7.209455	4.206171	-7.431506	-7.230091	6.511112	-9.754758	6.550703	-4.477680	7.271718	2.934722	-10.783265	7.156189	-7.051058	9.129069	4.296193	2.934722	3.908471	7.155544	6.559323	7.195297	4.296193	2.934722	-1.869986	7.155544	3.928192
1309	6	9.792564	-11.235458	-3.277975	7.170879	-8.061425	5.844632	8.785045	1.839593	3.247259	-1.078234	7.029731	-4.706931	4.341528	-11.185544	-3.277918	-1.009364	-8.060372	-4.698524	-6.578909	-7.954674	-3.263851	-5.115304	-7.821910	-10.459611	-2.015801	5.213287	3.264889	-5.184280	7.521217	-10.442229	14.290194	1.839587	3.247259	7.105069	7.029729	5.844632
1311	6	12.520603	-14.617934	-2.893373	6.240479	-6.938197	7.708222	6.192471	-14.617933	-2.893373	-4.179871	-6.938197	-2.338821	-4.243579	7.207011	6.060336	-15.486906	6.906031	-8.433541	12.665516	1.982700	5.978526	-2.855251	6.897512	4.396643	12.675145	1.982700	5.978526	1.534282	6.897512	7.073300	-4.282285	-9.413131	-2.893373	-10.695232	-6.937749	-8.420152
1358	6	-5.084815	7.074245	8.053368	-10.540851	7.039464	-10.153581	11.916610	1.827264	8.053368	3.216160	7.013455	5.961923	9.504589	-16.919066	-4.885059	9.266282	-8.922873	5.961921	-7.499497	-11.672090	-4.885059	-5.942047	-8.922873	-10.268441	5.776914	1.840587	8.053368	-1.970459	7.014159	5.485790	-2.034962	-1.085487	1.648453	-2.449421	-3.776889	-3.729902
1376	6	12.255628	-10.782330	-6.643391	7.102009	-3.950342	6.084301	0.243388	6.778517	4.372254	-12.884828	6.741276	-6.110644	4.648611	-10.716560	-6.643391	-5.143079	-3.950342	-4.289851	-1.264431	-5.153161	-6.643160	-10.624446	-3.949297	-8.098165	6.321197	1.156283	4.050062	-9.362689	6.670060	-4.281851	13.928609	1.153639	4.048490	2.862771	6.669600	6.084301
1380	6	7.222256	-13.440980	-1.684998	5.279329	-8.648915	-1.908623	1.957201	5.340495	6.897213	-6.702059	8.021216	-7.274910	-2.880261	5.924141	6.898027	-10.960470	8.026294	-8.608073	-3.832133	-11.162903	-1.684982	-5.841283	-8.602111	-8.844317	10.497591	3.467269	6.879150	2.003854	7.981225	3.778559	9.711761	-13.616372	-1.684999	7.371178	-8.650332	3.779545
1449	6	-8.464208	6.042029	6.941125	-13.255440	9.948153	-10.244039	7.992852	-15.917309	-3.737815	6.061245	-5.580241	6.699776	-9.620178	-11.223421	-3.737803	-10.843031	-5.580240	-10.244181	-3.023995	6.003184	6.941118	-0.281177	9.948153	-1.536649	9.133053	0.910554	6.793593	3.761858	9.939591	6.699776	7.422630	-7.359144	2.588519	5.774652	4.347320	6.699776
1469	6	-5.236205	-7.120356	-1.750722	-9.849641	-9.833106	-11.865086	10.322768	-13.199279	-1.750722	6.496693	-9.861661	6.262701	11.692336	-4.056484	3.037828	2.657650	3.822998	6.262546	1.296678	6.607581	8.730005	-12.837413	6.570238	-7.232263	1.470851	5.151377	6.436684	-12.413401	0.256384	-6.984346	3.052218	-1.884899	3.113139	-9.800598	6.100728	-5.560414
1487	6	7.915973	-11.559395	-2.630595	7.437231	-5.271948	7.250838	5.944719	-0.142306	6.483831	2.685564	4.007329	7.187772	-9.028147	6.695152	7.911381	-16.016287	8.100648	-3.604177	6.663744	-10.704773	-2.630577	6.345462	-5.271948	1.172876	-10.552137	-6.618325	-2.623483	-10.557313	-5.271948	-3.604738	3.246120	5.195378	7.910123	-4.097354	8.100647	3.621534
1549	6	9.499076	0.055227	5.701364	3.366491	6.232945	7.834309	10.389391	-15.906910	-2.795452	7.314133	-12.061991	7.841051	4.005000	0.565907	6.994967	-3.868042	6.268008	6.650467	-6.860794	-9.410944	-2.795452	-9.653674	-12.061991	-5.291012	-8.842571	6.560599	8.002899	-15.948516	6.268403	-5.384549	-2.329408	1.889023	2.910512	-9.668062	-4.849492	-3.788627
1551	6	12.496939	-13.148596	-6.483811	6.227468	-7.939683	4.768736	-5.765225	9.059937	4.983842	-13.180447	7.408990	-11.507998	-5.840005	-7.398566	-6.075111	-8.993017	-7.935406	-11.508321	5.923041	3.309059	4.824290	2.234476	7.408794	-1.040715	5.779024	-13.148409	-6.483809	6.203600	-7.939683	-1.022697	12.633658	3.308934	4.824276	2.259355	7.408794	4.754729
1588	6	2.764216	-15.055800	-3.686463	-4.717831	-10.945106	-2.988218	-3.338261	-12.052446	-3.686463	-10.146471	-10.945106	-11.357338	8.885842	-18.407886	-3.686463	6.710212	-10.945106	6.183534	10.005574	0.346705	7.257166	1.444997	4.583689	5.876832	3.797001	0.715400	7.388372	-9.914000	5.951334	-5.289688	-2.222578	6.705269	7.425950	-15.101476	6.871326	-11.502109
1600	6	5.707901	0.346593	4.990804	-7.652600	7.415917	-2.870485	6.784315	-15.768170	-6.271848	4.571094	-6.789499	0.334982	9.435887	-15.768170	-6.271848	6.276379	-6.789499	6.837577	-1.971067	-9.783015	-6.213524	-7.345593	-6.789499	-8.057385	-1.285933	5.872758	6.298597	-12.693151	9.620469	-7.661034	10.742417	0.346592	4.990804	0.689915	7.415914	5.788050
1621	6	-9.839620	-5.072417	-1.998063	-9.416903	2.692047	-9.716167	-9.348432	7.891030	5.458246	-11.341828	6.989149	-9.716172	9.698204	2.701476	5.451206	4.019109	6.928120	5.606909	9.207870	-10.275730	-2.007584	5.947474	2.682999	5.606930	-9.839620	-9.655915	-7.517104	-9.392967	-3.275481	-9.716167	9.207870	-14.845271	-7.517105	5.971252	-3.275506	5.606930
1677	6	-5.839171	-7.966294	-4.740838	-9.888337	-10.666283	-8.763434	9.151401	-12.235029	-4.740839	6.026883	-10.666344	8.334210	11.677668	2.507557	7.444535	0.852024	5.493402	7.174086	0.416856	2.510612	7.444535	-12.516285	5.493407	-8.195545	7.935405	2.507557	7.444535	-5.208167	5.493402	3.555621	6.542717	-1.538326	7.008114	0.869414	3.505185	7.201379
1690	6	11.074562	-17.331479	-1.548575	7.099572	-9.875777	5.073767	9.189786	1.095620	4.763043	-1.806847	7.546048	5.067978	-0.711169	7.560541	5.515591	-8.114139	8.209674	-9.925369	-4.988665	7.595995	5.515877	-13.712587	8.209685	-9.943783	-6.167126	-10.900240	-1.540192	-7.709760	-9.875777	-9.943783	12.188504	1.095620	4.763043	1.315711	7.546048	5.073767
1700	6	-1.557557	-2.976218	2.057681	-13.341754	3.125093	-7.847786	10.559238	-9.199687	2.013416	4.517226	3.039932	7.188210	-2.726563	-12.821181	-1.532903	-10.899298	-5.824978	-7.833620	10.559583	-19.021178	-1.532903	6.768368	-5.824978	7.214557	5.890078	-19.020902	-1.532903	2.938960	-5.824978	0.713138	-2.202127	2.628326	6.670575	-16.560411	8.786419	-7.850658
1717	6	-9.211962	-7.819070	-8.223405	-9.375194	-7.605267	-8.721921	4.204039	-10.630020	-8.223405	5.928638	-7.605361	1.358543	8.469036	2.731102	3.886565	4.952889	5.747829	1.351155	-4.998711	6.790476	3.886589	-10.352550	5.815413	-8.745561	8.136789	-11.872949	-8.223405	6.233978	-7.605363	4.793957	12.390514	2.725209	3.886565	5.256637	5.747289	4.781620
1773	6	10.818098	-15.118755	-6.364167	4.105599	-8.968615	-0.271445	2.773384	0.910535	4.904915	-6.373882	7.426153	-7.051434	2.659615	-14.782202	-6.364167	-0.782164	-8.968615	-4.657228	11.255441	-15.118758	-6.364167	7.507653	-8.968615	5.066325	-5.870714	-14.098767	-6.364167	-5.486834	-8.968615	-11.194333	13.109906	0.587953	4.903726	1.950962	7.376915	4.734554
1774	6	7.591344	-7.925310	-4.860343	6.102322	-8.018042	5.123134	4.525519	3.056196	5.757914	-7.773782	4.865517	-6.929887	-5.559584	-4.565260	-4.856368	-10.399851	-8.014378	-11.437413	1.858254	-5.403788	-4.859650	2.810416	-8.017403	-1.341561	-1.275038	6.125998	5.761535	-10.700509	4.868409	-11.361294	11.872409	2.734659	5.754471	3.870913	4.862762	5.112594
1777	6	3.113274	-12.586555	-4.897974	4.205659	-7.650898	-3.144373	-5.062758	-10.573657	-4.897974	-4.456237	-7.650898	-9.666676	3.033713	-12.493014	-4.897974	-1.933269	-7.650898	-5.500896	-7.300739	4.923722	6.151909	-9.187164	5.293047	-10.330471	9.648318	-14.466129	-4.897974	7.306934	-7.650898	3.472997	8.978664	0.855211	5.675699	3.191352	5.016213	3.234979
1806	6	8.864925	-15.963839	-3.305262	8.542671	-8.952395	6.094777	-5.895363	-10.399561	-3.305262	-8.563661	-8.935039	-10.892848	10.272569	1.195274	7.185493	3.739207	6.526977	6.094759	0.600874	-10.402481	-3.305262	-2.750058	-8.935109	-4.453875	2.652914	3.550918	7.186093	-6.431753	6.528142	-4.580908	-3.792062	6.785005	7.186093	-13.361278	6.528187	-10.241565
1819	6	9.963688	-13.628533	-4.069248	6.866813	-11.800414	6.531065	-7.439016	-8.444976	-4.069245	-8.610263	-11.793008	-9.335149	5.450370	-2.620583	8.028179	3.069392	5.508648	6.518313	-3.918141	0.890436	2.383148	-9.082209	-5.489129	-9.329912	-7.520770	6.661289	8.133449	-12.470298	5.595859	-9.335154	9.874226	1.470169	8.133449	3.006344	5.595841	6.531061
1826	6	12.367532	6.627415	7.356583	4.672119	6.948643	6.315483	9.073411	-9.670429	-4.005013	7.259698	-10.088081	6.315483	2.121872	1.047890	2.067170	-5.675204	-1.379637	-3.021985	14.100078	1.047779	2.067169	7.259227	-1.379687	6.315483	-3.824901	-9.662505	-4.005013	-10.431302	-10.087877	-9.954409	-0.258120	6.632254	7.356583	-13.015707	6.948718	-8.983593
1840	6	1.816742	6.987557	7.805568	-10.826861	5.108966	-9.504385	7.160181	-15.260455	-3.393528	3.312565	-12.093588	-1.721376	2.729549	-12.738482	-3.393527	-3.607775	-12.093588	-8.153971	7.616042	2.840421	7.765280	2.438599	5.108958	2.008897	2.281057	3.753418	6.380254	-9.035069	0.630210	-8.688994	8.659464	-15.260455	-3.393528	6.486179	-12.093588	2.020194
1846	6	4.933399	-13.388296	-2.508750	3.719763	-10.973432	-0.703924	-3.677446	-8.024418	-2.508409	-9.168635	-10.698815	-12.040747	-0.581296	-8.027606	-2.508411	1.877336	-10.699373	-6.879814	10.423109	-13.685398	-2.508750	7.747505	-10.974854	5.919210	8.759570	2.582274	6.958723	3.360335	5.423568	5.919154	-5.334792	8.338315	7.058869	-14.147257	5.481423	-12.041563
1868	6	2.967461	-16.994965	-1.947041	2.729945	-9.950930	-2.897840	-7.166935	-11.820766	-1.947039	-6.324347	-9.950929	-11.138747	-5.375557	6.612994	6.731728	-10.595238	5.657876	-11.140159	11.327068	1.352398	6.682536	3.259346	5.430250	3.352040	9.577100	-17.072236	-1.947041	7.531897	-9.950930	3.352040	4.521452	1.361814	6.683160	-2.812813	5.432938	3.006674
1887	6	11.264615	1.778383	8.170967	4.943686	7.227035	5.659674	9.699858	-9.899161	-3.666985	6.636689	-8.900667	5.659674	6.833963	-9.899059	-3.666985	1.321248	-8.900667	-0.152744	5.042814	1.793063	8.171325	-4.786459	7.227054	-5.837605	-0.970275	-5.966994	-3.666977	-9.758526	-8.900666	-9.323302	0.612769	5.702553	8.179972	-9.964654	7.227408	-9.309982
1917	6	9.474605	2.134389	6.733169	-4.140480	6.810862	5.779188	10.460887	-13.895700	-3.936574	4.957088	-9.904068	7.492551	10.350706	-13.895700	-3.936574	-1.676106	-9.904068	5.779792	-3.195218	-8.419746	-3.936565	-9.203970	-9.904068	0.021211	-3.633160	7.612154	6.734500	-11.646537	6.899000	0.021208	10.237064	2.134389	6.733169	2.514911	6.810862	7.489874
1961	6	-0.345378	-9.082492	-0.489223	-11.033531	-10.310455	-8.495588	6.993956	-12.133125	-0.489223	0.313125	-10.310455	-3.854697	12.311600	-12.133125	-0.489223	6.725430	-10.310455	5.564293	12.237882	3.672538	9.008104	1.243524	6.702152	5.048231	7.423540	-12.133125	-0.489223	2.535218	-10.310455	0.309522	-0.583334	6.728714	9.008131	-16.603012	6.702158	-9.365286
1989	6	9.455671	-8.917627	-3.815016	6.776941	-9.506244	6.863094	9.208002	2.108599	6.230378	0.578652	6.878802	5.216766	-4.907494	8.367058	6.267068	-16.899606	6.878806	-7.116896	-0.776274	-2.922878	-3.358687	-7.916648	-5.005867	-4.390748	4.468118	-8.917627	-3.815016	0.631791	-9.506244	-0.972864	11.321547	-0.347145	5.478183	2.578980	6.878478	6.868473
2016	6	-7.971414	9.391383	7.884316	-13.016716	5.502985	-8.412439	10.586725	4.063005	7.766218	2.156927	5.502919	7.806782	-7.756211	-5.598343	-2.695887	-7.574068	-11.176791	-8.400560	10.922325	-10.926752	-3.512992	7.625765	-11.176811	7.979781	-1.997684	0.327229	1.413305	-7.573819	-6.644934	-6.442789	4.901923	4.070487	7.766818	-1.924955	5.502920	3.828636
2078	6	3.763680	2.746812	6.547776	-8.840971	7.310284	-4.778313	-2.006590	7.397321	6.754624	-9.500227	7.420178	-9.454544	6.612925	-14.693028	-3.960727	-6.629608	-7.356355	-4.727377	12.395513	2.164611	6.451938	3.174166	7.255204	6.095254	10.986486	-14.694866	-3.960729	2.216277	-7.356368	0.691238	15.208308	-14.694866	-3.960729	5.224884	-7.356368	6.095300
2088	6	-7.914118	-4.355119	-5.414747	-5.752934	-8.562629	-9.001235	-6.398348	8.862939	6.649649	-11.601677	6.438606	-9.009718	11.319833	4.603839	6.649649	3.398484	6.438606	6.710766	6.500421	4.603839	6.649649	-0.941716	6.438606	4.609827	5.804370	-8.614897	-5.426041	6.925497	-8.562669	0.775465	9.802597	-8.614897	-5.426041	9.247542	-8.562669	6.724464
2151	6	9.086313	-17.762167	-3.131413	7.572607	-7.993389	6.358486	-4.593105	-11.132606	-3.131413	-7.468493	-7.993389	-7.135357	7.941220	-11.485682	2.425172	6.530711	2.828909	6.358191	-5.191094	2.108778	7.870603	-12.735740	-0.033977	-7.136377	-5.707326	-4.856015	2.425176	-8.510394	2.828914	-7.136773	-4.914077	4.533739	8.425719	-12.749485	6.327079	-7.136014
2160	6	3.002565	7.035684	6.311609	2.661044	5.398358	5.991413	-15.603696	8.622766	6.311613	-11.450521	5.398358	-11.630710	-3.537820	5.756209	1.416824	0.355893	-3.996782	-5.083187	-7.741964	-4.650234	-3.933899	0.689930	-10.135353	-5.088134	8.546967	1.471382	1.057412	8.720544	-4.399644	6.594396	4.516839	-7.204538	-3.934479	8.927324	-10.135367	6.505454
2176	6	8.501492	-14.589205	-3.138343	6.636689	-10.254169	5.652544	-8.381547	-9.284628	-3.138343	-9.715162	-10.254114	-10.517046	7.972099	1.348977	5.352055	1.376256	6.266717	-0.453085	5.588083	-14.574298	-3.138343	2.517284	-10.254169	-0.449549	-5.932381	6.680349	5.441109	-10.777393	6.793969	-10.517046	11.056572	1.348955	5.352049	5.574461	6.266703	5.652544
2196	6	-8.141842	-6.832877	-1.841511	-7.209263	-9.770140	-11.218051	-7.524388	7.384421	6.499276	-11.512116	8.590808	-12.142745	8.187411	1.586606	6.484339	1.722749	8.519551	6.167783	4.869238	2.174876	6.496446	-4.477807	8.584493	3.470486	2.554885	-9.169697	-1.841511	3.737099	-9.770140	-0.527773	8.055224	-12.596683	-1.841511	6.021281	-9.770140	6.290572
2220	6	-8.213457	-8.077182	-4.730767	-10.336390	-7.498051	-11.823799	10.942752	-12.782761	-4.742572	5.580841	-7.611653	6.973745	-8.001334	6.065165	6.303707	-12.259099	7.097156	-11.823799	1.493459	2.731787	6.302095	-3.899625	6.840283	-0.587688	10.849289	1.355355	6.298607	3.655315	6.479163	6.973712	1.392024	-11.168153	-4.742569	-2.003342	-7.602366	-0.554510
2283	6	2.405559	4.929713	4.939484	-9.206821	6.894531	-8.005077	5.000185	-11.197483	-6.518727	0.438988	-6.769535	-1.512305	9.208321	4.924914	4.939484	3.611233	6.894531	4.286019	-2.551518	-10.763682	-6.518727	-9.260141	-6.769535	-10.415109	10.623202	-11.197483	-6.518727	7.472617	-6.769535	4.286019	-3.986022	5.358716	4.939485	-13.566030	6.894532	-14.049448
2383	6	-7.317499	5.699830	7.855655	-15.750834	6.668519	-9.133771	2.315151	5.239382	7.855655	1.129093	6.668519	-0.176092	2.604546	-4.405724	-0.544112	7.204204	-3.659858	0.670108	9.030029	-1.477062	7.782384	1.590542	6.437568	4.369583	8.890261	-9.813244	-0.829677	7.363997	-3.659860	4.993548	-1.934499	-2.988163	0.982587	-7.566497	-3.659374	-9.100001
2538	6	8.964569	-12.479078	-5.745916	6.085132	-8.437132	6.819867	5.593447	2.323009	5.129141	-9.941719	8.352337	-2.971993	9.376173	2.300284	5.128518	-4.074755	8.352264	5.423075	-5.286915	-8.314251	-5.745916	-10.343072	-8.437131	-7.616267	-0.566340	6.210960	5.136774	-14.284334	8.353237	-8.034881	13.663737	2.300162	5.128515	2.066086	8.352264	6.787956
2559	6	-3.306275	6.521715	6.458263	-11.494035	6.791421	-8.682123	6.117383	-15.008493	-5.554316	1.867200	-6.806451	-2.682932	-5.432990	-8.784412	-5.385789	-8.422532	-6.803909	-8.682192	9.204142	-15.008493	-5.554316	7.977742	-6.806451	3.586557	11.315538	0.296483	5.672200	5.465893	6.591465	3.586557	5.086122	0.296483	5.672200	-5.099933	6.591465	2.188148
2576	6	4.119962	1.198744	5.549035	0.661691	5.536520	-1.694805	8.391067	-13.188246	-4.072137	8.018678	-6.692483	6.302434	10.714665	1.198738	5.549035	4.653989	5.536520	6.292614	-10.273229	-8.176462	-3.432214	-5.009234	-6.692483	-11.243772	-7.433018	2.056430	5.290652	-7.793710	-1.065923	-11.256891	-8.150932	6.252395	5.656196	-8.607137	5.538028	-11.257083
2623	6	-4.309397	-5.148409	-1.202650	-6.145635	-9.323234	-9.281243	9.962485	0.631397	7.326944	4.432648	7.027471	5.691633	8.579627	-11.879446	-1.558407	7.382325	-9.323273	5.781517	4.922926	2.308626	7.442438	-4.805500	7.229106	-3.284155	3.850819	-8.969993	-1.556419	-1.860596	-9.323273	-1.085293	-1.629731	7.328792	7.455530	-9.086478	7.229761	-9.888308
2665	6	-8.487608	-9.979152	-3.425067	-9.102517	-6.097742	-4.630423	-11.937093	7.145938	7.655234	-13.264455	8.611674	-5.631356	3.103024	-2.682053	7.356178	2.202829	6.262428	7.602668	8.509957	-15.847666	-3.430819	6.390237	-6.118329	7.667013	4.652534	1.187394	7.653665	2.296010	8.149557	7.632018	8.440828	-9.750773	3.021171	6.183489	4.335591	7.666674
2725	6	7.915470	-16.675454	-6.370958	-0.049648	-5.665358	0.069062	13.246191	2.272029	4.746351	2.796922	7.283933	6.429777	6.523593	2.272287	4.746428	-2.707805	7.283998	-5.176558	12.713985	-16.675468	-6.370958	4.982622	-5.665358	6.429777	1.472958	4.925352	4.972980	-8.781046	7.437567	-5.275784	1.140138	-13.364286	-6.370958	-6.875309	-5.665358	-5.314299
2812	6	7.443699	-15.423186	-5.801299	7.176110	-4.915932	5.228408	0.689236	6.359309	4.258330	-7.851994	7.341364	-7.016758	-8.284470	-9.131168	-5.801299	-10.771597	-4.915928	-12.275259	3.317099	-13.659799	-5.801299	6.012730	-4.915932	-1.133208	10.982758	0.199348	4.258324	3.893387	7.234884	5.224929	7.948004	0.199632	4.258324	2.921954	7.234944	-0.807203
2815	6	-4.065214	7.114273	6.511343	-12.438065	7.206295	-11.635612	-6.155797	-8.535685	-2.541229	-8.647254	-10.944890	-11.535962	2.035083	6.073651	6.511343	-9.076479	7.206295	-7.079650	6.213011	-12.491641	-2.541229	5.028173	-10.944890	-1.336895	9.781263	-13.995198	-2.541229	6.376184	-10.944890	5.126372	11.257039	1.498953	6.511343	2.149725	7.206291	4.781345
2817	6	-3.465345	-10.561842	-4.797876	-14.415764	-11.817141	-6.400073	12.249696	-12.026179	-4.797893	5.180092	-11.856692	6.481702	3.535718	-11.916921	-4.797892	-6.356831	-11.854899	-0.701259	-5.171941	6.458986	6.116529	-17.517730	5.819959	-6.406234	10.514045	4.993467	6.114837	2.074982	5.797039	6.478844	6.700119	4.994937	6.114841	-4.305826	5.797075	4.656133
2934	6	3.325838	5.268138	7.492754	-5.121302	6.321814	2.073312	4.066282	-10.899351	-0.018398	6.967914	-8.340772	7.518362	-5.334622	6.656924	7.493517	-16.990347	6.321826	-7.092480	-4.070223	-9.033004	-0.018151	0.730597	-8.340671	2.265230	8.106503	1.792095	7.387152	1.373249	6.318182	7.518268	-10.658148	-9.018951	-0.018146	-11.225138	-8.340669	-7.092481
2936	6	12.730544	-13.728167	-3.422936	3.084013	-7.886613	6.547795	3.026791	5.374854	7.107813	-10.030713	5.590356	-4.407024	-3.983019	-7.634982	-3.422936	-12.471384	-7.886613	-10.642406	0.854198	-1.811007	-3.224944	-7.568162	-7.877686	-6.937058	6.732802	2.626921	7.107810	-2.312455	5.590020	0.901058	6.198702	2.684361	7.107811	-6.970938	5.590081	0.895539
2967	6	-7.448362	-9.620578	-4.232832	-8.735610	-13.124656	-9.767895	-5.396400	5.772903	7.215816	-10.918214	5.355556	-9.757271	8.491241	-15.470539	-4.232832	7.310044	-13.124656	6.322505	6.696802	-15.470498	-4.232832	-2.519539	-13.124656	1.102694	10.126371	-0.192843	6.847838	4.098597	5.351424	6.322439	2.909260	0.905923	7.195959	-6.507378	5.355371	0.926266
2975	6	-4.571420	-5.699601	-6.327804	-10.713277	-8.657830	-11.959904	8.412110	-7.702987	-6.327808	7.513663	-8.657830	5.922236	4.685959	-7.702866	-6.327808	5.727396	-8.657830	-0.344791	7.329899	5.186750	6.845460	2.584890	8.454200	5.922202	-7.074285	7.190108	6.845464	-15.641628	8.454200	-11.959914	3.458609	5.195240	6.845460	0.723625	8.454200	-0.367638
2986	6	10.142080	2.042958	6.619266	0.785207	5.935133	3.490753	-3.918774	-12.179050	-3.441495	-11.322169	-13.097347	-14.924834	6.266194	-15.785365	-3.441495	2.101632	-13.097357	-2.082155	10.323581	-15.785365	-3.441495	6.288394	-13.097357	4.549320	2.294109	2.099415	6.623781	-11.991038	5.938337	-9.579765	-2.825134	5.854459	6.646658	-16.519804	5.978063	-14.851972
3029	6	2.841636	3.977294	7.533813	-9.182078	6.465968	-5.637143	10.497505	-17.226880	-2.915824	6.659057	-7.924464	6.250799	-2.795467	5.742030	7.534035	-14.591185	6.569057	-8.217064	-1.099550	-10.787627	-2.915824	-10.271836	-7.880141	-7.670696	5.876299	-17.225538	-2.915824	-4.810919	-7.924463	-4.965572	9.503040	-17.226880	-2.915824	1.185963	-7.924464	0.291665
3119	6	12.060147	2.395536	4.081324	4.238382	6.225000	7.118102	9.983478	-13.378188	-6.518443	5.284741	-10.654648	7.114264	7.107089	2.395536	4.081324	-6.847284	6.225000	-4.762708	5.033927	-13.378188	-6.518443	-5.862024	-10.654648	-4.912879	-0.696216	-10.293312	-6.518443	-11.197485	-10.654648	-7.729757	8.501860	2.395536	4.081324	-2.561506	6.225000	1.096836
3126	6	8.793074	-8.712574	-3.416522	7.213908	-10.916381	6.977124	12.866576	5.305759	5.722811	4.006011	7.381772	6.976691	-3.897387	8.126538	5.735990	-10.978367	7.382506	-8.814281	-7.917946	-5.991746	-3.215230	-7.759829	-10.916381	-8.814281	6.035392	5.927019	5.728163	-3.451686	7.382073	-1.931929	-2.268260	4.692959	1.440653	-7.794953	-4.264762	-8.814270
3208	6	4.838795	-14.779091	-6.914315	-2.784360	-11.075494	3.077130	-4.784152	7.046086	5.761400	-11.071630	6.284722	-9.011113	-6.387380	-8.954337	-6.912609	-9.307484	-11.075494	-9.402334	8.319691	-15.026534	-6.914315	3.657083	-11.075494	8.989873	4.438761	1.342215	5.687673	-4.502751	5.719140	3.074368	9.621502	0.894985	5.622605	1.961967	5.139891	8.907746
3220	6	-6.533381	9.183453	6.564536	-15.395739	7.856929	-7.498490	-7.641063	-9.250181	-3.901370	-11.435257	-6.111135	-7.499027	8.986568	-9.668420	1.517162	5.659226	2.199591	5.264823	9.988918	2.959679	6.564536	1.666404	7.840244	5.264609	-7.445353	-3.223968	1.523564	-11.466905	2.506350	-7.498981	8.999254	-15.473840	-3.901370	5.690602	-6.111208	5.264823
3240	6	6.574648	3.251876	4.784807	-0.788546	8.682465	-6.292581	-5.492247	6.606773	4.786235	-10.361324	8.683977	-15.192863	12.964455	2.424787	4.781715	5.633806	8.679114	3.864619	8.944664	-9.222998	-5.170162	1.241542	-2.948457	-2.643839	2.828390	-6.357699	-5.092935	-4.281455	-2.948403	-8.858435	15.330421	-9.431885	-5.170545	7.659661	-2.948457	3.864684
3268	6	7.198527	-7.707144	-4.191746	7.044915	-5.486512	1.449952	-6.276896	-5.875294	-4.165960	-8.854216	-5.486512	-10.380805	-4.700416	8.496153	6.655041	-11.962683	6.048062	-10.379058	10.196467	-7.707144	-4.191746	7.107066	-5.486512	7.030902	-2.820770	2.809667	2.178446	-8.892095	-5.158162	-10.354596	8.969788	6.669424	6.654884	3.936621	6.048062	1.453100
3273	6	8.034882	0.587813	6.374099	4.147738	6.960716	5.216105	-5.383647	-10.336614	-2.450685	-11.684040	-6.278771	-8.333985	-6.395546	5.520122	6.823575	-15.127468	6.976452	-8.333986	8.867909	-15.333837	-2.450685	7.102324	-6.278771	5.226109	8.619532	-10.508871	2.729082	7.014222	0.524094	5.226087	-5.637327	-5.441090	2.729093	-11.772143	0.524106	-8.333986
3286	6	3.440774	3.141425	7.056791	-3.848282	6.104954	3.761751	8.678119	-15.496216	-5.464854	7.733789	-11.798740	6.540587	-8.949754	-9.392289	-5.464776	-10.149117	-11.798740	-8.702904	-8.839224	8.885332	7.127719	-16.251529	6.105259	-8.711494	-2.692640	8.885318	7.127719	-15.078620	6.105259	1.757041	8.635632	2.780284	7.012526	1.583363	6.104738	6.087573
3299	6	-4.321162	-9.833873	-1.585795	-13.295552	-10.161695	-11.563814	0.309843	-9.833982	-1.585795	-9.757646	-10.161695	-5.985604	-5.903561	8.358527	6.924767	-18.008289	6.132692	-11.563992	6.627831	-15.555355	-1.585795	3.400444	-10.161695	0.205969	10.678565	-15.555359	-1.585795	5.087402	-10.161695	5.573944	9.063334	2.636202	6.923894	0.341503	6.127733	4.847023
3326	6	10.021640	1.875644	5.771096	1.660467	6.417531	9.259010	8.602627	1.875649	5.771097	-3.330045	6.417532	7.172606	10.735371	-13.225265	-1.404213	6.366373	-6.384333	9.570063	-1.674860	-0.710739	0.593433	-4.423175	-1.424416	-0.126628	-4.619957	7.988888	6.292828	-12.905682	6.858879	-2.479992	-4.006837	-7.141565	-1.343923	-7.537416	-5.802312	-2.152206
3413	6	-3.521493	6.575506	6.242696	-15.513937	6.225792	-11.779949	7.060372	-13.731826	-2.521629	6.585467	-5.198343	7.144560	-6.049371	-7.691659	-2.518360	-10.025125	0.166790	-11.866967	7.060372	-13.635685	-2.519223	6.585467	0.166696	7.144560	10.552327	0.387790	5.611839	1.016262	5.821443	7.082973	-6.053351	-7.787819	-2.520874	-10.025125	-5.198270	-11.866982
3417	6	7.894250	4.379826	6.786542	-11.623143	7.917384	-2.812857	8.066086	-11.416171	-4.646133	4.223754	-10.890355	7.857015	2.736912	-10.912376	-4.646133	-9.249213	-10.890355	-2.876390	5.282910	-11.416081	-4.646133	-2.379429	-10.890355	4.307652	12.519341	4.379826	6.786542	1.185403	7.917384	7.846607	-2.266782	-6.802956	-4.646133	-11.712498	-10.890282	-8.247260
3422	6	-6.091077	-3.795606	-5.284298	-8.059281	-8.040846	-10.406864	-7.827666	8.596754	6.451431	-14.044898	7.198337	-10.406864	10.161446	3.017888	6.449571	1.808756	6.911644	6.337664	11.350256	-9.370875	-5.328716	7.801496	-9.260068	6.341352	-2.394418	2.617239	0.559935	-8.059297	-4.390748	-10.406766	3.870158	3.469801	6.450704	-7.810973	6.984572	0.966496
3482	6	-5.395479	-11.776616	-2.467110	-8.345432	-11.126529	-11.551100	8.220440	-16.416943	-2.467110	7.357639	-11.126534	0.980973	6.544923	0.930139	6.619648	7.022914	5.360460	0.980973	-6.071398	5.617132	6.704063	-8.684830	5.545413	-11.551101	9.509866	-16.431762	-2.467110	7.381376	-11.126534	6.402100	7.785055	0.879117	6.602154	7.047255	5.347837	6.402099
3489	6	11.475202	-11.625921	-2.251431	4.769103	-10.748584	7.116529	9.136789	1.587658	7.849755	0.573809	5.583042	6.773237	-2.900956	-7.470965	-2.212732	-9.107209	-10.748580	-6.375226	1.080507	1.682516	7.851367	-9.916951	5.631844	-5.441356	-3.849859	5.742727	7.862838	-15.183238	5.879169	-6.380084	2.363643	-11.625449	-2.251431	-5.796173	-10.748584	-4.485105
3510	6	11.194985	0.595028	4.784061	5.719652	7.047298	5.352337	8.590364	-8.063457	0.762775	8.722355	2.856873	5.352337	-0.135294	6.491401	4.840778	-9.332776	7.053559	-7.087334	8.423781	-14.387847	0.257513	8.724074	-0.449541	5.352337	-5.931714	6.524658	4.840779	-10.762303	7.053559	-9.858139	-9.620861	-8.597722	0.259463	-7.375801	-0.449279	-9.858192
3524	6	-5.447780	7.562363	7.721489	-13.665864	4.850935	-12.176628	-6.547321	-7.441697	-3.583024	-10.703359	-10.873845	-12.176628	3.925853	-11.609810	-3.583358	1.012516	-10.877221	-1.809096	8.407718	2.976878	7.721487	3.266734	4.850935	4.693971	3.413693	-0.301639	7.567262	3.072128	4.850449	4.693886	7.313744	-12.027025	-3.583358	6.234356	-10.877221	4.694064
3554	6	7.600526	-14.049615	-3.665001	5.601803	-13.603230	7.901023	10.867738	0.198607	4.807633	1.066743	3.552975	7.879139	-7.450786	-7.718718	-3.664089	-12.077033	-13.603217	-6.084173	-6.359823	6.937969	5.625850	-16.652973	4.510411	-6.084173	-6.273169	4.089180	5.576666	-16.650685	-1.056593	-6.084173	3.550141	4.346615	5.622358	-5.129925	4.510196	2.068475
3612	6	9.727796	-10.645057	-2.802423	8.236250	-4.782572	4.350251	-5.769136	6.072318	5.534064	-14.435653	7.973587	-9.776431	4.570803	-1.509153	0.060787	-2.540597	4.696757	-5.355629	12.355470	3.906540	5.534062	3.445515	7.973587	4.348910	-8.397332	-8.479278	-2.802423	-9.682940	-4.782572	-9.776431	16.099215	-1.509330	0.060783	8.236250	4.696331	4.350251
3625	6	9.198479	-10.121376	-4.811209	7.841667	-8.183266	7.578383	11.992265	0.674806	4.831043	3.812994	5.803160	7.557665	-2.104719	6.783034	4.928926	-8.924856	6.235721	-9.640017	-3.991997	-4.308048	-4.623716	-5.175281	-8.029095	-9.617060	0.221073	-4.416733	-4.648251	2.329377	-8.049870	-3.544896	-2.003322	3.959331	4.856909	-8.620470	0.540368	-9.639802
3635	6	10.471248	-8.758972	2.206649	4.671579	1.961724	6.080756	-4.575666	7.109519	7.181406	-18.461122	6.091027	-11.811034	-5.348910	-9.456489	0.253211	-12.865294	-4.512325	-11.969421	3.982912	-4.521849	3.221813	2.815177	2.972809	-0.390020	10.484504	-15.422958	0.253211	4.815554	-4.564549	6.080860	3.965382	-14.391882	0.253211	3.720404	-4.563646	-0.387638
3708	6	-9.764557	-9.551701	-4.813004	-5.129109	-8.607047	-11.762337	5.532626	-13.418173	-4.898449	3.143319	-8.607047	-0.224857	7.996851	1.615949	5.589988	0.989927	6.425566	-1.041046	10.285595	0.826584	5.350713	5.269028	6.424436	6.323635	7.546257	-14.737831	-4.902343	6.570914	-8.607047	6.326271	-6.138490	7.085751	5.995015	-7.161008	6.426320	-11.792738
3757	6	-5.446822	-7.286013	-3.293859	-9.058098	-8.863715	-10.611190	5.549901	-13.253681	-3.293859	2.925035	-8.863776	-0.235970	2.522320	5.913023	7.202814	-8.698553	6.658672	-5.299467	10.597662	-13.253994	-3.293859	8.233461	-8.863776	5.425869	-2.871643	6.678215	7.202814	-13.789478	6.658672	-10.611189	13.282923	0.635211	7.175118	3.423879	6.657809	5.425869
3766	6	11.734919	-11.088930	-5.440235	3.556045	-12.381346	8.655379	5.218559	-10.395820	-5.440235	-2.397174	-12.381346	5.062064	2.786161	2.610455	6.318367	-8.377698	4.219053	4.955261	-3.787279	-4.543738	-5.342565	-11.468238	-12.381336	-5.189420	-0.567474	1.900632	1.068235	-11.002780	-5.846306	-5.130126	-5.695721	5.141993	6.318368	-17.334236	4.219055	-5.189428
3794	6	11.271128	-15.896474	-4.414964	7.968386	-8.654336	8.147321	5.174215	-12.638546	-4.414964	-4.788805	-8.654336	0.762150	-5.701765	-9.605019	-4.414964	-10.560547	-8.654336	-6.267315	-9.138990	7.354358	6.011176	-17.058761	4.104993	-6.581993	8.014925	2.173362	6.010632	1.470723	4.065988	8.056835	1.887254	6.509447	6.011176	-6.312960	4.104989	4.461829
3803	6	-10.949366	8.361912	4.349629	-15.735792	6.766011	-6.039703	4.362790	-13.833700	-6.708305	6.129034	-5.647960	6.367862	-8.576390	-5.036791	-6.708115	-0.145128	-5.643388	-0.557894	7.172665	2.292100	4.286524	1.011847	6.684105	6.367927	-13.738512	-5.036791	-6.708115	-10.586030	-5.643388	-6.039703	-2.428842	-5.036796	-6.708115	0.348280	-5.643388	4.536652
3842	6	11.938198	-12.048593	-0.687400	6.112094	-10.346762	6.537357	3.599875	-10.745337	-0.687400	-5.537218	-10.346762	-1.826704	-3.928530	5.106934	6.930102	-14.069210	5.622895	-8.128536	-2.786551	-6.621223	-0.687284	-8.589997	-10.346762	-8.128532	2.173428	2.955300	6.928881	-8.492963	5.622830	-1.868490	-5.196980	0.701658	4.204083	-13.323728	-2.344622	-8.128536
3865	6	9.341969	-11.798446	-4.475135	4.735538	-8.783520	3.777162	2.742442	3.491477	5.655640	-10.490830	5.597104	-7.741027	13.308817	2.996058	5.653149	-1.076406	5.533724	2.857093	-7.613906	-8.125785	-4.475135	-9.596371	-8.705660	-11.376420	4.136678	-11.794062	-4.475135	0.394859	-8.783500	-2.044020	-2.607759	6.712566	5.660691	-15.306958	5.746702	-11.543803
3880	6	-2.444333	-10.410720	1.299089	-12.107152	-8.086813	-10.776447	-7.637509	-3.409632	5.832543	-15.011036	1.520137	-12.299396	-2.914935	7.580465	7.773723	-16.157736	7.871614	-11.053749	9.173602	-12.216042	1.299085	6.515686	-8.086818	4.863627	3.833432	-5.129940	5.778743	3.662269	1.513306	4.688688	8.699152	5.775098	7.773517	2.450887	7.871612	4.861091
3884	6	4.572006	2.124895	7.172074	-9.148908	7.060901	-2.088337	10.839155	-10.605367	-5.150165	8.938609	-7.850827	5.951730	7.148825	-10.605367	-5.150165	-2.366342	-7.850827	-1.445686	-1.774120	6.673302	7.192978	-14.164572	7.402288	-7.351247	-3.448449	-6.235579	-5.140662	-7.637751	-7.147896	-7.727057	12.453733	2.123337	7.172006	2.384773	7.060557	5.818269
3911	6	-2.641996	5.093201	5.939392	-7.266834	5.202720	-9.342919	6.123413	-14.498393	-4.866293	2.510146	-10.202484	-0.885745	11.870417	-14.498430	-4.866293	6.332976	-10.202484	4.808668	2.836513	2.780139	5.768678	-5.497553	5.155327	-3.890126	15.409992	2.776624	5.768189	1.991703	5.155185	4.671065	-6.199691	-10.004706	-4.842320	-8.229112	-10.199737	-9.590574
3912	6	7.383105	-13.527799	-5.831346	5.084993	-12.580754	7.271229	-2.986131	-2.864891	-5.261916	-3.802748	-11.008957	2.993561	6.170254	2.054929	5.894432	2.120129	4.526643	7.266614	-8.570758	7.032908	6.053849	-12.571351	5.054238	-1.207526	-7.334804	-2.864742	-5.261820	-9.357713	-11.008866	-1.207515	-4.311314	7.032905	6.053849	-7.587035	5.054238	2.971818
3936	6	-4.929457	-6.481112	-4.227053	-11.044023	-13.151849	-10.552058	5.655868	-12.945303	-4.258791	5.424178	-13.152091	0.833188	9.162502	-12.945303	-4.258791	6.284687	-13.152091	5.598473	3.061237	2.159968	5.425244	-7.858969	4.768663	-4.227561	-1.772840	8.685009	5.455861	-14.360297	4.785773	-5.010888	8.827567	2.159187	5.425210	2.118602	4.768637	0.825691
3947	6	12.158195	-16.052253	-3.455137	7.041610	-10.585763	8.271628	0.185041	-11.301946	-3.455137	-5.143381	-10.585763	-4.468407	11.690154	0.857529	6.111516	0.500463	5.990793	8.214154	3.765264	1.489592	6.703581	-7.951431	6.193835	1.818088	-3.429298	-11.301678	-3.455137	-9.970044	-10.585763	-7.687066	-3.892459	5.619108	6.869082	-16.824380	6.276604	-8.750252
3972	6	-6.830035	-8.062527	-6.805251	-9.913371	-9.679376	-10.989612	10.037933	-13.364409	-6.808485	7.537065	-10.377619	7.074878	1.033318	7.018157	4.212956	-4.376690	5.179898	-8.590243	3.868721	-12.902973	-6.808453	2.131109	-10.368757	0.786351	14.601616	1.769871	4.188946	6.540480	5.022687	7.074878	8.498608	1.769873	4.188946	1.131754	5.022687	0.766164
3980	6	9.647382	-2.763365	5.338734	0.905482	4.536095	5.637884	-5.204396	-8.792420	-4.271033	-10.711490	-8.761519	-9.308566	12.249560	-14.736329	-4.485200	6.505631	-8.911191	6.278814	-8.690083	7.977150	8.402353	-16.343459	7.024570	-9.308631	1.395648	-9.037568	-4.302951	-8.213514	-8.784226	-4.526937	8.763891	1.931116	8.018306	0.872773	6.771247	5.591277
3993	6	7.807489	-16.884192	-5.502958	4.594889	-10.846399	0.177046	-6.823400	-11.947083	-5.502958	-8.979678	-10.846399	-11.078806	8.821752	1.943379	6.311657	1.878952	6.893465	0.173705	9.223393	1.943374	6.311656	3.956305	6.893465	5.162853	-5.916179	6.890635	6.401381	-11.576014	6.949654	-10.583870	8.196833	-16.884236	-5.502958	6.493800	-10.846399	5.160890
4007	6	9.526398	-8.915742	-0.394195	7.277400	-12.704732	5.405233	-3.931633	-4.967014	-0.394063	-7.187014	-12.704404	-10.020531	-3.803155	5.780424	6.822349	-11.937020	5.277563	-11.787987	3.455925	-7.588145	-0.394194	3.224244	-12.704731	-0.661940	-0.025243	0.082791	1.160725	-6.869349	-9.733938	-8.070815	10.294529	1.987373	6.791118	2.508854	5.158576	5.355904
4028	6	10.350767	3.382676	7.173485	2.083965	6.799274	9.033494	8.518838	-14.831921	-3.672240	7.074042	-3.853870	9.289830	-7.623457	-5.264344	-3.663686	-7.651465	-3.661023	-4.746980	8.500715	-2.882645	1.420745	7.074006	3.256353	9.289829	-5.792330	8.334892	7.173650	-12.641552	6.941683	-4.876380	8.727135	3.685133	7.173519	-2.784030	6.825711	6.845624
4067	6	-4.597492	-8.902456	-0.870409	-8.465510	-9.170095	-9.533177	9.024281	-11.541669	-0.870413	8.677837	-9.187167	6.508120	6.502998	-11.504690	-0.870413	2.985276	-9.187081	-0.089464	-2.768445	4.580676	7.745402	-12.224816	5.815216	-9.485905	10.785366	1.940051	7.744304	4.814966	5.688919	6.508192	1.856184	4.262028	7.745371	-7.084031	5.808850	-5.845108
4132	6	-7.137272	-10.191269	-3.777139	-11.513961	-1.853713	-3.897223	12.066987	-13.573337	2.054518	4.161465	3.901599	3.756837	-9.234608	5.492245	7.478772	-17.961438	6.307092	-3.897223	-7.137903	-7.066914	2.054518	-11.518497	3.901600	-3.897223	12.067962	-16.697692	-3.777139	4.166002	-1.853713	3.756840	-8.896525	4.149531	4.920093	-14.693708	0.690869	-3.897223
4178	6	4.935142	-11.528221	-3.187635	2.741871	-9.151025	-0.454065	9.999638	-11.553023	-3.187635	5.509355	-9.151040	4.435237	3.277018	4.113947	7.830395	-7.182469	5.574073	-2.245353	-0.620369	8.179048	7.830395	-10.971981	5.574085	-4.279957	-4.016483	-2.066413	-2.699729	-11.715347	-4.154306	-6.907565	12.798742	0.893626	7.819964	2.800833	5.572257	4.302739
4179	6	3.927500	4.948344	7.832001	-15.859401	7.239778	-6.292947	5.573512	-14.330846	-2.499041	-9.430332	-4.781858	-6.292277	-1.168960	7.620206	7.832014	-20.555372	7.239779	-9.174010	13.423322	-14.338477	-2.499041	2.787661	-4.781858	5.288171	0.535183	-11.494443	-2.499041	-11.574596	-4.781857	-6.980290	8.377323	-14.338454	-2.499041	-2.768444	-4.781858	5.044826
4213	6	10.200547	-1.156369	3.539211	2.900116	7.754501	6.313326	7.671302	-16.664749	-3.218541	5.927227	-9.413789	6.315287	4.737599	-1.060667	3.570247	-3.644908	7.983945	-5.085020	-4.752760	4.031819	5.217156	-17.316433	8.830491	-10.487943	-4.814386	-12.345849	-3.218541	-11.634989	-9.413788	-10.487943	1.979799	-12.560954	-3.218541	-0.707781	-9.413789	-3.351562
4258	6	3.822747	-9.828390	-2.593786	2.260945	-3.297661	0.282379	8.976248	3.083192	5.834597	3.196359	8.077454	6.069363	10.375486	-9.828780	-2.593790	7.352301	-3.297661	6.070996	-8.212031	5.457895	5.939445	-13.246480	8.079433	-11.010094	-6.809499	-7.432176	-2.524575	-9.089126	-3.297661	-11.007593	4.036466	3.083404	5.834615	-2.463658	8.077455	4.138575
4280	6	9.039581	-12.203733	-4.646437	8.254554	-10.479747	9.093156	-4.044054	9.249314	6.890982	-12.289973	5.288640	-7.959073	15.621676	1.599680	2.053156	8.250267	-1.377638	9.109186	9.410916	4.302118	6.890911	5.303412	5.288638	9.096789	-0.195328	-1.597280	1.195121	-7.792866	-7.654913	-5.582661	-4.429808	-7.256802	-4.449795	-7.870646	-10.364546	-8.084465
4319	6	-7.041675	7.301592	7.474595	-15.753376	7.609442	-12.087197	10.396369	-11.361274	-2.143436	6.200221	-4.286773	6.651236	7.383470	-11.356102	-2.143417	5.938634	-4.286773	0.239183	7.688532	3.627998	7.351843	1.911001	7.609413	0.226293	-7.570970	-7.684163	-2.080988	-11.921944	-4.286773	-12.099797	10.759159	3.624603	7.351544	2.195680	7.609412	6.645512
4373	6	8.625770	1.902545	8.401315	4.948273	7.304156	5.090301	8.107080	-14.581747	-2.892801	3.623405	-10.310744	-1.414618	11.254827	-14.581749	-2.892801	7.205683	-10.310744	5.090345	6.032656	-14.581565	-2.892801	-2.016225	-10.310744	-5.552407	5.405239	1.903233	8.401436	0.861362	7.304156	-1.558037	3.248797	1.962199	8.411189	-4.759486	7.304209	-5.700411
4420	6	-9.014241	8.006503	6.836632	-12.644237	6.862238	-12.149347	5.627667	-7.162253	0.645551	6.904089	1.923677	6.046870	-8.872591	-6.783693	-5.029081	-9.823841	-5.719097	-12.137973	5.686309	1.449671	6.807718	4.232897	6.389408	6.049248	5.601988	-13.131012	-5.029081	7.031031	-5.719636	6.045799	4.513822	2.166417	6.835150	-1.697200	6.665809	5.978867
4462	6	9.965462	2.411851	7.960714	2.321106	7.456404	7.301523	10.133190	-9.459936	1.857123	5.895752	3.809504	7.336764	10.135204	-16.092666	-4.526144	6.201680	-7.360380	7.336774	-6.155515	7.055336	7.991956	-7.123931	7.467043	-5.121425	0.341402	-4.730983	1.857782	-3.172981	3.921503	-4.600470	0.455747	-11.450278	-4.526144	-2.557527	-7.360371	-4.478541
4463	6	-11.457111	-5.282251	2.246400	-11.017089	2.748462	-4.647917	7.490568	-7.348141	2.246232	6.216217	2.748458	5.995370	-11.413521	-9.350193	0.333667	-10.887830	-2.708307	-4.647917	8.483066	5.523558	7.884467	4.143286	7.094206	5.995753	-10.429825	7.588631	7.884467	-13.084347	7.094206	-4.647915	7.532063	-11.415166	0.333667	6.340489	-2.708307	5.995402
4474	6	-0.531689	6.940813	6.048651	-13.431484	9.222434	-7.085539	11.969151	-9.294348	-3.738203	5.133146	-2.576994	5.450564	1.115339	-5.742126	-3.738203	-8.520540	-2.576934	-5.024613	7.650515	3.363187	6.048330	-0.575943	9.222351	4.457641	-4.849637	-5.720763	-3.738203	-9.404862	-2.576930	-7.157859	3.443414	-0.821280	2.346247	-7.338890	6.180391	-3.629553
4476	6	12.030084	-14.539951	-3.973802	-1.043098	-5.136967	4.113963	12.205025	-14.543695	-3.973802	4.636428	-5.136967	6.371043	4.564599	4.494714	6.283846	-10.626584	7.308599	-3.258200	11.241126	-14.516331	-3.973802	-3.592435	-5.136967	1.953808	6.376148	-13.492794	-3.973802	-6.980344	-5.136967	-3.258200	8.147306	2.747037	6.281923	-7.240093	7.308108	1.952887
4536	6	10.564843	-13.109170	-3.789477	5.927095	-11.122154	7.585489	8.117196	3.820960	8.262435	-4.973588	6.539415	2.371787	-5.721271	-9.499182	-3.789477	-8.982324	-11.122075	-7.071801	3.154827	5.407639	8.262436	-5.581926	6.553823	-1.283781	0.223236	-9.514326	-3.789477	-6.020657	-11.122076	-2.799053	-3.541207	7.520990	8.262436	-13.709964	6.555533	-6.880752
4558	6	9.608873	-15.608195	-5.842849	4.982654	-11.335246	5.866348	-0.577334	8.266000	5.848097	-14.313762	5.955695	-8.276816	2.658557	-14.076959	-5.842849	-7.215020	-11.335246	-6.372241	-2.557793	-9.534412	-5.842597	-10.733653	-11.335233	-9.767562	4.640982	2.288825	5.817138	-11.507981	5.955523	-5.929828	7.783660	-15.608130	-5.842849	-0.049699	-11.335246	-3.301027
4607	6	-4.663324	7.007632	7.217056	-18.275503	7.014390	-9.129202	7.280613	-0.467108	3.376347	-5.116018	6.632894	1.301884	3.662873	-13.457410	-5.228877	-4.823786	-10.509981	1.300184	14.926251	-0.484752	3.291987	4.090605	6.611916	7.298597	-2.740122	-7.625938	-5.224418	-14.180922	-10.132189	-9.127243	11.031370	-14.328930	-5.228878	4.397275	-10.510073	7.298618
4685	6	13.477668	-12.480579	-5.375580	6.839920	-9.975923	9.023410	-2.803446	7.301786	7.083345	-15.741132	7.492301	-9.871617	3.741957	2.399356	7.068225	-9.402205	7.440587	-1.452111	3.881682	-12.301529	-5.375580	-5.375024	-9.975923	-1.448161	13.356714	2.068702	7.045828	2.832575	7.391255	9.023206	-2.649230	-7.298923	-5.375580	-11.703283	-9.975918	-9.871611
4690	6	9.752142	-13.558860	-4.516783	6.844267	-12.498590	6.377621	-3.312540	-7.610209	-4.516783	2.461509	-12.495199	-4.425041	-11.212936	8.201536	7.417024	-6.008497	5.529768	-9.317036	-6.315161	-1.767432	-4.513284	-2.878203	-9.513006	-9.314578	-2.169567	-1.767609	-4.513286	2.911860	-9.513281	-4.418784	6.009661	2.281372	7.398537	3.758716	5.487284	6.377381
4700	6	-1.633905	-10.186828	-2.924649	-9.205696	-10.470412	-8.870186	8.739964	-16.709781	-2.924785	1.929928	-10.470412	-0.859835	-4.135741	7.298389	8.906905	-14.525530	5.972131	-10.777456	9.636109	-16.709781	-2.924785	7.377050	-10.470412	5.606804	-3.049110	1.174426	7.013833	-14.512890	-0.230138	-9.998913	8.717231	0.727271	8.765188	2.154145	5.972072	5.531743
4720	6	-0.465147	7.526067	5.516608	-10.849297	6.991843	-2.650015	-4.310169	-3.843390	-5.338126	-11.905288	-7.472226	-9.069453	8.600150	-9.572253	-5.338172	4.767026	-7.499326	7.342537	11.175487	1.802374	5.471560	2.949640	6.968962	7.342129	2.754670	-0.788985	0.980933	-7.883140	2.040526	-2.644559	2.292991	-1.088251	-5.239133	-7.815506	-5.192833	-2.644559
4762	6	7.231236	-14.591431	0.156181	5.955026	-10.873202	-0.572940	-3.855809	-8.534002	0.156228	-1.926471	-10.873198	-10.165804	10.835629	2.764834	9.071049	4.718340	6.291872	5.200205	7.501661	2.764835	9.071049	2.214871	6.291872	-0.573107	-5.108308	8.825780	9.071202	-5.669227	6.295493	-10.198547	10.276296	-14.591433	0.156181	8.458081	-10.873202	5.200205
4803	6	7.729599	-10.000389	-2.115921	6.385333	-9.398482	5.765047	10.688892	2.958965	6.468619	4.247914	6.191748	5.765048	1.755262	6.713710	6.468690	-9.301658	6.488276	-5.549755	-2.482045	6.923975	6.468690	-10.745239	6.491872	-7.888627	-5.470354	-6.035416	-2.098427	-8.615919	-9.026610	-7.891877	3.316385	3.998469	6.468682	-2.366822	6.348224	-0.412519
4807	6	7.011182	-15.666145	-5.394412	6.501893	-6.044656	0.749456	10.194315	0.639251	5.298400	3.480803	5.592722	0.525347	7.011941	-15.666145	-5.394412	6.610794	-6.044656	6.443316	-6.383828	-9.245932	-5.394412	-0.933505	-6.042823	-7.248869	-10.333711	7.157509	6.641486	-11.116901	6.501586	-10.238915	10.204200	0.639251	5.298400	3.674355	5.592722	6.258731
4835	6	-6.965678	-5.228173	4.990765	-17.794471	0.178856	-9.425029	8.942828	-17.115109	-0.485708	5.496409	-8.177168	7.406370	-5.357486	-11.291736	-0.485708	-11.888175	-8.177167	-9.236414	5.270100	-16.245541	-0.485708	-6.560371	-8.177168	-1.521024	5.860485	-10.477592	4.988973	-0.408277	0.178672	5.651106	-4.539755	3.392692	7.937256	-18.172812	4.579487	-9.077712
4850	6	-4.046316	7.289319	4.978132	-12.705796	9.060325	-10.356560	1.394714	-11.557719	-5.408910	-5.042873	-9.662086	-5.224555	11.156539	-12.342115	-5.408910	5.916716	-9.676123	6.165624	10.872463	1.617282	4.963207	3.388081	8.639411	6.140656	1.109728	2.879987	4.978053	-7.623112	8.874338	-5.705782	-3.782497	-6.876450	-5.408910	-10.110925	-9.015980	-10.355538
4858	6	-3.003451	6.950709	7.599064	-11.345822	8.289695	-11.189817	-2.408741	-8.770585	-4.289915	-7.723646	-9.258689	-11.050552	2.919712	-10.362722	-4.289915	-1.457746	-9.389122	-4.267902	8.341436	1.224711	7.443873	1.714570	7.840585	5.516210	9.674631	-14.117431	-4.289915	5.234824	-9.453422	5.537463	4.211190	-12.976050	-4.289915	1.313642	-9.447087	-0.868321
4872	6	9.887664	2.590844	8.035670	-7.644965	7.398483	5.594613	4.053946	2.653597	8.036227	-11.044749	7.398729	-0.148577	-2.462375	6.320781	8.042336	-20.734505	7.400027	-4.754458	-4.792665	-6.923014	-2.957383	-14.219794	-4.578844	-4.754486	8.508672	-10.641141	-2.975279	-1.065722	-4.578845	5.698218	11.027893	-10.641141	-2.975279	5.469645	-4.578845	7.631484
4907	6	-5.621863	4.195422	8.463821	-16.088346	6.848680	-3.975218	8.874630	-14.956042	-3.464053	7.337094	-6.693604	8.217197	3.122052	1.995962	8.326483	-5.120370	6.671595	4.925256	4.890378	-1.373980	7.258710	1.029135	2.745498	8.180339	3.290375	-11.467056	-3.401169	-3.651946	-6.693582	0.451653	-5.571744	-8.885547	-3.099549	-9.860355	-6.693219	-3.975218
4913	6	-0.797783	7.167545	8.648136	-16.528432	5.892420	-6.719020	3.587986	-12.577053	-2.549674	-6.731306	-11.519608	-4.968308	4.885503	5.572082	8.648136	-9.989340	5.892420	-4.968290	9.098940	-12.727868	-2.549674	4.967014	-11.519608	1.998162	-2.059617	-11.120306	-2.549674	-13.220765	-11.519608	-10.447570	10.338602	5.560840	8.648136	1.628656	5.892420	1.998026
4922	6	8.641992	-17.792661	-6.020606	5.301865	-5.597374	6.570348	5.748015	-17.535912	-6.020606	4.015651	-5.597374	0.137168	7.540931	0.750117	5.003122	1.167749	7.562028	0.132443	10.391864	0.726598	4.999936	2.639648	7.561953	6.569764	-9.788199	-11.634033	-6.020575	-9.234561	-5.597374	-11.442182	-6.978468	6.893683	5.102859	-12.110255	7.563176	-11.461967
4935	6	-5.749409	-8.209525	-4.203803	-4.475708	-3.344634	-11.906788	3.784732	-14.124977	-4.203803	3.860363	-3.344634	-2.162394	8.022725	1.501187	4.461748	1.875931	7.253892	-2.014625	14.272209	1.501181	4.461746	5.374882	7.253891	4.377311	-1.353077	7.978432	4.566270	-6.300448	7.258086	-10.639888	9.929739	-14.652536	-4.203803	7.128227	-3.344634	4.399747
4957	6	4.631266	-14.380253	-8.994455	5.996687	-6.447828	-0.630821	0.646297	4.230868	2.872521	3.669811	7.932789	-4.529309	-5.904216	4.249951	2.872541	-1.660167	7.933551	-9.387895	9.664949	-14.429351	-8.994479	8.904227	-6.448026	5.035976	6.679756	-0.750211	2.807849	6.764722	6.786461	5.035976	-3.975731	-9.476542	-8.973864	-4.937831	-6.286047	-9.483038
4971	6	-1.836144	6.554124	6.576887	-13.734948	7.662753	-7.235803	8.255655	-11.030430	-4.734764	5.426984	-6.230412	7.499537	-4.616950	-9.472005	-4.734764	-10.970811	-6.156713	-10.391357	11.034279	4.995738	6.576710	1.297096	7.652791	7.082468	8.426437	4.995738	6.576710	-4.275861	7.652791	3.215827	3.548161	5.035803	6.576725	-10.326139	7.653203	-2.290361
4984	6	4.820986	2.645856	7.981926	-2.446006	5.103163	5.492672	8.620413	-14.393277	-1.772272	5.654305	-12.666604	8.427626	-8.579409	7.077286	8.019209	-13.601694	5.103490	-1.672001	-8.277917	0.435208	6.813724	-13.600732	-1.383890	-1.672001	-9.549122	-9.886189	-1.772239	-9.281490	-12.666603	-1.671987	9.579212	2.563328	7.977469	1.266770	5.103123	8.047993
5037	6	-5.619561	-7.787407	-9.214057	-7.266345	-10.817831	-9.879580	3.500351	-11.401270	-9.225173	3.297295	-11.089740	-1.517711	-3.206136	5.050924	3.674797	-7.228097	6.262767	-9.879181	9.701755	-11.401271	-9.225173	4.489095	-11.089740	4.642218	12.340631	1.294946	3.569057	4.474496	5.760419	4.642216	6.285251	1.294946	3.569057	3.396191	5.760419	-1.410431
5076	6	1.998316	-14.886905	-2.862466	-3.909060	-10.290363	-8.558018	1.090207	0.813203	6.505323	-7.600339	6.384486	-9.899006	-4.274642	-9.288006	-2.862466	-6.882648	-10.290363	-13.358777	8.524073	-14.928460	-2.862466	4.977373	-10.290363	5.432340	-3.475544	6.009566	6.505630	-10.197568	6.384638	-13.339087	6.437468	0.369644	6.503689	1.414191	6.383671	5.319187
5089	6	-10.501158	-7.755591	-6.391130	-12.309547	-7.679396	-8.797097	-6.200861	6.742402	4.241599	-12.761592	5.273900	-8.797097	6.073371	-11.960373	-6.391130	3.934799	-7.746786	0.807457	11.018148	2.418592	4.240622	4.546142	4.984194	5.197902	6.774113	-11.960375	-6.391130	4.999251	-7.746786	5.198089	10.313931	2.418592	4.240622	3.466571	4.984194	0.803008
5148	6	-3.954534	-10.679428	-7.237223	-10.794161	-11.814059	-7.207204	8.105566	-15.978120	-7.237388	6.477562	-11.828418	6.263200	3.384222	-14.863096	-7.237387	-2.760899	-11.827979	-2.549239	7.492194	-15.978120	-7.237388	4.992573	-11.828418	0.556327	0.841305	4.941177	5.944135	-13.269421	4.150419	-4.075261	-4.029327	4.942322	5.944137	-14.852846	4.150506	-7.207314
5155	6	4.888991	-0.078642	5.153656	0.306682	6.715402	1.662203	8.729145	-13.378595	-4.554114	5.042178	-10.546649	1.690294	-4.407958	6.295966	5.241461	-14.450571	7.308806	-7.068812	11.125592	-13.378675	-4.554114	6.115611	-10.546650	4.988457	-1.481225	-6.793636	-4.554114	-8.070180	-9.594304	-6.876220	7.465646	-0.327449	5.007528	1.644673	6.521756	4.988203
5192	6	12.545171	-12.752994	-6.025665	5.229444	-5.307714	8.712944	-1.552013	-9.934229	-6.025665	-3.743617	-5.307714	-6.414354	3.008640	3.649604	4.014539	-3.830229	6.257579	-4.371713	2.364690	-12.750930	-6.025665	-3.545426	-5.307714	-4.822144	13.266703	3.649383	4.014539	4.922450	6.257579	8.712937	-0.858747	6.396665	4.014539	-3.912269	6.257586	-6.380562
5198	6	10.192487	-6.934119	-5.419434	5.059353	-10.203675	5.477038	-4.143364	-3.995684	-5.406423	-11.312440	-10.200935	-10.813619	2.415574	-0.304523	0.724075	-5.224219	-7.954009	-3.237157	-6.197516	9.316686	6.257238	-14.809686	6.520061	-10.846166	9.868106	6.379104	6.257238	1.562050	6.520047	5.170286	-0.484709	2.632762	1.186103	-11.309639	-4.742670	-10.746819
5261	6	-5.456772	-7.221801	-1.855158	-11.821458	-10.600354	-12.247108	-2.459263	6.706453	6.743152	-14.227730	7.283553	-12.145239	-0.524419	1.892133	3.033536	-10.690519	-3.769732	-8.368202	8.638871	-12.258525	-1.855159	5.026367	-10.624881	6.564803	3.530656	4.885227	6.743152	-2.326747	7.283242	-5.082604	3.035096	5.213123	6.743152	-8.305417	7.283366	-5.443525
5301	6	10.771414	-14.787480	-1.834698	5.499433	-10.190665	8.230226	0.830582	-9.390241	-1.834698	-4.205126	-10.021963	-4.061171	-5.767739	-9.209496	-1.834698	-8.347982	-10.000392	-9.045578	-4.590486	6.426345	7.362970	-13.818006	6.493939	-9.045564	1.566690	-10.618495	-1.834698	-0.781469	-10.118545	-3.422412	1.975795	3.518603	7.358155	-10.262181	6.383434	-4.029705
5310	6	-3.015899	8.059665	6.934805	-12.520473	6.169863	-11.253205	3.671711	-8.608064	-1.834092	3.846602	-8.423012	-1.074494	10.241578	-8.856905	-1.834092	6.972203	-8.423012	5.266008	-4.166034	-6.196308	-1.834089	-8.486717	-8.423012	-11.627962	7.090749	5.399322	6.934707	-2.210489	6.169863	4.828396	11.387505	5.399092	6.934707	2.938088	6.169863	5.268674
5354	6	-8.178754	-5.292900	-4.995103	-9.911997	-0.980645	-9.099647	-8.484874	6.458968	4.694928	-11.850870	8.597764	-9.100575	4.283833	3.234463	4.694906	4.536376	8.597760	-1.227785	3.458774	-8.252901	-4.995112	6.269342	-0.980657	-1.383449	10.309833	3.167382	4.694900	6.387023	8.597759	4.458324	9.489476	-8.583863	-4.995112	8.325523	-0.980657	4.454914
5387	6	8.137921	1.376261	6.459663	1.093399	8.852456	6.385310	6.440462	-10.285804	0.677171	7.122117	1.104962	6.369852	-5.947169	7.679887	6.598119	-15.771331	8.989695	-7.602560	-7.796088	-4.187665	0.677340	-9.736153	1.105100	-7.776237	-7.796060	-6.049230	-0.316911	-9.736153	-2.023432	-7.776235	6.440493	-12.011724	-0.316913	7.122118	-2.023434	6.369853
5445	6	2.674464	-11.227375	-2.252862	-4.082569	-14.201454	-3.848961	10.006136	-15.208739	-2.256265	4.959864	-14.224792	0.360728	14.029349	-15.208739	-2.256265	6.807416	-14.224792	6.064961	-5.354819	7.744718	6.974516	-12.692468	4.734536	-7.844939	6.535813	0.815089	5.793077	2.252511	3.633689	0.163709	10.854033	0.815041	5.793046	4.294802	3.633662	6.018109
5484	6	10.925935	6.373090	6.030466	2.703538	6.218287	8.604671	-3.980067	-6.656525	-1.045656	-8.321707	-7.975336	-8.792215	12.467018	-7.587818	-1.045656	6.758637	-7.975337	8.606299	-6.113433	7.304359	6.030466	-12.372350	6.218287	-8.792215	8.850587	6.373091	6.030466	-2.435232	6.218287	2.484011	5.546660	-7.586409	-1.045656	-2.624532	-7.975337	-2.841419
5541	6	3.898751	-10.291042	-3.840424	-5.764148	-10.983165	-1.636109	5.878179	-1.669194	6.170025	4.993169	3.697136	6.828213	5.929770	-12.224203	-3.898643	6.700125	-11.015332	6.838274	-1.987101	-6.915704	-3.255985	-12.009201	-10.627201	-7.642231	5.133183	1.470752	8.047213	-8.527241	5.044709	-3.021577	4.426861	0.158204	7.481617	-8.233430	4.658476	-2.932476
5561	6	11.077815	2.897200	7.104280	1.610363	8.504457	0.526127	12.794221	2.897147	7.104279	1.611878	8.504454	6.628875	-4.650904	7.117101	7.110397	-11.353536	8.526569	-5.569662	10.332501	-14.772098	1.314433	6.613328	-6.524037	0.597672	11.768897	-14.772238	1.314433	6.614160	-6.524037	6.691685	-6.004946	-10.552128	1.314433	-6.583549	-6.524037	-5.788078
5572	6	9.358524	-14.216391	-3.836180	7.040910	-12.329383	6.509480	14.391977	2.295282	6.537934	4.150769	4.897124	6.509992	10.032532	2.295282	6.537934	4.116172	4.897124	0.257086	-3.370708	6.354768	6.545828	-10.140157	4.898475	-8.157927	-8.421729	-8.053315	-3.836156	-7.245437	-12.318201	-11.300697	4.931622	-14.216391	-3.836180	7.004356	-12.329383	0.243704
5585	6	1.347219	-0.948404	-1.126854	-8.516280	-3.114603	-6.893732	3.484170	5.032695	5.163184	-8.474040	6.578363	-4.058753	8.484869	-9.931364	-6.401276	6.658968	-8.505766	6.314253	12.954913	5.022833	5.163184	4.852680	6.578301	6.314257	-1.729203	-0.563394	-1.126849	-11.368736	-3.015836	-10.221973	2.347324	-0.603681	0.236756	-7.333487	1.529680	-4.874617
5611	6	6.297556	-13.198917	-6.176165	5.830822	-7.150561	6.779367	6.287042	1.007592	4.015204	-2.858621	6.250033	5.201383	-4.541532	4.001441	4.016002	-14.831856	6.302515	-8.574205	-10.074302	-10.173043	-2.326855	-12.391576	-1.225218	-9.502549	8.875034	0.200492	4.008567	3.228622	5.873765	6.804395	6.297485	-13.177785	-2.326857	5.743796	-1.225218	6.778889
5643	6	7.841011	-12.787262	-5.407561	8.165406	-11.812057	6.790853	-8.395669	-8.963176	-5.407441	-5.145282	-11.812057	-8.503529	-1.523734	-9.091601	-5.407460	0.634999	-11.812057	-4.174714	8.115008	2.568460	6.676050	2.924040	5.797413	6.786376	6.332333	3.056400	6.722043	-2.836864	5.810422	3.890687	-8.149523	6.445152	6.770818	-10.386725	5.814986	-8.630900
5670	6	-7.560423	7.640696	7.606435	-15.173816	6.695763	-7.547297	7.975279	-11.833158	-2.541560	6.680682	-6.853159	6.091357	4.871387	-11.481556	-2.541559	3.933080	-6.852038	-0.092061	-5.722304	-1.403632	0.657389	-11.260105	-3.994173	-7.547297	9.719160	2.766933	7.606090	2.758045	6.438835	6.091328	-9.143450	-6.958357	-2.541364	-11.260106	-6.742894	-7.547297
5677	6	-9.508567	7.687322	6.653594	-15.497753	8.158565	-9.048797	6.505039	-8.297393	1.876637	5.638712	-8.964641	7.024569	7.044247	1.571591	6.172378	1.497331	8.151389	7.007922	5.712873	-8.296195	1.876690	1.774389	-8.964581	0.404790	7.142927	-3.882394	3.309287	1.692336	4.607041	0.402697	7.935949	-3.882421	3.309274	5.560438	4.606907	7.024569
5733	6	8.848222	-12.418004	-3.169580	7.501585	-11.175550	7.901525	0.214016	1.969383	2.044954	-10.209990	-5.914582	-5.159636	-6.203662	7.212153	8.642814	-14.175951	7.023326	-5.236548	3.564480	2.385977	8.613961	-4.962965	6.774165	2.195195	-6.276587	-6.936140	-3.169570	-9.603539	-10.754117	-5.236548	8.916421	1.719605	8.531198	2.975614	6.642065	7.901168
5736	6	3.708799	5.013509	6.430291	-0.871719	6.205940	-6.559340	9.852797	-10.897562	-3.722961	3.653567	-8.531212	-0.010720	11.737112	5.010325	6.430291	3.272026	6.205931	6.378559	12.413362	-10.897562	-3.722961	6.943686	-8.531212	6.378633	-4.821951	8.095008	6.430296	-8.892079	6.208130	-11.116586	-4.145653	-7.813141	-3.722961	-4.736144	-8.530248	-11.116586
5738	6	8.642879	-17.981508	-4.246045	7.602651	-6.589465	7.016032	7.622831	1.256461	7.437635	1.159170	8.611415	6.906001	-7.609853	6.349106	7.438941	-15.682608	8.721675	-6.987729	3.743050	4.135038	7.438940	-5.252619	8.719649	4.329386	8.617958	-6.710948	1.978788	4.341992	3.474402	7.016015	-7.393627	-12.389115	-4.246045	-9.242324	-6.589463	-6.987490
5761	6	8.661921	-6.456460	-5.469289	5.454071	-14.183942	9.349271	3.981963	7.844162	6.493934	-4.928780	3.123453	6.470958	14.920012	2.819399	1.146738	5.370670	-5.615807	9.349282	10.668528	6.803390	6.493934	1.128806	3.123453	9.235451	-3.454161	5.569258	1.146869	-12.968117	-5.615535	-7.446608	-7.691928	9.564249	6.493934	-17.119904	3.123453	-7.499622
5786	6	12.370861	-11.186928	-4.809207	6.803183	-5.994280	6.509137	-2.133638	-7.959192	-4.809206	-7.331784	-5.994280	-5.307794	4.994446	4.175629	6.546134	-5.958494	6.895464	3.111848	-5.080439	7.403132	6.546975	-15.141044	6.895464	-5.308379	1.501850	1.736815	4.904009	-10.901383	1.172674	-2.245225	-2.908747	1.770675	4.913403	-13.711962	1.173092	-5.308311
5795	6	1.865316	-9.665669	0.271753	-2.054492	-1.557366	-8.399950	7.504711	-14.755381	0.271753	2.801144	-1.557366	0.967599	8.779257	-14.755396	0.271753	8.341633	-1.557366	5.981089	-3.878719	-8.750147	0.271753	-5.614805	-1.557366	-11.648166	2.702342	2.936210	6.266217	-7.280999	6.738886	-5.950239	-3.053784	6.219865	6.269903	-10.968525	6.738889	-11.648166
5827	6	-7.239040	7.028720	7.985791	-16.231511	4.822950	-12.340853	-1.268569	-6.824525	0.354210	-10.589106	-3.513380	-12.334974	9.814972	-13.211554	0.354210	4.076016	-3.513388	5.713995	0.288747	3.709576	6.637500	-11.110489	0.490267	-11.957737	-6.266107	5.308292	6.637516	-15.734864	0.490267	-12.340853	-0.704698	6.700558	7.985791	-14.341861	4.822950	-12.313005
5842	6	-6.067076	9.171805	7.464011	-11.680323	7.084728	-7.380946	9.778986	6.259090	7.464011	2.431904	7.084723	6.540404	12.723227	2.014363	2.419901	6.591776	-3.211512	6.544599	-3.297818	4.935533	2.426278	-7.520353	-3.169123	-6.465844	9.572363	-9.441997	-3.790631	6.603593	-8.453317	6.539670	-6.450671	-6.486656	-3.301922	-7.508711	-8.453283	-7.434748
5863	6	-0.439095	4.401437	2.312663	-9.874479	-2.643164	-8.253867	-5.829652	-6.153937	-3.663649	-10.155095	-11.970354	-9.609875	-5.308372	6.640006	8.697926	-15.589117	5.692758	-9.609879	3.797085	-8.655551	-3.663650	1.605474	-11.976610	-1.215704	9.963401	-9.832141	-3.663650	8.206250	-11.976772	4.699408	10.402380	2.961393	8.694753	2.768809	5.644554	4.657465
5864	6	-11.313990	-5.882111	-5.500210	-11.807094	-11.933663	-10.632569	0.484730	2.728599	0.359368	-11.198809	-3.043195	-10.250261	-7.919153	9.402445	6.206983	-14.833787	6.836046	-10.632569	3.483377	-11.512969	-5.500210	2.780084	-11.933808	0.091435	9.277641	3.764202	6.206871	3.797995	6.833293	6.047388	6.413015	-11.520352	-5.500210	6.938985	-11.933808	6.047363
6094	6	10.468086	-14.972954	-2.705731	8.110978	-5.777216	6.481313	4.390821	-14.972944	-2.705731	-4.069499	-5.777216	0.948374	4.624012	2.182583	7.157083	-10.423652	7.071541	0.948606	10.585379	2.182578	7.157083	1.756104	7.071541	6.479966	-1.728534	-10.618097	-2.705731	-7.684966	-5.777216	-5.306603	-1.065101	6.521090	7.159242	-13.810697	7.078579	-5.216651
6111	6	-7.826210	6.688847	5.406488	-15.948184	6.671353	-10.753843	10.340698	5.483385	5.406423	2.271981	6.671353	7.030172	12.655043	-4.304323	-2.404476	6.224270	0.021117	7.056705	12.611551	-10.578309	-6.724275	6.224270	-9.043748	7.056695	3.677391	5.483394	5.406423	-10.112920	6.671353	0.377609	-5.555072	-9.372854	-6.724273	-11.995531	-9.036342	-10.341354
6118	6	11.136577	2.461410	4.982561	0.560169	6.236994	8.506034	12.725318	-15.562917	-2.026361	6.106952	-8.554499	8.507760	-3.136159	8.507528	4.983677	-15.056524	6.374468	-6.814546	5.086315	-14.318212	-2.026361	-3.807444	-8.553624	-2.475763	2.677222	5.422547	4.983584	-9.848402	6.357860	-2.999334	12.414507	-9.154387	3.560583	3.011557	2.618073	8.507569
6125	6	8.024146	-16.477171	-1.534346	7.202173	-8.990552	6.594738	-8.776340	-10.188786	-1.534346	-7.718597	-8.990551	-7.871150	-7.608080	7.197199	8.528744	-12.256637	5.793119	-7.871150	8.190542	0.893808	8.527642	3.007731	5.016690	6.594711	7.526590	-5.615760	4.736935	4.045201	3.455692	6.594738	-3.687580	0.381996	2.248624	-7.723785	-7.997204	-7.871150
6172	6	7.323754	-12.133728	-4.950659	6.088889	-6.961867	9.217118	6.621694	-12.125820	-4.950461	-4.308669	-6.961837	-0.878942	-5.801045	6.338526	6.701852	-15.128174	5.833363	-7.292900	-6.046188	-10.284361	-4.859514	-9.403866	-6.947777	-7.294030	6.287152	4.498382	6.664948	-6.019607	5.753131	4.235758	3.865407	4.604244	6.668528	-10.233882	5.760801	-0.878944
6193	6	-8.249973	-7.615200	1.056684	-11.325534	-0.579798	-8.438037	-8.856861	5.735332	6.761655	-17.887588	6.217755	-8.438037	7.499088	-8.100572	1.399234	6.787121	3.203599	5.129379	7.865998	-13.661140	1.056684	6.787258	-0.579798	5.129380	4.917526	-13.661114	1.056684	3.516048	-0.579798	0.699611	4.474327	-8.100445	1.399234	3.495405	3.203599	0.693405
6195	6	-5.971298	6.614843	7.235568	-12.849199	6.357352	-12.253702	-3.645781	-1.758448	0.130831	-9.992877	-7.161808	-11.465387	9.816882	-7.319172	-3.234967	5.731361	-7.837349	5.814920	6.918048	2.583327	7.202016	3.073793	6.354072	5.690139	-2.653341	2.149090	0.669900	-9.103594	-4.056418	-10.802218	5.799188	-0.405671	6.975935	3.251017	5.324151	5.611870
6217	6	-1.739072	-10.294998	-5.002900	5.050416	-8.718767	-7.259025	7.440564	-13.633398	-5.002901	8.944429	-8.718768	3.866780	-0.625827	6.601658	8.116173	-7.011825	6.623970	-11.388628	11.481979	3.257770	8.116028	3.295095	6.623836	3.837853	5.730767	3.425188	8.116071	-6.668685	6.623903	-0.278233	3.417419	4.985299	8.116169	-6.676274	6.623970	-6.425837
6242	6	11.452314	-14.793664	-4.364258	6.633273	-9.650446	9.376887	6.195959	0.469770	5.544043	4.333718	5.017360	9.376309	-11.030484	6.841078	7.135244	-13.173707	5.028103	-4.158974	1.758880	-9.007292	-4.364258	-3.886683	-9.650446	-1.801391	3.088363	2.742108	7.108037	-3.599191	5.028082	3.647734	-3.616585	-8.421562	-4.364258	-8.535474	-9.650446	-4.158899
6269	6	-1.781647	-4.717872	-3.869869	-4.924830	-9.380242	-10.373240	14.533734	-13.347379	-3.982877	7.192618	-9.412168	5.847081	6.677267	-13.346002	-3.982877	-2.045873	-9.412168	-4.912248	-6.502566	6.614869	8.035990	-12.684985	7.592728	-10.543921	7.827907	-13.347323	-3.982877	0.305162	-9.412168	-0.584669	9.166077	-0.042235	7.960538	0.633200	5.551052	5.793615
6270	6	-7.119677	7.091976	8.249865	-17.129099	6.574018	-9.947795	14.575575	4.065978	1.665524	6.255062	-2.124279	6.194679	9.686956	-11.611297	-4.638350	6.266661	-9.192401	6.194678	-8.109497	-10.342700	-4.594900	-10.854516	-9.192378	-9.947795	-3.231310	5.358004	1.725344	-10.866367	-2.053591	-9.946979	4.386231	4.288296	1.679725	-5.608360	-2.107383	-3.689621
6275	6	9.567045	-17.475420	-4.946958	2.959556	-9.422271	0.011742	-4.652015	-5.238357	-0.224652	-7.634974	4.270395	-9.262651	-4.650308	-11.351850	-4.946958	-7.634720	-9.422270	-9.262353	12.186643	-17.475453	-4.946958	6.038118	-9.422271	5.923458	-7.369864	5.894324	4.932557	-10.593926	7.806659	-9.495646	1.867387	5.478840	4.932542	-1.865478	7.806658	-5.842102
6277	6	-6.671677	-8.781108	-5.783257	-6.817631	-10.418410	-7.270799	8.201548	3.638586	6.787933	4.985331	5.827656	8.365223	-8.020507	2.436865	4.681252	-9.037194	0.696304	-7.270806	9.485840	-13.887744	-5.783257	8.936883	-10.418410	8.365224	-7.987146	8.745223	6.787960	-10.769190	5.827916	-7.270806	5.660354	3.638596	6.787933	-0.736803	5.827656	5.158889
6295	6	8.200981	2.946032	5.840508	0.283212	0.407804	6.121691	-6.316984	5.029301	5.840919	-14.921877	0.410400	-10.877886	-6.317277	7.049657	7.606304	-14.935502	5.140322	-10.877907	9.429603	-10.051920	0.158381	6.882419	-11.891297	7.044003	-5.651722	-7.985555	0.158381	-8.381732	-11.880031	-10.686400	8.191071	4.973545	7.606303	0.266911	5.140179	6.114017
6390	6	4.656757	2.818869	5.952695	-2.706401	8.950191	4.329017	8.068837	-8.760526	-6.493770	6.785672	-4.338923	7.784038	-8.588861	-4.189289	-6.493768	-8.427330	-4.338920	-6.686905	8.386876	2.754861	5.952104	1.831244	8.950135	7.784055	-8.048476	7.279373	5.955077	-13.328808	8.950418	-6.686762	-2.156418	1.116475	-0.934934	-8.427142	-1.935322	-5.965705
6441	6	11.098961	-16.347391	-4.385356	8.095039	-5.780252	6.788064	6.366641	-15.964630	-4.385356	-2.918531	-5.780252	0.829953	5.955247	-15.728378	-4.385356	-3.128455	-5.780252	-5.017383	1.161786	7.361582	5.841748	-11.163231	6.162312	-5.108853	1.215775	7.346821	5.841748	-10.966284	6.162312	0.800954	-2.870120	-10.309630	-4.385356	-7.319846	-5.780252	-11.960393
6470	6	9.733109	-10.719420	-5.219145	7.803632	-12.312532	7.781159	-9.004578	6.183102	7.336903	-7.895016	5.836761	-11.485973	3.571358	-1.585589	0.697629	-3.264720	-9.184008	-4.992610	8.142426	-0.043491	7.334910	6.859918	5.749711	7.781159	-2.695816	1.256605	0.730618	-6.643159	-6.847017	-11.485850	1.522254	5.884280	7.336903	2.067315	5.836761	-1.709292
6568	6	-6.174780	7.501182	6.535761	-17.098619	5.943846	-16.554076	4.461738	-13.132872	-0.021603	2.717225	-6.783456	-4.696557	8.408690	-2.380703	5.535040	2.447921	3.557182	1.713457	-8.262982	-10.382233	-0.021603	-12.060884	-6.783455	-16.556746	10.031579	-14.429002	-0.021603	6.922270	-6.783456	1.714146	12.107955	3.420881	6.535744	1.821843	5.943809	1.708941
6578	6	4.511860	-15.245921	-2.888200	7.993943	-5.080137	-1.195734	3.294665	3.985536	8.668507	0.838603	7.941264	-1.468363	-6.290402	6.918962	8.669274	-12.691750	7.941264	-13.756017	7.186169	-15.337104	-2.888200	8.018132	-5.080137	5.076132	-5.852667	-10.098133	-2.888200	-5.607911	-5.080137	-13.693018	6.197683	1.524659	8.546606	0.943111	7.941260	4.868203
6608	6	-4.628052	-8.990087	-2.869470	-10.310782	-8.531578	-10.971077	1.368383	-9.989793	-2.869470	-9.116903	-8.611690	-7.149534	-7.635798	6.110156	8.489893	-14.113024	7.305205	-12.065691	15.327566	0.115288	4.716122	3.468833	5.441737	5.266808	13.738405	-14.808061	-2.869471	6.317471	-8.693567	5.266730	6.765177	-13.662115	-2.869471	0.649233	-8.689815	-2.055185
6633	6	-11.597078	7.215628	7.146838	-13.677821	8.508522	-11.078447	-12.603908	-2.814930	4.241093	-10.886196	-1.906393	-11.078397	6.402278	3.166123	7.146837	3.916577	8.508520	7.519187	4.277255	-1.596924	4.889887	-1.927370	4.402046	4.377746	5.563817	-1.596951	4.889884	4.606186	4.402041	7.521398	2.328403	-6.802040	4.240910	6.705963	-1.906748	7.460446
6663	6	-4.806099	-6.247186	-7.215876	-13.336826	-12.838440	-9.770544	5.770254	-8.730194	-7.215886	-7.422215	-12.919970	0.926026	10.987724	-8.732095	-7.215886	4.561116	-12.919977	6.873645	3.987544	4.473756	4.995881	-11.229607	3.306821	-4.931718	8.638040	4.399091	4.995881	-11.107344	3.306740	0.448047	-2.500008	6.884020	4.995883	-16.911545	3.307542	-9.779592
6667	6	9.674281	-16.077252	-1.568251	-4.283116	-7.687827	0.017510	12.886414	-16.077252	-1.568251	7.554853	-7.687827	4.597615	-2.078791	-9.616204	-1.568250	-10.165900	-7.687827	-6.691228	7.583530	0.448731	7.484564	-8.270322	5.501561	-1.325482	4.448515	0.980956	7.668076	-8.402148	6.546811	-5.906651	13.138844	0.448622	7.484506	3.604335	5.501240	4.400592
6677	6	8.180690	-13.428976	-5.815378	8.842127	-12.439159	5.912478	3.037322	-13.428838	-5.815378	5.474549	-12.439159	-0.694853	-2.821790	8.267230	5.544104	-10.411434	5.153564	-12.535711	11.408482	3.644441	5.544101	2.366227	5.153492	5.871571	-4.213822	-3.084973	-5.815246	-4.007431	-12.429861	-12.111919	-0.491681	-3.335797	-5.815331	2.261514	-12.434513	-6.425031
6704	6	13.931866	2.907693	3.259506	6.106475	8.015800	6.320665	-6.024612	-8.919458	-6.622078	-3.893663	-9.036874	-10.358434	3.398622	-12.431947	-6.622078	4.163562	-9.036875	0.908395	8.941983	2.907693	3.259506	4.310579	8.015800	0.909391	8.390840	-13.396127	-6.622078	6.125389	-9.036875	6.320671	-0.422553	7.392698	3.259506	-2.433643	8.040060	-7.038978
6714	6	7.703479	-15.517033	-4.390828	-3.418648	-10.784529	6.474636	3.712316	4.134290	7.640222	-10.120268	7.246016	-0.565895	3.748637	4.076140	7.640222	-9.026939	7.246015	2.446590	-1.368218	-8.958942	-4.390828	-12.214461	-10.784529	-4.910495	-5.261317	6.626650	7.640222	-17.805189	7.246018	-6.612770	12.949036	-15.612100	-4.390828	3.160789	-10.784529	6.600566
6749	6	1.563690	1.947997	6.714812	-12.062450	6.234201	-4.747354	3.502783	-5.366283	3.863404	-11.985828	3.093844	-3.934677	10.259810	-13.297574	-1.032218	-2.625015	-5.694294	2.964532	7.336561	-5.444069	3.843260	-8.071075	3.087004	0.846724	-0.416878	-10.240427	-1.015484	-12.386303	-5.694292	-5.767555	11.270350	-13.297578	-1.032218	3.290679	-5.694294	5.991106
6759	6	-9.547353	-5.379652	-8.494551	-10.868020	-8.722818	-6.680850	4.268473	-10.238888	-8.494559	4.467656	-8.722818	8.078112	-2.559379	-6.088415	-8.494558	0.849254	-8.722818	6.091970	-3.868708	7.243938	4.008412	-12.271260	4.771476	-3.018861	9.938798	2.000623	3.976593	3.097183	4.717173	8.099524	1.709357	4.139717	4.008329	-11.344494	4.771360	-0.766300
6803	6	-5.615467	-8.939110	-3.103059	-11.436651	-8.329322	-8.765720	8.819674	1.985702	7.709182	1.425636	7.054410	8.652284	7.537624	-13.436374	-3.493535	6.849277	-8.329322	8.978449	-1.027699	6.484019	7.804116	-14.350896	7.054512	-8.743951	-11.285925	-2.761562	5.010634	-13.969751	-2.870196	-8.765720	3.162864	-1.457382	6.988953	1.461623	3.954262	8.610262
6818	6	7.664413	1.822225	9.493325	3.517178	6.337006	6.605479	1.388687	-8.091426	-0.070877	-11.962892	-8.863687	-7.799977	-5.096877	6.561137	9.504683	-14.318722	6.350200	-10.272394	8.620233	-12.686964	-0.070877	5.275317	-8.863687	6.605628	3.853554	-12.623130	-0.070877	-3.379814	-8.863687	0.591288	-3.323143	-7.945343	-0.070877	-12.560709	-8.863687	-10.272011
6835	6	10.860120	-13.962373	0.251160	3.667500	-1.620705	5.968535	-6.483432	7.136454	6.124518	-13.838594	7.606887	-5.648490	4.333045	1.389481	5.447870	-7.280769	7.590913	-0.390509	12.925006	1.381104	5.444806	-0.709699	7.590779	5.523057	-6.844131	-8.208102	0.288080	-11.379917	-1.602280	-5.648119	12.962069	1.381104	5.444806	1.561736	7.590779	5.835023
6862	6	3.665272	3.913073	7.433765	-8.948886	6.661729	-8.966838	3.336004	-12.809779	-3.822871	-7.344813	-9.753424	-8.616781	-2.945621	-9.289250	-3.747189	-13.525223	-9.753400	-14.761543	10.620895	-15.022486	-3.828705	5.934245	-9.753426	3.987051	-2.573129	7.584459	7.575879	-15.133175	6.666612	-14.746574	10.808696	1.920656	7.053110	4.250624	6.566530	3.920624
6890	6	13.468606	4.463054	4.262790	2.796998	8.549842	3.396959	6.554048	4.463062	4.262791	-9.584289	8.549843	-7.601545	7.614524	-9.092728	-7.679318	1.930113	-2.706863	-2.800854	1.718862	-7.284949	-7.432099	-5.165826	-2.705019	-5.538763	8.153590	-9.092729	-7.679318	7.693082	-2.706863	3.433908	-4.254921	-6.046875	-7.056793	-9.040435	-2.695888	-13.808031
6901	6	-1.400267	-4.680937	0.191840	-14.961255	5.277084	-6.246040	-1.385733	-8.764270	-0.466285	-14.952165	-2.562862	-6.245986	-5.555542	4.697086	5.266920	-22.061908	8.151062	-6.247365	10.640005	-11.175713	0.184854	2.613283	3.741422	6.106238	0.481525	4.696240	5.266920	-19.466688	8.151052	-6.023931	10.653808	-13.641766	-0.530644	2.613987	-2.733083	6.106241
6905	6	8.605288	1.203596	8.196870	2.157378	5.116894	9.313114	3.481848	-14.087679	-1.287246	-2.186807	-5.893424	4.393443	2.605485	3.015525	8.196880	-4.685722	5.122052	4.273079	-2.269038	-10.497904	-1.287246	-13.146253	-5.893407	-5.452512	-2.859110	6.222928	8.196881	-15.621789	5.122506	-5.453473	9.291336	-15.366500	-1.287246	4.610258	-5.893424	9.314354
6948	6	5.922193	-14.007895	-3.357899	6.810761	-10.468029	9.470823	-7.157184	-7.799027	-3.357899	-8.645852	-10.468029	-4.394248	-2.627877	8.199550	9.536539	-14.815538	5.660790	-2.114361	9.143293	1.707503	9.530082	0.357089	5.648070	8.192360	-2.651233	6.358293	6.629161	-14.819025	0.606596	-2.131933	4.695963	2.124649	9.535398	-4.402179	5.657783	7.131256
6956	6	6.963222	1.486991	6.142415	4.769975	5.421540	5.579199	5.888120	2.040290	6.277057	4.633417	5.655124	-0.387429	8.880549	-11.977966	-5.778394	6.819706	-7.336833	5.581041	7.639949	-11.715935	-5.772642	6.785589	-7.336823	-0.384445	-4.186744	5.002757	6.568876	-9.373953	5.779913	-8.324438	-2.475182	-8.205897	-5.452705	-6.763041	-7.336088	-7.732517
6963	6	-4.720619	-10.611402	-1.672567	-10.437337	-9.950530	-6.550283	2.456873	2.042367	6.815813	-10.768104	6.758856	-3.291011	7.974625	-16.853690	-1.672567	6.224977	-9.950576	8.572380	3.367609	0.395179	6.815808	-5.961500	6.384096	3.901713	8.842268	0.244071	6.815805	1.203103	6.301544	8.357635	-9.465965	-2.376707	2.772106	-12.752204	-4.378551	-6.550284
6988	6	-3.264691	-5.250920	2.976671	-8.117073	5.413101	-7.190994	-1.605541	4.667947	8.448905	-14.407331	5.972010	-7.190778	4.454840	0.367340	7.397864	-7.600224	5.693621	3.569634	4.585779	-10.280009	2.976660	4.838251	5.402090	6.762942	-1.440761	-13.266304	0.018197	-8.103283	-2.157768	-7.190566	7.955350	-18.400926	0.018197	4.867981	-2.157869	6.762975
