26	6	6.489332	3.041646	9.348955	1.472392	5.168800	7.644792	-4.008075	6.997888	9.455557	-14.028024	5.169400	-9.452160	-4.750227	-5.334157	0.270735	-7.905156	-12.208334	-9.929679	2.387272	-1.313014	3.158438	1.680190	-9.064313	7.303003	2.275580	-0.777514	3.460295	1.181952	-7.546645	0.919854	3.824673	-9.071252	-1.099425	7.615682	-12.229764	7.657156
185	6	4.044242	-12.317712	3.095549	-3.362083	-5.242424	-4.477272	7.236742	-12.327039	3.095548	6.633767	-5.242425	5.777141	4.092286	0.197868	9.537424	-5.013920	7.531933	-5.647331	8.402513	0.189701	9.536041	4.990237	7.531900	5.730127	-3.586135	-7.438100	3.112989	-5.741131	-0.491449	-12.641358	-3.121019	4.900219	9.908792	-7.397275	7.539298	-13.225711
260	6	8.093334	1.197871	9.536187	1.775492	7.029943	4.854180	-8.221776	6.377476	9.917252	-9.058457	7.331316	-10.754941	6.932418	-13.013434	-0.798466	8.377189	-7.934466	4.862205	2.097889	-8.690906	-0.798466	5.736891	-7.772083	-3.326379	-3.980145	-8.086773	-0.798466	2.946568	-7.689574	-4.406348	6.183146	-12.849822	-0.798466	7.531533	-7.933387	-1.145186
353	6	2.662554	-2.749134	6.915216	6.185278	3.511409	0.402040	-16.130957	6.094098	12.021768	-14.028557	5.796084	-6.437238	-14.444345	-9.181085	0.319841	-9.803521	-10.043583	-6.436684	2.587379	-13.931217	0.319791	8.360922	-10.214125	0.366025	2.662708	-2.749445	6.915071	6.185899	3.511181	5.331502	2.588541	-13.933624	0.319791	8.361517	-10.214137	5.296386
459	6	-5.081458	6.286854	9.250860	-7.415479	7.081017	2.114334	-5.605185	-9.712285	2.593099	-2.967620	-9.989490	2.118419	-9.901729	-9.676232	2.593099	-3.946286	-9.989490	-1.222065	6.004940	-14.982355	2.593099	6.904878	-9.989491	7.485382	-9.367330	6.338347	9.250861	-7.989243	7.081018	-1.222562	0.153569	-10.947836	2.593099	5.221101	-9.989491	4.860531
470	6	7.742910	-12.944998	-0.109468	6.192435	-11.644864	8.660681	6.338290	3.294428	5.874313	-3.786244	-0.341519	3.687680	5.746467	3.381385	6.672448	-3.824080	5.888001	3.687393	-5.901853	8.590455	5.929864	-13.876275	-0.340563	-4.675735	-6.488588	8.672054	6.721734	-14.111648	5.888094	-4.676485	-8.297627	-7.658265	-0.108930	-7.949952	-11.644694	-4.676792
523	6	-11.641726	-9.496070	0.317593	-8.760799	-8.740167	-9.300479	-12.152442	7.681511	11.995638	-14.897956	6.471839	-9.300479	5.190379	-16.003291	0.317593	6.970867	-8.784129	7.663560	2.587733	0.602718	6.522749	4.184960	-0.939831	7.565013	-12.152344	4.903756	6.528636	-11.414181	0.065513	-9.300479	4.402224	1.291426	11.995544	1.049152	5.718250	6.660819
546	6	-8.877369	-4.291568	2.048168	-10.978905	-3.068020	-6.165170	4.516014	-8.876412	2.047504	4.839935	-5.657449	8.230400	-10.665931	8.067045	13.375137	-14.087927	7.420288	-6.165282	0.282558	7.845212	13.375137	-9.098823	7.419841	6.773126	3.580942	4.445788	13.375137	1.685786	7.390201	8.181096	1.800738	-5.507067	2.047553	-1.958149	-4.002990	6.803211
618	6	3.515574	4.302386	10.547877	1.738281	8.351393	7.909289	-2.966842	-11.449403	-0.969149	-9.575658	-4.381488	-5.989521	5.375395	-14.263388	-0.969149	7.327158	-4.381488	8.040342	5.375641	-13.379405	1.027742	7.186450	0.602578	8.040342	-4.487010	6.018923	10.547877	-15.162967	8.352317	-5.992053	-2.959380	-10.565361	1.027742	-9.716366	0.602578	-5.989479
711	6	-11.451039	6.826292	12.411326	-9.626451	6.796606	-7.580824	-9.809523	-5.710450	2.091497	-6.030234	-5.009044	-7.570656	6.027031	-12.155291	2.091497	5.836784	-5.009869	7.521236	3.344238	-0.216126	11.081957	2.246324	6.729862	7.273648	3.169420	1.223634	11.734072	2.295960	6.663087	7.032956	3.286939	1.165511	11.922676	2.276897	6.699108	7.088660
714	6	0.099248	6.909011	12.999555	-6.516902	6.225508	3.573279	-9.337314	6.909082	12.999555	-16.935571	6.225509	-8.645725	-10.722624	-5.435307	4.606418	-11.958755	-5.038278	-8.646416	-7.396129	6.892705	9.164020	-15.303939	-0.155353	-8.496232	2.274603	6.390311	9.154631	-3.033818	-0.161814	5.249795	5.176598	1.193366	8.342225	1.983774	-0.773545	7.954580
718	6	-13.195741	4.311909	9.012217	-13.073601	5.357482	-4.833905	-10.244929	4.311095	9.012217	-9.511025	5.357482	0.329575	-13.206962	-12.184273	-1.356702	-8.736652	-11.328805	-4.833905	-10.255694	-12.185081	-1.356702	-5.173970	-11.328805	0.329709	-2.747513	-12.343574	-1.356702	1.587330	-11.328805	2.818031	3.511722	-15.259320	-1.356702	4.302568	-11.328805	8.313323
819	6	-11.268576	5.216862	11.446420	-9.908117	0.046734	-9.127248	8.259021	-14.255480	2.003145	7.822286	-11.706335	3.785034	-7.936105	-9.912145	2.003145	-3.310350	-11.706335	-4.230888	-11.268576	6.688727	11.699970	-9.908117	6.639747	-9.127248	4.863471	3.305531	11.699113	1.076339	6.639738	3.781243	4.863443	1.814590	11.393367	1.076339	0.045072	3.781243
870	6	-12.745329	-8.439492	0.208602	-6.982436	-10.471611	-8.187053	3.560196	-12.319138	0.208602	7.652587	-10.706268	6.876442	-4.926173	-8.439662	0.208602	1.497535	-10.471639	-2.145601	-7.732535	1.950310	4.684652	-11.830131	-2.839659	-8.190765	-0.808559	-8.489933	0.208602	5.513931	-10.479602	4.242754	5.495399	2.674501	11.247990	0.874395	3.627993	6.529818
903	6	-11.588758	0.007559	7.860093	-11.416517	-2.367156	-10.427972	-11.586675	6.070150	11.334477	-11.416529	6.129068	-10.427972	5.018154	1.408972	11.193175	5.527067	6.096834	6.543667	2.768320	-2.707212	3.277019	9.032407	-5.918435	6.528359	2.952292	-2.499599	3.365755	9.028284	-5.916325	6.527652	2.711956	-2.350309	3.296376	9.026018	-5.926966	6.526312
922	6	1.857958	5.779533	11.155061	-7.377454	5.694710	-2.804081	-4.624872	5.918376	11.156006	-14.104616	5.696586	-5.807313	7.373212	-13.995473	-0.121873	8.649370	-6.826804	8.030923	5.215107	3.312912	11.108972	-3.696909	5.605329	3.329788	6.946764	3.307544	11.108765	2.407272	5.604935	8.028027	-4.198488	-11.384878	-0.034157	-7.909720	-6.809372	-5.807312
961	6	2.787627	-12.094576	2.475283	6.188818	-11.047445	5.377044	-9.420296	0.559564	5.461744	-16.038858	-3.478094	-6.837090	-13.883142	-10.613238	2.475285	-12.049737	-11.047240	-6.837047	-4.460322	-10.613353	2.475285	-0.203907	-11.047240	3.201612	4.929049	0.905005	9.131376	1.086841	1.705423	5.347264	-11.376963	5.672176	9.273394	-17.173850	1.831553	-6.837090
969	6	-13.843616	-4.294497	0.613814	-9.539865	-9.982078	-10.311024	-14.674703	6.655388	10.636536	-10.815639	6.863998	-10.311844	-14.726419	2.366664	9.471595	-10.815630	0.355737	-10.311881	4.812861	-10.475934	-1.208600	6.853552	-10.129243	4.883098	2.901452	-0.860431	9.755295	3.386771	5.269936	4.748988	1.900680	1.212130	8.892267	3.004905	0.181893	4.496437
1007	6	4.417464	-10.311624	1.215445	2.508317	-8.847331	0.463463	-7.051180	6.210652	11.262194	-13.515189	7.364318	-10.928335	-6.591573	-6.444926	1.215454	-9.860140	-7.688349	-10.928259	4.721787	-10.345029	1.215445	5.653165	-8.850380	5.983714	4.256536	2.371299	11.261481	1.994377	7.208680	5.921587	1.696009	-7.333649	1.215449	1.586840	-8.143141	-1.474319
1130	6	-5.986605	-2.513894	4.406421	-10.867679	-5.969536	-13.974922	-6.156359	3.742434	8.339409	-15.900711	-1.930541	-14.030178	-6.023145	8.509200	12.507043	-15.900723	4.479068	-14.008107	3.336532	-4.987225	2.356834	0.172326	-6.687762	-3.769520	7.204281	5.938330	12.506833	1.321801	4.478432	3.800457	5.823957	-6.006434	2.230344	6.957407	-6.695675	4.545231
1173	6	-10.003217	-7.541919	0.556720	-7.505552	-6.021728	-11.663895	-9.831757	3.739154	11.066275	-7.790555	8.628570	-11.658385	4.081174	-5.939587	6.655188	7.911903	2.382939	6.520832	3.080606	-4.036662	8.155706	1.592968	4.440711	0.043279	1.851929	-10.498635	-0.288393	1.947600	-6.859202	-0.263764	4.373696	-13.263743	-0.442961	8.190430	-6.952239	6.550621
1277	6	-9.260375	5.775845	9.935719	-11.120990	-2.222089	-11.094558	-9.327237	8.239716	11.175508	-11.121005	3.871976	-11.094561	-9.624774	-3.449867	0.201594	-4.953701	-11.804772	-9.559711	2.946550	3.014605	9.904768	0.976948	-2.226423	5.185561	3.517876	-8.308831	-0.316170	7.311125	-12.682343	5.883063	2.774741	6.138061	11.175141	0.974605	3.871970	5.124182
1282	6	-14.601753	1.900850	6.088966	-14.080236	-2.145526	-11.197225	-14.529410	-10.222219	0.170150	-10.676796	-8.766168	-11.197225	-14.797623	6.955279	12.364407	-14.125416	4.526371	-11.197225	2.545412	0.986976	5.932404	2.032745	-2.322989	5.326034	2.726904	5.968988	12.360825	2.055335	4.526162	5.346295	3.005221	-11.353810	0.051047	5.632425	-8.922635	5.360792
1345	6	-9.106474	6.423159	8.019467	-9.090547	8.438298	-12.133138	5.501533	-14.437682	-3.515830	6.472345	-5.083323	0.532544	-2.413131	-8.552698	-3.515018	-4.392556	-5.083323	-11.976703	5.458567	-2.626202	3.317734	4.467579	4.937288	0.526640	7.651372	-2.626203	3.317733	4.468840	4.937283	3.546872	7.684964	-14.437682	-3.515830	6.473556	-5.083323	3.550574
1362	6	-9.062020	6.732909	11.351851	-16.185896	9.521538	-7.331652	3.230632	-2.686728	8.405342	2.898080	6.403987	8.232635	2.756290	-1.174298	9.487909	-3.450145	6.655344	4.484549	4.180877	-14.549127	-0.448605	9.364396	-4.613584	8.237062	3.437107	2.221342	11.022312	-3.459827	9.521150	4.493081	-10.456884	-8.737843	-0.351849	-9.672146	-4.612272	-7.331652
1437	6	-13.267550	6.752976	11.963859	-14.229687	6.142931	-11.971659	5.274062	-11.166636	1.884434	8.076832	-7.716297	7.058010	2.679472	-1.944536	6.709729	-4.374534	5.816222	2.768589	2.940201	-3.611579	6.704970	2.001751	5.292840	6.707377	-3.790735	-3.582302	1.884463	0.727205	-2.653286	-0.656541	-10.903052	-3.582302	1.884463	-8.723065	-2.653286	-11.734296
1447	6	-10.234177	6.646441	5.816204	-14.529699	0.264937	-9.130081	-10.235559	6.925297	11.121634	-14.643992	6.275512	-9.130081	8.939173	-13.885333	0.667513	4.114881	-12.518799	5.155569	4.204391	3.743746	5.676371	2.677114	0.254199	5.131335	-5.341746	-8.140435	0.768919	-13.072425	-12.518796	-9.130081	4.202367	4.054807	11.008875	2.527269	6.275511	5.122928
1516	6	-11.739507	7.223226	6.766776	-11.988348	7.376028	-8.825711	-11.786562	-8.725467	-1.668345	-7.630738	-10.083728	-8.828035	3.861559	-13.630251	-1.668345	8.123378	-10.083728	8.568703	-1.435502	-8.725471	-1.668345	6.500783	-10.083728	7.425015	3.892944	1.972744	6.766737	3.764966	7.376028	8.569687	-1.390657	7.223223	6.766776	2.239328	7.376028	7.447544
1548	6	1.114523	-1.738293	7.516642	2.329626	4.822906	6.871384	-14.727717	-3.606832	6.776598	-11.876850	-3.112738	-8.342334	-13.913388	-1.119826	7.577300	-11.878624	5.283085	-8.342334	-12.245906	4.795506	10.881699	-11.878840	7.228244	-8.342334	-13.849557	-1.225150	7.328641	-11.878409	-1.195955	-8.342334	2.528368	1.162615	10.524217	4.131076	6.578957	6.872538
1560	6	-8.713954	5.954945	12.481960	-10.962605	7.970428	1.540038	-13.418039	-1.715018	7.790344	-10.939359	0.035821	1.540038	-2.453617	-3.221467	3.539594	0.142619	-2.480813	6.710211	-9.492313	-3.113502	3.626365	-5.733293	-2.350774	1.570597	4.164801	3.730691	12.371351	-0.185394	7.970423	7.045532	4.761458	-8.369276	1.016728	5.926435	-5.557893	7.067925
1791	6	-10.305884	7.521057	5.838434	-16.011970	-2.862609	-9.113703	-13.045772	-7.849166	-0.528535	-13.495670	-13.726982	-9.113703	3.484444	-13.563839	-0.528535	5.617888	-13.726982	6.962775	-11.193533	8.299944	9.416713	-17.029598	2.019586	-9.113703	6.270029	1.780081	5.805062	3.448776	-2.901476	6.962731	5.286876	2.584132	9.404094	2.391743	2.015373	6.961085
1804	6	-14.656482	-6.357780	3.575842	-11.012407	1.300332	-10.038044	-17.616549	-1.934675	6.101380	-16.921979	3.509539	-10.038044	-14.237332	-12.479462	-0.596722	-10.813284	-4.336871	-10.038044	-14.652769	4.615616	10.841106	-17.028984	5.559461	-10.038044	3.399851	-8.981035	3.557197	5.823342	1.290916	6.010064	3.809774	-15.975444	-0.596724	6.011076	-4.336873	6.014615
1942	6	-4.245780	-10.063661	-2.147778	4.832707	-13.030964	-3.024488	0.774777	6.817340	10.379662	1.337272	6.457273	-0.223307	4.453192	-16.114001	-2.147778	6.722213	-13.030964	-0.178803	-13.531922	6.819950	10.379662	-4.017775	6.457273	-11.241655	8.136888	-16.125676	-2.147778	6.880124	-13.030964	5.530976	4.931365	0.374766	10.062931	2.276466	5.961985	5.529245
2004	6	-3.267214	5.897498	11.289186	-13.193669	5.565369	5.171306	2.208326	1.231498	11.286268	-7.276492	5.484073	5.362352	-9.825581	-5.509006	4.233413	-8.356950	-4.660740	3.750125	-12.220813	-5.509006	4.233413	-12.697313	-4.660740	-0.443400	-5.917807	5.897499	11.289186	-17.773859	5.565369	-0.436363	2.556751	-10.147537	4.229526	3.770776	-4.672624	7.958778
2070	6	7.616949	-14.370751	0.239180	8.614138	-5.812862	7.297737	-10.741268	-8.541730	0.932475	-8.017724	0.217420	-11.811979	-13.778622	6.584842	12.087399	-9.986583	8.492936	-11.811979	4.315761	2.367754	12.049342	6.638033	8.492936	7.296376	7.322955	-13.938645	0.932474	8.614132	0.217420	7.297737	-10.447273	-8.963841	0.239180	-8.017718	-5.812862	-11.811979
2183	6	-8.651018	-10.529623	-0.717588	-8.553707	-8.381817	-7.530856	4.117008	-16.301913	-0.717588	7.341186	-8.381817	6.703714	-9.027515	2.122876	11.611167	-15.042088	8.708156	-7.530856	-9.124912	-3.895873	4.428504	-9.848653	2.064169	-7.530856	3.669063	-9.506231	4.395486	6.084247	2.048519	6.694633	2.366496	0.887379	11.377195	0.835479	8.658748	5.919563
2287	6	-6.827498	6.327254	6.305023	-14.899647	-1.615058	-9.490970	3.820358	-6.213365	3.279931	7.547692	-7.167308	5.130447	6.040675	0.704806	12.448565	-0.525154	3.775413	5.124056	0.479233	6.321036	6.305023	-6.274941	-1.615058	2.970113	-6.836980	7.044252	12.931540	-16.727910	4.984551	-9.490970	0.459744	7.038360	12.931540	-8.459370	4.984551	2.951086
2490	6	-7.442550	3.135078	11.025815	-9.583531	6.668272	-3.780428	-8.252729	-13.126269	-0.089192	-4.362961	-10.780739	-3.750294	4.098005	-18.067541	-0.089192	7.616241	-10.780739	8.908130	3.039987	0.435393	9.856959	2.394172	6.666619	8.548803	-0.874747	-13.128786	-0.089192	6.764118	-10.780739	5.210290	0.012385	3.119228	11.024791	1.647744	6.668272	5.419528
2699	6	-12.869813	-10.433680	0.940730	-6.637755	-8.211060	-4.990617	4.286201	-16.027715	0.940730	7.568122	-8.232239	5.362361	-8.273624	5.573593	11.605008	-11.716049	5.943845	-4.761398	-8.217967	1.376719	5.637090	-11.353171	-0.566583	-4.752631	6.223057	-0.907181	11.556114	2.443823	4.398691	5.402310	-4.801363	-10.433681	0.940730	1.232702	-8.211060	1.217056
2897	6	-13.119969	6.687892	10.971562	-6.519598	6.807347	-8.605392	4.943333	-8.410456	1.359857	8.617482	-7.800735	6.854197	-11.953815	-7.610804	1.359857	-4.829380	-7.800735	-7.308315	-2.901265	6.686128	10.971562	2.765298	6.807347	3.031719	4.475738	5.897007	10.971562	6.975505	6.807347	6.854169	-2.194563	-7.623469	1.359857	4.683595	-7.800735	3.033297
2917	6	-10.676740	6.371881	10.146769	-15.339132	6.989290	-10.201215	2.129343	-5.626916	-1.059554	6.337741	-8.770233	8.154844	4.863431	2.174954	10.139077	1.753077	6.986323	8.109116	-10.547643	6.071044	8.168411	-15.337825	0.632571	-10.201215	-13.447715	-4.262525	-1.059381	-9.384420	-8.769134	-10.200558	5.004163	1.549709	8.109782	1.765700	0.610251	8.110128
2960	6	-7.568205	-6.771196	-0.361298	2.279826	-14.588890	-3.150607	-11.084515	7.708991	11.555332	-5.397344	3.792267	-9.602933	3.197209	-8.119692	-0.361298	6.301017	-14.588890	8.110640	-8.820184	1.471387	5.873156	-5.005983	-2.209894	-9.602928	4.167209	5.715075	11.555332	3.672093	3.792267	8.130670	-10.536694	-6.770057	-0.361298	-2.743836	-14.588890	-9.599139
3224	6	-11.416616	0.883236	10.183976	-15.386473	-0.657332	-12.767203	3.065950	-15.785953	0.652554	7.456832	-3.949357	4.464702	-11.266794	6.582447	11.253756	-15.387677	6.165657	-12.767203	-14.404068	-11.260159	0.652554	-8.766524	-3.949357	-12.766869	6.344246	1.551884	11.239642	0.905698	6.140610	4.228671	3.731899	-4.865802	5.195022	5.702945	4.834207	4.765926
3256	6	-13.096042	3.491886	9.275426	-11.842153	-0.086436	-11.277226	-13.144706	8.256125	10.506852	-11.843450	6.135286	-11.277226	3.698422	-10.536653	1.545179	9.470318	-11.420613	7.394744	-7.876525	-6.612904	1.545179	1.577604	-11.420613	-5.206813	4.063360	3.731206	10.506846	4.005274	6.135286	7.424465	-13.500479	-6.612904	1.545179	-6.338826	-11.420613	-11.277226
3362	6	-12.747058	2.694162	4.782106	-8.485443	0.078854	-9.396715	6.667013	-15.245353	-0.734327	7.898363	-12.187018	5.308904	-13.140265	6.505895	11.104482	-8.924024	5.067341	-9.396715	-10.736110	-11.282433	-0.704784	-7.571697	-12.183426	-9.396715	4.497563	2.544376	10.912142	6.545902	5.054982	5.308901	-0.415500	2.693561	4.782029	5.209473	0.078781	4.207832
3494	6	-12.946451	6.527780	10.894727	-8.422882	7.156160	-7.978858	4.447236	-6.178617	-1.969286	6.817990	-7.458698	5.984184	5.669764	2.742153	10.893944	5.709138	7.153796	5.984220	-12.199979	-2.850912	-1.968542	-7.111255	-7.453253	-7.978858	-0.543592	-3.236561	-1.969091	3.938348	-7.456844	5.090656	-0.616977	6.186918	10.894727	2.568445	7.156160	4.985925
3546	6	-7.453691	6.715246	12.180373	-9.877079	6.517392	-6.239934	5.236787	1.104278	12.152632	6.129688	5.971046	6.918373	4.878906	1.110344	12.152913	3.193731	5.976621	0.418209	-6.322254	-9.129731	0.720283	-6.203481	-9.437165	-6.239356	6.524841	-14.731392	0.716762	9.803127	-9.437216	6.928509	6.349536	-14.731369	0.716762	6.900673	-9.437216	0.443522
3596	6	5.428683	0.958427	7.652788	0.606945	-1.150147	6.117916	-9.324384	-10.464558	1.247467	-12.665718	-10.307235	-11.753877	-7.141053	6.078014	11.603489	-14.282418	4.668407	-11.753877	-7.140939	6.058065	7.770684	-14.282418	-0.997434	-11.753877	3.929651	-13.968723	1.247467	2.807110	-10.307235	6.128629	5.449935	0.983603	11.599548	0.606945	4.523038	6.117916
3615	6	-6.999685	4.480950	14.689904	-17.829820	7.589993	-8.101211	-9.579253	-9.454188	2.134277	-11.517769	-9.324156	-8.101211	-10.047987	-6.151015	4.339293	-12.617235	-4.500334	-8.101211	4.613344	-10.510431	4.319380	5.692566	-4.526142	7.816370	5.066843	-14.313854	2.134247	6.815980	-9.324372	7.819025	0.350233	-9.546811	2.134273	4.970871	-9.324182	3.879450
3677	6	-8.459952	6.570271	10.203270	-14.321268	9.608920	-12.910986	7.936099	-15.329020	-1.287661	4.747358	-3.015613	2.895003	-5.534055	-10.157553	-1.255885	-10.050401	-3.015404	-12.910986	4.900301	1.371790	9.454685	0.321679	9.243727	2.698507	3.262629	-14.517091	-1.286968	1.673229	-3.015608	-0.796362	8.879942	-4.980278	5.419547	0.848057	6.507361	2.846884
3688	6	-4.406511	-10.741683	-0.055087	1.548548	-10.559372	6.720070	-11.299603	-10.741678	-0.055087	-9.387749	-10.559372	-5.323604	1.770410	5.701862	10.796521	4.264735	7.814240	8.043258	-11.191946	6.785743	10.796566	-11.096232	7.814240	-5.323604	1.656937	-11.657611	-0.055087	5.973169	-10.559372	7.871381	-8.187750	-10.741678	-0.055087	-0.644262	-10.559372	3.577158
3856	6	-5.746727	-7.584745	-1.133978	2.374863	-13.140431	-2.390564	-6.806857	4.744343	10.496617	-0.309164	4.043232	-7.119185	4.191712	-11.554910	-1.133979	6.943456	-13.141237	7.929275	-1.893400	4.416796	10.496562	0.861525	4.040905	6.447210	-1.182123	-8.078963	-1.133979	3.545324	-13.140832	7.906067	3.614328	1.134048	10.236455	4.259239	3.544743	7.929113
3868	6	-9.793400	6.460998	13.435179	-9.409462	8.134648	-8.036365	6.748692	-8.455651	4.126886	6.699447	-3.426064	9.065950	0.422665	5.874276	13.434390	6.512030	8.134639	8.485641	6.706340	1.878637	13.115318	6.522807	8.088013	9.063513	-9.856830	-3.608949	4.256422	-9.251102	-3.385629	-8.020544	0.422387	-4.371997	4.173076	6.681958	-3.417482	8.487473
3874	6	-2.317434	5.105666	10.600768	4.936460	8.305860	4.257370	-12.910108	5.105668	10.600768	-6.817480	8.305860	-7.720349	3.230375	-2.617446	4.898478	8.038081	6.885731	7.431358	-2.195217	-9.175180	2.585748	5.139888	-2.424158	4.331273	-12.788016	-9.175177	2.585748	-6.740944	-2.424158	-7.693894	4.130480	-14.461146	2.585748	8.101007	-2.424175	7.646692
4128	6	6.311630	-12.427440	1.185803	0.590465	-6.646788	0.629582	8.263500	-13.326355	1.185803	7.400085	-6.646788	6.810270	-14.445596	3.319720	12.520384	-9.354841	7.834122	-10.325329	3.859735	1.439243	12.473420	4.222832	7.834121	6.803533	2.723673	-2.874985	6.351604	3.963574	5.834402	6.660889	-8.846020	-8.898707	1.185805	-6.271923	-6.646786	-10.306275
4148	6	8.048144	4.597345	10.765683	3.295195	4.921846	7.028724	-11.043724	4.338228	8.305969	-13.767773	-0.152592	-9.930394	7.378390	0.522413	6.412623	3.598201	-1.804943	7.031304	-13.945257	-5.189905	1.773852	-8.804028	-4.883703	-9.930394	-11.043744	8.057768	10.851888	-13.769538	4.922585	-9.930394	5.209217	-8.362534	0.850514	8.263232	-6.297267	7.034250
4167	6	0.435156	8.528064	13.863500	4.053165	7.112764	6.316193	-9.387938	8.597062	13.863500	-9.668842	7.112764	-9.128375	2.967415	5.454408	13.863487	5.592745	7.112763	7.897146	-7.595056	-8.387420	1.082155	-6.619477	-7.496600	-9.127708	5.008396	-13.810346	1.082150	9.143213	-7.496602	7.980575	-3.140481	-8.387462	1.082155	0.281722	-7.496600	-5.367817
4229	6	-12.251154	-13.463651	0.436204	-7.674530	-8.013664	-9.406433	0.190172	-13.505735	0.436184	4.416501	-8.013877	8.391958	-14.449987	5.614029	12.300637	-12.946506	8.771715	-9.406518	3.361448	3.869186	12.300353	2.561516	8.710941	8.391125	5.774486	-18.803965	0.435545	8.177423	-8.020908	8.391997	5.273144	-1.375752	6.031527	5.342086	7.085231	8.391994
4246	6	5.464038	-14.675956	-4.896821	4.714068	-6.527494	6.509262	-2.950960	2.819353	1.122876	-9.310237	-1.554916	-8.442529	-9.367773	7.301986	6.947364	-14.760936	4.810132	-10.688807	-8.714458	-8.209879	-4.896817	-9.308276	-6.527494	-10.687401	3.314371	0.783286	6.699422	-0.835208	4.810011	4.596356	6.270501	-7.206602	1.097278	4.712218	4.301665	6.509344
4275	6	-9.250904	6.312515	10.520851	-14.925420	8.861207	-12.240221	6.804076	-11.210990	-1.301363	6.681865	-4.914450	6.352946	4.573240	3.447729	10.512992	0.749807	8.754610	6.330482	-1.952234	-6.687016	-1.140494	0.440432	-2.103578	-5.864506	4.225388	-9.176237	-1.299050	0.545694	-4.550966	-0.171292	-7.068763	-6.585663	-1.086253	-9.001383	-1.883646	-12.240221
4299	6	-5.727482	6.819949	10.798690	-8.229004	7.500803	-13.748936	3.456319	-9.077232	-1.010646	3.676773	-7.378225	-0.562305	-8.552114	-4.840517	-0.795515	-7.679204	-7.228600	-13.748936	8.622225	2.577199	10.774871	5.817243	7.500642	4.719083	6.276099	2.577199	10.774871	3.306509	7.500642	-0.562438	5.798182	-9.099072	-1.010665	6.359244	-7.378239	4.719083
4374	6	-8.686413	6.448898	11.971080	-14.821295	8.496154	-12.616993	-12.778825	-11.465986	2.433552	-9.079637	-5.399330	-12.616198	3.681043	-2.390346	8.183137	1.839968	5.952821	4.749555	3.490273	-2.535760	8.128386	1.842109	5.893582	4.752545	3.715287	-2.364785	8.200029	1.839577	5.967070	4.749202	6.997781	-0.350110	9.830131	1.718943	7.044741	4.618015
4382	6	-12.798994	6.454825	11.087439	-10.791040	6.738275	-11.575657	3.293511	-14.096973	0.341226	6.030054	-10.049003	-0.185397	4.582337	2.118277	11.042533	1.264469	6.711135	6.171890	-13.267521	-5.240118	0.341230	-5.507863	-10.049003	-11.575161	-1.917290	-5.240120	0.341230	1.073415	-10.049003	4.333467	4.125433	-14.526189	0.341226	6.487229	-10.049003	6.259211
4446	6	-7.030822	-9.420089	-1.927100	-9.762787	-10.281964	-8.293220	-9.741909	7.968343	10.252133	-13.722818	6.611837	-8.322810	6.343552	-14.112127	-2.062227	6.549483	-10.330580	6.888496	-9.757539	5.807316	9.359023	-13.722818	0.128441	-8.322810	3.582196	3.741380	8.879559	2.580120	-0.006275	6.652552	3.645834	5.914181	10.238365	2.581846	6.591742	6.655615
4496	6	-10.221076	-13.076957	-3.389884	-7.807273	0.499106	-12.793909	4.395479	-16.032129	-3.389892	7.776213	0.499091	3.379217	-10.223441	-13.444618	-3.544371	-7.807225	-5.761160	-12.793866	4.395168	-16.399579	-3.544371	7.776252	-5.761170	3.379203	-10.841747	6.166964	7.708160	-13.609729	5.431927	-13.308565	3.671883	3.660187	7.708153	1.926865	5.407256	3.280052
4544	6	-14.351534	7.153804	9.242436	-10.232432	6.663444	-7.593950	-2.394972	4.466324	3.222227	1.711783	-1.420689	-6.176292	7.285832	-0.069092	2.730277	6.549239	-1.689248	6.660245	-8.773168	4.511997	3.222232	-4.237352	-1.420571	-7.591804	-14.296300	-6.016651	-0.578164	-4.253745	-3.759406	-7.591852	4.023150	-7.892477	-0.578339	6.448975	-5.128426	6.660081
4558	6	-8.143811	8.906653	11.163948	-14.455132	6.050726	-12.577248	6.258868	-12.151803	1.559599	6.043322	-9.251234	-0.590718	-8.892126	-3.813089	5.620610	-14.307002	-4.253215	-12.577264	1.499082	-6.616558	1.575661	-6.418726	-9.225479	-9.318814	3.491538	-11.675109	1.559599	-0.339046	-9.251234	-6.431753	6.271231	-12.151804	1.559599	6.876755	-9.251234	5.061403
4567	6	4.495542	-14.517496	-2.121517	7.393278	-8.981795	6.270670	-11.508919	-8.842676	-2.121517	-7.843802	-8.981795	-6.184257	-9.614892	7.310718	8.837964	-11.877537	6.754478	-6.184257	-8.708095	2.865601	7.517346	-11.877519	1.021430	-6.184257	6.284776	1.591619	8.820622	3.372055	6.539065	6.276445	3.501243	1.612784	8.821603	-2.590522	6.550399	2.458785
4578	6	-8.146967	7.323140	12.358200	-13.984096	4.440677	-6.727611	-9.876443	-4.135002	3.123052	-7.892870	-10.756852	-6.743215	-8.594167	1.291328	12.291851	-13.984788	-1.350194	-6.733690	-1.124635	-4.253637	3.123049	5.623810	-10.785893	3.222551	5.797484	3.952008	12.358199	1.839670	4.440637	6.005945	4.447776	-6.430933	3.123042	8.367309	-10.893715	6.236147
4617	6	-0.802484	6.087921	13.339561	2.774118	3.924522	-5.320729	5.804899	-12.900426	0.604174	8.788474	-13.999858	7.468943	4.444003	0.445577	12.999585	4.036327	3.924127	7.468314	-5.818003	-8.202802	0.604174	-5.589420	-13.999858	-9.855532	-6.144596	6.094081	13.339561	-10.357834	3.924522	-9.856437	-0.460696	-8.215223	0.604174	7.530728	-13.999858	-5.313893
4654	6	3.242680	1.267020	10.464117	1.885127	7.411076	7.624810	-9.708988	-10.543732	-0.712911	-6.182110	-8.915659	-3.043128	3.154328	-14.393780	-0.712911	6.753105	-8.915659	7.701768	-6.048927	5.867022	11.131080	-7.219685	7.659207	2.739305	-0.547919	-10.674091	-0.712911	0.562811	-8.915659	5.991028	-9.134294	5.867088	11.131080	-11.492234	7.659207	-3.043533
4765	6	6.182158	-11.921188	0.073235	6.491500	-7.869835	4.684213	-8.830381	-4.097663	2.623810	-6.907200	-6.043009	-10.481489	2.329520	-3.426278	7.916945	4.001831	3.750062	4.684213	2.886853	0.009183	10.244847	0.912830	4.849884	-1.585083	2.947912	-11.811473	0.075857	3.500388	-7.869413	-1.557531	-6.984983	6.236764	11.095666	-9.404901	6.838442	-10.481489
4768	6	5.192327	-11.239674	-2.940608	6.923720	-10.313704	5.041794	-12.490580	-7.233388	-2.940556	-7.047740	-8.171158	-7.470489	-13.678372	5.993853	8.812955	-11.179762	5.713099	-7.519013	-8.033973	2.675829	4.242965	-7.901405	0.137826	-7.504070	3.822473	1.965543	8.812917	2.549762	5.683988	4.837512	6.025191	-5.151403	3.550644	6.382872	3.752833	5.068849
4772	6	-12.892131	6.889560	8.599632	-11.387079	7.287025	-4.231533	-0.215937	-8.533549	-1.158222	0.890573	-9.890546	8.183075	-12.227252	-8.250003	-1.158222	-7.577972	-9.890546	-4.231533	4.448677	-11.776918	-1.158223	6.436938	-9.890546	8.256886	3.783246	3.374047	8.598899	2.622374	7.286588	8.256840	-8.623388	-0.144169	1.757972	-7.581446	-6.182872	-4.231533
4880	6	-7.046278	5.903256	8.933057	1.014292	-1.078045	2.698176	-16.457535	-1.728771	7.100567	-7.432347	-6.793196	-9.478184	-16.599182	5.906011	8.933092	-8.907329	-1.078045	-9.479739	-6.787487	-1.734514	7.096833	2.550467	-6.800512	3.179841	-16.614804	8.412940	9.203859	-9.116947	4.017174	-9.479797	-7.130595	8.410490	9.203854	0.777741	4.017174	2.528305
5115	6	8.678203	2.012583	11.192484	1.135114	6.958592	8.948157	4.475959	-8.589986	6.444353	1.059958	0.411914	8.928344	6.994006	-13.097333	0.096796	7.646412	-9.387964	9.016873	-4.153402	-8.477025	0.166022	-7.369452	-9.333442	-0.245624	-2.386479	6.636804	11.657517	-12.624722	7.017407	-0.245621	-6.744397	-4.571230	7.186707	-15.000427	0.411957	-0.245624
5189	6	4.961156	2.033882	12.604076	1.085204	6.598895	7.464494	-5.790911	6.328076	12.656355	-10.602079	6.874518	-5.971387	3.437234	-1.583748	8.712389	0.800804	5.034787	6.785994	-10.241537	-5.106957	5.211306	-8.024740	-1.165609	-7.530696	-2.659776	-5.277120	5.137174	1.008830	-1.265963	5.910135	0.095957	-5.993213	4.869642	3.854467	-1.638143	7.780956
5235	6	-10.976995	7.405429	12.195791	-12.790741	7.317982	-7.556919	5.334513	-10.836573	0.148469	5.548360	-6.238235	6.627153	-11.336432	-5.223217	0.148538	-11.407959	-6.237408	-7.556918	5.649903	1.236646	12.195632	4.183898	7.317943	6.630622	-0.434626	7.354441	12.195791	-3.105526	7.317982	4.210445	0.823297	-5.503575	0.148495	4.122083	-6.237922	4.977235
5242	6	-9.139825	6.769452	10.157152	-16.791529	5.585274	-11.991758	5.915616	-3.544607	4.924023	2.407406	3.967511	5.077977	4.611198	2.454874	10.147648	2.342838	5.494894	5.076120	-5.352592	-6.252986	0.978159	-9.458640	-5.543984	-11.991758	6.409703	-10.569727	0.967637	2.336955	-5.672714	-0.975669	8.414294	-10.569727	0.967637	8.810079	-5.672714	5.078739
5308	6	-5.016183	5.918786	11.605027	-17.821151	5.808960	-8.855010	-6.176140	-9.451899	0.356189	-12.817266	-9.815438	-8.855010	4.713633	-0.256330	10.367350	0.448607	5.094507	6.771489	5.213819	0.152259	10.698413	0.448607	5.197593	6.770989	5.576483	-14.012769	0.356189	5.465176	-10.014638	6.937833	4.749336	-0.233765	10.390957	0.448608	5.101361	6.771500
5407	6	-10.377067	-1.622063	2.867405	-5.291843	-3.860861	-7.721531	4.440143	-12.522230	-0.493670	8.020711	-5.869755	8.341405	-13.427450	7.264348	11.561016	-9.961625	5.813267	-7.721633	-2.739886	-5.456418	0.339703	-1.127324	-5.436191	1.331081	-2.083037	-5.779943	0.207304	2.819038	-5.510660	5.005267	-12.236499	-5.378404	0.374137	-4.748403	-5.416523	-7.721176
5445	6	-14.366888	6.940477	12.897907	-9.799383	6.176935	-9.361571	-14.377723	4.343904	8.084496	-9.799383	0.258524	-9.361571	-1.428316	-11.016046	1.629801	4.483586	-6.625145	2.575521	-13.809563	-11.016008	1.629801	-6.040243	-6.625145	-9.360035	4.786218	-13.999381	1.629801	8.779453	-6.625145	7.750821	4.211065	3.997520	12.897896	5.013442	6.176935	7.750820
5460	6	-6.264067	-7.118691	0.872810	-12.054157	-5.222269	-9.953291	-7.240788	-4.236765	4.289520	-14.863079	-2.708148	-9.962478	-8.318955	2.402114	10.774292	-18.132875	6.659617	-9.963854	5.493921	-8.232905	0.871522	5.625858	-5.223375	6.662532	4.691146	-5.472825	4.066396	3.330690	-2.840222	6.547642	3.485652	-5.456611	4.067748	-2.500435	-2.839435	4.054225
5501	6	-2.062723	6.357236	11.255882	1.980917	5.922183	4.580639	-1.880220	-9.221966	0.430785	4.152197	-11.665946	4.671246	-11.208236	-9.221840	0.430785	-9.406633	-11.665938	-10.985246	-11.388366	6.357322	11.255882	-10.916975	5.922184	-11.009040	3.980531	-12.823872	0.430785	6.653083	-11.754843	5.613621	3.773244	3.098084	11.251697	5.142400	5.739376	5.609980
5671	6	-14.364858	-11.632325	-0.593540	-9.316975	-10.571436	-7.674603	2.855181	-15.473066	-0.593544	6.474680	-10.571439	6.622295	-9.611077	-0.525340	4.182526	-10.091668	-3.164547	-7.681803	-6.606263	-11.632379	-0.593540	2.244078	-10.571436	1.917463	-14.306913	3.604308	10.473282	-14.516753	3.126909	-7.691526	2.428088	0.363045	9.404464	1.153371	3.110959	5.819603
5837	6	-0.138927	9.671802	12.628872	-14.944401	6.851290	-5.769391	6.666153	3.052783	12.627828	2.173479	6.846678	5.529978	3.791533	-9.604721	1.831236	7.121576	-7.528216	5.890860	4.209114	3.061794	12.627860	-10.732920	6.846791	-4.337821	4.930484	-0.957304	2.231130	-6.190025	-6.102094	-3.766489	2.984735	-1.790688	1.870941	-6.070198	-7.325195	-3.701010
5907	6	6.250694	-10.166925	0.793572	6.345159	-12.535842	6.104512	-9.951008	3.980060	8.561060	-15.356958	-3.932543	-5.750757	-10.642523	-7.057327	0.793589	-11.808298	-12.535822	-5.750757	6.761221	0.592019	7.205716	2.886727	-4.708014	6.104422	6.900293	4.419318	11.872721	2.774332	2.158934	6.104389	-9.950998	7.820578	11.873221	-15.374504	2.158936	-5.750757
5957	6	-10.365753	5.690351	7.298645	-13.176741	-2.141271	-2.364112	5.403592	-7.169624	-1.943318	7.416875	-13.115038	6.920106	3.404546	3.641251	7.298644	1.850801	-2.141272	6.492354	-10.374172	7.033720	9.701693	-13.806869	4.328079	-2.364149	3.084000	5.300572	9.701693	1.055096	4.328079	6.303204	-10.279938	-1.957848	0.756297	-7.961009	-13.106733	-2.362023
6010	6	-13.783684	5.266639	11.957606	-16.170109	0.604520	-8.248618	-13.783683	6.743879	12.239094	-16.170369	6.958341	-8.248618	5.200789	-10.943215	0.617010	7.126379	-11.696292	5.661362	-12.914054	-6.913875	0.619145	-10.624132	-11.696280	-8.248618	4.317916	2.799448	11.825223	0.724095	0.543371	5.608350	4.321181	4.364644	12.230471	0.723354	6.957332	5.608273
6032	6	4.308094	-13.370047	0.112773	9.018932	-12.124926	7.448868	-13.316523	-10.991415	0.203924	-9.412649	-12.098421	-6.953101	-9.277047	3.115829	7.206349	-13.537034	-0.118694	-6.953101	8.500429	4.888155	10.506928	4.933813	6.281953	7.448868	-9.093473	7.245374	10.515482	-13.537084	6.348576	-6.953101	6.188828	-1.828758	9.612795	4.933813	3.513718	7.448868
6180	6	-1.999169	-7.359873	-1.388364	5.902041	-9.096139	1.513115	5.074395	0.736708	11.058164	1.959788	6.599990	6.181399	-12.808177	7.079410	11.058244	-9.908229	6.698139	-7.792039	7.066890	-13.942684	-1.388365	6.533018	-9.096236	6.485908	-5.025534	7.079409	11.058244	0.940054	6.698139	0.577462	-11.125522	-7.359602	-1.388364	-5.192708	-9.096139	-7.170124
6220	6	-10.659295	5.152073	10.745350	-11.526784	1.155749	-9.517169	3.441777	4.507024	10.893970	1.619693	4.350554	5.794989	2.859516	-8.768369	0.276157	5.400258	-8.394805	5.697918	-10.659340	5.700060	10.907767	-11.526784	4.350572	-9.517169	-11.266068	-7.848924	0.642731	-7.360323	-8.389492	-9.517169	3.441825	3.958986	10.725254	1.619717	1.155656	5.795006
6268	6	8.253998	-10.522588	-1.397369	7.735627	-11.886762	5.792575	-6.755369	5.785559	5.996479	-12.194920	-2.233205	-11.900925	-4.264306	-7.180125	-1.397369	-4.862633	-11.885261	-8.712926	4.890038	2.606469	5.922179	1.245708	-2.325121	5.332644	-6.759549	7.982583	11.267146	-12.483952	3.953598	-11.903575	4.100592	5.077186	11.267047	0.578361	3.950628	3.799324
6277	6	-11.502008	-7.927998	1.337900	-6.254072	-6.558596	-9.896898	5.938027	0.492616	12.887977	3.115890	4.400695	5.732631	5.600475	0.753059	13.063044	3.069989	4.456553	0.634618	5.501195	-11.774751	1.337900	8.440396	-6.558632	5.865516	-10.226108	4.699531	13.162327	-12.588569	4.537482	-10.960459	4.998592	-11.413882	1.337900	8.414379	-6.558632	0.774496
6323	6	-11.426443	-10.607019	-4.024718	-7.771965	-5.377935	-11.265446	-10.894844	5.988237	6.775617	-11.775622	8.057491	-11.265446	0.204194	-11.405512	-4.024718	5.522711	-5.377935	4.719298	3.348863	-16.508766	-4.024718	7.330050	-5.377935	6.748107	1.225926	0.936037	5.793532	2.332699	7.987193	6.282467	1.991124	1.897668	6.285076	2.752260	7.718740	6.317426
6327	6	-9.846339	-11.143885	-2.201365	-11.690595	-12.675586	-4.871780	-9.895535	5.593373	9.441637	-13.930710	5.125325	-4.874039	3.780147	-16.991675	-2.201365	5.919907	-12.675624	6.872083	-2.632122	-11.143885	-2.201365	3.817676	-12.675586	4.502667	3.163880	2.031832	9.440013	3.617559	5.085940	6.831557	-2.807076	5.593373	9.441637	1.071257	5.125325	4.346680
6373	6	-9.108088	-5.752569	4.009683	-4.828006	-5.275290	2.843523	-5.314230	6.241749	12.359758	-10.702098	6.294041	2.802848	-10.454571	6.241750	12.359758	-14.783946	6.294041	-0.655780	2.204535	-8.136054	4.009676	5.877533	-6.000846	8.788790	6.326947	0.898008	12.343982	0.638860	5.601535	9.163099	-14.136138	-5.752569	4.009683	-9.020170	-5.275290	-0.653483
6600	6	-10.249710	6.357651	10.357435	-10.923252	5.780058	-10.802436	-9.629610	-11.218333	-1.886126	-5.091902	-11.127091	-10.799912	7.185205	1.364563	10.357431	1.541547	5.577436	5.581518	-1.788480	-11.218335	-1.886126	3.297908	-11.127091	-3.683603	7.808999	-16.211418	-1.886126	7.603815	-11.127091	5.629630	-6.106192	-0.055307	4.198400	-10.359204	-3.418466	-10.726197
6615	6	4.013148	-10.644074	-2.753074	6.545795	-8.341201	8.865067	-13.436800	-9.415358	-2.753074	-8.710500	-8.341201	-5.817688	5.533487	5.324050	10.257600	3.373077	7.199805	8.841584	-11.834058	6.552792	10.257600	-11.880139	7.199805	-5.788684	2.770486	5.324904	10.257600	-2.423809	7.199805	5.566586	-2.805846	-9.415720	-2.753074	1.134595	-8.341201	5.961198
6737	6	5.874474	-12.797471	-2.566221	8.214112	-7.351195	8.054318	7.046050	2.243505	7.691000	2.525986	7.342537	7.976878	-11.930892	8.838847	7.888465	-12.389458	7.384188	-8.452639	-4.317249	-2.920561	-0.513741	2.141813	-2.390847	-2.566781	-12.496409	-2.920530	-0.513721	-6.204376	-2.390821	-8.443590	-0.815969	-3.368153	-0.798782	5.441457	-2.769172	3.085662
6743	6	-0.656502	-4.855730	6.124306	3.763094	-2.722832	5.029310	3.838781	-3.180899	10.104573	4.206706	3.964300	7.488669	-8.606142	6.644302	12.063850	-11.116578	8.403668	-7.903209	-9.454866	-10.593388	0.187437	-10.953362	-6.360395	-7.928532	-12.931362	-4.827026	6.164728	-11.547783	-2.711364	-7.957876	7.366014	-16.906650	-0.013750	4.574955	-6.360512	7.827325
6866	6	4.815719	2.042550	10.850769	2.576876	4.844342	9.563278	-9.479224	6.527172	10.850772	-14.078144	4.847280	-8.448191	-2.279837	6.229090	10.850772	0.740101	4.847280	3.680294	-9.278265	-5.036580	-1.531539	-2.536692	-8.817437	-7.501532	-2.388055	-5.416020	-1.702657	6.782152	-8.817656	3.678965	4.517136	-10.238657	-1.803842	8.682658	-8.817763	9.530484
6957	6	3.296277	-0.204793	6.025302	4.275112	-5.415679	6.965724	3.957370	3.158455	10.375447	2.727634	3.476664	7.071922	-4.903509	3.769643	6.028334	-11.835284	-2.060663	-6.571343	5.112393	-12.929636	-0.542069	8.942670	-14.064506	7.095237	-6.530639	8.792936	10.375493	-13.377995	3.476837	-6.571343	-5.387757	-6.618204	-0.453263	-2.322051	-14.041553	-6.552595
