16	1	-12.900795	9.105938	14.566152	-15.806740	8.487096	-9.458478
28	1	-14.118108	7.409046	11.188445	-15.194659	6.911428	-9.774403
37	1	-13.817125	-10.571892	0.777287	-9.058645	-13.464954	-1.751012
42	1	-12.641518	5.910564	11.986065	-16.547149	6.688398	-5.517795
60	1	-8.023944	8.010166	11.511544	-15.530731	7.278078	-10.510579
96	1	-10.811332	7.938646	11.646816	-16.287477	5.586901	-8.805061
100	1	-14.947811	7.202416	14.063967	-12.763182	8.595749	-10.725973
104	1	-17.148558	7.399102	12.425847	-15.813261	4.761913	-8.202509
135	1	-8.914534	4.227633	11.568772	-19.936150	6.287713	-7.722168
169	1	-8.342326	6.837890	10.569855	-20.150110	6.100108	-11.511009
208	1	-18.948081	6.627379	13.324253	-9.392361	4.935108	-10.241513
209	1	-12.333136	8.162932	10.432850	-22.509209	8.047849	-9.342800
212	1	-12.568764	6.477341	11.705872	-13.026378	7.341011	-3.953687
221	1	-13.989968	-15.032995	-2.270109	-9.273057	-7.736774	-7.573909
223	1	-10.822524	7.684857	11.739783	-21.810275	7.059460	-9.321692
234	1	-12.105705	6.233232	13.868932	-12.348827	6.880461	-8.256836
249	1	-12.271916	8.173410	11.652787	-16.787942	7.399405	-10.912905
251	1	-9.212235	8.891658	12.027506	-15.967369	6.702983	-7.054855
261	1	-9.618932	8.148919	12.762918	-9.629617	7.174683	-13.454135
290	1	-10.673782	6.701045	12.561837	-14.753801	7.232659	-11.459647
298	1	-13.558768	6.728600	11.583425	-14.773002	7.932261	-5.100939
299	1	-7.506660	5.040321	10.919983	-13.023943	8.674555	-2.594269
303	1	-8.471927	7.585513	13.376919	-17.099450	5.994011	-10.364711
327	1	-7.728811	5.947624	9.661602	-14.561535	8.301598	-12.613156
345	1	-9.721915	4.016682	11.785406	-10.792258	9.193408	-10.226547
347	1	-12.059513	7.330237	11.946665	-15.971988	7.754246	-7.893502
349	1	-14.477760	7.251174	10.024756	-16.454443	6.246770	-11.138553
375	1	-13.932543	8.563771	12.279771	-15.957543	7.101780	-11.665237
379	1	-3.132767	-13.476356	-2.315783	5.343436	-12.927535	5.709403
393	1	-17.571605	6.811111	10.365657	-10.143430	9.095216	-9.271627
399	1	-12.408587	4.278453	11.690119	-16.264932	9.653612	-11.519827
400	1	-14.730572	7.919561	13.052242	-16.421324	6.241857	-12.688235
403	1	-6.778640	8.332481	13.087674	-13.973723	8.785035	3.829041
408	1	-16.531772	8.311185	13.120009	-17.271248	6.621635	-11.873488
426	1	-14.306008	4.811821	12.498798	-9.925627	7.795582	-9.116445
432	1	-13.237100	7.271385	11.738552	-18.244842	5.516144	-7.217269
439	1	-12.953225	5.922008	10.901832	-17.341478	8.136121	-9.740661
457	1	-13.834493	6.714290	11.136053	-17.106928	8.454207	-5.300086
460	1	-13.662968	8.668771	11.115870	-13.900641	6.851050	-11.301719
469	1	-10.943918	8.128612	10.894725	-13.153526	5.450165	-5.872823
475	1	-12.207325	8.627076	12.194193	-17.340902	6.321990	-14.049560
494	1	-5.365741	7.671647	13.412440	-14.389889	7.248123	-11.354263
538	1	-9.757704	9.625231	12.167463	-17.877541	6.184085	-7.190213
562	1	-15.271617	6.101746	10.769801	-10.316434	7.567084	-4.612827
579	1	-13.343815	7.159516	9.343670	-12.394878	6.514810	-10.137087
592	1	-9.843932	7.517202	12.018594	-16.755902	5.968718	-11.968735
605	1	-14.964480	7.478006	12.654625	-12.682739	5.435238	-7.820869
609	1	-17.147710	-10.847376	1.305744	-15.107424	-13.780871	-10.183640
624	1	-12.991979	4.989026	12.609234	-17.456787	6.444165	-7.283141
651	1	-10.680612	6.630545	11.654886	-17.924902	7.159254	-7.129158
664	1	-3.584382	8.548755	12.622518	-14.289834	6.727981	-9.538970
666	1	-4.370162	6.496999	12.981049	-16.906398	7.812488	-5.332484
672	1	-15.027077	6.292575	12.171697	-18.227926	7.409310	-12.146816
681	1	-11.691104	7.288821	6.956507	-16.536776	6.857994	-7.806506
686	1	-12.637777	6.416660	12.944319	-15.644729	7.461995	-13.595804
692	1	-9.266887	7.577438	11.203166	-10.475482	3.621544	-4.485856
700	1	-11.869357	7.808867	11.962405	-17.561753	5.758746	-5.089692
701	1	-11.841218	-6.820812	2.757527	-10.336603	-15.064637	-10.883272
713	1	-19.468142	6.382894	11.635677	-13.108656	8.362109	-5.558109
716	1	-13.377740	7.213260	14.438072	-13.917447	8.599349	-12.864047
721	1	-12.460195	9.078110	9.652581	-13.205621	7.632075	-8.305957
722	1	-14.684566	8.831972	11.437107	-19.061331	6.169348	-13.951027
738	1	-7.539792	4.280686	13.429448	-12.439041	7.064363	-9.040613
758	1	-11.813311	5.646783	12.469211	-18.792585	3.602377	-14.420669
785	1	-11.661918	7.862076	13.201725	-16.968066	7.405767	-8.581546
787	1	-12.609742	8.501593	11.125644	-17.645930	6.301541	-5.021093
789	1	-9.561429	7.074057	14.251201	-19.931327	7.259090	-14.347686
809	1	-12.372700	8.518734	10.970459	-15.655442	4.325988	-11.387649
821	1	-10.374198	4.996222	11.265634	-16.674281	9.288314	-9.546943
850	1	-12.956065	-10.246117	-1.125898	-7.288979	-11.806024	-9.196018
861	1	-11.472066	-7.892190	-0.066525	-14.586634	-14.913260	-8.450153
862	1	-12.796895	9.599642	11.802855	-20.580409	6.974855	-10.989489
874	1	-11.191954	6.497217	13.728718	-16.132450	7.269877	-8.323143
888	1	-12.375094	7.998616	12.056145	-15.786350	7.823090	-12.444853
898	1	-10.167277	6.486840	11.829681	-18.596095	9.100068	-12.247407
902	1	-15.320299	6.742577	9.259247	-15.161723	7.419901	-11.124780
915	1	-14.047579	7.472991	12.702729	-12.973375	6.574185	-6.981350
926	1	-15.343456	8.530016	9.739191	-15.693539	6.206375	-9.968368
935	1	-14.631865	5.859572	12.371439	-16.072275	6.606436	-4.875485
940	1	-12.325143	4.624189	12.851666	-12.353204	7.177352	-3.950613
942	1	-11.090380	9.847417	11.344848	-17.008278	5.109777	-13.222140
956	1	-6.451594	7.040926	10.736665	-11.974895	5.588625	2.498306
985	1	-17.100584	3.571909	11.850033	-15.617475	7.589084	-4.831899
1001	1	-15.941998	6.536040	13.919259	-12.955725	7.675935	-12.726842
1016	1	-13.438918	6.456482	12.727256	-17.435811	6.627270	-9.876522
1024	1	-14.264745	5.741972	13.037390	-7.473606	9.149208	-11.367801
1027	1	-8.930716	6.446728	12.077895	-7.594043	7.395872	-12.662072
1033	1	-12.798431	8.043521	12.584851	-12.655873	6.555286	-13.949266
1052	1	-11.955889	8.093596	12.912899	-20.090814	4.622621	-8.155237
1062	1	-7.717096	8.510185	10.822420	-17.638607	7.156017	-10.255809
1066	1	-4.570307	4.304465	13.435868	-18.096654	7.229056	-8.007681
1071	1	-9.752811	6.749406	9.982793	-13.857926	7.035789	-11.854834
1091	1	-12.679517	8.157228	13.658535	-14.245313	7.888562	-12.599890
1104	1	-11.860121	5.582580	11.740679	-13.189490	6.378835	-12.836786
1124	1	-13.803815	6.436217	10.374349	-21.018898	8.085446	-9.632833
1141	1	-11.478184	6.693375	10.754216	-17.187173	7.238777	-8.759898
1146	1	-10.298450	7.386015	13.682073	-17.647013	8.610877	-10.995327
1194	1	-12.504696	6.166658	10.389802	-18.287019	7.311849	-12.434503
1198	1	-9.986270	5.033154	13.678699	-8.754065	5.738689	-8.831919
1203	1	-14.488235	8.070168	11.293100	-15.322674	6.776151	-12.232458
1206	1	-11.835722	-5.779992	6.055395	-14.466885	-4.631783	-8.691052
1229	1	-13.369384	7.516187	11.258874	-17.381909	7.921830	-12.606528
1244	1	-15.378640	4.813519	11.291469	-10.007333	6.269019	-10.220794
1256	1	-13.749297	6.836055	13.727936	-13.590914	7.415079	-11.170137
1270	1	-13.264108	6.331302	12.832792	-13.663890	7.893745	-15.195422
1274	1	-15.678425	3.604735	13.819944	-16.959957	7.119579	-7.330751
1301	1	-12.045395	9.461341	11.517791	-9.785189	4.398477	-10.549695
1310	1	-15.023579	6.499868	12.825115	-15.839807	7.061198	-5.859989
1321	1	-13.088795	2.940559	12.655294	-13.394605	8.363083	-12.716292
1336	1	-9.928116	5.429763	14.332006	-16.653026	6.818819	-8.890637
1337	1	-13.298529	9.439942	13.067686	-16.874226	5.283788	-6.786374
1346	1	-19.158183	7.781637	8.966028	-18.221248	2.670489	-12.370649
1351	1	-12.212158	5.468930	9.318114	-16.799741	6.581943	-9.598722
1360	1	-10.515751	8.746068	11.183752	-17.044043	6.779772	-0.122764
1361	1	-10.605350	7.182556	10.971874	-17.626336	2.599125	-8.132260
1370	1	-17.076993	7.520651	11.415440	-14.802539	6.529736	-8.514710
1376	1	-10.151587	4.306629	11.412052	-17.842312	9.112445	-9.332302
1379	1	-12.790699	7.715218	11.093450	-18.663219	4.111786	-9.860065
1421	1	-11.587591	8.145313	11.317784	-17.050427	6.103661	-7.976404
1478	1	-12.575187	8.830439	13.071364	-17.472264	7.342457	-8.136851
1483	1	-10.624977	-6.945724	5.035051	-14.631704	-8.568565	-8.719559
1486	1	-12.946251	8.636229	11.029036	-17.249420	8.485157	-4.787922
1508	1	-10.196782	8.608923	12.063057	-16.138069	5.582242	-8.646200
1542	1	-14.517855	-9.286170	3.801365	-9.990548	-5.311463	-9.037465
1559	1	-8.071572	8.556264	12.829371	-14.956086	8.038341	-7.763602
1569	1	-13.989494	4.973107	10.403691	-17.521758	6.876380	-10.397314
1588	1	-11.300146	5.668494	12.103276	-16.156263	9.211118	-12.705434
1612	1	-17.117040	9.581888	11.025322	-13.686441	6.127531	-13.309575
1679	1	-12.036496	6.166188	11.188427	-17.217454	4.958563	-12.674827
1690	1	-8.130662	7.575694	12.522475	-16.590645	2.035872	-11.698631
1703	1	-12.052166	4.415795	14.165779	-13.533869	8.497133	-9.568728
1731	1	4.975837	-18.350722	-0.452095	7.819060	-9.134173	7.983198
1781	1	-14.401220	6.595089	11.641513	-13.063088	6.342675	-4.200139
1787	1	-11.810094	6.438135	11.148630	-16.562552	7.228830	-10.064554
1788	1	-14.857623	2.041353	11.697189	-16.270281	8.195295	-6.212407
1825	1	-14.018844	7.781850	12.804987	-16.017631	5.863101	-13.364452
1841	1	-13.956000	8.894051	10.075267	-21.413803	9.063912	-10.442612
1842	1	-12.513410	9.310148	11.199441	-16.052948	7.559909	-13.418462
1843	1	-13.962763	7.103000	12.981414	-15.808846	6.611556	-1.739706
1849	1	-15.280368	8.808032	10.205817	-15.186563	9.740329	-4.605556
1868	1	8.314901	-15.453485	1.936702	6.056470	-16.962792	8.358117
1882	1	-15.625850	7.413468	12.369730	-15.233185	7.435866	-9.980639
1904	1	-6.979695	7.745576	8.835835	-16.556245	6.368547	-11.945888
1969	1	-14.004789	8.010948	11.367525	-13.871012	7.434599	-7.346094
1995	1	-10.873079	8.593414	10.536068	-18.087188	7.808298	-14.562442
2008	1	-14.962868	8.775600	9.871533	-9.044770	6.877139	-13.735933
2012	1	-12.209806	5.628373	14.243775	-15.478354	6.810788	-9.047667
2014	1	-8.076148	5.002232	13.362480	-16.015125	7.565425	-6.638200
2025	1	-12.084070	7.345113	11.728219	-18.015748	5.636156	-10.289331
2041	1	-13.591020	7.243943	12.332262	-17.239663	8.697064	-9.910401
2056	1	-13.933456	7.936258	12.720051	-14.298283	5.377105	-10.638791
2074	1	-10.737384	8.079468	12.554336	-18.137456	7.099780	-9.006366
2075	1	-10.854413	8.348185	14.213202	-18.892265	6.646330	-13.396768
2080	1	-11.491377	7.478319	11.041130	-11.627682	5.217963	-14.629880
2084	1	-9.674492	8.335164	14.450146	-15.084308	4.487792	-11.092059
2085	1	-15.288941	6.363201	12.382473	-18.113148	6.595966	-7.541790
2093	1	-18.600340	-16.538133	0.507836	-11.652767	-10.686655	-5.475339
2095	1	-15.362194	6.906333	11.878190	-9.016842	4.643946	-9.908292
2096	1	-9.076296	8.885272	12.427589	-16.366755	6.792412	-4.740339
2097	1	-16.657369	6.601532	14.078181	-17.213539	5.514623	-12.557967
2099	1	-10.273420	7.651824	11.105993	-19.972600	8.324732	-13.412246
2125	1	-12.988164	6.207370	10.752277	-9.465695	6.544097	-3.662139
2135	1	-12.355063	6.015922	10.898241	-17.640279	4.540003	-9.589814
2140	1	-7.470835	7.127738	12.324214	-13.149989	6.338770	-10.753133
2163	1	-15.693851	-9.384857	-2.235843	-13.337775	-14.169371	-7.409511
2164	1	-12.518675	7.517765	11.564761	-17.076420	3.891956	-7.419176
2187	1	-13.849126	7.777407	11.421298	-17.290953	5.526417	-8.197906
2217	1	-9.307493	7.043594	12.490690	-15.589250	7.380401	-10.726729
2232	1	-10.954878	6.709131	12.458171	-16.569850	7.114978	-10.099507
2239	1	-9.613622	7.514888	12.672576	-12.740407	8.124289	-11.185211
2240	1	-11.624632	4.469807	11.274007	-20.174031	7.609224	-12.499357
2243	1	-9.504456	8.332985	14.361289	-13.135289	8.790496	-11.086846
2256	1	-7.623120	5.594503	11.764907	-14.687545	6.563643	-13.671696
2272	1	-16.040005	9.376164	13.035700	-12.538372	8.607838	-4.976957
2296	1	-12.247949	6.724322	13.784071	-15.185509	8.444902	-3.509827
2297	1	-15.183305	7.635737	14.006255	-17.247316	5.856768	-11.043489
2301	1	-13.726934	6.978684	13.621570	-14.599173	4.670297	-12.482430
2309	1	-11.698404	6.418513	11.975095	-17.292382	7.711586	-7.849915
2325	1	-11.593176	3.457987	11.178882	-14.478172	5.265880	-5.298058
2331	1	-13.621972	8.264126	11.143902	-20.263784	6.172495	-7.172579
2341	1	-10.993612	9.580713	11.649921	-18.763622	7.606311	-11.249576
2356	1	-12.631764	6.278880	12.435149	-13.457289	6.454416	-10.359657
2368	1	-14.456318	6.209304	13.088420	-15.809324	9.584870	-10.576286
2372	1	-15.383131	7.608238	13.602755	-17.461758	6.978280	-13.654557
2389	1	-12.992764	5.686562	11.034526	-14.005547	7.843510	-10.967120
2396	1	-11.331176	7.716288	14.034420	-17.322601	7.813108	-14.229978
2406	1	-11.151817	8.823974	13.244470	-15.627679	6.526489	-10.571266
2411	1	-13.838653	9.098456	13.589376	-17.153608	8.399411	-13.662829
2419	1	-9.213363	6.553873	12.998847	-13.090453	7.536374	-11.174219
2441	1	-7.769986	5.404982	10.971811	-15.744484	9.145176	-10.338743
2457	1	-9.160787	5.042133	10.633859	-16.619655	6.652131	-2.680779
2465	1	-11.747339	7.921137	11.756050	-16.984621	7.921980	-5.620824
2467	1	-18.208632	-7.292434	3.186025	-18.910278	-11.081013	-5.484907
2470	1	-6.817912	5.690471	13.228427	-15.137675	8.118590	-10.519958
2491	1	-13.512033	5.871594	11.905057	-16.335163	7.178781	-11.228197
2494	1	-8.236206	5.320343	13.649870	-17.476441	5.737703	-11.674979
2498	1	-7.272475	7.227378	13.329158	-16.221091	9.101015	-5.536954
2510	1	-18.322675	7.486356	11.749497	-11.750626	6.180633	-15.192060
2514	1	-9.740260	9.714018	12.385591	-13.713306	6.775152	-9.210306
2519	1	-12.005930	5.224678	11.731651	-19.690732	8.537214	-11.905947
2525	1	-15.285407	7.336883	12.109888	-20.128114	8.285173	-11.453707
2528	1	-11.424597	6.238744	11.754127	-11.627695	6.039486	-10.673643
2530	1	-9.083107	3.726936	13.303553	-14.764704	6.481070	-9.461474
2542	1	-9.771642	7.007542	12.223420	-13.576590	8.468722	-8.774889
2556	1	-9.610399	8.283800	13.678871	-15.438110	5.327978	-11.572636
2568	1	-10.729408	6.421990	14.019328	-13.897594	6.687526	-12.518971
2573	1	-13.048546	5.219597	13.723968	-15.717794	7.936145	-6.922056
2578	1	-12.209940	7.602364	14.608039	-17.735209	6.609692	-4.739626
2597	1	-8.523264	9.211663	13.639078	-14.928771	4.045084	-9.569271
2615	1	-12.670773	6.619328	11.938337	-17.925971	6.660432	-9.993833
2624	1	-14.253391	4.708327	11.304743	-6.800676	6.021007	-8.540504
2634	1	-12.274258	8.405024	11.011071	-14.336663	6.911766	-9.369470
2656	1	-13.350791	6.792814	12.585347	-14.887466	6.622833	-9.353460
2665	1	-2.859053	7.403692	13.845565	-17.422721	8.210970	-5.956040
2673	1	-11.869710	6.718397	12.266049	-13.332045	7.012280	-12.274970
2685	1	-12.035839	7.642902	9.572613	-12.754821	8.687941	-12.128201
2686	1	-16.113514	9.173255	13.379177	-12.417835	6.541492	-6.366020
2728	1	-12.085248	6.687099	12.409464	-14.039615	6.221347	-6.339168
2729	1	-17.867571	5.832295	12.705945	-19.382767	9.140835	-10.270080
2747	1	-9.807642	7.893070	13.778646	-19.100346	4.781423	-9.564715
2759	1	-12.864052	8.538730	13.370667	-18.847226	7.797656	-8.397327
2762	1	-13.376236	6.130462	10.449718	-13.558503	6.624958	-15.157858
2777	1	-12.197279	6.301195	12.045949	-17.159045	5.548465	-9.794684
2779	1	-8.260854	7.887834	13.717845	-15.105220	7.598717	-10.741701
2801	1	-14.343642	5.501448	12.670509	-15.835554	6.624992	-11.759868
2813	1	-7.449955	5.106736	12.574648	-16.281359	6.806059	-7.360856
2828	1	-13.024501	7.306304	12.199079	-14.205426	6.294815	-9.383440
2860	1	-10.935506	9.869705	12.796525	-17.400601	6.742372	-11.122502
2861	1	-13.611641	6.399863	12.558363	-10.560202	5.737590	-11.523207
2881	1	-13.315213	6.477229	11.507584	-14.975273	7.362076	-11.819458
2885	1	-8.734694	6.932143	9.829633	-14.669398	6.388882	-9.989148
2909	1	-15.966824	6.748716	11.572201	-7.298466	9.338717	-11.084363
2919	1	-6.353574	5.741758	11.793569	-19.250956	8.976280	-11.852778
2928	1	-16.682826	8.294144	11.426639	-7.597679	6.681596	-6.450254
2969	1	-14.290434	8.556237	10.848746	-10.607389	5.693800	-10.165574
2971	1	-9.240666	7.914163	11.608312	-16.018667	7.859943	-0.596487
3020	1	-12.608251	4.938892	12.165077	-12.660162	6.959698	-12.048197
3036	1	-14.495012	4.967265	12.457520	-20.477093	4.526637	-8.326831
3048	1	-13.475511	5.722773	11.412952	-14.142009	7.775722	-5.687751
3049	1	-9.355670	2.606635	14.088292	-15.124883	5.966402	-12.678780
3062	1	-10.688025	4.761690	10.728600	-18.616112	5.707908	-6.584619
3091	1	-16.257022	7.782128	13.133751	-16.406505	6.426660	-16.013643
3105	1	-0.837466	7.911587	13.178210	-14.478273	7.177318	-13.677060
3110	1	-9.742749	9.313658	11.072950	-10.773509	6.816461	-9.757471
3147	1	-12.762296	5.986942	11.583119	-15.935463	7.696785	-8.955429
3151	1	-1.460922	6.865319	9.996445	-15.867573	6.563974	-12.449276
3153	1	-13.209631	6.101979	10.728656	-16.568987	5.933087	-9.160353
3167	1	-10.615714	6.967002	13.707076	-18.401255	7.356628	-3.662567
3168	1	-14.741028	-10.373599	1.686111	-11.182040	-11.566002	-9.278281
3180	1	-12.006253	7.469127	9.591623	-16.328861	7.038038	-10.863976
3202	1	-14.342517	8.727383	11.887932	-11.976112	3.494926	-9.349001
3217	1	-9.233560	6.939862	12.499460	-15.153355	8.202155	-10.563950
3227	1	-10.072165	7.803748	11.867843	-17.748346	5.491431	-11.488678
3255	1	-14.668779	7.668725	11.276825	-14.147953	6.661787	-9.938846
3258	1	-14.433665	8.473538	11.719444	-13.410007	7.239416	-6.090016
3269	1	-12.624131	6.866475	12.226874	-15.976360	8.957475	-8.091605
3272	1	-13.383693	8.599930	11.439369	-18.902392	7.045776	-12.781650
3273	1	-13.451787	7.662764	11.574566	-15.377734	5.168002	-9.342579
3277	1	-10.826367	7.804034	11.731950	-21.696947	6.668756	-7.610187
3287	1	-13.926613	9.751934	10.791766	-17.978101	7.057487	-9.628049
3288	1	-8.737981	8.638268	13.255169	-16.461228	6.104419	-8.585858
3300	1	-16.289519	8.368408	12.466173	-10.054609	7.118275	-9.916029
3314	1	-14.804946	7.685402	12.357541	-11.336280	7.963797	-9.381822
3348	1	-13.401859	7.359883	11.357636	-11.608756	6.386342	-9.714219
3369	1	-12.681768	7.107961	12.153758	-15.221326	6.354108	-12.436772
3375	1	-13.673497	4.581078	11.791997	-11.007807	9.138777	-10.972253
3379	1	-11.816561	7.857008	11.543112	-19.605552	6.618778	-10.163609
3418	1	-13.217557	6.585381	13.403632	-15.984247	8.482114	-7.621084
3423	1	-11.545390	2.555550	13.165047	-15.269274	4.272708	-11.899717
3424	1	-10.267217	5.582805	12.019201	-12.739408	8.074970	-9.300052
3437	1	-11.232121	5.612100	12.503744	-19.817038	7.667140	-12.153879
3440	1	-6.081870	5.235621	5.698471	-15.422658	-5.682435	-14.187397
3460	1	-10.701059	8.018703	11.291159	-19.774910	6.635129	-10.715506
3471	1	-18.938147	-6.393960	8.559379	-12.085698	3.379000	-9.544225
3475	1	-12.775245	7.384294	13.482378	-21.393445	6.233605	-6.460572
3477	1	-15.620744	8.637090	10.549338	-17.604415	5.982445	-8.926968
3482	1	-11.961747	7.595326	12.239541	-15.003754	7.468054	-12.799235
3489	1	-9.710070	6.633627	11.927236	-17.662429	6.382692	-8.711060
3505	1	-15.650586	7.748937	13.267084	-19.485082	5.517393	-6.218794
3520	1	-13.116483	6.814399	12.083752	-17.137533	7.203742	-8.767831
3526	1	-6.852871	4.948732	13.483804	-20.486332	6.553415	-10.910401
3527	1	-13.263362	6.704372	11.416139	-16.646532	5.596018	-7.857606
3555	1	-10.605845	6.265636	10.537396	-13.468229	5.484761	-12.224987
3556	1	-16.411184	5.628925	12.908519	-16.555958	7.759058	-14.732672
3574	1	-13.567672	6.339270	11.311713	-15.997760	6.257149	-9.269488
3581	1	-13.081242	5.733825	14.286610	-11.941297	5.415786	-5.977871
3602	1	-11.489757	8.758232	11.361834	-15.405617	7.259878	-3.610398
3617	1	-8.450832	8.550264	11.900173	-16.155423	7.112630	-9.547626
3635	1	-16.692707	7.367371	11.762352	-18.924695	7.059435	-7.816058
3656	1	-12.018754	6.993828	11.756571	-11.910958	8.782293	-12.471707
3670	1	-13.679166	8.874370	12.202298	-14.637223	5.413318	-8.848489
3718	1	-13.877513	6.705159	11.544348	-19.190347	8.344159	-8.597375
3721	1	-7.290213	7.114837	12.149452	-18.267248	8.451858	-12.453473
3726	1	-8.808664	1.245290	8.115254	-14.968808	-3.618317	-9.770794
3730	1	-11.148418	7.659929	14.015526	-16.053111	5.027447	-10.664973
3750	1	-10.634961	6.950599	13.644386	-14.455823	7.235811	-8.031548
3766	1	-12.089060	7.604674	10.435089	-15.127941	8.204349	-10.789911
3786	1	-7.714596	6.132060	10.085763	-17.841902	6.054509	-12.419966
3800	1	-8.719848	7.282892	12.258833	-12.866312	6.443291	-7.350313
3817	1	-11.026194	7.365148	11.106220	-19.036701	6.711784	-6.213087
3818	1	-15.273205	4.883295	11.929048	-12.806806	6.352405	-8.252425
3825	1	-6.465030	6.606196	11.604534	-18.621055	5.402452	-6.732642
3853	1	-9.634001	6.552482	12.266467	-0.796441	7.289983	-7.032287
3860	1	-9.773050	5.537941	14.285313	-12.209460	7.779791	-11.135504
3880	1	-18.029145	9.272563	11.749663	-17.241604	7.943136	-11.717504
3897	1	-8.411100	7.050424	12.676125	-15.779736	8.921746	-12.408628
3907	1	-9.686781	8.948473	12.794222	-14.792571	3.335774	-5.005941
3913	1	-9.744387	8.390685	12.978724	-12.877642	5.169391	-14.685184
3916	1	-12.082514	5.531417	11.709473	-22.099019	9.238506	-11.056802
3930	1	-10.441903	4.915912	9.888020	-15.302171	5.879862	-4.130467
3944	1	-14.395194	8.281200	11.469628	-17.866478	8.778533	-13.851724
3964	1	-18.153228	7.365068	12.543262	-18.472034	6.580965	-3.351074
3984	1	-12.436614	6.338320	11.624747	-17.474610	6.865958	-13.092149
3990	1	-13.200509	8.975518	13.008039	-20.021076	7.902230	-13.377948
4019	1	-12.003150	9.872250	12.525654	-18.127350	4.747137	-6.659586
4073	1	-13.811021	6.010320	11.276784	-15.482978	6.817096	-10.820160
4081	1	-6.765605	8.177253	13.111879	-13.478812	6.145431	-14.593482
4086	1	-11.023330	6.913575	12.278305	-18.494611	6.743275	-13.682842
4093	1	-12.279478	7.778157	11.757327	-15.342625	6.942953	-7.936076
4096	1	-11.864879	-6.584092	0.938276	-9.871971	-13.400585	-16.853056
4101	1	-12.144002	8.958575	13.381884	-16.313844	9.420494	-8.593509
4123	1	-12.520598	5.276654	11.017423	-16.572756	6.427501	-8.232906
4132	1	-14.968387	1.001947	11.493751	-17.579308	5.568767	-13.517665
4152	1	-10.241909	6.680623	11.758561	-19.386409	6.449378	-16.800342
4176	1	-8.262699	8.012560	9.993894	-21.678258	8.171511	-6.027797
4180	1	-5.204919	6.110341	12.502659	-18.410949	6.557161	-9.613346
4192	1	-9.398124	5.134720	12.024372	-12.681122	7.221476	-8.715524
4197	1	-11.899405	8.239544	12.570434	-10.164427	7.790048	-10.383066
4200	1	-11.500643	3.627099	12.347141	-11.372950	7.830591	-3.163244
4208	1	-5.035258	8.318428	11.349039	-14.592793	6.520609	-14.081153
4239	1	-14.998745	7.100801	13.859269	-15.282549	6.929338	-7.129162
4268	1	-8.546558	4.860133	12.884389	-17.391321	7.015673	-10.480674
4271	1	-8.680429	6.258119	12.023507	-11.004532	6.808782	-14.857899
4277	1	-9.927910	7.024068	12.211104	-15.224893	7.298212	-9.975850
4293	1	-11.892072	8.247771	11.632419	-16.867001	7.555995	-11.117694
4296	1	-11.718079	7.653895	11.246769	-13.884060	7.019975	-13.660257
4326	1	-9.363739	7.348375	10.991608	-15.221736	9.007653	-7.359074
4339	1	-11.741144	6.002772	10.297877	-18.058139	4.921085	-12.415443
4354	1	-4.375085	7.011230	12.583561	-12.657860	8.797605	-9.094848
4365	1	-11.152122	8.400358	12.656144	-19.548499	9.429465	-3.836857
4372	1	-16.637612	-14.290203	2.966754	-11.900967	-6.969821	-10.246387
4381	1	-11.889035	6.476459	12.570672	-18.936843	7.930031	-9.397061
4394	1	-12.527734	5.489992	13.230079	-13.922380	9.284397	-10.784008
4396	1	-10.155783	7.589686	13.277612	-15.924355	6.797264	-9.292941
4413	1	-10.763105	3.867513	11.749061	-20.703946	6.012206	-8.078546
4427	1	-13.363868	-6.748054	-1.220130	-12.539807	-12.408554	-4.768812
4436	1	-16.007429	-5.244068	4.392029	-14.376777	-8.308499	-6.097688
4437	1	-18.832868	8.960641	10.895200	-12.603853	7.167263	-10.251212
4448	1	-12.602437	6.373693	11.587918	-17.291041	7.887609	-9.608163
4476	1	-8.678095	6.943088	10.260750	-12.106872	6.535145	-7.007061
4488	1	-10.153011	8.911027	11.758099	-15.235594	7.698299	-8.410925
4489	1	-10.099181	6.669767	11.755505	-13.774735	6.731359	-7.098567
4490	1	-9.179257	8.489407	11.614224	-20.583678	6.790322	-9.395606
4568	1	-5.159606	8.125797	12.551771	-16.949435	9.012683	-4.639044
4572	1	-16.815749	7.627274	13.300460	-8.955661	6.524307	-7.924133
4579	1	-13.360858	7.225144	9.529291	-19.161257	7.318737	-9.684606
4587	1	-14.534102	8.661186	12.552974	-10.060161	8.213389	-10.749150
4607	1	-10.570344	7.703538	10.567477	-14.959424	6.546173	-8.479383
4614	1	-12.118139	8.913330	12.097057	-17.225882	6.196877	-10.163983
4625	1	-11.385819	5.759691	11.602135	-9.187507	7.856040	-9.460509
4635	1	-12.257142	7.997569	12.671189	-16.479686	8.395411	-11.633701
4656	1	-13.747335	7.145315	12.092608	-14.849385	6.848311	-7.054714
4665	1	-14.291576	6.839054	14.414118	-16.045874	6.130022	-10.078489
4678	1	-11.660231	6.700250	11.871338	-15.172935	3.638102	-11.642174
4681	1	-10.160568	6.536962	12.133663	-13.661571	6.968382	-8.654960
4700	1	-11.925089	-12.275795	0.354558	-18.933893	-10.589321	-8.026458
4703	1	-12.522164	7.852392	13.522735	-16.671397	9.218519	-7.616922
4738	1	-13.281465	4.723432	14.177732	-17.665360	4.938566	-12.489847
4745	1	-14.747960	6.536003	11.736487	-13.100065	7.657213	-12.119420
4756	1	-11.794336	7.946125	10.971407	-15.746910	8.093902	-11.540868
4773	1	-12.496772	5.120825	11.573849	-13.896725	8.468255	-10.346789
4779	1	-12.681232	5.467802	12.148919	-18.344614	6.759620	-12.824589
4785	1	-11.456667	7.950405	13.801771	-14.223844	6.659110	-9.440719
4790	1	-11.826826	9.751665	11.644406	-16.273097	7.289070	-7.667630
4806	1	-13.174432	8.175567	11.386387	-12.248771	6.227478	-11.079028
4820	1	-12.507751	9.061754	11.354800	-13.879939	7.099408	-4.185535
4828	1	-9.911775	9.163667	12.122807	-19.295495	9.416114	-7.613720
4834	1	-13.691863	6.685309	9.043297	-17.151678	8.609139	-11.475875
4838	1	-11.151297	7.291249	13.777092	-15.022084	6.107894	-11.708644
4845	1	-9.408192	7.210759	11.353655	-16.466453	6.949260	-8.531440
4851	1	-6.838357	8.742541	13.468437	-20.238264	7.470458	-11.947351
4855	1	-14.337358	8.157570	11.450530	-12.003318	7.034833	-10.012381
4861	1	-14.055049	6.795889	13.440517	-11.047796	7.831125	-6.464041
4866	1	-8.338361	6.611388	13.820459	-18.926098	9.546683	-9.376740
4888	1	-14.643464	5.100239	12.757698	-13.044420	7.377646	-9.617752
4909	1	-12.993104	6.913919	11.247880	-17.060473	7.178005	-12.726486
4924	1	-6.091138	9.700039	14.083948	-18.464424	9.057720	-9.291547
4939	1	-12.663151	6.884485	11.545834	-16.903602	8.541246	-10.963232
4942	1	-7.328505	-14.431508	1.208012	-6.784687	-10.846065	-14.826234
4968	1	-14.072384	5.557560	12.309227	-15.052924	6.419235	-3.956812
4974	1	-13.589232	6.850262	13.572925	-18.675533	8.630809	-9.209593
4985	1	-13.974605	5.020833	11.241888	-20.598489	9.782797	-11.800159
4995	1	-15.774962	3.860199	11.799550	-13.657048	7.317587	-11.322926
4997	1	-13.928945	5.705997	10.892027	-14.488387	9.217727	-8.367831
4998	1	-13.594627	7.154948	12.516963	-15.515044	6.728186	-12.894910
5001	1	-8.196669	6.845952	12.390749	-14.551336	6.505002	-13.092158
5004	1	-12.335502	8.304647	9.786116	-15.623437	9.557655	-8.566202
5020	1	-8.362354	7.481538	12.472174	-16.047711	8.512086	-8.614602
5023	1	-12.134674	5.177613	11.792536	-16.514897	7.292866	-8.310773
5024	1	-12.357770	7.303515	11.361773	-12.185082	8.776405	-7.332407
5028	1	-11.689059	5.498628	12.102531	-18.165917	9.510882	-9.176050
5033	1	-14.089559	4.730764	11.469197	-15.826084	6.581915	-11.187637
5038	1	-14.825486	5.676983	9.575578	-14.757074	7.163105	-10.435670
5051	1	-15.349736	7.868037	13.616044	-16.107886	7.296095	-11.503356
5067	1	-12.614334	8.139063	12.328018	-16.984231	7.944414	-15.252543
5073	1	-7.986155	7.306284	14.560232	-19.823998	7.436132	-9.802358
5075	1	-12.455354	6.545038	12.500404	-18.902698	7.600114	-8.721422
5095	1	-10.295420	6.068292	11.248214	-1.820295	6.361874	-2.757759
5109	1	-11.674624	8.143063	13.523425	-17.182270	7.979995	-10.776994
5126	1	-15.683747	7.656681	12.846304	-14.988845	6.352691	-7.110533
5137	1	-14.620842	7.354244	14.648397	-15.009939	6.181355	-10.992818
5142	1	-15.759658	-10.911854	-1.905753	-12.643294	-13.495048	-8.910172
5148	1	-12.596796	4.936381	11.896864	-13.331872	7.378843	-8.310442
5156	1	-11.405514	6.134339	13.183637	-14.977127	7.220911	-11.776087
5181	1	-8.019813	6.251490	13.205255	-15.083104	5.213512	-7.320959
5208	1	-12.379138	6.780891	10.590499	-19.208595	3.508990	-10.854338
5237	1	-15.442390	6.864460	13.302037	-14.419990	5.808461	-12.644198
5260	1	-9.692425	8.444960	13.391526	-15.709693	7.132388	-6.619412
5261	1	-8.626652	8.882065	11.685526	-16.118424	7.016681	-9.373443
5274	1	-16.489506	9.059425	11.000740	-17.880766	6.809746	-10.785996
5292	1	-9.154684	4.281094	12.942439	-18.704603	7.944515	-9.091362
5301	1	-10.572704	7.110866	11.996607	-20.088886	7.158109	-4.595925
5307	1	-7.526629	6.743982	12.965511	-21.215889	7.541170	-10.332552
5314	1	-10.968012	6.673577	10.629943	-16.539041	2.586154	-9.458493
5334	1	-9.044110	5.973094	9.822382	-18.387179	7.966088	-11.124346
5381	1	-10.922622	6.772574	12.990061	-17.514374	6.501346	-10.381211
5413	1	-14.633032	6.638441	7.673522	-18.977988	7.564319	-11.295131
5425	1	-10.824985	6.222271	11.781339	-14.729731	7.822414	-10.170979
5430	1	-15.981220	7.657306	10.012789	-12.741071	8.488882	-11.768448
5435	1	-15.827925	7.853914	11.424583	-18.884925	8.689330	-14.457408
5473	1	-13.589093	8.467539	14.259690	-17.417626	3.242890	-7.621437
5475	1	-12.928426	7.231110	11.625436	-17.440287	7.333115	-8.813971
5493	1	-13.156079	5.079400	5.782874	-15.299141	-4.571530	-10.870749
5500	1	-15.346141	8.042780	12.653519	-23.252441	7.801776	-10.762677
5517	1	-13.241277	4.929712	11.895323	-15.921121	6.522423	-7.899220
5518	1	-13.664089	5.589687	12.853690	-15.590983	3.189661	-7.233574
5523	1	-18.803653	8.168060	10.822036	-16.560698	6.087472	-10.579955
5525	1	-11.400673	6.265132	10.752052	-15.592786	7.714625	-8.263828
5568	1	-17.343541	7.854705	12.917896	-19.129326	7.417562	-11.321301
5584	1	-13.412958	9.801502	13.730547	-17.418464	5.013844	-11.348734
5615	1	-11.117773	6.103855	10.240249	-14.605776	8.765375	-7.103210
5636	1	-12.156935	-13.906310	1.384111	-14.593606	-7.588300	-9.768839
5645	1	-14.896995	7.383066	14.163723	-16.469630	6.811823	-11.428336
5657	1	-3.999365	6.340814	11.448327	-18.385386	7.421059	-4.840547
5661	1	-14.019614	9.253840	11.871976	-21.073204	8.005269	-8.236561
5663	1	-8.870541	9.605180	13.504201	-16.571498	8.221890	-9.649587
5672	1	-12.063060	5.124550	14.234609	-17.157675	8.083105	-6.329605
5680	1	-12.134915	7.073742	12.849861	-13.179345	6.740518	-10.106495
5681	1	-14.122507	6.676221	11.807528	-14.116166	7.592750	-10.651725
5684	1	-11.413418	6.699868	14.181999	-10.999259	6.591330	-8.967112
5695	1	-17.341202	-5.171898	6.022250	-13.392547	-11.056485	-5.850265
5696	1	-10.121615	5.491591	11.359795	-14.433761	8.089050	-12.487172
5697	1	-16.840479	1.104882	9.649684	-17.594825	-4.609415	-7.234654
5702	1	-13.004836	4.838964	12.906368	-18.784254	5.971667	-9.135139
5707	1	-14.807373	8.455829	9.488328	-12.141843	6.938408	-12.831217
5716	1	-13.084246	9.103123	9.606485	-12.967380	6.838243	-7.137006
5720	1	-14.173385	7.306214	10.386620	-10.652171	4.769642	-5.614044
5755	1	-10.341505	6.062421	10.374254	-16.047641	7.627032	-8.199036
5770	1	-14.115008	6.526437	11.729289	-13.531459	6.556947	-6.837172
5772	1	-12.472042	6.512435	11.961821	-15.271177	7.011229	-11.295083
5819	1	-13.942754	6.805147	11.165268	-14.071225	7.233231	-14.884876
5836	1	-11.186184	3.208667	13.996321	-17.206554	5.351262	-5.290180
5840	1	-17.475926	5.637651	11.542649	-13.161576	7.193590	-8.384175
5861	1	-8.172299	7.813357	10.435712	-12.252408	7.313855	-6.121903
5880	1	-15.007653	8.739593	11.758481	-17.741530	6.488753	-14.120957
5912	1	-14.151586	5.522003	12.797436	-18.650701	9.004663	-7.364232
5913	1	-8.540327	6.366171	11.901805	-18.588300	7.658024	-11.891591
5919	1	-13.004399	6.030533	11.539154	-16.412866	8.684745	-10.354686
5921	1	-10.365550	7.030238	13.380678	-17.904888	6.556607	-9.526743
5940	1	-9.730416	5.409823	10.719498	-15.744601	8.621604	-9.956892
5945	1	-13.011050	6.674281	13.402531	-14.156697	7.198312	-8.977839
5962	1	-13.360192	6.726636	10.829664	-15.590414	6.526172	-8.018852
5966	1	-10.277128	8.022777	12.569620	-18.531764	6.639848	-12.356505
5967	1	-10.512520	7.291145	12.561492	-15.091941	7.767127	-15.075672
5983	1	-13.473057	6.945749	13.319966	-15.007869	8.902094	-10.377649
5987	1	-15.451287	8.268996	11.537829	-11.975880	7.288970	-8.693924
5988	1	-19.089796	7.243797	12.521776	-15.082132	7.681106	-3.691252
5995	1	-13.894495	9.111966	13.813587	-17.771282	6.308232	-10.718377
6003	1	-12.357389	4.331022	13.312947	-17.390718	9.190265	-11.022063
6020	1	-18.827678	8.330203	11.031702	-6.093874	5.474761	-13.292976
6035	1	-13.802053	6.827215	11.382595	-15.378480	6.226813	-11.917319
6066	1	-11.173677	5.492900	13.040657	-13.945061	7.185397	-11.149754
6115	1	-16.934801	7.625942	11.670161	-13.932050	6.908224	-11.270835
6147	1	-14.301721	8.614704	10.806135	-16.169648	4.773040	-9.968667
6154	1	-10.556994	6.662993	12.402680	-13.982084	8.424882	-8.114859
6159	1	-11.777837	8.919725	11.161022	-21.821161	3.510005	-12.892233
6177	1	-11.318515	8.196373	12.432640	-15.919057	6.985282	-6.186278
6185	1	-14.723254	6.846343	12.918039	-6.154574	6.743016	-7.926724
6188	1	-14.044052	6.922356	10.370525	-17.213342	6.375540	-9.797250
6191	1	-11.446114	5.625197	10.582945	-17.794425	2.488443	-11.705205
6194	1	-13.133566	3.926876	11.667598	-11.492286	6.650730	-6.227475
6205	1	-12.929631	8.267526	12.975351	-15.708148	5.461075	-10.664931
6206	1	-11.429175	4.056749	10.065425	-19.110024	-3.625999	-6.713405
6216	1	-16.402091	3.946939	10.785434	-18.095722	7.170636	-10.592088
6217	1	-11.671479	6.697016	12.121320	-14.969064	6.907474	-10.255668
6236	1	-14.110883	6.437835	12.870857	-17.792044	8.274211	-8.159600
6239	1	-16.694510	-6.183126	6.560839	-13.864549	-8.774681	-14.245689
6253	1	-12.876443	5.361931	13.278777	-17.696372	6.079991	-9.477872
6258	1	-17.406632	7.728024	13.298780	-17.013186	8.753864	-9.494902
6280	1	-11.239419	7.679984	12.545536	-15.450509	6.650494	-9.979315
6305	1	-12.808327	7.100551	11.561853	-11.995163	6.781749	-10.990634
6318	1	-13.839552	7.561538	7.705583	-15.990487	9.021674	-12.106713
6319	1	-11.480216	7.344972	11.332323	-17.484920	7.870348	-10.853885
6332	1	-16.554552	8.287223	12.617214	-13.219591	6.533801	-9.192034
6339	1	-15.290113	7.822153	11.970732	-18.141259	6.177771	-8.485226
6364	1	-10.617819	4.339356	5.062450	-14.664615	-2.885107	-4.271937
6371	1	-8.262665	6.205094	12.458332	-18.619359	6.565187	-10.956007
6380	1	-7.092113	6.220390	12.461908	-13.539469	7.461116	-10.054535
6394	1	-10.580780	6.620034	11.728841	-19.489644	6.237375	-4.126834
6404	1	-14.641269	5.373644	10.700825	-16.175330	7.601122	-11.799696
6409	1	-13.212819	6.274694	12.196314	-13.217017	6.292398	-8.029789
6439	1	-10.505942	7.010048	13.075725	-13.958351	6.161383	-14.154256
6447	1	-13.138248	-12.246092	1.125675	-10.392762	-6.585691	-14.138365
6452	1	-19.223763	-10.948398	5.037082	-19.865503	-3.466840	-8.096624
6468	1	-12.110065	7.252016	13.562930	-15.103306	7.114643	-12.356968
6533	1	-10.763121	6.336456	12.578573	-15.366731	6.713715	-11.966043
6549	1	-11.925316	5.752498	12.931737	-16.457936	5.479004	-14.015520
6552	1	-12.108343	6.107669	11.610392	-18.734857	8.170716	-14.131574
6567	1	-3.365161	8.810844	12.581783	-12.017880	8.092392	-10.574823
6571	1	-17.141121	-5.511185	1.923830	-7.909222	-4.744261	-14.530774
6573	1	-12.041204	7.586331	12.260222	-14.587839	7.476121	-8.926317
6576	1	-12.693810	-8.964284	4.884009	-9.536999	-5.921647	-12.313029
6604	1	-8.612452	6.914275	14.176079	-16.588457	9.648303	-12.502734
6608	1	-16.148961	6.755203	11.668142	-12.818898	8.303374	-10.456020
6627	1	-9.483172	7.157813	11.726029	-16.546192	7.503708	-3.144855
6634	1	-7.426248	8.136039	13.198646	-14.671481	6.843244	-11.714053
6672	1	-11.809773	6.868408	13.075360	-13.782963	6.160510	-10.189301
6679	1	-8.194400	9.085942	10.674528	-18.933875	6.855450	-10.878931
6683	1	-6.325159	4.560441	11.931933	-16.923784	8.666921	-8.794605
6700	1	-12.970450	4.972010	14.067214	-15.628507	6.623211	-6.430162
6715	1	-13.314146	7.782691	11.520706	-18.598673	6.644816	-10.447312
6724	1	-11.450368	6.970577	12.203009	-13.928016	8.087775	-8.656241
6731	1	-11.882657	6.499782	12.719307	-15.408885	7.244375	-5.084731
6732	1	-8.473174	6.950070	11.821167	-17.930564	9.033179	-13.352386
6741	1	-18.542472	6.970284	11.750315	-18.502751	6.692164	-10.601788
6781	1	-14.223774	7.558969	11.818980	-10.930435	7.604290	-12.924880
6802	1	-13.168385	8.702130	11.697651	-14.180808	7.144043	-8.096271
6812	1	-12.208655	7.290587	12.395259	-16.634318	5.680811	-9.068077
6814	1	-14.000279	6.169408	11.212343	-12.938311	8.819899	-13.958059
6855	1	-9.563988	7.638377	8.087708	-14.381100	8.111839	-14.943847
6861	1	-8.607462	8.148243	11.908116	-19.652824	3.606568	-12.746589
6878	1	-14.645994	7.435775	11.960158	-19.186461	6.574770	-10.703354
6909	1	-12.660793	6.815902	12.454789	-10.774779	5.962794	-14.424524
6912	1	-8.571330	7.979473	9.934038	-18.291787	8.326736	-4.772635
6916	1	-8.423029	8.811273	11.317515	-16.885606	6.137792	-10.837036
6927	1	-16.806296	8.359618	14.702570	-14.320917	6.503833	-10.870344
6938	1	-16.262105	7.526064	13.073409	-17.349918	7.913429	-8.748520
6949	1	-13.517066	-0.470115	5.625214	-15.741609	-4.639110	-13.350118
6968	1	-12.843186	7.215024	11.972977	-16.345420	5.829644	-14.996058
6970	1	-13.293893	7.907980	12.198918	-11.588258	8.620177	-9.606323
6986	1	-10.817765	8.833404	13.822122	-18.203920	6.908242	-6.352923
6996	1	-11.738758	6.265599	10.530511	-19.055120	7.046636	-14.064910
