123	7	-4.463590	6.512619	6.767606	-14.196599	11.497729	-11.275508	-4.961367	-6.273279	-2.774023	-10.006094	-0.754769	-11.155965	5.143637	-4.101713	1.132884	5.186413	3.878092	0.621914	6.203226	-10.681463	-2.774026	6.533930	-0.754771	6.152191	6.799453	-6.551671	1.131626	6.533846	3.877114	6.152191	3.036741	-8.265994	-2.774026	5.181376	-0.754771	0.619618	7.155515	1.459085	6.751801	2.340119	11.407975	5.987212
279	7	5.867103	-12.811239	-3.997176	8.909904	-3.726295	5.676199	5.035059	-3.036932	-0.368373	5.983420	3.259749	-0.468855	-6.100074	6.198658	6.025643	-12.897871	11.108755	-7.503886	5.774422	-3.048278	-0.376961	8.909788	3.236473	5.676199	-9.131873	-8.625425	-3.997159	-7.263901	-3.726223	-7.503886	5.133948	-12.806246	-3.997176	5.983764	-3.726295	-0.468855	8.921159	1.993166	6.013915	3.395166	11.108436	5.676169
455	7	3.283830	-14.205942	-4.640729	5.169236	-4.419371	-0.280778	-10.476993	6.483645	6.565917	-11.341533	10.393654	-6.710359	-7.971773	-4.070503	0.050658	-3.923660	4.233503	-6.530374	3.568931	-8.600038	-0.085708	5.249124	4.154827	-0.246118	4.664724	-9.595772	-0.085909	5.770774	4.154709	4.378249	-10.106390	-10.225202	-4.640701	-3.923644	-4.419356	-6.530370	4.542802	-15.670644	-4.640729	5.770187	-4.419371	4.376904
620	7	-12.240011	6.747860	6.858534	-16.769760	12.017845	-0.252378	-6.819255	6.747860	6.858534	-10.250226	12.017845	6.032117	-1.442255	-12.323133	-5.093220	0.247316	-4.966095	6.496571	4.668245	-18.633497	-5.093220	6.551383	-4.966116	9.216923	-6.740418	-12.319411	-5.093220	-5.625784	-4.966095	6.032368	3.785064	0.830727	6.810135	1.912658	11.922561	9.090538	-12.340097	-12.319411	-5.093220	-12.145318	-4.966095	-0.252378
679	7	4.204763	-11.982565	0.338469	5.576937	2.742552	7.675877	-11.010203	-8.782300	0.339170	-5.723765	2.742614	-5.766189	4.209945	-15.880919	-2.964981	5.598476	-2.056554	7.676125	-9.517150	3.776214	7.302147	-11.165488	10.026254	-5.776941	-5.044906	-8.782300	0.339170	0.631640	2.742614	-0.780896	-4.947142	-12.681380	-2.964978	0.690027	-2.056554	-0.709448	-11.000117	-12.681380	-2.964978	-5.703058	-2.056554	-5.765877
711	7	-12.793326	-7.447733	2.251201	-10.063932	3.960816	-7.494652	-12.781876	-14.228822	-4.526809	-9.821101	-7.554153	-7.494652	-15.844454	3.309975	7.225554	-12.432678	10.833325	-7.494652	4.924876	-16.711966	-4.528339	5.574776	-7.554154	8.858104	4.918344	-10.018819	2.088637	5.356081	3.787037	8.857967	-1.298351	-7.545723	2.239125	1.994086	3.949138	4.174643	-1.265968	-14.321111	-4.526924	2.235065	-7.554154	4.175828
1063	7	-1.769708	-7.398262	1.072939	-5.085611	3.571490	-13.901436	9.522811	-12.308983	1.072939	5.444747	3.571490	3.669160	4.608669	-12.308956	1.072939	-2.355416	3.571490	-7.440607	9.532407	-17.734903	-3.404263	5.446607	-5.279192	3.669160	-2.945780	4.407641	5.313890	-10.785258	13.174212	-14.719956	-1.762147	-12.830818	-3.404263	-5.083737	-5.279192	-13.890751	4.618335	-17.734876	-3.404263	-2.352911	-5.279192	-7.432964
1171	7	-9.483888	8.801654	6.473501	-11.630480	8.613763	-6.638455	4.874356	2.427542	6.454618	-2.000105	8.613753	5.506698	4.112276	-13.312577	-6.072747	5.556798	-10.500915	6.470287	-2.114524	-6.957464	-6.072747	3.070558	-10.500912	3.773878	-10.469787	-6.957460	-6.072747	-9.663656	-10.500912	-6.577948	5.133346	2.426789	6.454579	3.659022	8.613753	6.492277	-0.726770	8.801159	6.473501	1.919933	8.613763	4.970606
1191	7	-11.491779	3.938243	8.655111	-10.776084	11.302788	-7.598188	0.057561	3.916406	8.655098	2.664055	11.302786	5.104236	3.380210	-6.747220	3.182626	7.395246	7.305959	7.051194	-0.728218	-10.526485	-2.680164	5.584024	-4.626123	4.084681	-12.239024	-10.524094	-2.680164	-7.249524	-4.626123	-7.597734	3.490862	-15.506553	-2.680164	7.603216	-4.626123	7.056844	3.623497	1.173385	8.420495	3.858574	11.289465	6.893705
1238	7	10.047466	0.689065	4.769487	4.406097	11.838219	7.487211	-7.709425	-7.298245	-4.305728	-8.702806	0.332795	-7.702252	-2.402757	5.619005	5.094112	-8.622703	11.952591	-7.694367	-1.221559	-7.308138	-4.305768	5.556866	0.332795	3.271565	4.706765	-11.155010	-4.308716	5.682697	0.332795	7.481638	-5.700528	-7.298263	-4.305728	-2.604918	0.332795	3.257185	-0.376944	5.589281	5.094095	-2.463638	11.952588	3.265473
1241	7	6.154366	-10.185084	-7.176654	7.827850	-1.906435	4.172024	-4.963526	-8.553133	-7.170512	0.421375	-1.906435	-1.248482	-1.052105	3.432631	2.794066	0.419513	10.044269	-1.252998	10.014291	1.764115	2.785466	7.826076	10.031465	4.172040	-2.236741	-8.553134	-7.170512	1.649806	-1.906435	0.734795	-8.654517	-8.553133	-7.170512	-5.446901	-1.906435	-4.891891	-4.735903	3.432638	2.794066	-5.448770	10.044269	-4.891891
1352	7	-9.234292	-12.386196	-3.878845	-7.342981	-6.500033	-5.746839	-9.617186	-5.995992	1.208395	-7.349441	3.509893	-5.764474	3.731133	-8.022884	1.206354	6.197926	3.508296	9.360221	-7.725692	5.948333	7.834314	-13.689210	12.045895	-5.616030	4.113806	-14.686663	-3.878845	6.204447	-6.500033	9.402077	3.004774	4.407860	7.834314	-6.130495	12.045894	5.770210	-2.215037	-12.460824	-3.878845	1.934468	-6.500033	6.398505
1397	7	-4.888916	6.794012	5.586820	-14.872884	12.268270	-4.905419	1.655081	6.730409	5.586820	-9.998807	12.268234	-1.049079	4.462019	-10.312022	-2.601314	7.623904	0.855294	7.722705	8.430657	3.062053	5.586819	4.540587	12.201718	7.733756	-8.805435	-6.620182	-2.594051	-11.731873	0.860030	-4.905452	-8.840753	-7.346418	-3.757868	-11.707314	-5.742541	-4.905452	4.461804	-11.029883	-3.757868	7.648225	-5.744128	7.722700
1462	7	-5.739201	7.173268	9.586106	-10.770250	7.197717	-0.448004	-4.531547	7.161859	9.586106	-7.222271	7.197717	6.025563	-5.623476	-11.032175	-0.848031	-3.770639	-7.468767	6.232793	3.379846	-13.029970	-0.848031	4.905611	-7.468846	7.346198	5.081597	4.016124	9.586106	1.627625	7.195756	7.309358	-7.724473	-11.024892	-0.848031	-7.247478	-7.468766	-0.421322	-2.271671	-11.116684	-0.848031	2.339719	-7.468776	6.780161
1894	7	-14.997720	-4.471089	-7.423239	-8.636694	-5.850067	-10.924697	-10.824954	8.688538	4.799623	-11.104738	10.744596	-10.924698	6.629533	4.914850	4.799622	6.442571	10.744593	7.692830	2.383815	-5.323187	-7.423308	8.910322	-5.850226	6.574703	5.247701	6.003203	4.799623	6.224039	10.744596	1.267423	-10.246601	0.390658	-0.281368	-8.636748	-1.167256	-10.924697	-9.392641	2.862532	2.830344	-8.908828	-0.472915	-10.924697
1945	7	4.998416	-5.540809	0.067951	4.248737	3.636345	0.907996	4.998982	-5.540809	0.067951	5.346761	3.636345	6.222236	3.279741	-10.272907	-5.352041	4.126997	-1.266727	0.723302	-1.865657	-0.970384	1.649113	-4.260924	5.472168	-12.224909	-4.014110	6.337047	5.217400	-8.238518	12.776106	-12.364013	3.280596	-10.272908	-5.352041	5.322580	-1.266727	6.148637	-6.329664	-5.748953	-5.347980	-4.255890	-1.261812	-12.281608
2089	7	-7.785042	6.520681	6.831446	-15.339697	12.216253	-5.520792	3.857366	-14.846969	-2.205190	6.224497	-3.242648	9.593185	-12.200968	-8.993703	-2.205190	-10.967498	-3.242648	-5.501389	-2.306801	-8.993704	-2.205190	0.201792	-3.242648	4.274677	8.259460	0.617573	6.829877	2.098514	11.192661	9.168417	4.816613	0.619319	6.829889	-3.585966	11.197907	5.709236	2.263054	3.677969	6.831446	-10.407486	12.216248	0.018898
2212	7	-4.674972	7.299366	5.163736	-1.727521	12.226967	-6.966290	3.267702	-9.679386	-1.967372	6.363452	0.548109	4.952815	3.608644	3.215519	4.997056	4.809206	12.226771	-0.396438	8.460599	2.023590	4.800424	5.432421	12.225222	5.113889	-6.391022	-8.742568	-3.848759	-0.223292	-5.232517	-4.969030	-6.403685	-6.452694	-1.814733	-0.223736	0.548116	-4.969118	3.301385	-12.062169	-3.882159	6.377796	-5.232517	4.969626
2265	7	-7.636595	7.543299	6.464044	-15.349074	10.045459	-10.197164	7.970296	2.429164	6.463383	1.565517	10.035038	7.030897	-10.988647	-12.046074	-4.230392	-10.203887	-3.593058	-10.197164	-9.256145	-2.855513	0.521506	-10.203889	5.417378	-10.197164	4.618163	-15.062448	-4.230392	6.726050	-3.593089	7.064260	-1.108286	-12.251243	-4.230392	5.373472	-3.593065	2.131106	-0.631121	-3.304369	0.505272	5.920031	4.710483	2.132432
2297	7	-10.387293	6.534626	5.506454	-12.650798	11.383228	-5.496246	-11.475242	-3.198932	2.362315	-9.172312	5.787635	-5.496415	5.099170	1.014072	5.471057	3.290681	11.002185	8.432069	-11.756913	-7.967710	-4.758788	-9.143926	-2.703361	-5.496430	0.216943	-3.468517	1.923790	3.299165	5.214633	8.387975	0.002348	-8.169907	-4.763915	2.900085	-2.703361	8.373041	3.582738	-12.019128	-4.779804	6.721963	-2.703362	8.431698
2319	7	-7.568409	-4.172386	2.413754	-8.373300	6.731367	-5.369446	4.281203	-8.438179	2.387239	7.710539	4.909236	6.506496	-10.708230	6.370795	8.228290	-12.825220	12.742294	-5.428965	4.342124	-11.959791	-3.970153	7.724463	-5.253584	6.518381	3.136814	2.102690	8.181652	3.022367	12.367302	6.192657	-9.830328	-7.728087	-3.967619	-8.447752	-4.928175	-5.422460	-4.107324	-7.728087	-3.967619	1.894719	-4.928175	1.038607
2473	7	8.523291	-17.012807	-4.498979	6.938692	-7.438610	6.509850	5.153168	-15.468752	-4.498979	-3.742109	-7.438610	-0.501331	9.884741	0.027587	3.933264	6.095692	7.804424	6.522019	4.979730	-7.326011	1.607746	-3.956314	3.177113	-0.700163	8.373564	-8.951460	1.607741	6.724734	3.177111	6.507683	-0.753223	-4.640396	1.609089	-7.465141	3.177772	-6.743426	7.408587	0.745328	4.201216	-4.706219	9.053224	-0.357529
2497	7	-15.816231	6.489215	7.165877	-14.278085	14.270833	-8.427644	2.865165	-4.920081	2.245900	6.821460	6.336211	6.445705	1.622896	-4.813339	2.242527	6.810333	6.335699	6.445704	3.526797	-4.749242	2.257818	6.778961	6.336335	6.445704	2.521637	-4.174923	2.278252	6.726186	6.335953	6.445699	2.422400	-4.946338	2.242979	6.834139	6.336006	6.445705	1.312999	-3.959641	2.262141	6.742303	6.335682	6.445697
2523	7	4.665230	-13.361120	-0.136756	7.165355	3.949116	4.762042	-7.939553	-6.741342	-0.136756	-4.766439	3.949116	3.214117	-13.272498	-6.741342	-0.136756	-9.835800	3.949116	-6.897238	-13.270568	-10.362057	-4.147691	-9.835788	-3.885326	-6.897238	-10.983116	4.013448	6.089115	-15.916587	11.165031	-6.897238	4.667198	-16.981344	-4.147691	7.165381	-3.885326	4.762042	-7.937562	-10.362057	-4.147691	-4.766428	-3.885326	3.214150
2618	7	4.822737	3.765694	7.772240	0.962313	11.238343	7.104847	-12.151314	5.604216	7.772240	-14.685479	11.240406	-8.842582	6.195246	-10.705208	0.457687	7.029436	2.433657	7.115278	-11.283576	-8.298164	0.457689	-8.794261	2.433658	-8.842582	3.359808	-1.974720	7.725734	0.962373	5.727309	7.104850	6.195251	-16.274942	-4.689988	7.035551	-2.540295	7.115278	-11.283570	-13.867898	-4.689988	-8.788147	-2.540295	-8.842582
2715	7	-9.796162	-1.974819	2.245722	-11.548982	3.884689	-14.811021	-9.797973	-9.180224	-4.352637	-11.454989	-3.496217	-14.811037	8.959001	-8.212892	2.215800	7.177110	3.804247	3.593970	-11.426929	4.752325	8.260706	-16.913602	11.528591	-14.820386	2.958655	-15.288760	-4.352637	4.143624	-3.496217	-3.644021	9.073621	-15.406689	-4.352637	7.267505	-3.496217	3.595406	2.842643	-8.040073	2.215800	4.006094	3.804247	-3.699175
2819	7	-5.895639	6.938431	7.114378	-9.742408	12.314854	-10.239143	3.160451	0.527550	6.947739	-2.791409	11.721299	7.758008	4.711191	-17.423250	-2.506549	6.858391	-5.496349	8.110274	-7.802462	-11.032563	-2.506520	-4.652274	-5.496349	-9.555394	5.756732	0.525623	6.947320	1.702879	11.718067	8.126368	-5.152658	-11.032563	-2.506520	1.449047	-5.496349	-4.308077	0.076642	6.711707	7.114369	-9.146027	12.314854	-6.843771
2873	7	5.377725	-6.036528	-5.724975	4.875256	0.987090	6.289564	-2.361380	-3.370295	-5.663080	-11.302148	1.005298	-5.525312	0.501986	6.380597	4.744530	-11.376047	11.712664	1.100809	0.408746	6.399542	4.744530	-11.663405	11.712664	-4.192311	4.058886	4.158717	4.744530	-6.867896	11.712664	-3.676616	9.709129	3.825879	4.744530	3.075165	11.712663	6.289556	4.258443	4.087688	4.744530	-6.635855	11.712664	1.496640
3154	7	4.127900	-12.754797	0.599862	7.071604	2.794888	8.846499	-9.584842	6.078039	6.927466	-10.262516	9.775904	-9.557049	-7.633228	-6.394949	0.601656	-2.192506	2.801003	-1.011985	0.090534	-7.794289	0.600113	6.728619	2.795767	8.680388	0.090538	-11.515769	-5.132801	6.735645	-3.786566	8.680406	4.127901	-16.475176	-5.132802	7.078594	-3.786571	8.846512	-7.548637	-10.122913	-5.132799	-2.169982	-3.786533	-0.952919
3298	7	-11.509626	6.112274	7.234031	-14.588512	11.334706	-7.948726	-10.760557	-6.101046	0.671526	-8.265818	3.946627	-7.942730	3.201511	2.393339	7.228334	-0.302059	11.332917	5.891229	3.148995	-12.842482	0.534124	7.385702	-1.902867	5.873244	-11.413937	-9.379739	0.534125	-8.265819	-1.902867	-7.948120	3.285560	-10.235526	0.670807	7.443021	3.946619	5.919098	-0.073359	-9.379764	0.534125	3.325614	-1.902867	3.807290
3390	7	-7.659077	-4.518920	2.961325	-11.074729	6.554098	-10.761644	-8.640686	5.812071	6.868441	-12.933652	12.372113	-10.761644	7.543209	-13.673829	-3.232233	7.203199	-3.156231	6.028084	5.580910	-13.630971	-3.232233	1.685255	-3.156231	-0.354140	5.355809	2.033379	6.868441	4.975042	12.368304	6.028078	6.526278	-8.427361	2.936233	6.850876	6.488644	6.028084	-6.748109	-9.836103	-3.232233	-10.718644	-3.156231	-10.761644
3463	7	-7.814962	-8.419530	-8.269443	2.226638	-5.001553	2.170501	-7.401104	6.638618	1.478195	-6.632548	12.353263	-5.434758	2.278507	-4.645343	-2.942852	8.216804	2.635869	6.780841	-7.814946	-3.446448	-2.890878	2.226638	2.665318	2.170501	-13.746972	-8.419530	-8.269443	-6.632572	-5.001553	-5.434862	-13.746957	-3.446448	-2.890878	-6.632572	2.665318	-5.434862	2.278507	-9.544288	-8.269495	8.216804	-5.001554	6.780841
3490	7	-2.416594	4.943207	3.526113	-4.464003	8.643246	3.364819	-7.718333	-11.503025	-7.413572	-3.024261	-8.055329	4.442877	4.430304	-13.657950	-7.413572	6.768587	-8.055329	6.574258	-6.151171	4.950386	3.526113	-10.127906	8.643246	-5.761346	9.759337	2.733881	3.524330	5.759487	8.638382	6.590702	-11.479377	-11.503020	-7.413572	-9.115017	-8.055329	-5.476057	-2.070189	-11.514661	-7.413572	2.661035	-8.055329	6.093346
3543	7	6.629679	-8.671419	2.760035	7.380608	4.649606	5.836742	-4.624866	-2.421152	2.760691	2.107745	4.653097	-1.249435	-11.314494	6.589115	7.806129	-14.259713	12.284160	-8.639444	-10.745762	-2.421151	2.760691	-7.850131	4.653097	-8.639444	-11.005816	-9.138285	-1.155484	-7.823871	-4.400495	-8.639444	6.645166	-15.189480	-1.155484	7.406846	-4.400495	5.836744	-4.878764	-9.138285	-1.155484	2.138498	-4.400495	-1.249267
3602	7	5.230522	-8.420264	0.126848	6.246178	4.743921	7.877911	10.689200	1.658887	6.634428	2.114360	11.020316	7.803535	-0.452245	6.299478	6.637297	-16.149546	11.583072	-6.360733	-12.199340	-3.992963	1.027980	-12.161113	6.732738	-7.869568	-12.327372	-8.769560	-5.805842	-12.161090	-5.806894	-7.869568	-6.376242	6.349543	6.637299	-16.277945	11.584060	-7.868815	5.242184	-13.139598	-5.830898	6.246183	-5.938473	7.878089
3736	7	6.501627	2.726704	4.618236	2.796088	9.775218	5.659573	3.240890	2.726704	4.618236	-5.929608	9.775218	-7.245627	-2.131962	-4.183806	1.359952	-11.128166	4.151431	-13.133880	5.383821	-4.408435	1.359197	3.979397	4.035492	5.725956	3.878039	-10.088349	-0.135470	3.986105	-4.458059	5.726100	-3.590196	-7.087910	-0.135470	-11.154662	-4.444697	-13.134106	5.718265	2.726704	4.618236	0.612067	9.775218	-1.777133
3868	7	-7.711655	-9.444339	-3.060970	-4.145298	-0.635771	-8.533394	7.292560	-15.808725	-3.060970	5.709568	-0.635771	7.109256	-10.239274	-3.829306	3.022857	-4.202065	3.475757	-8.533394	-10.011914	5.863239	7.813280	-10.685514	11.766712	-8.533394	4.376321	-8.445107	3.022824	5.660622	3.475706	7.109255	-5.077233	-3.829401	3.022857	0.988719	3.475757	-4.836809	-2.609824	-9.447250	-3.060970	1.059480	-0.635771	-4.740131
3885	7	3.991195	-4.792280	5.118925	5.034766	4.138800	6.436762	2.080900	-13.711041	-0.011962	5.050804	-7.533964	-0.529041	3.239104	-13.712212	-0.011962	6.565360	-7.533964	6.227983	-8.189766	5.297659	5.920409	-8.871489	9.617730	-7.083001	5.754432	1.179302	5.906103	3.909824	9.273148	6.690869	-10.705754	-9.615724	-0.011962	-6.059106	-7.533895	-6.880538	3.116295	-4.792247	5.118925	3.982129	4.138802	-0.033109
4160	7	4.467887	-7.950743	-2.956586	7.002807	-6.954572	8.194283	-1.643254	-0.542414	0.466933	2.857805	-2.599483	5.025729	-6.837156	5.664187	4.611258	-10.525919	11.473945	-1.813888	3.490495	0.795116	3.620624	-3.357213	10.269064	6.052825	-12.022356	-3.769547	-1.761965	-6.163231	-6.623843	-1.813888	-11.730364	-0.542096	0.467148	-6.486877	-2.598954	-1.813888	-2.016224	-3.769618	-1.762006	3.158731	-6.623872	5.020695
4187	7	-10.060567	7.110683	7.367055	-17.483939	11.900280	-7.554091	-11.814395	-2.384240	1.620680	-11.516033	4.886816	-7.554091	3.876067	-10.549556	-4.099204	5.390781	-1.240092	6.718874	-2.213677	-2.384266	1.620650	0.687207	4.886789	2.267700	-2.378837	-4.770748	-4.091841	0.606621	-1.228560	2.267652	3.875340	-8.214182	0.886567	5.390709	4.283914	6.718872	-11.978177	-4.770735	-4.091841	-11.515692	-1.228560	-7.554091
4253	7	-10.628646	-11.246079	-3.468006	-7.301621	-4.811453	-10.470075	-0.855529	-0.392974	7.539187	2.668050	6.079795	6.002957	-9.697539	6.079774	7.571331	-13.530895	7.163951	-10.470075	-6.273047	-11.246105	-3.468006	1.245837	-4.811453	-5.309888	-0.172985	-13.896766	-3.468007	9.344403	-4.814499	6.745076	3.238392	-17.205804	-3.468007	9.516925	-4.815019	6.930731	0.717915	1.235690	7.570232	2.857069	6.682468	6.913510
4297	7	-7.973221	5.818551	8.029832	-15.701237	10.025491	-10.956186	-9.944121	-11.014581	-1.955428	-10.363983	-4.839407	-10.956186	3.881153	0.178845	6.150873	4.361117	8.619736	6.578182	2.881580	-0.457247	5.499348	4.594384	6.971410	6.654090	3.544899	-0.141966	5.863260	4.387022	7.843460	6.623961	3.902814	0.289197	6.208414	4.390825	8.819919	6.557938	2.505547	-0.585925	5.323834	4.717095	6.589907	6.661088
4466	7	-9.071981	5.695430	4.962691	-10.382113	12.310051	-7.501841	-12.021499	-5.127622	2.052629	-6.169486	4.269739	-7.501841	3.561921	-16.535106	-3.985123	8.069201	-4.495817	6.604831	-8.293038	-10.920840	-3.985118	2.161361	-4.495817	-0.942434	3.561329	-11.651784	2.035615	7.976617	4.242245	6.604731	-8.280178	-5.127622	2.052629	2.065510	4.269739	-0.942444	-12.035563	-10.920840	-3.985118	-6.073742	-4.495817	-7.501841
4468	7	-9.811775	-14.008267	-1.563356	-8.866580	-2.327533	-10.446430	-1.826698	-14.009462	-1.563356	6.079806	-2.327533	4.513909	-9.780875	-8.935135	0.091357	-8.869581	5.144090	-10.445550	4.660139	-20.192928	-1.563356	8.245631	-2.327533	7.305186	-7.703758	3.559620	5.987636	-12.061938	11.532133	-10.317912	4.534942	-15.069901	0.091329	8.236608	5.143589	7.295336	-1.795279	-8.936410	0.091357	6.100104	5.144089	4.537932
4517	7	-5.285008	6.383888	4.605277	-14.681358	10.875523	-8.100599	-5.126030	-8.110265	-3.725674	-11.628014	-2.483620	-8.100599	1.527421	-8.855105	-3.728765	-5.026522	-2.483630	-2.572560	7.694152	-7.643527	-0.137713	7.167094	3.331227	6.675211	7.763359	-13.132054	-3.729600	7.167120	-2.483633	6.675211	7.504933	1.514081	4.605211	4.106921	10.854382	6.675195	6.166575	-1.959596	4.531644	4.117532	6.831489	6.675196
4634	7	7.183598	-14.808485	-6.444439	5.353777	-2.758954	0.284408	10.194765	-12.247388	-0.628910	5.705788	3.251399	6.231802	7.183659	-12.247388	-0.628910	5.318786	3.251399	0.284408	-0.103696	-11.721479	-0.628910	-3.042252	3.251400	-7.667236	-0.063579	-14.329385	-6.444439	-3.006340	-2.758954	-7.527754	10.194655	-14.808485	-6.444439	5.740779	-2.758954	6.231802	-5.629222	5.416063	4.828042	-4.067601	12.390129	-9.691515
4978	7	3.554258	-4.367776	7.252850	1.656315	7.200885	7.851925	6.402705	-18.428987	-1.659238	8.036953	-7.428069	8.493891	-14.926968	5.358656	8.208181	-12.744413	10.507180	-10.168236	-13.009072	-12.680390	-1.659227	-6.403225	-7.417403	-10.168212	3.889620	-1.596511	8.148357	1.656996	8.666155	7.880541	3.318514	-4.647062	6.659871	1.655139	6.456308	7.807415	3.936929	-0.990448	8.178524	1.657109	8.896308	7.879540
5032	7	-6.165631	5.014389	8.731600	-15.636516	10.254990	-2.833628	4.278176	-8.018380	3.679080	6.134785	5.696019	9.164143	-3.017825	5.013308	8.731600	-11.971949	10.254990	3.248420	-8.484617	-9.525599	-0.616150	-9.592493	-2.597084	-2.833787	-3.931340	-9.525761	-0.616150	-6.022470	-2.597084	3.239107	4.055989	-15.272551	-0.616150	6.783550	-2.597084	9.145218	1.253792	-4.812325	3.682263	-1.661267	5.696620	7.418398
5078	7	-12.758585	-14.406524	-3.834056	-7.668100	-4.389383	-9.408953	-12.762562	-7.919298	2.060160	-7.680883	6.739192	-9.408966	4.344569	-10.709148	2.060160	8.961862	6.739189	4.716003	-11.840312	2.472793	7.611798	-12.425970	11.155553	-9.406367	4.228938	-10.616545	2.060160	7.509849	6.739189	1.253584	4.235311	-17.108204	-3.834056	7.521304	-4.389383	1.255499	4.350474	-17.200462	-3.834056	8.971008	-4.389383	4.717392
5109	7	-10.962895	8.070150	6.846909	-11.514726	12.542498	-12.296004	2.997817	6.111633	6.846909	1.373922	12.542484	5.192279	3.390878	-5.627238	0.448980	7.750122	2.867551	5.345734	3.565963	-1.653203	1.349242	1.472988	3.408121	-0.773541	3.391016	-10.978952	-5.652677	7.889385	-2.779708	5.345780	-7.879166	-8.198468	-5.652677	-5.083693	-2.779707	-12.219025	-0.686382	-8.200621	-5.652677	1.413242	-2.779707	-3.328869
5124	7	-8.100270	5.070904	3.555042	-1.808792	7.151249	-9.188837	-3.137159	-0.514791	-0.737920	2.458808	1.878290	-6.988576	-11.650508	-9.432102	-8.545378	-1.720108	-6.596740	-9.064055	3.701005	-14.101519	-8.545378	8.094590	-6.615037	4.444222	-7.236543	-9.432102	-8.545378	2.415792	-6.596740	-7.219728	-3.590772	5.070898	3.555042	2.351219	7.151249	-7.093642	-7.562598	-0.514725	-0.737562	-1.720012	1.878353	-9.063378
5139	7	4.572265	-10.913589	-1.345428	6.724114	3.599554	7.332025	-1.816130	-4.517372	0.673910	2.221726	4.254306	2.095026	-11.174778	-4.517371	0.673910	-10.073459	4.254306	-7.705573	-8.613388	6.804647	5.406500	-14.142042	10.987948	-7.705573	4.573442	-13.854181	-6.436929	6.724116	-0.913366	7.332058	-11.155637	-7.658342	-6.017748	-10.073387	-0.907341	-7.705573	-1.796856	-7.658343	-6.017748	2.221854	-0.907341	2.095413
5190	7	3.524532	1.756452	6.227189	4.766675	11.590459	8.494574	-13.137252	-9.618219	-5.327686	-6.293784	-5.174649	-6.536972	3.680068	-14.947126	-5.327686	7.222322	-5.175774	8.495868	-9.472549	-3.046717	1.250504	-6.640172	3.835361	-6.536973	-13.214207	7.108378	6.227241	-8.750345	11.611208	-6.536974	-3.091150	-9.623558	-5.327686	5.085530	-5.174657	2.283803	-3.356829	7.106250	6.227241	2.537850	11.611208	2.218082
5235	7	-5.982508	-6.549981	0.269037	-1.953764	2.655877	-3.885096	3.905189	-12.446277	0.268992	9.084061	2.652913	6.549214	-5.982129	-12.113842	-3.669348	-1.953764	-3.440344	-3.885094	0.588111	-8.379901	0.268995	9.084023	2.653147	5.395966	0.588546	-13.942420	-3.669348	9.084023	-3.440345	5.396432	3.905597	-18.008205	-3.669348	9.084061	-3.440345	6.549224	-4.259992	2.896754	5.932155	-7.314910	11.537813	-7.569060
5421	7	-10.825160	6.918339	5.603621	-12.458779	13.345137	-4.380480	4.980034	-9.832449	0.495173	7.328911	4.428434	9.446446	-12.802260	-5.179830	0.495232	-7.777600	4.428456	-4.380480	-0.724836	-8.890527	-2.751708	4.936565	-2.221270	3.164082	-0.333688	-5.214766	0.495227	5.681203	4.428454	3.172525	5.026841	-13.578048	-2.751708	7.328965	-2.221270	9.446447	-13.204431	-8.870108	-2.751708	-7.777550	-2.221270	-4.380480
5693	7	-11.918163	5.500475	7.122513	-11.285950	11.272793	-3.033843	-5.582292	5.500471	7.122513	-7.681531	11.272793	3.452207	-15.113834	-10.033044	-1.113994	-6.715728	-2.161783	-3.021681	3.597927	-14.312686	-1.114009	8.487173	-2.161783	6.320468	6.170965	1.166605	6.377627	5.050016	11.195764	6.728683	-8.403364	-10.033044	-1.113994	-3.172224	-2.161783	3.549461	-2.655883	-10.034593	-1.113994	3.991075	-2.161783	4.204158
5984	7	-8.839089	-4.706705	0.367236	-9.232944	4.963085	-5.189653	-9.561973	-10.218085	-3.627328	-9.173142	1.545528	-5.189655	4.451735	-14.258249	-3.627331	6.284560	1.545527	7.908574	-9.237373	3.707329	6.807403	-11.295080	11.729328	-5.189654	4.508749	-8.787216	0.359519	6.211423	4.894023	7.912117	4.451136	-15.109770	-6.073415	6.288711	-4.452489	7.908535	-9.571716	-11.070051	-6.073415	-9.169099	-4.452489	-5.189655
6050	7	6.133550	-7.836476	0.983116	8.661623	5.511551	6.642360	-12.102114	7.725416	6.185943	-11.381190	11.502340	-11.503530	-11.515789	-6.873420	-5.463649	-6.151759	-1.690018	-11.498313	6.042865	1.808948	6.118863	3.560928	11.186760	6.638627	5.412467	-12.786585	-5.463666	8.656488	-3.187669	6.605525	-0.486452	-8.659850	-5.463665	4.698933	-2.782234	4.402523	0.499417	-6.545647	0.983152	5.061038	5.806349	5.106106
6083	7	7.050814	6.799270	4.921381	5.371738	11.668674	6.826449	-2.767064	8.739541	4.921381	-13.562984	11.668674	-10.298616	-5.848089	-2.974578	-1.680940	-12.494998	0.318703	-10.460807	-5.849149	-7.123643	-1.849546	-12.493154	-5.688923	-10.460811	5.219869	6.802314	4.921381	-0.734932	11.668674	-2.430574	4.076710	-4.873146	-1.683012	6.433096	0.317793	6.766232	4.076734	-8.993916	-1.849546	6.434917	-5.688923	6.766234
6180	7	-8.107522	5.912537	7.304858	-16.347610	13.143747	-11.717743	4.034490	-13.010501	-5.372647	3.217144	-4.963180	0.475210	6.716714	-13.124684	-5.372647	5.430311	-4.963180	6.903607	-4.614916	-8.341269	-5.372647	-10.440038	-4.963178	-11.717743	6.900771	-6.537895	1.092659	5.429519	4.778063	6.903607	0.430248	-1.588788	1.106429	-5.754587	6.319335	-11.696370	4.247406	-6.463458	1.092659	3.217420	4.778079	0.476148
6282	7	-12.529288	5.332380	5.820808	-17.838999	13.166585	-7.316486	-12.632096	-12.275086	-5.756572	-11.859735	-3.505590	-7.316810	-12.624030	-5.964069	-0.230746	-11.859740	3.205599	-7.316786	4.761896	-6.899559	-0.244568	6.098025	2.970875	6.985566	-0.323545	-5.979845	-0.231103	6.031379	3.200864	5.119776	4.759686	-13.212966	-5.756575	6.098030	-3.508654	6.985378	-0.331457	-12.290662	-5.756572	6.030305	-3.505659	5.114195
6320	7	4.569048	-13.913487	-1.648417	7.467606	3.661529	8.433168	4.569330	-20.122386	-6.189900	7.467637	0.663473	8.433168	-9.424768	-8.028481	-1.648417	-7.064967	3.661529	-6.828231	-1.887630	-8.029957	-1.648417	1.591676	3.661529	-1.333489	-9.424514	-14.239585	-6.189900	-7.064939	0.663473	-6.828224	-6.218013	2.374083	5.009621	-8.865761	11.399277	-7.084200	-1.886603	-14.241063	-6.189900	1.592517	0.663473	-1.331679
6341	7	3.796256	2.110829	7.685739	-10.976848	10.395375	-1.980701	-7.423614	-5.860446	-2.404980	-10.163594	-5.351042	-8.498984	3.063439	-8.212801	-2.405042	-5.974515	-5.359327	-1.782324	7.829103	0.951255	6.973338	0.808432	9.702510	8.078608	7.857107	-12.500444	-2.405044	5.964469	-5.359657	8.084705	-6.498472	7.701699	7.782872	-15.165946	10.636607	-8.500483	5.117243	0.962452	6.987194	-5.248165	9.713228	4.699105
6370	7	-13.277728	6.470207	7.455406	-13.100666	10.928717	-11.079369	-0.391136	-6.538467	1.303978	0.950358	5.963435	-5.317237	-11.811388	-10.150814	-4.146337	-10.805872	-5.133304	-11.079368	5.278274	-16.085444	-4.146337	7.430033	-5.133304	5.820576	-7.072287	-2.837392	1.309372	-10.806016	6.424305	-11.079368	5.494774	-8.807733	1.303974	7.428723	5.963187	5.820947	3.473602	0.548591	6.291128	5.134296	10.843037	5.703950
6391	7	5.629302	-12.025151	-0.191116	5.403412	6.833196	4.388201	3.821778	-11.945092	-0.191116	1.617496	6.834916	-0.788733	-7.417354	-5.737463	-0.191116	-12.096097	8.166580	-3.546015	-7.409017	-11.961062	-5.844821	-12.095488	-3.337959	-3.546012	5.637640	-18.248462	-5.844821	5.404021	-3.372184	4.388204	-5.905878	2.775750	6.209804	-17.459370	11.657020	-3.544308	3.830163	-18.169747	-5.844821	1.618251	-3.372159	-0.788681
6465	7	4.121370	-5.848648	-1.713071	6.979466	3.940929	6.490628	-1.850714	-7.342839	-7.277074	1.168882	-2.066349	2.963740	-10.125311	-3.429743	-1.691486	-8.234485	3.993989	-10.782444	-5.726023	5.958283	4.691107	-11.457204	12.023327	-10.637445	-1.844683	-3.542099	-1.699147	1.174932	3.980043	2.967364	4.121377	-9.648335	-7.277074	6.979466	-2.066350	6.490630	-10.132091	-7.231459	-7.277074	-8.234485	-2.066349	-10.782480
6498	7	-14.431300	-11.917868	-7.621563	-4.909208	-5.478948	-11.466794	-3.321888	0.804581	1.225869	1.395246	5.342381	4.368178	-2.109753	-11.917868	-7.621563	1.425825	-5.478948	5.597330	3.915505	-16.644460	-7.621563	7.651366	-5.478951	5.688346	-15.634756	0.804581	1.225869	-4.915906	5.342381	-11.466794	-9.505918	0.804581	1.225869	1.348728	5.342381	-5.428662	-8.300768	-11.917868	-7.621563	1.356534	-5.478948	-5.427757
6511	7	-12.494456	2.804589	5.386045	-12.515476	11.206401	-11.247338	-11.269626	-9.219034	-0.334822	-7.210745	3.099726	-11.247338	2.672390	-10.922250	-0.339293	2.118993	3.045775	-1.046047	2.662944	-16.174542	-4.019680	2.106574	-4.217342	-1.046545	-11.290070	-14.496888	-4.019677	-7.209892	-4.216320	-11.247338	6.628320	-13.168842	-0.339783	7.570515	3.029041	4.911119	6.626989	-18.427083	-4.019680	7.571359	-4.217709	4.911119
6695	7	-9.678348	-1.926202	1.207739	0.304614	6.167614	1.657437	-5.291989	-6.787093	-0.157223	0.304861	-4.492180	1.657454	-14.766403	8.097053	6.716334	-12.483682	11.901504	-9.914000	-20.164350	-1.926202	1.207739	-8.352363	6.167614	-9.914000	-15.788025	-6.787093	-0.157223	-8.352285	-4.492180	-9.914000	3.267396	2.805148	6.716101	4.448900	11.816036	5.903791	2.065004	-11.266808	-0.157225	7.783801	-5.884489	4.702544
