28	6	3.874456	-9.306453	0.656010	7.560948	4.367166	5.120628	-14.123146	-8.246384	-5.740145	-7.271207	-0.637945	-7.987805	-14.181887	-6.999835	0.669507	-7.411352	4.767303	-7.988037	-10.560944	4.429927	6.631538	-10.007122	13.971700	-7.989090	3.934592	-10.908869	-5.748320	7.702939	-0.923209	5.120661	6.986610	-0.223061	5.439814	5.845627	12.154899	5.119211
32	6	5.048988	-12.804046	-5.441076	6.789035	-5.747769	0.453421	5.400646	0.476756	5.343533	2.203232	8.940311	0.453420	5.346870	-12.936612	-5.441076	8.515137	-5.747769	5.309843	-8.152022	6.644556	5.576615	-11.297471	10.454766	-10.451292	-10.188861	-6.805268	-5.441075	-5.988208	-5.747769	-10.451292	5.738214	0.393516	5.288876	4.139749	8.665627	5.309845
82	6	6.343499	2.465280	7.540270	6.530114	11.514187	7.921581	-6.807487	7.494306	7.546360	-10.778420	11.514200	-8.808320	4.165951	-3.292979	1.368793	8.032886	6.099214	7.593138	4.165466	-6.176550	-1.579364	8.035786	-3.258559	7.593011	0.222047	-3.550926	-1.579342	3.273584	-3.258522	5.415565	-8.948417	-2.822932	-1.579096	-9.253229	-3.257818	-8.923634
104	6	-12.642269	4.053768	6.881303	-10.096530	10.705501	-13.541383	-9.615275	-6.045704	0.443717	-5.853533	6.328150	-13.537158	-9.008266	-13.428126	-1.804211	-5.452708	-4.995278	-13.524510	3.486711	0.009283	6.360109	4.873256	7.251084	4.498069	5.912367	-17.904903	-1.804213	9.195891	-4.995279	4.696117	5.912347	-11.365446	0.379275	8.836152	6.237746	4.696117
106	6	4.047273	-10.205341	0.662302	5.947599	3.487906	6.353456	-14.450544	-7.086567	0.662765	-12.386973	3.658264	-3.794370	-13.706757	5.300155	7.108898	-16.725932	13.438564	-3.794308	-14.428866	-8.055261	-1.670765	-11.959884	-0.661962	-3.794369	4.071234	-11.216861	-1.683583	6.375645	-0.669612	6.358616	4.554108	1.429180	7.108335	1.547601	13.438564	6.448209
147	6	-13.965674	-10.471741	0.136012	-8.287966	-0.810169	-11.116136	-13.651942	6.902135	5.378775	-13.006615	9.046666	-11.190058	3.873208	-16.935837	0.136005	5.207822	-0.810179	4.379108	3.873207	-10.989134	0.433996	5.180267	3.680534	4.377719	-13.965553	-4.491814	0.456640	-8.341597	3.720595	-11.118868	8.607871	0.390587	3.808413	1.714154	7.891443	3.801321
155	6	-3.449892	-10.227529	-4.107799	-1.777053	-7.442328	4.469895	3.894202	5.495414	7.685442	2.408369	10.119164	8.277078	-13.668610	7.203558	7.685454	-13.453104	10.119164	-7.772253	-1.797090	-10.272084	-4.107799	2.007426	-7.442328	5.257131	-12.272150	-10.206292	-4.107799	-8.011250	-7.442328	-7.771565	4.961454	-12.653003	-4.107799	7.901744	-7.442328	8.492117
307	6	4.576918	-3.468240	4.601093	5.376788	5.868151	5.969448	-11.047618	5.997293	9.621378	-15.745643	11.693873	-11.581847	4.105369	1.522226	9.561178	1.820680	11.376762	5.842806	4.910776	-8.105582	4.202311	5.556590	-0.428885	5.969477	5.512729	-9.977954	-1.162663	6.308190	-5.194021	5.969523	-9.858787	-5.518060	-1.162070	-10.998368	-5.170487	-11.581847
315	6	-8.173630	-7.426623	-1.738532	-8.544236	-2.961786	-6.132744	3.503272	-5.725599	-0.321020	5.168806	3.495324	0.379524	3.940550	-6.006503	-0.322809	8.274540	3.495113	4.112276	-8.173381	-4.220433	-0.237095	-8.544570	3.505722	-6.132744	3.503278	-8.869187	-1.738647	5.169087	-2.961791	0.379524	3.940550	-9.147214	-1.738650	8.274817	-2.961791	4.112276
404	6	-6.678310	5.323161	8.267694	-14.297057	11.798250	-7.708680	4.415788	-7.067841	3.956644	4.390694	6.365145	7.234999	3.212655	-0.728169	8.140071	2.292591	6.458946	6.885940	-7.355676	-6.842141	-2.441593	-10.399919	-3.925209	-7.708668	-0.469099	-6.842734	-2.441594	4.907328	-3.925209	3.673542	5.873948	-12.429358	-2.442429	6.498995	-3.925211	7.248770
423	6	-13.987221	-7.524838	-3.337118	-7.349010	-1.288601	-8.084097	-11.194778	5.219319	5.555575	-9.662039	10.537734	-8.084227	3.872199	-0.075997	5.533568	2.859149	10.423219	1.174345	3.750593	-12.654321	-3.433786	5.150146	-1.288601	1.172267	3.995632	-12.937120	-3.433812	6.046514	-1.288601	4.068485	3.935975	-0.143619	5.531423	3.764604	10.388058	4.067901
475	6	-9.893782	-2.979608	-0.239536	-6.634334	4.089654	-12.183425	-9.917984	8.872176	5.620999	-11.693856	14.679333	-12.183968	-10.167477	-9.201283	-4.790647	-6.634334	-2.261683	-12.183425	5.277251	-9.177640	-0.239606	6.076802	4.089325	6.101759	5.022645	2.810764	5.620933	1.008869	14.678344	6.083327	5.277201	-15.399281	-4.790647	6.076802	-2.261683	6.101759
484	6	-11.260929	-2.832060	1.473758	-9.833069	5.834138	-6.592529	-11.261046	-10.759534	-2.462571	-9.793472	-1.613675	-6.592334	0.282781	-5.593058	1.169161	5.241494	3.795307	6.239950	6.283108	-17.296601	-2.462606	8.401220	-1.652913	6.930384	-12.262030	6.353715	6.604095	-13.518489	11.474971	-6.599035	0.282783	-11.911293	-2.462592	5.252786	-1.635352	6.240007
540	6	3.876097	-6.656192	-0.494516	6.913400	3.531143	7.089712	-14.182713	6.347515	5.532936	-13.516233	11.576721	-7.093246	-13.768371	-7.972035	-5.667666	-8.847394	-2.368375	-7.092803	-2.379319	-7.972039	-5.667666	4.068060	-2.368375	4.891941	3.482325	-12.300507	-5.667666	6.869851	-2.368376	7.062397	3.010400	3.417144	5.532898	2.127166	11.568895	7.019258
587	6	-9.278811	9.410766	5.105190	-10.884774	11.110726	-7.869576	4.339463	-10.910564	-3.969295	6.369581	-7.642885	7.871536	8.940557	-2.213747	3.131896	4.886512	5.150838	8.025893	9.221396	3.068645	4.986728	1.966389	11.109202	8.023336	-12.899347	-7.057079	-3.714540	-6.417254	-7.642881	-7.933269	-0.155681	-7.101450	-3.722092	5.940719	-7.642881	6.192359
594	6	-2.012559	-8.206458	-5.629060	6.162467	-7.107986	5.329132	3.401755	-13.326237	-5.629060	8.471168	-7.107986	6.205789	5.448047	2.628585	5.887650	4.308857	10.618369	6.265202	-12.981084	7.936208	5.891917	-9.552145	10.619063	-5.683996	-15.088685	-8.206341	-5.629060	-5.108965	-7.107986	-5.684194	-6.934284	-8.206341	-5.629060	4.254078	-7.107986	0.875262
630	6	-5.454868	7.071614	6.459382	-7.082650	10.423732	2.511666	5.349386	-15.892795	-4.905037	4.518246	-8.160510	6.338524	-11.404384	7.071614	6.459382	-9.971912	10.423732	-3.829459	-0.235932	6.986555	6.459382	2.723462	10.423679	5.091410	6.150464	1.622705	6.459382	4.303093	10.386372	6.338526	-12.258897	-10.351780	-4.905033	-9.738544	-7.306574	-3.829459
638	6	-9.542875	7.297754	6.308651	-13.898160	8.845584	-10.600959	3.652023	4.295254	6.308627	0.458531	8.844473	7.242700	3.257973	-13.119258	-2.212415	6.709094	-5.486507	7.246399	0.088943	-10.662408	-2.212408	2.425560	-5.486489	7.244510	-9.539308	-10.648174	-2.212408	-2.945893	-5.486488	-7.283125	6.882868	-2.060989	3.640317	5.790752	5.062669	7.246399
640	6	-5.754478	7.905003	7.089496	-15.096486	10.481845	-6.726371	5.862372	-9.952963	-3.043090	6.729724	-4.254158	6.917566	0.436792	5.831162	7.089496	-14.226170	10.481844	-2.934662	-7.266609	-3.933522	-2.710576	-9.108212	-4.028798	-7.031835	4.315496	1.917224	7.080334	-5.433871	10.478439	2.954667	8.641378	1.906899	7.079934	0.630682	10.478362	6.547247
646	6	-5.922768	7.233604	5.823800	-13.995039	10.821497	-8.184985	5.871037	-15.874451	-6.490116	5.878779	-7.016114	7.213586	3.839777	-3.289968	4.825721	4.315601	8.345846	7.120272	8.232014	1.752901	5.781017	1.866696	10.687203	6.717034	-8.377713	-10.506223	-6.043359	-9.983246	-6.731974	-9.267136	3.730513	-3.267467	4.836730	-2.241324	8.370775	4.194062
716	6	-15.329445	-1.163363	5.383971	-14.119549	6.580690	-10.875694	-14.458227	-5.730167	1.739553	-7.566450	2.127928	-10.875435	-15.430283	4.921779	8.051996	-14.169536	11.203569	-10.875712	-14.773341	-11.555377	-4.830446	-7.553709	-4.288127	-10.875530	3.385104	-9.937842	1.738064	6.177251	2.125926	5.040475	3.394123	-15.792868	-4.830446	6.191249	-4.288127	5.043157
727	6	5.383891	-7.911672	1.721559	7.132879	1.492203	6.682156	3.965887	5.619128	7.481751	2.936626	10.698892	6.664209	-10.725538	7.397148	7.481752	-15.005616	10.698893	-6.143311	-9.256995	-7.034588	-1.117804	-10.819185	-7.106449	-6.143254	5.317123	-9.666046	-1.118143	7.133084	-7.106654	6.681871	-8.856040	-5.233302	1.735860	-10.819404	1.507040	-6.143205
731	6	5.471678	-7.713974	0.308293	7.603931	1.836231	8.822471	5.539185	-16.235987	-4.737892	7.684309	-5.875887	8.823580	0.937745	0.222189	4.626203	-10.979847	7.347578	3.022439	5.279527	-1.065607	4.344443	1.745259	4.839829	8.807108	-5.157713	5.425733	4.691180	-15.487959	10.300909	-7.133216	-7.960232	-10.756209	-4.737745	-9.464378	-5.875878	-8.145844
733	6	3.425927	-9.788012	1.486660	5.787151	5.277646	6.467453	-14.216162	6.662076	5.905744	-13.492569	13.183702	-6.351706	2.033671	0.309683	5.854340	3.374678	12.537745	5.897842	-15.824273	-3.672409	1.509040	-11.836149	5.479230	-6.352608	-15.819140	-9.176013	-2.957654	-11.675079	0.246647	-6.352606	3.431023	-14.979428	-2.964014	5.946414	0.241568	6.468982
737	6	3.806848	-7.791160	2.132250	7.663328	5.379083	8.541732	-8.393357	-10.574698	-3.538775	-7.114782	-1.873732	-8.274194	4.241740	-13.643793	-3.538775	7.704893	-1.873735	8.606394	-8.926556	7.139719	7.070645	-12.990303	12.209076	-8.578869	3.697121	4.089206	7.070645	1.591410	12.197313	7.810831	-7.111979	-4.734805	2.132351	-7.114883	5.388411	-8.274213
751	6	1.424042	-7.464449	-5.112695	-3.014824	-8.556915	-7.095073	6.244650	-8.222058	-5.113789	8.737772	-8.617773	6.345308	-10.455955	-4.639836	-5.096237	-8.802910	-7.875320	-10.993456	-10.383669	6.497317	4.914256	-11.078233	7.843754	-10.993456	6.316875	4.321601	4.911602	6.463415	7.743096	6.345594	-6.036715	1.791992	0.821035	-8.362872	-4.024347	-10.992472
768	6	5.914362	-14.389182	-4.801081	6.990246	-0.644983	7.997208	5.914362	-7.164730	-2.485264	6.990246	6.228860	7.997208	-6.238868	-3.636569	-2.413720	-5.668271	7.628399	-9.218015	0.355758	5.053527	2.523914	-4.143979	11.559920	-9.193824	12.342360	1.549544	2.522831	7.004953	11.173252	7.997222	-6.239511	-10.905004	-4.793575	-5.668271	-0.625248	-9.218015
792	6	-10.616209	5.484683	3.389289	-8.417831	12.135918	-7.797976	9.033105	2.388959	3.376394	7.938190	12.135850	8.233856	-16.111774	-6.322768	-4.081034	-8.062049	-0.059466	-7.557290	-3.098715	-6.478519	-4.096811	4.329851	-0.059803	7.174134	-4.363207	-6.389971	-4.088239	-1.896473	-0.059628	5.167175	3.474746	-9.112231	-4.162418	8.285718	-0.060757	8.233768
801	6	6.876556	4.514044	5.061967	3.508044	11.284825	7.560939	-9.389730	7.908912	5.065911	-9.919952	11.308216	-7.150321	3.781658	-2.767017	0.408430	6.960953	7.766982	7.555866	-12.314177	-7.250436	-6.386692	-4.860016	-5.392486	-7.150319	3.781988	-8.860780	-6.388118	7.872315	-5.729420	7.555872	-1.973458	-7.310718	-6.386820	3.082344	-5.410719	-0.296017
811	6	-9.595304	-10.317823	-8.064894	-4.423525	-8.491970	1.065782	-11.041271	-10.317823	-8.064894	-9.432245	-8.491970	-5.305584	-10.911880	6.302258	4.562067	-10.281329	9.417377	-5.305546	7.458196	-12.923789	-8.064894	3.971273	-8.491970	5.941640	-9.888253	6.302258	4.562067	-5.273173	9.417377	1.065555	7.552972	3.696281	4.562058	3.122199	9.417370	5.942765
818	6	4.112061	-11.852709	-6.766766	5.109078	-4.941497	7.088958	-11.184199	-7.249984	-6.766259	-9.389076	-4.941497	-10.255928	-1.786198	-7.249984	-6.766259	1.029311	-4.941497	3.374750	4.631893	1.183769	3.030333	4.008855	8.789851	7.090099	-10.825297	5.939760	3.039571	-10.525007	8.803647	-10.311529	-1.031941	5.939760	3.039571	0.985875	8.803647	3.968273
819	6	-4.812151	7.341805	3.685559	-9.000171	7.734519	-9.000416	4.103587	-9.742123	-6.554010	6.666780	-0.161009	6.440554	8.026534	2.220620	3.566070	5.119599	7.384485	6.441112	-8.669276	-4.808356	-6.534936	-7.357220	0.117267	-9.000100	-1.867715	-4.808358	-6.534936	2.577176	0.117266	-5.338734	-8.669911	-11.347624	-6.556649	-7.357221	-4.703380	-9.000100
855	6	-6.040337	6.480444	6.483306	-14.210169	12.499618	-8.960236	9.522742	1.997627	6.461291	2.355234	12.294672	6.634026	-8.240611	-8.350223	-4.045561	-10.701465	-1.300066	-8.960236	12.380822	-2.332419	0.247447	5.868730	5.845989	6.634389	7.330379	-12.832178	-4.098859	5.868744	-1.563618	6.634389	6.070541	-2.325665	0.248302	-3.289561	5.850568	1.562482
876	6	3.063033	5.994598	6.782890	3.851217	10.808324	9.021862	-1.243664	-8.050688	-4.255198	6.610450	-5.156968	4.077077	-11.742072	7.174274	6.801608	-8.422229	10.808350	-9.081517	-7.845043	-7.949632	-4.247827	2.574678	-5.156968	-3.022221	-11.104632	-7.948654	-4.247754	-4.680936	-5.156968	-8.713948	-1.270538	7.084127	6.800648	2.875526	10.808348	4.037709
896	6	5.763552	-7.636965	-0.966522	5.670895	1.476751	8.816659	-11.195012	6.069618	6.569992	-14.791135	12.996532	-8.482521	-12.535776	-8.052475	-1.109178	-10.603786	-4.306864	-8.482521	8.140294	-0.094532	5.297295	3.475593	11.639482	8.816413	5.763551	-13.589065	-1.110690	5.671059	-4.307609	8.816659	-0.982634	-8.053704	-1.109181	1.815306	-4.306865	3.499514
909	6	5.011367	-7.224467	1.514234	6.259074	5.101715	7.063385	-15.116216	7.085063	6.644889	-12.863521	10.197880	-7.808245	-13.908857	-2.041190	1.546935	-10.237798	9.818284	-7.808245	5.011434	-12.548877	-4.572164	6.514101	-3.793587	7.063391	-13.948070	-7.475919	-4.572164	-9.977519	-3.793582	-7.808245	3.830857	2.186251	6.628106	3.602502	10.197880	7.055296
1006	6	-14.149850	4.809918	7.474565	-12.199465	11.933419	-7.656107	5.691851	-6.026162	3.637392	3.109437	4.029546	7.788141	3.430665	2.524333	7.287226	0.554457	11.933341	5.664372	3.887983	-10.293488	-0.552532	5.502908	-3.973782	7.783494	-14.224458	-7.363177	-0.440957	-7.208367	-3.973581	-7.656107	-2.281730	-7.365263	-0.441134	4.317101	-3.973582	3.953173
1031	6	3.708311	1.620186	6.462922	4.759959	11.229566	6.235505	-7.054691	5.410731	6.490280	-13.277415	11.306894	-10.010193	3.740316	-6.045163	0.584105	8.411985	2.582788	6.242294	3.751475	-9.196049	-3.302093	8.418656	-3.299526	6.244615	-7.063030	-5.847081	-3.302051	-9.582224	-3.299471	-10.011450	-2.839052	-5.847193	-3.302051	2.309129	-3.299471	1.784554
1071	6	-12.233353	-4.564613	1.438451	-11.353372	4.244012	-0.952430	-10.587435	5.729297	7.722178	-14.161086	13.079488	-0.952430	5.496618	2.993879	7.721852	3.293040	13.062710	7.996069	3.779078	-6.287937	1.438417	6.088842	4.243409	7.994150	-12.237712	-10.342426	-4.148050	-11.209793	-1.973128	-0.952430	3.779499	-12.039847	-4.148050	6.232451	-1.973128	7.994154
1083	6	4.654557	-13.041559	-8.335410	5.343565	-9.277667	6.198129	-8.452715	7.229446	4.881185	-16.896350	8.019255	-5.800025	-12.677798	-8.555317	-8.335410	-11.142646	-9.277666	-5.800030	7.354845	2.406152	4.875562	-1.035778	7.993920	6.211673	-12.284995	-8.555317	-8.335410	-9.183551	-9.277666	0.429044	-8.152236	7.229446	4.881185	-15.068960	8.019255	0.429054
1095	6	8.343768	-14.217056	-2.559348	6.525839	-8.462943	5.194304	-2.020123	-7.954860	-2.559346	1.624364	-8.462942	-2.392310	-9.391675	-7.954724	-2.559346	-4.229397	-8.462942	-5.027186	-14.395557	7.350591	5.929291	-6.847385	9.929346	-5.027381	8.342903	-8.699039	1.427741	6.509736	3.389055	5.194303	3.208530	4.849471	5.929291	3.975557	9.929346	5.192027
1130	6	6.219061	-11.203933	-4.645328	8.124564	-4.492901	6.720883	-8.555835	5.712244	5.873866	-11.160292	11.997842	-7.462600	4.930658	3.280567	5.873866	-2.116164	11.994449	4.035257	8.102624	1.107333	5.873824	2.606588	11.714650	6.368630	-10.439792	-7.838980	-4.645328	-5.657425	-4.492897	-7.229991	-2.389136	-7.882487	-4.645328	-1.302194	-4.492897	1.150200
1187	6	-4.377611	5.714815	7.563556	-16.323270	13.078731	-10.949577	4.617147	1.874733	7.563555	0.158741	13.078023	4.522129	4.115882	-9.594434	1.299344	5.797881	0.781121	6.694714	-5.429925	-5.989146	1.300852	-10.753263	3.543192	-10.949577	3.269453	-9.019336	1.299622	-0.683553	0.850002	-4.664422	-5.710645	-12.217307	-3.565149	-10.760281	-2.854436	-10.949577
1194	6	-2.474957	-8.821494	-7.917576	-13.262515	-6.567930	-11.606821	3.845226	-12.035536	-7.917576	-8.409612	-6.567930	-5.057476	9.085642	-13.601972	-7.917576	4.145000	-6.567930	6.980524	-2.679393	7.225953	4.693238	-15.007242	11.308958	-11.607748	3.614327	4.128355	4.693193	-9.743005	11.306692	-5.059435	8.870761	2.370896	4.687471	2.816388	11.217528	6.980524
1221	6	2.347058	-4.581110	-5.725585	6.434341	0.063413	8.566914	-10.141968	4.789717	2.013481	-9.496846	6.018127	-7.003079	-1.944148	-3.708445	-4.226797	3.860124	0.719312	4.067025	-14.122029	-3.707826	-4.225081	-9.507867	0.719949	-7.003082	2.295622	-4.679689	-8.448215	6.415793	-6.465164	8.560151	-2.256121	-4.195771	-8.337476	3.660304	-6.150730	4.065783
1245	6	-10.075416	-6.458553	-1.280960	-6.030161	3.501430	-9.776394	-10.217070	6.463920	5.208128	-12.153610	12.263942	-10.627879	-12.206946	-9.914173	-7.562839	-6.029732	-3.526634	-9.776202	4.652922	-9.151718	-1.281447	7.343339	3.501081	6.840914	4.593283	3.818219	5.207933	-1.136210	12.263889	5.159488	4.521314	-12.502991	-7.562840	7.343751	-3.526634	6.840883
1281	6	5.527056	-17.351201	-2.644926	1.714041	-6.826592	6.434289	-7.740114	2.970790	7.061067	-19.515145	11.417239	-9.660105	-5.750723	-11.602836	-2.644925	-17.059372	-6.826568	-9.642209	-5.776873	-6.462538	1.787851	-17.224638	4.919311	-9.642918	1.831463	0.869694	7.060056	-1.089565	11.250116	4.712741	5.469452	-12.242318	1.769799	1.542824	4.881724	6.368678
1305	6	-9.380543	7.895781	7.879585	-11.205412	12.020027	-6.268811	-3.873803	-9.515882	-2.294996	0.948027	-5.909004	-0.127870	-10.277041	-9.515882	-2.294996	-5.491860	-5.909004	-6.212337	3.628695	-15.786738	-2.300498	6.320457	-5.965640	8.073443	1.865350	-2.002609	2.128928	5.532718	3.366555	7.685978	2.044516	-0.508268	2.197506	5.099166	3.593926	7.474200
1369	6	-15.965548	7.211045	6.294015	-15.198116	8.394125	-8.267164	-14.610557	-9.504770	-5.328955	-11.024165	-5.384103	-8.267151	-14.610556	-7.638118	-2.059020	-11.024172	0.848119	-8.267151	3.757156	-11.119339	-2.076882	7.690909	0.846070	6.951541	2.401593	4.884191	6.293847	2.271837	8.393709	6.858425	3.757156	-12.979144	-5.330062	7.690915	-5.384248	6.951541
1383	6	-14.063214	-9.418959	-3.483466	-10.853838	-7.933148	-9.806887	-12.269939	8.305202	7.129762	-14.598546	9.641211	-9.806887	-4.411577	-9.434036	-3.483466	0.943665	-7.933148	0.777057	4.733890	5.813687	7.129761	3.678064	9.641211	6.631067	-14.071069	-2.748686	1.438591	-10.884638	3.112211	-9.806887	-4.426043	-2.772697	1.438407	0.912819	3.112204	0.777043
1415	6	-7.269449	7.271214	5.650887	-14.746340	12.742229	-8.966324	-10.899164	-11.124187	-4.943288	-12.531622	-2.892068	-8.966324	-11.283326	-5.563200	0.390360	-12.531625	5.994776	-8.966324	5.534422	-10.161252	0.390023	6.026774	5.954786	4.761574	9.549787	2.674427	5.642638	3.812855	12.715205	4.761576	5.918533	-15.719178	-4.943288	6.026866	-2.892086	4.761575
1481	6	-6.545102	6.299901	4.301635	-6.637565	9.401486	-8.925416	-7.700775	-7.358799	-7.970315	-5.298163	-5.825076	-6.007559	5.967850	0.881595	4.282313	7.706205	9.401324	5.340464	-2.664880	-3.826834	-1.308258	2.019029	3.502897	-3.538877	5.147084	-12.621030	-7.970541	9.414335	-5.864510	5.340024	-6.391091	-3.826827	-1.308254	-4.844735	3.502904	-5.037245
1489	6	6.827670	-12.584166	-3.029827	3.529022	3.049203	7.174388	-3.147825	-6.615606	-3.026290	-8.547634	3.049655	2.871619	-6.044396	-6.615606	-3.026290	-13.213190	3.049655	-7.808478	-6.089903	-11.634821	-6.748954	-13.207187	-2.414621	-7.808871	6.827663	-17.592757	-6.748957	3.535010	-2.414622	7.174419	-3.218745	-11.634821	-6.748954	-8.553183	-2.414621	2.841211
1529	6	-11.931645	6.803079	7.008235	-15.182394	12.772293	-11.139419	-12.706543	-4.901163	3.180249	-9.739102	4.262529	-11.139369	6.644740	-8.563380	3.180249	7.039963	4.262524	6.285480	-12.594664	-10.107023	1.512965	-9.671741	-2.529231	-11.139364	6.758738	-13.848013	1.512965	7.107191	-2.529231	6.285504	7.393212	2.645653	7.008213	1.564240	12.757647	5.840604
1547	6	-5.364415	-3.775758	-0.411564	-4.523697	3.559930	-11.383798	8.222015	-7.776462	-0.417516	8.970869	3.554667	8.223716	5.799513	2.930620	6.093322	2.489122	13.954802	8.104792	-7.777172	6.675506	6.120905	-11.002626	13.962964	-11.478977	8.224928	-9.188335	-5.010258	8.971664	-2.631199	8.223716	-5.365023	-5.187033	-5.009941	-4.522888	-2.631011	-11.383695
1566	6	-8.904720	-6.394471	-3.043627	-1.211843	-2.161754	-2.345127	-14.136342	6.177020	6.502044	-12.227828	10.230534	-6.046658	2.769559	-6.541636	3.112702	5.787419	3.713198	7.091391	-10.045716	-5.373990	3.112721	-1.449752	3.715385	-2.345521	3.717778	-10.438925	-3.043628	6.283478	-2.162108	7.093444	4.311364	1.412459	6.491658	0.061445	10.182854	7.093668
1569	6	5.221113	-7.834624	-3.396577	9.051839	-7.356718	6.383977	-7.706569	6.097830	6.305900	-7.193154	9.697693	-7.784709	7.161877	2.958417	6.129120	8.041454	9.691470	6.403187	-3.616916	-4.966289	-2.311287	0.535974	-7.354890	1.565153	-5.940364	3.127277	2.079783	-6.095613	-0.969260	-7.784253	-9.527713	-4.966079	-2.311161	-6.072490	-7.354889	-7.784684
1606	6	-10.033363	-9.288215	-2.632781	-13.619456	-1.476912	-4.148491	-8.610845	6.914336	5.342875	-17.183344	13.932326	-4.148491	6.729104	0.794092	5.342740	1.227041	13.889884	6.467396	5.359584	-15.367306	-2.632781	4.695523	-1.476912	6.467446	-6.628092	-9.288215	-2.632781	-11.086880	-1.476912	1.786851	-5.199204	6.914335	5.342875	-14.476546	13.932326	1.786847
1662	6	-9.447382	-9.784921	-0.235551	-13.443258	3.165022	-5.136469	5.438124	-13.470477	-0.419285	3.097963	2.784716	6.610136	-9.447379	-15.997053	-3.205659	-13.402028	-3.615217	-5.136469	-3.584239	2.369938	6.084703	-14.824384	13.266137	-5.136403	1.346203	1.454336	5.888148	-10.383737	13.222330	-2.378265	5.438244	-19.317781	-3.209338	3.133968	-3.621095	6.610136
1682	6	5.097780	3.091045	5.788918	3.094333	10.941479	9.159868	-1.333961	-10.524775	-5.983741	5.458658	-5.086226	8.467121	-11.267361	-9.924085	-5.981941	-9.926169	-4.930890	-9.034149	5.109136	-13.250559	-5.985834	7.240456	-5.367335	9.179550	-11.220821	6.416875	5.791049	-14.071395	10.975472	-9.034253	-1.290174	5.801846	5.791043	1.310552	10.973468	8.299049
1704	6	-12.693672	6.780826	5.746393	-10.244760	10.515427	-14.172902	-10.029715	-8.122826	-5.693105	-8.300269	-5.978788	-14.121029	-1.391067	-0.038954	-0.582741	-8.277714	-3.181587	-10.420933	-6.286947	0.739275	-0.477607	-8.300269	-0.065782	-13.523807	5.556422	-13.152578	-5.693105	6.364837	-5.978788	4.050450	2.892445	4.043627	5.746393	4.343242	10.515426	3.900755
1716	6	1.807939	-1.406927	-1.578256	-6.423571	2.382568	-9.142407	8.371215	-4.947639	-1.669223	4.901137	2.370831	5.878448	-4.752632	6.570129	5.859275	-13.531561	11.900358	-10.973844	-1.891992	-5.246960	-5.494355	-11.516449	-3.616674	-10.973700	5.149473	2.320278	5.854284	2.889162	11.895038	5.877328	6.955419	-9.530119	-5.494355	4.901389	-3.616674	5.878441
1725	6	-9.027831	6.666910	6.288249	-10.170075	10.142005	-11.402104	-9.552250	-5.675376	1.861877	-7.907301	3.470266	-11.401604	5.291405	-15.576325	0.052432	6.612613	-3.335509	6.270803	-7.471799	-12.588501	0.052432	-7.450693	-3.335509	-11.401105	3.146465	-7.193200	1.861798	6.171938	3.468605	5.882617	3.719783	4.779055	6.287898	3.955782	10.141967	6.067166
1756	6	2.318609	3.897781	5.142975	-1.673462	10.664063	-5.233154	6.465198	-10.744002	-0.712607	6.868856	3.672876	6.640392	-7.611875	-5.731726	-0.712607	-7.964826	3.672876	-10.403260	6.466076	-13.997670	-4.000864	6.940832	-5.633469	6.640433	-7.585450	-8.985394	-4.000864	-7.890779	-5.633469	-10.401361	-5.076646	5.787819	5.142975	-9.490673	10.664063	-9.981029
1798	6	-11.640493	6.947448	5.040460	-9.330420	8.906212	-9.396761	-12.167914	-11.023717	-6.440154	-6.542465	-9.472439	-9.396684	4.855907	-14.413384	-0.391540	5.362801	0.980489	6.868015	4.213592	0.291762	4.941035	2.692949	8.905712	6.859947	-12.169174	-7.406242	-0.372236	-6.547483	1.021782	-9.396685	4.856146	-17.352477	-6.440282	5.367693	-9.472442	6.868015
1835	6	4.549381	2.966956	8.075207	-8.115136	14.300054	-3.457386	5.955699	-6.676180	3.169304	8.781654	6.065330	0.788495	9.286555	2.949726	8.075143	2.192788	14.300029	0.787643	9.582039	2.949726	8.075143	2.192928	14.300029	7.196843	6.261072	-6.676214	3.169304	8.787171	6.065330	7.198176	5.995957	-10.029277	1.299824	8.810862	-1.436074	0.788579
1887	6	3.924853	-11.483189	-2.788162	3.285258	-3.639107	-0.714134	-5.459653	9.454664	7.425639	-12.435112	12.099571	-9.398239	5.969064	3.317504	7.425172	0.861668	12.099568	5.211711	4.813158	-11.486219	-2.788162	7.198882	-3.639107	5.969057	0.530563	5.238150	7.425638	-12.024589	12.099571	-7.213806	-7.204647	-5.349460	-2.788156	-6.100213	-3.639103	-8.587492
1943	6	-8.790978	8.423308	5.952844	-12.304208	10.240463	-12.878972	-8.607935	-7.016835	-3.039484	-8.425684	-4.739119	-12.878972	2.552585	4.256962	5.946759	2.094307	10.240432	4.237361	2.466693	-11.141902	-3.042862	3.826255	-4.739119	-1.947815	1.394545	5.950389	5.952278	-0.194321	10.240462	-8.855340	2.818393	-11.267198	-3.042864	5.990278	-4.739119	4.486619
1954	6	-5.324119	7.006208	6.045352	2.352896	8.234895	-0.582410	5.177522	3.349446	6.045352	6.488441	8.234890	6.583906	-11.334644	7.022187	6.045352	-10.662886	8.234895	-5.725407	-8.580761	-7.963988	0.903693	4.249980	-5.699525	-0.582721	-3.614651	-8.014703	0.897889	5.204786	-5.699921	4.372373	-14.288724	-7.962312	0.903895	-8.480903	-5.699511	-5.725407
1955	6	0.899275	-13.821321	-3.760332	3.383039	-4.745866	-2.741379	3.187345	1.169532	6.812099	3.064696	11.599181	-1.476857	-5.195607	-13.440633	-3.760332	-4.551131	-4.745866	-13.089109	5.855988	-0.849222	5.494873	6.545715	11.482706	5.345304	-3.462179	2.453085	6.820409	-7.116499	11.599269	-12.421197	5.630908	-16.439938	-3.760332	8.152911	-4.745866	5.324124
1972	6	11.800617	2.735793	3.011250	5.064705	3.085846	8.543138	-5.163031	-4.325928	-1.277110	-12.444764	0.026874	-9.331828	4.505920	2.740594	3.011471	-4.202451	3.086103	-2.619170	5.933761	-6.633957	-1.277502	5.820562	0.026860	8.543175	-5.162495	-9.794165	-4.317972	-12.396348	-4.140201	-9.331828	5.934309	-12.102161	-4.317972	5.868950	-4.140201	8.543177
2009	6	-2.168922	-5.225098	1.369566	-12.155101	3.950852	-11.323275	6.277276	-11.188032	1.369562	5.775869	3.950796	7.069851	-1.347777	3.588138	8.024646	-15.967281	11.407901	-11.280926	-1.909039	-11.253651	-3.223925	-11.890114	-5.250475	-11.318095	6.515331	-17.204298	-3.223925	6.041643	-5.250475	7.069852	-1.910838	-11.219141	-3.027101	-11.891960	0.731194	-11.318145
2025	6	-10.325037	6.383339	5.360893	-6.679181	12.134969	-7.549622	4.400389	-15.637646	-7.776796	8.346877	-4.803831	7.915378	-0.076568	-11.682043	-7.776794	4.712342	-4.803831	7.320371	-9.747137	-11.674776	-7.776794	-4.740263	-4.803831	-7.549545	-0.659206	6.381171	5.360893	2.366456	12.134969	6.816051	3.660125	3.303347	5.360890	6.286430	12.134957	7.912676
2124	6	-9.525366	-8.098009	-2.922140	-6.371756	-2.873703	-13.229404	-9.558066	6.805415	6.569971	-11.019034	9.642863	-13.229404	5.930257	-1.368254	4.637924	3.753398	9.539022	6.017227	-5.518049	-8.098091	-2.922141	0.111585	-2.873703	-11.161070	6.193951	4.280199	6.477601	2.453828	9.642815	6.005370	6.233001	-10.623041	-2.945301	7.100057	-2.873720	6.017512
2128	6	6.707627	-15.320411	-2.683392	7.113606	-7.314376	7.469852	6.328708	2.271854	6.780133	-2.822528	10.896294	7.384778	-6.391041	-10.764857	-2.683310	-5.037226	-7.258721	-3.788748	9.493381	2.271846	6.780133	2.177214	10.896293	7.469767	-3.621709	6.829650	6.808065	-8.779144	11.076621	-8.386303	-3.439373	-10.764857	-2.683310	-2.365536	-7.258721	2.315185
2169	6	-10.866372	9.108453	7.023835	-12.710748	13.908519	-7.414957	6.841185	5.528905	7.023717	4.621904	13.905955	6.366136	3.891666	-3.909584	1.440863	6.873202	6.854629	6.287346	-10.676421	-2.279279	1.508460	-10.465603	7.544447	-7.414957	3.520703	-9.303158	-0.436566	6.974435	-2.096036	6.235563	-14.190380	-7.692956	-0.436343	-10.357720	-1.407380	-7.414958
2204	6	-12.354927	7.407001	7.958736	-11.288067	12.041496	-7.454203	5.033070	-5.350624	1.577729	4.409098	5.778203	6.431167	5.602945	1.512265	7.867260	3.256043	11.909906	6.431151	5.038348	-14.341740	-3.173839	8.375913	-5.034934	6.431169	-2.619443	-8.458268	-3.173839	1.965805	-5.034933	-0.957651	-12.906116	-8.458268	-3.173839	-6.167796	-5.034933	-7.454173
2207	6	-10.530387	6.392727	5.529544	0.616977	7.492580	-3.160009	-12.683128	-10.430383	-1.929735	-4.107814	-7.325388	-7.751229	-3.509706	6.392176	5.529544	3.714126	7.492580	3.423022	-2.786318	-10.431941	-1.929735	5.599282	-7.325388	3.505565	-13.605107	6.392727	5.529544	-5.443204	7.492580	-7.752259	-9.604609	-10.430384	-1.929735	2.015270	-7.325388	-3.069442
2232	6	-10.803205	-1.010642	0.326294	-8.799646	8.755128	-9.767294	-13.385715	-5.996284	-4.711115	-8.799645	-2.695083	-9.767294	-14.011111	8.050175	6.534447	-13.481427	10.373753	-9.767294	5.824954	-5.256658	0.257652	7.571679	4.288905	7.030385	4.479845	4.489547	6.534447	2.882431	10.373753	7.029794	3.878216	-9.234646	-4.711115	7.540347	-2.695415	7.028685
2354	6	-10.013492	6.961291	8.686854	-11.518639	10.848304	-8.463402	-2.600472	-11.577974	-0.857967	4.185368	-6.847605	3.888052	-1.961069	6.939750	8.686854	1.263935	10.848297	4.372425	4.363711	2.995861	8.686398	2.760214	10.792903	8.349608	3.722095	-15.271390	-0.858169	6.045364	-6.847607	8.167785	-10.649415	-11.569053	-0.857965	-8.224981	-6.847605	-8.469266
2361	6	3.187321	-15.844959	-6.290909	8.617117	-3.124049	5.846701	-13.544756	5.217578	5.305779	-11.742386	11.757645	-7.769513	-13.556276	-4.873320	1.037731	-8.175239	6.335939	-7.769513	-13.555800	-11.454225	-6.232646	-8.173311	-3.124048	-7.769513	-1.201879	-11.454225	-6.232647	2.130615	-3.124048	4.819719	-1.202447	-4.873321	1.037731	2.127792	6.335939	4.819651
2417	6	-11.413261	7.700676	5.257361	-11.079010	13.267129	-8.551513	4.781548	-7.419223	2.110324	8.214451	6.450484	6.940705	7.559985	1.739909	5.251486	6.642655	13.093795	6.924933	-14.399440	-7.414756	-2.000570	-9.090598	0.528641	-8.465583	3.843929	-2.140725	4.412394	7.198277	9.922404	6.928290	4.784332	-13.373343	-2.008125	8.622447	0.528639	6.942699
2418	6	8.977361	-3.980029	2.631453	7.341442	7.438806	5.713184	-7.799654	6.422127	8.083185	-16.706600	11.847456	-12.445005	8.886146	-3.980029	2.631453	4.979630	7.438806	0.176597	-6.337025	-6.163669	-1.922561	-10.633004	-5.712516	-12.441018	4.919471	-11.676100	-1.922600	5.040280	-6.518377	0.176598	5.010940	-11.676100	-1.922600	7.401829	-6.518377	5.713184
2451	6	-12.699652	5.494486	6.241916	-12.416953	11.704809	-5.908317	3.898836	3.142165	6.239429	5.151709	11.704674	8.568612	2.882979	-6.123318	1.706070	7.269526	5.565867	8.532786	-12.829180	-13.691052	-4.120221	-9.612602	-6.750619	-5.908317	-3.064854	-13.691066	-4.120221	1.618172	-6.750619	4.691367	3.956163	-16.073911	-4.120222	7.961252	-6.750619	8.568970
2455	6	-8.829390	-6.802906	0.606302	-12.548794	5.083556	-9.247271	4.999827	-10.795045	-0.254726	4.609443	4.562838	5.009238	-8.839338	-8.659764	-5.492945	-12.548794	-4.342297	-9.247271	3.982298	-9.995021	-0.196661	3.650602	4.601602	-0.274862	-6.564996	5.556678	6.196904	-13.923003	11.514635	-9.247271	5.105976	-12.706509	-5.797224	4.609459	-4.503370	5.009278
2456	6	-16.544436	5.763254	7.890208	-11.397404	11.168813	-9.576720	3.732027	-3.565947	3.007116	6.883297	5.398084	7.780555	3.781748	-13.769895	-2.803511	7.619809	-4.897279	7.780555	-15.153707	-11.578113	-2.803509	-7.718492	-4.897279	-9.576720	2.390997	4.482760	7.884269	3.146832	11.168778	7.780519	-2.929118	-11.630327	-2.803510	2.372725	-4.897279	3.206749
2511	6	-9.645365	-8.818082	-4.699986	-8.208355	-6.503138	-9.540550	-9.211958	7.044566	6.579463	-13.727039	11.212826	-9.540550	5.000188	6.740208	6.579463	3.205300	11.212820	6.970212	4.491505	-3.360511	0.859885	8.725021	4.503651	6.970146	-9.670929	-3.004852	0.861130	-8.208497	5.083276	-9.540550	4.523090	-9.122824	-4.699986	8.725298	-6.504734	6.970156
2579	6	-10.798411	6.590599	6.480424	-11.986611	10.655046	-10.384388	6.823191	1.238590	6.480377	4.362028	10.652893	6.619078	-15.158711	-8.111828	-1.795569	-8.158120	-5.040410	-10.384388	-15.272913	-3.748814	1.307894	-8.467192	1.930800	-10.384388	2.887092	-12.447163	-1.795569	8.173848	-5.040410	6.524970	2.770761	-7.904817	1.306359	7.860837	1.928718	6.490592
2601	6	-10.551351	-2.570954	1.397947	-9.207266	4.081078	-14.109113	-10.373084	-8.639500	-5.047859	-9.035520	-4.512137	-14.109110	-9.167939	7.228780	6.393111	-11.312726	11.093805	-14.109053	7.956588	4.156126	6.392901	5.310656	11.093786	4.831293	6.573447	-5.617362	1.391693	7.417367	4.044772	4.830530	6.751289	-11.688956	-5.047859	7.588388	-4.512137	4.830727
2666	6	-14.227540	6.641748	7.164751	-12.324888	9.352786	-10.452365	5.120655	-9.779996	3.417078	6.593654	3.231829	5.759548	-11.872838	-11.358226	-2.266012	-9.345581	-7.478956	-10.226110	2.031527	-1.138527	7.153386	4.151119	3.356705	5.734925	5.262631	-17.989471	-2.266012	7.211357	-7.478956	5.761500	2.901858	2.550045	7.164751	4.142676	9.352047	5.734749
2700	6	-7.355033	6.651704	4.094303	-11.882924	11.884207	-1.853244	-0.749822	-2.292012	-0.755921	3.327245	7.342664	5.396565	2.359527	3.996860	4.084963	3.187695	11.873185	6.489367	-0.966759	-8.885441	-5.438251	3.152447	-4.223418	5.395959	-9.688647	-2.291714	-0.755523	-9.576437	7.344607	-1.853244	-9.829217	-8.885362	-5.438251	-9.578581	-4.223377	-1.853244
2796	6	6.787033	2.210723	6.916721	2.823445	10.700156	9.177304	4.247171	-12.398268	-3.634534	6.484697	-5.572745	9.459295	-7.446865	7.307155	6.917406	-11.437627	10.716408	-7.662940	6.466905	2.374472	6.916919	-2.875057	10.703444	5.967027	-9.986721	-8.968879	-3.634526	-7.734478	-5.570733	-7.445803	-1.836888	-9.192695	-3.634529	4.452582	-5.571274	3.431638
2822	6	-12.830551	-5.652092	-3.413225	-9.618196	-2.888779	-8.925931	-13.451915	-2.366767	1.697983	-9.618481	10.571392	-8.926297	-12.980709	8.328803	7.220146	-15.307208	12.480336	-8.926072	2.445554	-6.572867	-4.116010	9.035831	-4.294388	6.443137	2.207942	-3.337338	1.278836	9.035703	10.282807	6.325800	2.244173	7.500463	7.220146	3.346788	12.480336	6.344234
2884	6	-15.229839	6.678654	6.665017	-12.188990	12.397615	-8.460811	3.293693	-12.242854	0.396507	5.811230	7.772230	4.990501	-15.817310	-11.323286	-3.913439	-10.966858	-2.152573	-8.460777	-11.133065	-5.495645	1.477179	-0.350325	7.776293	1.633739	-15.818875	-5.495645	1.477179	-11.295756	7.776293	-8.460792	-4.642792	-11.323288	-3.913439	1.513903	-2.152573	2.565709
2906	6	-9.952640	-1.557265	3.423341	-12.676225	3.321210	-11.192305	2.717890	-6.676716	3.415941	5.686838	3.312322	5.257599	-12.898234	6.057268	8.028786	-15.418574	10.355511	-11.239256	-12.196350	-4.122614	-1.026211	-10.663529	-0.495332	-11.234800	2.971834	-9.294638	-1.026212	7.725301	-0.495333	5.286982	2.973218	-15.661612	-2.586306	7.885356	-6.468965	5.287130
2963	6	-8.787842	-13.810967	-4.027297	-6.510094	0.836019	-7.937745	-0.752485	3.131124	4.705147	-11.139116	8.631558	-7.937637	3.462605	-15.233801	-4.027297	4.897363	0.836019	6.842883	-8.787842	-14.005173	-4.419060	-6.510094	-5.696011	-7.937745	-7.317680	3.266758	4.705147	-11.139865	8.631562	-7.937748	3.462605	-15.428008	-4.419060	4.897363	-5.696011	6.842883
2984	6	-12.902646	-4.011321	-0.169856	-7.994788	5.450410	-8.164457	2.975327	-9.761062	-5.924143	8.162659	-0.505032	7.408800	-14.225153	-8.542400	-5.924143	-7.995937	-0.505032	-8.164457	-12.292985	7.631025	6.232762	-10.964636	13.186183	-8.164461	5.190737	4.942665	6.232761	5.703884	13.186183	7.456168	3.282426	-5.536554	-0.169911	8.271171	5.439944	7.425806
2998	6	-3.188766	7.895512	3.587006	-5.027336	10.797564	-6.665758	9.183006	3.513373	3.587006	5.350839	10.777677	7.856069	4.263002	-10.414428	-2.739925	6.591207	2.581223	7.856050	-6.847780	-10.776869	-8.163102	-1.019399	-3.729795	-4.405635	-1.160762	-11.325182	-8.163140	-0.927460	-3.729798	1.151978	4.272675	-15.166916	-8.163150	6.591540	-3.729800	7.856051
3001	6	-4.496656	7.659882	6.370423	-15.687780	11.017467	-5.256896	1.911337	7.178311	6.366054	-11.639128	11.017323	0.866071	-8.391375	-11.042211	-5.546424	-12.263882	-2.174903	-5.243018	3.628930	-1.530908	3.966362	5.213279	5.233494	7.103999	4.737875	-16.388834	-5.586609	5.589368	-2.175390	7.113222	1.900985	-4.515215	1.595959	5.277908	4.564816	7.105622
3004	6	-6.978129	6.620925	7.164603	-16.781060	9.959514	-10.098001	8.141698	1.724880	7.162913	0.898161	9.956820	6.792969	4.215857	2.149152	7.163903	-9.637108	9.958399	1.543549	-1.529142	6.620174	7.164603	-15.852891	9.959514	1.417576	-7.442647	-6.452379	-1.717526	-11.609864	-4.863108	-10.098159	7.931693	-11.364774	-1.717945	6.070208	-4.864817	6.794269
3005	6	-15.085171	8.867156	6.258575	-14.137722	12.454968	-8.897208	-10.942936	-2.300985	0.646992	-8.414874	3.252090	-8.551633	-1.060295	-7.282879	-4.523045	3.517806	-1.445639	4.159315	0.458705	-2.356849	0.646096	4.961916	3.251412	4.967000	3.480532	-5.793650	0.642658	6.842850	3.247727	6.137075	-12.311638	-7.280461	-4.523045	-8.414848	-1.445639	-8.552769
3118	6	4.341316	4.803338	5.886441	0.777095	13.474990	7.525153	-12.718164	6.675196	5.886441	-13.913508	13.475382	-7.132337	3.501732	-12.924766	-4.649574	6.687198	-3.478919	8.454112	-13.706497	-6.335213	-0.575669	-8.006165	3.266417	-6.854101	-13.577504	-11.197839	-4.649574	-8.006165	-3.478919	-6.854101	3.362391	-8.045747	-0.575693	6.687150	3.266369	8.452706
3188	6	-11.157388	6.503107	4.025198	-11.319550	6.350566	-11.958013	2.952445	-9.947578	-8.163744	6.456566	-10.200827	6.520606	-10.326289	0.148602	-2.013372	-10.384537	2.286645	-11.958013	-13.784235	-4.860627	-8.163744	-10.384532	-10.200827	-11.958013	5.987843	1.342255	3.673057	3.886208	5.525925	0.444519	7.507097	1.342255	3.673057	5.960265	5.525925	6.543419
3238	6	-14.520714	-5.268712	2.293971	-9.940902	4.617617	-10.723978	-12.706527	-11.526211	-3.123211	-9.925131	-2.555677	-10.723978	-12.130810	7.581117	6.833029	-12.999862	13.102845	-10.723978	5.778875	4.233392	6.827404	3.229319	13.102821	5.756333	5.131471	-14.354173	-3.123213	6.414480	-2.555677	5.756258	0.325201	-5.623908	2.288200	6.397566	4.606653	4.428026
3244	6	5.195732	3.967938	7.905430	-11.533733	8.901891	0.945563	-4.498093	7.794458	7.905430	-18.794299	9.047313	-7.919806	-7.931558	-8.428120	1.227518	-13.219048	-4.122886	-7.919806	3.787455	-11.948736	1.227518	5.354626	-4.229771	6.347766	3.242115	-1.617978	5.291651	-10.169902	6.468976	0.903588	4.434653	-3.394531	4.677277	2.606385	5.148980	6.352509
3277	6	5.415760	-14.355925	-4.268825	7.704284	-4.711091	7.086429	-4.498756	-9.820839	-4.268825	0.458096	-4.711090	-2.148053	5.859536	3.133492	7.607345	3.035647	11.896260	7.040482	-7.322306	7.448234	7.610266	-9.071378	11.901595	-7.150802	5.412614	-9.460230	1.462738	7.618939	2.996850	7.086311	-7.653645	-9.820839	-4.268825	-4.401268	-4.711090	-4.527139
3281	6	-10.456754	7.514404	6.467726	-7.993620	11.902413	-7.053293	8.731944	-8.402468	-3.422787	6.418479	1.272508	5.469648	-8.008730	-4.012969	-3.418042	-5.670183	1.274261	-6.668159	8.731944	-13.787273	-4.889826	6.418479	-4.920901	5.469648	6.285022	3.129913	6.467726	4.094967	11.896287	5.304512	-8.009837	-9.398821	-4.889826	-5.670183	-4.920901	-6.668174
3283	6	-7.286776	6.387368	4.916283	-10.045116	11.446993	-9.416102	5.891595	-5.743295	-1.558397	7.638493	4.323294	5.750460	-6.039620	-2.662788	-1.546246	-8.553092	4.323478	-9.416102	5.641514	-11.019987	-8.013021	7.636906	-2.236923	5.750458	5.502640	3.307000	4.915323	6.227627	11.445866	5.750456	-7.129655	-7.939762	-8.013021	-8.555651	-2.236923	-9.416102
3293	6	5.271332	-14.196624	0.543539	6.417425	1.917702	7.082852	-10.456002	-2.074134	1.394796	-7.247672	4.561206	-2.707705	-10.797338	-12.044645	-3.649128	-7.200334	-3.852809	-2.707704	5.271390	-18.570403	-3.649128	6.422481	-3.852809	7.082853	-13.552129	5.519320	6.618124	-12.997923	10.960863	-2.707711	-10.797655	-6.272465	0.544097	-7.205397	1.918766	-2.707704
3305	6	6.591799	-9.289309	-5.054930	9.266500	0.977277	8.023472	6.475628	-13.626955	-6.892731	9.266425	-2.469266	8.023395	-5.672990	-7.585266	-5.054930	-6.215061	0.977277	-10.845851	10.166786	2.254292	4.155201	5.253503	10.458419	8.023750	-2.235302	4.084594	4.155214	-9.204220	10.458450	-10.842088	-6.020295	-11.931293	-6.892731	-6.220045	-2.469266	-10.845900
3341	6	0.005766	5.723786	7.855807	-6.165720	11.365256	2.690052	-1.632457	-11.982729	-0.190501	-4.299668	-6.397939	2.687788	-5.123401	5.735707	7.855807	-6.427310	11.365277	2.687691	3.710929	-15.871758	-0.190501	4.367322	-6.397941	7.326527	-10.714372	5.735708	7.855807	-9.462690	11.365277	-3.147472	-12.353739	-11.982332	-0.190501	-7.335388	-6.397939	-3.147472
3351	6	-13.154474	4.907136	6.691767	-15.904265	11.458442	-5.371731	-11.707940	-8.765426	-4.259065	-9.754022	0.664653	-5.371731	5.408718	-15.045334	-4.402708	6.836048	0.664653	7.227759	5.408414	-19.057820	-4.967748	6.836048	-5.137811	7.227751	-11.734226	-12.778315	-4.958394	-9.754022	-5.137811	-5.371731	2.830920	3.062081	6.553121	0.802333	11.457753	6.057996
3377	6	-13.578452	6.985408	5.310568	-12.347705	12.978345	-12.335635	6.341647	-13.785705	-2.558816	5.304654	-2.449044	2.993988	6.341646	-8.662806	-1.112147	5.304654	3.221887	2.993988	5.763933	-13.749768	-2.558539	2.426730	-2.449044	0.218222	-9.754007	-8.537481	-2.201895	-6.604846	-2.448717	-12.335561	5.763931	-8.620651	-1.103199	2.426730	3.221920	0.218222
3382	6	-7.033417	3.448846	2.301054	-12.815038	7.848221	-8.989891	-12.377647	-7.287421	-6.576203	-12.811841	1.341745	-9.118225	-12.377649	-9.674411	-9.372215	-12.811841	-2.611551	-9.118225	3.173774	-10.538944	-9.372237	2.561457	-2.611551	7.147073	3.173774	-8.151955	-6.576808	2.561457	1.341745	7.147073	8.450152	2.011249	2.072972	2.589970	7.811019	7.861292
3436	6	-7.740512	7.468930	6.858778	-12.810072	11.794719	-12.705038	-7.392049	-7.710050	0.292566	-6.808719	0.016489	-12.705026	5.963751	0.976244	5.856599	2.339985	11.503088	6.234058	6.319756	-8.022263	0.335691	7.332052	3.738508	6.311983	-7.391938	-7.809496	-5.050843	-6.779352	-2.427310	-12.705026	6.319884	-13.648270	-5.051638	7.363211	-2.427411	6.311983
3437	6	-10.659337	7.266473	5.705276	-13.815763	12.302634	-11.137114	-13.253653	-11.854267	-0.301200	-10.337907	-1.642401	-11.249396	-13.255358	-5.183218	1.747320	-10.337954	3.770583	-11.249424	2.804430	-9.351386	1.730223	6.801348	3.746363	7.150836	2.806225	-16.005156	-0.301202	6.801567	-1.642402	7.150971	5.429522	2.963942	5.684297	3.404091	12.300547	7.234344
3451	6	-15.055031	-12.924174	-3.814347	-4.082111	-1.764850	-7.391647	-8.708836	-12.924174	-3.814347	1.785943	-1.764850	-5.256879	-20.123878	-1.862174	6.054234	-7.559076	8.160642	-8.432173	2.781199	-15.816437	-3.848925	7.254136	-1.766547	5.702155	-15.205706	4.717065	7.226355	-8.362734	9.648848	-8.507357	2.674039	2.290879	7.143875	2.981013	9.470393	5.637464
3457	6	-11.064375	7.159042	6.013848	-16.461518	11.082800	-8.226571	-14.300169	-10.621457	-6.611382	-10.390706	-4.930840	-8.197364	-9.119957	-4.085261	-0.288582	-10.390707	3.566449	-8.197352	3.878529	-8.096743	-0.288599	5.913365	3.566421	7.550531	3.580240	-14.536195	-6.611382	5.892684	-4.930840	7.518531	-2.703311	-10.621457	-6.611382	2.276891	-4.930840	2.561377
3465	6	4.488426	4.051407	6.726734	4.518360	10.898470	7.576562	5.889134	-8.504339	1.021337	9.037292	6.103591	7.696146	6.020780	-13.745701	-5.496310	9.037357	-6.293087	7.702796	-4.472860	-5.000077	1.021995	1.336455	7.349407	-1.342315	-12.410239	7.553280	6.726741	-8.687263	10.938070	-4.004675	-4.322886	-10.242345	-5.495575	1.336790	-6.229793	-1.243477
3482	6	-5.517837	6.370817	7.177585	-14.439832	11.637048	-10.169758	-5.066216	-6.792539	-3.583953	-10.762466	1.325149	-10.169266	-5.066116	-7.093495	-4.511047	-10.756931	-4.698544	-10.169265	3.363916	-1.737522	5.634206	4.870212	7.469707	4.943134	6.853835	-12.109058	-3.635305	7.342628	1.325041	5.178797	6.853927	-12.409912	-4.544927	7.347899	-4.698580	5.178797
3549	6	-9.628910	4.069890	5.714644	-14.991870	10.205847	-2.462263	3.734128	-2.514194	1.640654	6.372108	6.254183	8.021121	-3.190374	-8.298584	-4.115349	0.301113	-6.819574	5.076153	-7.396421	-8.297902	-4.115349	-3.547329	-6.819501	4.015618	3.961516	-11.578643	-4.115350	6.439528	-6.965095	8.021121	-10.457188	-8.297900	-4.115349	-10.410412	-6.819501	-2.462263
3568	6	4.652943	-5.122316	1.575504	5.382938	4.040667	7.496576	-7.186185	8.207292	7.069542	-18.558965	11.246532	-11.479513	4.145377	3.437333	7.069518	-0.077582	11.042352	7.366009	3.644946	3.606975	7.069525	-5.893032	11.064355	4.893076	-7.244794	-6.804774	-4.444904	-13.208558	-4.872546	-11.372961	4.697401	-11.666336	-4.483804	5.383500	-5.091237	7.496646
3581	6	7.632803	-11.227419	-1.279833	7.694628	1.724015	6.338886	-9.969062	-6.217564	-1.279790	-10.607987	1.724015	-12.325072	-11.353217	7.587356	7.067849	-13.643315	9.687285	-12.325084	7.650910	-16.264281	-3.344233	7.695470	-4.705815	6.338886	-9.951142	-11.243488	-3.344233	-10.607123	-4.705815	-12.325072	6.242460	3.542306	7.062156	4.633525	9.686584	6.329592
3615	6	7.206252	4.186586	7.489128	1.559186	12.111178	7.617170	-11.063907	5.041003	7.489217	-13.248249	12.175076	-4.535584	6.127825	-12.702358	-1.983858	6.807553	-3.699622	7.819157	6.046298	-1.931812	3.309862	3.552214	8.340742	7.818285	-0.288826	4.968010	7.489212	-8.983095	12.170878	3.715609	-12.137690	-11.847965	-1.983626	-8.033774	-3.697559	-4.535584
3626	6	-8.439113	5.038089	7.411742	-10.846517	12.526083	-10.169797	5.801944	-12.217453	0.584122	6.855510	1.131667	7.184567	5.803649	-13.982605	-4.845372	6.856153	-5.025651	7.184569	4.357112	-0.097927	7.409551	1.197851	10.302861	7.156903	-9.180347	-7.104786	0.584152	-5.961796	1.131679	-10.169797	-9.178643	-8.883995	-4.845372	-5.961149	-5.025650	-10.169797
3715	6	-13.662723	-6.838528	1.184017	-13.165869	4.914419	-11.655683	-11.363322	5.308310	6.802639	-15.016375	10.554779	-11.655683	-10.800302	-13.571719	-5.298555	-9.832409	-5.274670	-11.655650	4.817172	-16.463302	-5.298555	7.070854	-5.274670	6.778412	4.254230	2.851049	6.797351	1.868579	10.554407	6.777953	1.944897	-7.809300	1.183988	1.675676	4.914027	6.710039
3824	6	7.354079	1.347641	7.769203	1.044623	11.833530	3.649503	-5.541898	6.094851	7.951097	-16.689016	11.843567	-7.511132	-9.180873	-8.930368	-4.056575	-12.358830	-4.336111	-7.505136	-7.981010	-5.350864	1.600699	-13.301008	4.833786	-7.508159	6.161762	-10.018144	1.599936	4.640767	4.832886	4.688236	6.110232	-13.596997	-4.056576	5.603809	-4.336111	4.744966
3848	6	-7.365147	6.400994	6.495087	-14.066118	11.138042	-7.940365	4.279998	5.332481	6.495082	0.995269	11.135888	7.890286	5.307315	-14.174607	-4.377453	7.256254	-5.332888	7.892392	-6.516035	-13.046632	-4.377453	-7.868298	-5.332888	-7.940364	0.524116	-13.505486	-4.377453	3.488232	-5.332888	4.936325	3.530647	5.405176	6.495083	-4.615753	11.136155	2.925059
3933	6	4.274723	-5.440863	4.636163	6.360703	6.786115	4.345156	-12.656842	7.410406	6.890355	-8.278661	10.702313	-9.135190	5.403767	1.090899	6.212792	5.466128	10.217976	4.394019	-7.683417	-10.778531	-1.920476	1.757134	-3.957271	-4.540797	4.990832	-17.012403	-1.922292	9.267640	-3.958501	4.386069	-13.522416	-10.778531	-1.920476	-4.166936	-3.957271	-9.097481
3945	6	-6.701301	-3.617419	1.404953	-10.719438	7.787219	-8.632802	9.096741	-10.016653	1.168163	6.486467	7.373393	8.825807	-5.783383	-7.029117	-2.617006	-10.176160	-1.348861	-8.632802	9.658062	-13.291257	-2.619148	6.955188	-1.348863	8.825807	-11.124445	7.105881	7.507904	-14.867703	12.475257	-8.632802	5.014524	0.898649	6.614958	2.931882	11.659435	8.823473
4041	6	5.494540	3.368063	7.708686	1.496048	9.810934	7.072367	-10.840474	6.521218	7.708686	-14.827383	9.814490	-8.005078	5.447316	-5.023948	3.102783	6.467105	3.914015	7.071986	-10.866499	-9.768546	-1.925654	-9.846757	-3.613160	-7.966375	5.478002	-12.920000	-1.925654	6.474464	-3.613270	7.072365	5.478000	-9.301468	0.395473	6.474463	1.539793	7.072365
4079	6	-9.498040	7.842752	6.911394	-7.837962	11.920348	-6.676044	6.508374	0.971191	6.395930	3.407140	11.505488	7.631261	-9.922997	-7.904115	-2.462032	1.974026	-3.798354	-2.172925	-12.875911	-7.904114	-2.462032	-3.581189	-3.798354	-6.171403	2.484885	-9.236741	-2.462032	7.544669	-3.798356	7.554279	4.128489	4.046068	6.911380	-2.252619	11.919540	4.843676
4101	6	-10.056595	7.230465	5.485954	-12.097821	11.089634	-8.162124	4.140588	-14.447568	-7.361087	7.599194	-3.145812	4.428967	-12.387135	-3.855785	-1.183926	-8.820352	3.270722	-8.162124	6.536474	1.276823	5.397168	3.992777	10.987849	4.429798	4.136679	-8.380999	-1.183970	7.237982	3.270696	4.428961	-12.373598	-9.917483	-7.361087	-8.459132	-3.145812	-8.162124
4103	6	-3.858686	5.471924	3.795400	-8.757864	12.694293	-11.847616	-6.871307	-6.054026	-3.929046	-8.279801	2.043918	-11.856488	2.523937	4.176315	3.795400	3.742413	12.694056	-1.306231	4.249363	-9.954901	-3.929238	6.942219	2.043809	5.600961	4.050968	-13.866768	-4.532329	6.940134	-1.940465	5.559876	-8.374864	-10.312815	-4.532329	-8.279802	-1.940465	-11.856609
4137	6	6.590483	-11.947339	-0.634631	6.979523	1.830943	6.151152	8.580615	1.651014	7.186765	1.438321	11.412466	6.103080	-8.020650	-6.924897	-0.634301	-10.379694	1.830947	-6.460701	-5.501768	6.795466	7.196301	-15.849850	11.542531	-6.460794	6.629233	-16.092684	-4.132709	6.979667	-4.047865	6.151152	-8.239400	-11.070361	-4.132709	-10.379581	-4.047865	-6.460701
4202	6	-14.442945	-6.338750	0.636605	-9.245729	-5.472285	-11.397252	5.387859	3.916291	7.198102	2.741650	11.704660	6.957580	-12.926903	6.794069	7.198481	-14.813372	11.704668	-11.397252	-0.605037	6.468955	7.198477	1.439537	11.704668	6.102072	3.926911	-8.609118	0.620708	8.260847	-5.476016	6.967590	-1.900780	-6.483933	0.633595	5.957186	-5.473003	3.740000
4207	6	0.504435	-8.310718	-5.336928	3.981254	-6.481374	7.349740	-16.464115	-8.186970	-5.336500	-6.864381	-6.479691	-6.293529	-6.169371	-8.186970	-5.336500	2.814631	-6.479691	4.750322	-11.931341	6.797614	4.975567	-9.128668	11.046631	-7.208569	-5.851785	-4.605727	0.746772	2.522130	5.565877	4.750251	-16.147701	-4.605727	0.746772	-7.162239	5.565877	-6.470058
4222	6	-8.496310	8.117191	6.891504	-11.398165	10.845584	-6.094777	6.106030	-14.949217	-2.238190	8.327894	-3.467191	7.148489	3.546053	6.009464	6.891141	-1.539348	10.845516	4.717839	6.379424	-6.707394	2.891588	8.182531	5.569180	7.148489	5.529245	3.181454	6.872292	3.715756	10.837468	7.148488	-8.043053	-9.516120	-2.238156	-6.782993	-3.467184	-6.094777
4291	6	-13.123171	4.825917	6.347786	-11.842054	10.998226	-9.435179	4.455209	-11.457861	2.877552	7.640970	6.447540	5.623681	-13.364056	-5.130920	2.877926	-5.403094	6.453425	-9.435178	-13.330928	-9.938772	-2.592188	-5.351946	-4.585094	-9.435178	4.464466	-15.924981	-2.592190	7.686254	-4.585101	5.623681	0.843381	-1.921444	2.946848	5.341629	7.153276	0.571346
4331	6	-16.959409	-6.912761	-8.247176	-8.869026	-6.100591	-7.860528	-14.686517	5.734200	4.398486	-10.014184	7.495194	-8.183052	-4.879816	-6.953820	-8.247560	3.482271	-6.100591	3.318960	1.789043	-8.842978	-8.253651	9.122710	-6.100591	6.273750	5.050629	1.579178	4.235308	8.144130	7.271267	7.774892	-2.493337	5.592440	4.398367	7.811285	7.495039	3.398227
4350	6	-12.164890	-2.584047	-0.114545	-11.323039	5.259731	-10.485867	-12.297100	-8.609322	-5.239282	-11.322957	-3.779609	-10.485867	2.460951	-11.639709	-5.239282	6.022941	-3.779610	5.704368	-10.657864	7.176634	6.474374	-16.425406	11.382650	-10.486166	2.461031	-5.872038	-0.115191	6.022876	4.987031	5.704435	4.486298	1.696925	6.368382	1.241121	11.351653	6.435702
4377	6	7.043671	2.427451	8.405311	2.676566	10.845466	6.192104	5.439694	2.779997	8.405395	-6.795751	10.850250	2.089382	0.787069	7.066171	8.405450	-11.792166	10.854729	2.025106	-5.391903	7.244481	8.405450	-14.240197	10.854729	-8.638742	-6.653685	-8.726683	0.622033	-8.631199	0.181940	-9.221166	5.683745	-6.072884	2.991692	7.964715	8.091160	6.192083
4396	6	-6.395437	-2.653546	1.055547	-7.193323	3.708020	-9.758399	8.581955	1.779664	5.781744	0.871043	6.627631	5.787542	-9.176244	-7.689119	-0.397525	-7.220200	-2.247479	-9.758456	4.926408	-6.701777	0.315061	7.221586	3.648461	6.565865	-4.921995	7.658317	5.973933	-13.382082	6.992423	-9.759965	4.334271	-11.286080	-0.398425	7.175087	-2.247535	6.562595
4483	6	-5.703723	-7.861398	-4.730971	-3.661926	-7.066158	3.331626	-5.675707	6.437734	6.423631	-10.868879	10.608168	3.331622	4.884651	1.686765	6.423630	0.265314	10.607061	7.335081	6.076065	-12.549394	-4.731177	6.213135	-7.066570	7.938252	-11.116410	6.437735	6.423631	-15.866447	10.608168	-0.984930	-11.168121	-7.861397	-4.730971	-10.716804	-7.066158	-0.984930
4499	6	-11.213445	-5.908877	0.124580	-8.505576	3.865239	-11.723424	-8.760651	7.024175	5.867685	-11.454116	14.405175	-12.203444	5.278525	-10.612035	0.124580	5.596853	3.865239	7.029955	7.717116	2.319144	5.863212	2.690223	14.395250	6.932725	5.282928	-15.888525	-5.641265	5.601098	-1.264340	7.030001	-11.209040	-11.185879	-5.641265	-8.501637	-1.264340	-11.722148
4513	6	-9.903808	6.348301	3.499028	-9.822443	11.401756	-10.385548	2.788428	-6.360722	-3.902107	6.316858	1.828075	7.826134	-10.981525	-8.750136	-5.748404	-9.017688	-2.478005	-10.331982	3.896292	2.656107	3.499026	5.773113	11.381705	7.817356	-5.325661	-2.815847	-2.274172	-9.036493	3.795181	-10.333566	2.787073	-12.240650	-5.748404	6.320585	-2.479127	7.826188
4546	6	-9.059605	-4.139135	3.057122	-8.839910	5.796917	-12.657222	-12.575462	6.479119	7.988546	-9.434716	11.551241	-12.657223	7.730115	-18.287991	-2.611203	6.589167	-4.029220	6.067792	6.769611	-10.494531	3.043098	6.488627	5.796687	6.067792	-8.085556	-11.957910	-2.611203	-8.734114	-4.029220	-12.657222	3.235978	3.771829	7.988242	5.776317	11.551235	6.067741
4550	6	-2.523960	-7.177634	-5.636124	6.240123	-8.712282	7.268531	-11.632583	-6.785941	-5.636124	-6.770536	-8.712267	-6.874134	4.083226	-10.264953	-5.636125	7.992928	-8.712294	7.451200	-8.004218	7.266732	6.131710	-11.842699	6.961135	-7.019392	8.121798	3.309466	6.130706	2.924683	6.957031	7.128089	7.087631	3.349344	6.130811	-3.598915	6.957358	3.692605
4557	6	-3.917906	7.410983	6.290681	-9.626049	13.044104	3.429524	6.206929	-15.980551	-2.255162	5.819424	-2.667741	9.799871	-4.459176	-10.382781	-2.255162	-4.290607	-2.667740	3.428504	-8.976057	7.410985	6.290681	-15.561577	13.044104	-2.255115	4.245986	1.779871	6.290367	-3.077155	13.034886	6.459345	-10.027738	-10.382781	-2.255162	-10.237620	-2.667740	-2.255116
4585	6	-9.841359	8.926953	5.392969	-14.177173	12.869781	-4.904239	4.410149	3.563030	5.392968	1.544144	12.869693	6.936705	4.028084	-8.587033	-0.212866	6.711192	2.185258	7.213446	-9.851671	-3.122243	-0.212779	-9.021986	2.189583	-4.904239	-9.850390	-8.366023	-6.579377	-9.021971	-2.508015	-4.904239	4.034879	-13.702405	-6.579377	6.711245	-2.508015	7.213524
4598	6	1.505379	3.523096	6.798769	-8.056033	10.747789	7.501161	-6.936651	5.687771	6.798769	-12.998437	10.766043	1.313019	-7.363342	5.687771	6.798769	-18.240471	10.766043	-3.318912	-8.612130	-6.037707	-5.256660	-7.029337	-7.824125	1.310203	6.250120	-9.315719	-5.311707	5.246783	-7.841137	7.778333	0.709284	-3.080637	1.021037	-2.206621	-1.710158	7.522195
4613	6	-8.640156	5.406030	5.866750	-14.012166	11.663660	-12.541024	7.815709	3.022618	5.866736	2.751215	11.661908	5.632868	-10.715653	-6.199932	0.498607	-9.901203	5.333397	-12.588307	-11.545287	-10.740813	-4.419854	-9.881403	-2.378234	-12.594869	5.082326	-13.121933	-4.419854	6.984734	-2.378234	5.587225	5.294107	-8.581064	0.498559	6.966394	5.333176	5.606354
4667	6	-14.535481	-10.833930	-4.475115	-8.138644	-5.948526	-6.016961	-11.452788	5.877349	7.087339	-11.092003	9.952583	-6.016882	0.538992	5.780080	7.087339	3.435842	9.952583	6.239772	3.767737	-13.576009	-4.475116	6.389324	-5.948526	6.816210	-2.558224	-10.835304	-4.475115	5.026971	-5.948526	5.981527	5.784475	0.346469	7.063820	3.453569	6.550625	7.001674
4846	6	-13.093752	-10.317821	-8.603580	-3.633989	-6.195542	-11.350527	-12.070125	5.135300	4.666774	-4.207586	10.933409	-11.857793	-6.995497	-10.317824	-8.603580	2.553679	-6.195542	-6.606797	3.285169	-12.159743	-8.603580	7.227852	-6.195542	6.012925	-5.976387	5.135289	4.666774	1.881515	10.933409	-6.626138	4.317763	1.970698	4.665936	6.731727	10.929703	6.194113
4860	6	-7.958414	4.007429	7.568975	-15.137842	0.027576	-9.018082	-11.755730	-7.856716	-3.947947	-10.512855	-11.461947	-9.018082	-5.515113	3.971588	1.702400	-10.566621	-2.933102	-9.018078	-7.958715	8.127815	8.124070	-15.281120	5.868546	-9.018082	4.537296	-9.949519	-4.307950	6.168577	-11.461992	5.745425	8.334882	3.975287	8.063453	1.400315	5.868543	5.773537
4895	6	-11.083431	7.020464	5.748142	-12.574661	10.972934	-11.208783	3.890984	-6.937668	-0.488193	4.900517	3.863995	5.468988	-10.376870	-4.344093	-0.488170	-10.328384	3.864062	-11.207578	-10.934490	-6.078395	-5.118620	-10.251126	-2.413671	-11.208575	3.748547	-8.566253	-5.118620	4.972977	-2.413671	5.430250	3.796064	4.497348	5.748141	2.646575	10.972934	5.442593
4959	6	4.290507	4.562675	5.960354	1.097383	13.230207	9.059485	-11.566316	7.591357	5.962301	-13.686287	13.259401	-4.680630	-0.450508	-3.141979	1.066355	2.159123	5.253116	5.869356	6.541071	-8.003491	0.017822	7.398931	3.463466	9.074220	-9.942335	-3.123540	1.083690	-8.116335	5.264591	-4.314137	-3.264443	-3.123915	1.083335	1.102371	5.264357	2.493922
4973	6	7.399699	-4.974055	0.089717	7.761285	4.240643	6.771542	4.300116	3.931626	6.487785	1.293007	10.871702	6.601588	-10.198148	8.175626	6.491126	-17.549820	10.872339	-5.444980	8.200892	-9.402211	-6.115085	7.761334	-3.483735	6.780619	4.373766	-9.398063	-6.115082	-4.461838	-3.483735	-0.870364	-6.520554	-5.148825	-5.922410	-11.094038	-3.483510	-5.310252
4974	6	-12.291957	-13.536467	0.274696	-15.644784	-3.107995	-10.208391	-12.588844	2.587393	7.333642	-15.655793	13.499257	-10.208391	-12.290731	-8.412501	1.376480	-15.655680	4.018306	-10.208391	3.339728	-0.184037	6.575169	2.847591	13.140087	6.626423	4.601859	-11.562697	1.022980	2.848515	3.708643	6.766813	4.601854	-16.485991	0.263063	2.859826	-3.112320	6.766821
5025	6	-12.908953	-11.830586	-4.003981	-9.161226	-3.288291	-5.993769	-12.915953	-8.980164	-1.962471	-9.232166	2.240652	-5.993769	4.075049	-14.568716	-1.962471	7.258771	2.240647	7.642270	-2.166604	-11.831107	-4.003981	1.223293	-3.288291	4.975460	-2.200773	-8.980650	-1.962471	1.126496	2.240652	4.936036	4.075614	-17.419466	-4.003981	7.324762	-3.288291	7.642272
5027	6	4.628297	4.198164	7.614525	-1.018832	10.407345	6.223419	-8.472212	7.451558	7.615095	-16.753027	10.407393	-8.942908	3.028422	-6.494062	1.785668	4.966980	4.826148	8.102105	3.028381	-12.852971	-4.278711	4.967016	-3.371788	8.102106	-9.257648	-4.457843	1.791235	-10.810245	5.194782	-8.931384	-9.277001	-10.845707	-4.278711	-10.810206	-3.371788	-8.931384
5037	6	-8.896935	7.153303	8.401406	-11.960840	9.399339	-11.406342	3.767367	-12.575462	-3.093945	9.001338	-7.004522	6.337941	-11.688709	-10.633066	-3.093945	-6.511886	-7.004522	-11.406342	3.767337	-12.575441	-3.093945	8.842689	-7.004522	0.614529	6.559027	3.124800	8.401396	3.484119	9.398684	0.614523	6.559056	3.124779	8.401396	3.643232	9.398684	6.337939
5058	6	7.408256	-9.552414	-2.953424	6.338872	0.579292	5.431536	-5.904348	6.681719	5.561670	-14.945679	12.139245	-10.941709	9.632180	3.160287	5.385341	2.195111	12.110330	5.401880	-7.124786	-6.141396	-2.427586	-10.069778	-5.842377	-10.941466	7.403374	-9.631864	-3.025258	6.338872	-5.849064	5.431536	-7.090522	-6.057580	-2.325948	-10.069778	0.590005	-10.941466
5074	6	-8.252321	9.479832	6.161217	-10.917152	12.863772	2.067656	-9.549973	9.481936	6.161217	-16.519881	12.863772	-3.505101	4.831736	5.282369	6.161215	1.588286	12.863771	6.528046	-10.178758	-8.701481	0.747985	-12.574937	-2.207518	-3.503985	-8.672353	-8.703200	0.747985	-4.684350	-2.207518	2.281078	4.067923	-12.296840	0.747985	5.834043	-2.207518	6.999874
5110	6	-0.574271	5.028343	6.029711	-8.451353	11.036093	-8.022374	3.766736	-12.885993	0.113611	1.268711	3.937811	-0.248692	4.867963	-19.518866	-3.460016	7.407953	-1.966778	5.970769	2.889546	0.012215	6.004592	5.225605	10.955217	5.553929	4.867961	-13.132783	0.113611	7.280824	3.937811	5.970769	-1.982514	-12.945066	-3.460016	-7.199603	-1.966778	-9.113272
5118	6	-8.524662	-10.226660	-4.649262	-11.592459	0.297510	-4.759598	3.051518	0.938265	5.205124	4.217316	10.847218	6.988752	6.809833	-17.984885	-4.649262	6.435996	0.297510	7.275213	-12.250453	7.235991	5.361711	-13.916319	10.945711	-4.759660	6.809833	-17.999016	-6.275710	6.435996	-3.533847	7.275213	-8.524662	-10.264270	-6.275710	-11.592459	-3.533847	-4.759598
5155	6	5.202835	-12.178984	-0.229847	7.158467	3.546321	6.868017	-14.052084	6.234836	6.074708	-17.085528	13.937185	-8.850976	-12.381689	-11.235156	-0.462765	-10.497251	-2.018244	-8.850976	-12.387998	-5.791336	-0.229847	-10.497404	3.546321	-8.850976	3.397145	2.061437	6.074240	0.543275	13.914620	6.568428	5.209157	-17.377687	-0.462765	7.158620	-2.018244	6.868120
5158	6	4.342900	-3.880335	4.915846	2.732133	7.269950	3.176360	-8.148764	6.458524	6.367733	-13.318651	10.718016	-10.420236	-9.159467	-7.709248	-2.566069	-9.891776	-1.484697	-10.420236	6.426747	0.130066	6.202889	2.683167	9.448770	3.181591	5.125505	-8.095670	2.922455	5.894559	6.756517	3.181137	5.952903	-13.884372	-3.072817	6.109241	-1.484774	3.182008
5213	6	-12.369713	6.625436	5.611892	-9.453328	12.708141	-9.726153	-13.107784	-7.243660	-5.736079	-7.627612	0.634478	-9.726153	5.335915	4.503979	5.611859	5.320047	12.708068	6.718730	-13.107781	-7.286241	-6.999279	-7.626755	-4.696888	-9.726153	4.596210	-9.474258	-5.736079	7.145126	0.634478	6.716799	4.596210	-9.512399	-6.999279	7.145983	-4.696888	6.716799
5234	6	-3.663259	-12.398421	-2.195517	0.885112	-5.983361	-5.125699	1.574622	-12.678898	-2.195517	2.690745	-5.983361	-0.947590	-10.372988	4.453636	6.773980	-8.145457	12.070631	-10.667556	4.184769	-18.059497	-2.195517	7.888217	-5.983361	6.511784	1.625797	4.134973	6.773952	2.202806	12.070582	4.466469	-7.868166	-12.398421	-2.195517	-5.330018	-5.983361	-10.603697
5237	6	-13.731206	-11.714611	-5.423816	-8.524653	-2.953554	-6.803854	-13.855299	-5.737531	0.594721	-8.524756	3.386983	-6.803900	-14.079565	6.651053	6.937812	-13.893548	12.663403	-6.933575	4.257682	-9.791845	0.504009	7.391624	3.386980	5.786048	4.364011	-15.903860	-5.423840	7.391699	-2.953554	5.798028	3.728238	3.336670	6.932366	1.660062	12.663402	5.006045
5258	6	-7.831680	2.137492	1.588438	-7.919490	-0.383517	-9.738416	4.555227	-15.618677	-3.843450	8.091938	-7.302379	6.450789	-13.672025	-10.739445	-3.813182	-7.704205	-7.302379	-9.833477	-12.859829	7.511900	6.433781	-13.196107	10.920993	-9.832157	6.125359	1.411692	5.812060	2.704378	10.640093	6.623173	-1.875131	-10.739576	-3.813184	5.275380	-7.302379	2.768926
5401	6	-11.057540	6.770176	7.176483	-12.989121	11.854225	-9.729521	3.972605	0.645795	7.168791	5.378996	10.735401	5.458857	-8.816020	-5.441315	0.600327	-12.121581	4.990689	-9.716177	6.632902	-11.588954	0.599144	6.247434	4.989778	5.807006	-8.815998	-10.047912	-4.446783	-12.083286	-4.238332	-9.716176	6.632924	-16.183045	-4.446783	6.285639	-4.238332	5.807007
5441	6	4.407495	-15.700892	-5.744394	9.150143	-8.740570	8.072688	-11.131710	-11.697590	-5.699989	-7.813240	-8.618676	-6.133907	-10.670945	5.839762	5.416297	-12.003158	9.579755	-6.231414	-5.104900	-11.697657	-5.699991	-2.284541	-8.618682	4.426924	-6.106556	-11.697607	-5.699989	1.648105	-8.618678	0.320881	4.852561	1.343591	5.416172	4.976170	9.471159	8.072688
5454	6	-8.217317	-1.813176	0.931106	-7.738423	4.451229	-11.305616	-12.480071	-12.677154	-2.228598	-7.738353	-3.422379	-11.377191	5.038552	-17.601687	-2.228598	6.551724	-3.422379	6.072663	-11.307595	5.901126	6.571802	-12.647665	9.298427	-11.372133	7.555998	0.419855	5.583685	1.621397	8.190777	6.055742	5.035153	-11.430628	0.019869	6.551720	3.593093	6.072517
5464	6	5.613808	2.858500	7.705355	1.272368	10.509529	6.869609	-9.453345	7.355218	7.705366	-11.677868	10.518244	-9.272024	-9.393292	-9.882686	-2.566052	-6.089897	-3.913044	-9.271650	2.659964	-1.521883	7.705118	0.370927	10.339915	6.854374	5.942199	-14.377568	-3.315599	6.870056	-6.742704	6.869947	5.942177	-8.284834	1.140275	6.826029	3.639593	6.869947
5484	6	2.688369	-8.858614	3.034588	8.291424	5.912102	6.071132	-6.808363	7.206472	9.219242	-5.557956	11.873015	-7.697072	3.946893	0.580039	9.110180	4.810044	11.110443	6.920279	3.429560	-14.224869	-2.298206	8.314521	-4.441002	6.846742	-5.302744	-7.628008	-2.298206	3.094557	-4.286231	0.454532	-5.455288	-7.628008	-2.298206	-2.053183	-4.286231	-7.419209
5491	6	-2.857104	-9.247407	-5.602691	2.677475	-5.802615	3.922162	-10.634476	6.221733	5.677217	-13.898146	10.139769	-9.559176	3.030238	-1.605757	1.001564	6.785912	4.050346	6.117563	-14.707946	-9.208704	-5.602691	-9.581130	-5.797684	-9.623899	7.764766	2.015418	5.623307	3.330838	10.000449	5.948762	3.338171	-9.186408	-3.200864	6.904265	0.121042	6.132363
5503	6	-8.302358	-11.305156	-2.625820	-5.211905	-2.499411	-11.331936	6.272291	-11.238789	1.034014	8.679987	3.282422	5.633735	-9.009642	4.743310	6.154211	-11.752127	9.767296	-11.366937	6.272325	-14.973698	-2.625850	8.753057	-2.500792	5.633736	-0.476209	-7.833159	1.034411	-2.128240	3.297490	-7.874384	5.816384	1.109734	6.150292	2.234908	9.406344	5.620680
5532	6	8.119942	1.630816	5.127471	3.429678	9.885959	7.168347	-12.326655	-6.643552	-5.594047	-11.374148	-6.334392	-9.349795	-0.049513	-7.197751	-5.594067	4.778500	-6.334392	4.517220	-7.995479	1.173628	-0.647052	-11.374149	-2.433233	-9.285266	4.734136	-10.051066	-5.594075	6.572882	-6.334392	6.919994	-10.292393	6.530307	5.208450	-14.744370	9.896159	-9.339147
5536	6	-10.706149	-4.369340	-1.989432	-8.969224	1.809047	-13.163605	4.925931	-10.683797	-1.992562	7.213358	1.807885	5.571443	-12.024012	-7.743305	-5.182175	-8.969343	-3.222502	-13.163605	-8.917126	7.474216	4.952084	-11.399193	12.538133	-13.163605	1.086119	-4.917694	-1.991561	4.593545	1.808257	-0.305996	4.892383	-14.055973	-5.182176	7.213348	-3.222503	5.571443
5537	6	-2.347036	6.925497	4.719046	0.682511	11.363323	4.151301	-8.822728	7.044203	4.720718	-11.390116	11.365272	-6.101707	-2.041599	-9.004181	-8.104267	1.686045	-5.874013	4.494216	4.632502	-11.813209	-8.209561	6.963712	-6.140560	7.733613	5.405726	3.544180	4.532696	6.175871	11.114962	7.794622	-9.336646	-8.859956	-8.091880	-10.437152	-5.843242	-6.117250
5541	6	5.024776	-8.509719	-2.853698	9.231200	-3.847228	6.726847	-9.187057	8.898650	6.112591	-11.767269	12.343483	-9.673384	3.542187	6.618213	6.112591	2.610005	12.343481	0.428417	4.840835	4.832415	6.112590	5.576224	12.343406	6.726846	4.075714	-7.298443	-2.853695	6.400912	-3.847214	0.429803	-6.750717	-4.184330	-2.850669	-8.117138	-3.837556	-9.673384
5573	6	-10.997833	6.293516	7.392975	-11.449927	12.613381	-8.367397	-8.462043	-6.479150	1.668955	-7.934995	5.780395	-8.295607	6.157111	3.028302	7.392933	1.289156	12.613348	5.999420	8.690878	-10.236660	1.668954	4.804198	3.245903	6.423677	-8.470406	-11.007179	-4.654453	-7.887622	-6.155736	-8.293058	8.691337	-14.312744	-4.654453	4.851559	-6.170044	6.425193
5603	6	-11.017876	5.222814	6.233628	-10.672167	10.183791	-7.619257	-8.148936	-5.372725	1.949907	-10.391630	-2.716885	-7.604862	6.853069	-5.727577	2.298685	6.753419	3.342680	7.996542	6.854459	-11.257271	-1.551737	6.967197	-5.414950	7.998031	3.988718	2.531056	6.159081	6.465811	10.175487	7.993278	-0.902587	5.212234	6.233525	1.618229	10.183779	4.141512
5609	6	4.744533	-13.233864	-4.265751	8.313372	-6.727421	5.635415	5.107499	1.681931	6.852477	3.607734	9.862067	5.636041	-10.430531	-8.421137	-4.265547	-6.342298	-6.727417	-10.452726	-9.912880	-2.429816	1.869988	-6.408331	4.521847	-10.570879	-10.457803	6.651896	7.324699	-11.540432	9.888656	-11.930845	4.742608	-7.685111	1.198025	8.287981	3.136534	5.635410
5670	6	-10.774242	-8.682933	0.233362	-11.561880	3.899906	-13.827897	-10.822734	-15.124322	-5.086042	-11.550822	-5.779393	-13.827009	-11.782093	4.190136	6.689993	-16.072245	9.756665	-13.979511	4.229643	2.784436	6.662177	2.659327	9.573831	4.236205	5.395531	-16.972479	-5.086043	7.190170	-5.780031	4.508082	5.408801	-10.535591	0.233362	7.179113	3.845451	4.509705
5721	6	-11.755922	5.397144	7.090764	-14.270998	13.287624	-5.035726	-11.145982	-11.710875	-2.192468	-10.084301	-5.483656	-5.003328	3.131779	-14.293145	-2.192469	6.767157	-5.483656	8.208866	2.379067	4.275774	7.090763	2.488086	13.287606	7.891903	3.079692	-9.545761	1.937106	6.338880	1.013446	8.200481	-11.197737	-5.991177	1.964241	-10.528675	1.022467	-5.012338
5800	6	-7.740380	-8.256392	-5.672698	-11.398017	-2.698692	-10.311708	6.755497	-8.639164	0.861788	5.186925	3.709287	7.651248	-4.693929	1.997965	0.153054	-11.400785	-0.174759	-10.311693	-11.455287	8.772584	6.671925	-14.039293	11.167999	-10.311708	-7.740176	-2.987807	0.861823	-11.405399	3.709317	-10.311708	6.755801	-13.905755	-5.672698	5.194354	-2.698692	7.651252
5841	6	7.056873	-4.722737	0.854554	6.183425	6.940114	7.541742	-10.479277	7.421103	5.814866	-13.603468	10.828592	-10.152661	4.050991	3.138613	5.814865	1.553243	10.825931	7.486556	-0.142977	7.413953	5.814866	0.891464	10.828592	7.210075	-7.476064	-6.840938	-5.338996	-9.025997	-3.646534	-10.152406	7.057993	-12.422580	-5.339045	6.183425	-3.658008	7.541742
5906	6	-7.600552	5.673561	6.464887	-15.499454	11.874104	-9.099397	7.656722	-13.113189	-0.978746	8.103245	-5.783229	9.307270	4.743227	-5.894626	3.080032	-1.836838	3.858157	6.060379	6.945188	-6.067092	3.074273	4.492194	3.728149	9.305181	-8.075481	-7.471604	-0.978746	-9.906957	-5.317072	-9.099208	-0.632721	-7.471882	-0.978746	2.280581	-5.317150	-1.817823
5928	6	4.164560	-7.658388	-5.308065	8.157652	-5.305863	8.156656	-7.941673	-3.506913	-5.307236	0.892935	-5.299812	-3.065351	-11.506567	-3.506913	-5.307236	-4.481871	-5.299812	-7.475723	-9.346752	-0.600998	2.416976	-4.525689	5.533597	-7.475723	-5.704801	-0.600998	2.416976	0.818245	5.533597	-3.109198	-6.998352	4.808863	4.968941	-10.115357	12.029329	-7.475725
5945	6	-8.129887	7.121452	5.308712	-13.694101	11.722534	-12.329189	-5.681676	-10.286204	-5.868116	-10.310957	-3.590894	-12.329189	10.495249	-8.606526	-1.610185	5.800950	2.529304	5.761872	-5.604618	-3.105291	-1.577923	-10.312260	2.560628	-12.329189	8.080761	1.568718	5.232294	2.983761	11.676653	5.761872	10.493330	-15.764054	-5.868116	5.801816	-3.590894	5.761872
5960	6	-5.590447	5.836488	7.497089	-15.403603	11.969649	-11.840296	4.898055	-0.001788	5.662647	0.078517	11.930593	4.544872	8.122723	-8.597067	2.697921	3.933626	1.202778	5.867877	8.291424	-14.907643	0.112591	5.114202	-3.684350	5.876367	2.776148	-6.929239	2.697926	-5.661227	1.202781	-0.767361	-2.655947	-9.033386	0.112591	-10.604189	-3.684350	-11.677485
5966	6	-14.819176	-7.201615	-2.024685	-11.054795	1.418777	-6.930274	3.588511	-11.357467	-2.033092	4.324393	1.412103	6.670393	-14.967147	-8.034303	-7.866683	-11.054047	-3.343801	-6.930274	-11.890038	-2.034800	-0.170491	-11.087722	4.136093	-6.930274	-12.589299	6.678297	4.999607	-13.687012	12.272095	-6.930274	3.578209	-12.150585	-7.866694	4.321688	-3.345915	6.670392
5982	6	-10.038868	7.233568	6.720896	-15.271778	11.929125	-8.825994	-9.419829	-6.946657	-2.549158	-9.262225	-3.160981	-8.824214	6.312810	-2.512376	3.429639	7.339302	9.530174	7.167235	0.311002	-6.948757	-2.549159	8.259103	-3.160982	7.085462	-0.506446	7.233350	6.720896	2.171916	11.929125	6.773874	6.695735	-13.019317	-2.549434	8.265687	-3.161185	7.167335
5988	6	-10.043193	6.399718	6.408127	-14.462968	0.259314	-12.657562	-10.222471	6.567832	7.005206	-14.545582	6.803154	-12.657562	-11.614743	-7.764862	-3.692431	-8.557601	-12.354957	-12.657562	5.361581	-11.556883	-3.692431	7.769872	-12.356597	6.401531	6.671519	2.774913	7.004834	1.753478	6.749675	6.343910	6.860306	2.576800	6.329548	1.893661	0.184657	6.362209
6035	6	-7.711475	-4.475802	-1.381517	-11.605903	1.600461	-8.299295	-9.706270	6.895762	7.118950	-14.015944	11.954944	-8.299295	7.451102	1.296062	7.108939	3.949338	11.954331	5.208281	7.089139	-10.071576	-1.381540	6.312051	1.600459	5.208355	6.976449	-11.630347	-3.548870	6.326011	-1.830825	5.208355	-8.826870	-6.036240	-3.548870	-11.625390	-1.830825	-8.299295
6062	6	-2.046030	-10.010691	-3.854761	2.649576	-4.079896	4.995308	-7.217280	-10.010691	-3.854761	-8.809006	-4.079896	-6.828164	3.649848	-14.864590	-3.922474	6.771368	-4.080023	7.013893	3.300030	2.902786	5.214071	5.099998	10.624525	6.906974	-7.725732	6.341274	5.345825	-10.642319	10.666360	-6.909000	-2.674774	6.341274	5.345825	0.764082	10.666360	4.317917
6113	6	4.826988	1.832285	7.960655	3.499988	12.730287	7.895992	-13.131312	6.795167	8.218140	-8.798294	12.730432	-5.565396	-1.866515	6.795167	8.218140	2.050494	12.730432	6.577251	-5.065906	-9.333664	-3.608087	2.270619	-3.913391	-0.089524	-2.090957	-9.333664	-3.608087	7.834912	-3.913391	6.726625	4.584388	-14.292347	-3.608170	8.965347	-3.990236	7.917976
6137	6	-10.852668	6.746160	6.331846	-16.046377	10.830033	-9.289713	4.045125	2.485672	6.321074	-4.074592	10.829026	6.107852	7.680094	-4.026911	3.101749	4.360203	3.759948	7.513246	6.085499	0.906065	6.074043	0.232386	10.611801	7.511971	-10.911784	-5.396821	-2.364293	-11.525612	-7.447796	-9.289713	3.650126	-9.090398	-2.364403	4.760098	-7.447873	7.319998
6158	6	-5.983661	-4.280676	0.459511	-3.712951	5.251981	2.955522	4.011423	-7.394033	-0.225759	7.913499	2.855130	7.324517	-6.012141	-6.861018	-5.381367	-3.722839	-3.197124	2.955504	-3.999290	7.085092	6.934193	-8.985774	11.540762	2.958263	5.945064	3.019161	6.929723	1.702894	11.508437	7.207998	4.011477	-9.766407	-5.381778	7.913507	-4.488022	7.324518
6234	6	3.515301	2.999465	7.635960	4.534339	8.523781	7.080215	5.644456	-8.163446	1.048144	8.318680	6.021889	7.092208	-9.696773	-5.715445	1.048201	-6.358731	6.021925	-9.165314	-11.878629	5.181088	7.636070	-10.140192	8.527690	-9.165350	-10.042883	-13.148385	-4.024310	-6.358431	-5.138698	-9.165314	5.576006	-15.592204	-4.024310	8.318979	-5.138698	7.092201
6247	6	9.493335	-4.695139	-0.636256	7.364087	3.712902	8.336246	9.005765	4.444428	5.314485	4.415687	10.467736	8.298889	-6.140871	6.697923	5.314485	-10.825463	10.476999	-7.738186	-5.542646	-1.296515	0.524356	-7.914857	5.399762	-7.665396	0.307280	-2.027397	-0.495444	-7.848241	5.134785	-7.581913	9.493238	-6.567661	-6.597207	7.367873	0.470655	8.336261
6251	6	5.536101	-8.536231	-1.788581	7.620520	2.380599	7.405812	-7.971486	-7.932202	-5.126765	-4.577392	-5.733029	-7.920076	4.903948	-13.267653	-5.126765	7.620517	-5.733029	7.405751	-7.515896	3.853967	4.184296	-4.764982	12.316706	-7.940989	-2.593372	-7.932202	-5.126765	1.987347	-5.733029	-4.487326	-0.518272	3.853966	4.184296	2.568041	12.316706	-4.474186
6256	6	8.087023	2.436684	9.320885	1.015159	12.088930	7.414082	2.048465	3.433272	9.330649	-10.590715	12.088940	-3.114749	4.819470	-4.072757	2.763313	3.455618	5.341890	8.178577	-4.794290	6.368626	9.330969	-17.352513	12.088940	-8.946038	4.855774	-14.270802	-3.873323	7.299298	-5.567968	8.410225	-8.216895	-10.523281	-3.873323	-11.068684	-5.567968	-8.915549
6266	6	-15.860339	-5.948607	1.683385	-9.354143	3.312404	-5.662647	2.775801	-8.451572	1.683261	5.400922	3.307674	4.545533	-15.859963	-14.142537	-4.551879	-9.089480	-3.480046	-5.662647	2.776284	-16.634093	-4.551879	5.666083	-3.480046	4.546151	-14.798136	3.852332	6.248958	-11.561497	9.976008	-5.662647	4.551344	-0.450324	5.925953	3.899183	7.953482	5.101945
6324	6	3.644660	-13.008436	-3.379080	8.058046	-8.389527	4.909396	-6.787295	5.864373	7.062741	-15.564339	10.541564	-7.492082	-8.359969	-11.088546	-3.379080	-10.128068	-8.389527	-7.670994	2.250781	-12.165528	-3.379080	2.101220	-8.389527	-1.687103	6.044235	2.253156	7.058072	-3.948783	10.520164	4.215086	6.585702	1.912312	7.047692	2.629724	10.498320	5.108361
6350	6	-11.586335	-7.752838	0.456737	-7.119474	2.216953	-11.482830	-7.538574	5.508734	7.857604	-12.353492	12.769098	-11.937382	4.074712	-12.475928	0.449969	8.279302	2.214354	5.564739	-11.552801	-10.286716	-0.715681	-7.065310	-2.755365	-11.467730	8.412014	0.633103	6.871320	3.050891	12.416711	5.443968	4.109173	-15.019058	-0.715692	8.332708	-2.755448	5.564874
6357	6	-8.896888	6.705994	8.302201	-15.784828	11.093402	-12.601207	-9.275282	-10.029651	-0.986894	-9.687068	0.198087	-12.460353	-9.275244	-10.500319	-3.391485	-9.687068	-5.411253	-12.460353	5.735399	-11.598149	-0.986894	8.462598	0.198087	4.825061	6.112168	5.137462	8.302009	2.369292	11.093392	4.618439	5.735437	-12.068817	-3.391485	8.462599	-5.411253	4.825061
6362	6	-13.842552	6.989730	6.843845	-15.208366	12.538083	-4.450187	-3.928664	-8.146637	-3.452374	3.364561	-6.029590	2.722172	-3.933612	-8.127383	1.800383	3.355546	-0.431958	2.720673	-13.496841	-8.127383	1.800383	-8.779672	-0.431958	-4.450005	0.266989	-3.658719	2.471744	5.340572	6.522332	5.077024	-13.492656	-8.146637	-3.452374	-8.778633	-6.029590	-4.450003
6409	6	-7.769636	6.843279	6.779644	-15.491692	11.464601	-11.910512	-11.457375	-5.104669	3.267418	-11.017857	3.234980	-11.910504	3.288191	-9.946447	3.264097	6.901171	3.222896	4.753542	3.482045	-15.810628	0.871501	6.969940	-3.300666	4.774905	-11.292162	-10.971971	0.871501	-10.949453	-3.300663	-11.910503	6.789926	1.997531	6.779644	2.426156	11.234437	4.746088
6426	6	5.946505	3.297598	5.997525	4.004432	11.924059	5.393345	-13.190140	9.667535	6.014075	-13.644856	11.924729	-10.178100	3.758393	-14.169055	-3.626990	6.355623	-4.483227	5.393331	3.757917	-11.012844	0.827109	6.161073	1.864059	5.393331	-15.179077	-7.830679	-3.626159	-11.124434	-4.482989	-10.178100	5.041313	3.298435	5.997544	-2.339308	11.924060	5.353842
6508	6	2.770147	-16.398257	-6.904682	9.556475	-5.072233	8.825340	-4.302536	6.025210	5.830058	-13.094272	10.874801	-7.986212	-8.550181	-12.975135	-6.904682	-7.695912	-5.072233	-8.011236	7.033031	2.546396	5.823962	4.222830	10.734027	9.013162	-0.923201	-12.992773	-6.904682	3.670491	-5.072233	4.973133	4.002754	2.547692	5.823979	-1.472857	10.734271	6.342604
6528	6	3.635777	-15.405803	-1.669671	7.669894	-4.399341	4.954547	-12.646779	5.575454	6.984123	-13.194616	12.765104	-8.678969	-11.415248	-12.091637	-1.669671	-8.969882	-4.399341	-8.678969	3.481414	-8.625724	3.830064	7.618762	6.074174	4.953458	-11.569623	-5.340928	3.830096	-9.009685	6.081080	-8.678969	2.400932	3.943219	6.982263	3.239687	12.764943	4.759317
6534	6	-7.849334	7.789096	6.631791	-7.025025	13.101038	3.135044	5.134122	-10.690951	0.163560	6.487635	3.998539	8.220376	5.124537	1.193835	6.491259	2.699345	12.418762	8.219820	-13.359306	7.789096	6.631791	-10.909833	13.101038	-2.889233	-13.282333	-4.073562	0.163633	-7.011663	5.051785	-2.889231	-1.322875	-4.086907	0.163633	1.027530	5.045087	7.663701
6535	6	-8.143705	9.284579	7.540571	-15.070108	6.177270	-10.318966	-9.360721	-4.540367	-1.463613	-12.419542	-5.462196	-10.318966	5.875547	-8.806596	-1.463671	5.211250	-5.462290	0.368302	7.857195	4.779097	7.540567	2.579912	6.177260	5.888271	6.639571	-8.968912	-1.463671	5.235890	-5.462290	5.887936	7.094876	4.812422	7.540567	2.558664	6.177261	0.370396
6559	6	4.427627	-8.508458	1.377270	7.254677	6.628230	5.620030	-12.071387	5.501255	7.673999	-15.661472	11.574303	-10.861454	5.980294	-4.007032	3.181232	7.217811	8.730241	5.660540	3.461981	2.807078	7.394755	1.028171	11.573498	5.563095	-11.520933	-8.468896	-4.441159	-9.522748	-0.373658	-10.858973	4.209646	-11.270861	-4.600156	7.254817	-0.373971	5.610181
6650	6	-9.469155	6.936218	6.590451	-9.797267	8.833556	-6.610263	2.902586	-13.526350	-3.335004	6.509043	-10.009946	8.302736	5.675539	2.861742	6.590443	4.235157	8.633279	8.336272	-12.068902	-10.389659	-3.335002	-7.488066	-9.957705	-6.895628	-6.273480	0.043321	1.419884	-7.645492	-4.363505	-5.201445	-2.724610	-10.723602	-3.335002	2.460958	-9.969711	7.125194
6672	6	0.704575	-5.364054	3.269638	5.432545	5.372347	4.733176	-12.868637	-13.232740	1.062440	-7.564788	-3.486499	-0.033339	-13.362398	-5.170501	3.313619	-8.385776	5.536678	-0.033339	1.423141	-13.670209	1.062007	6.356321	-3.486645	6.110153	-4.822679	-13.232741	1.062440	0.996380	-3.486499	3.965370	-9.821291	2.802317	6.197070	-9.868541	12.593862	-0.033339
6696	6	-12.786611	5.066116	7.740627	-8.876492	11.554983	-8.581819	3.032333	-16.650288	-2.877326	7.976346	-4.378144	6.432024	3.031582	-9.419331	2.099561	7.889049	4.324973	6.431937	-3.528627	-13.592348	-2.877273	2.792940	-4.373725	1.609290	-11.087041	-13.447688	-2.877267	-2.925832	-4.373196	-7.390977	2.469347	2.278536	7.733457	2.068626	11.298404	6.177801
6784	6	-13.529736	-9.574101	-4.863636	-11.214124	-1.345854	-10.183569	-1.582366	-9.574119	-4.863636	5.767239	-1.345854	7.338906	-12.135669	6.949511	7.794347	-15.530280	11.461069	-10.183569	4.951904	-15.278807	-4.863694	7.235171	-1.345854	7.461985	-0.446605	6.947458	7.794346	2.462043	11.461069	7.440875	6.147616	1.244772	7.065504	3.493897	11.460856	7.459635
6788	6	5.617110	2.727917	5.766817	5.350854	12.442030	6.414376	3.432861	-14.331440	-5.234621	9.032003	-4.276010	6.281668	-13.893041	-12.548565	-5.234621	-6.354907	-4.276010	-8.737572	-11.770735	6.106009	5.766881	-10.269297	12.442030	-10.318000	-12.698827	-3.315801	-0.862053	-6.352964	6.354684	-8.736209	3.437452	-5.124538	-0.862091	9.032828	4.024751	6.282587
6794	6	-10.815318	-6.792086	-3.758591	-8.734129	-4.204835	-5.449492	-13.862336	7.705015	5.966625	-15.121272	11.725324	-5.449643	4.936599	-2.868446	4.503907	4.248162	7.488641	7.180622	-0.356131	-6.793701	-3.758992	1.386186	-4.204915	7.180614	5.892823	-11.334608	-4.162594	6.922296	-4.271928	7.180622	-1.171655	-6.792255	-3.758633	-2.790750	-4.204843	7.123160
6796	6	9.565839	-14.711664	-7.372284	6.557156	-5.736979	5.871213	-6.385214	7.165391	3.531662	-15.074136	8.769208	-9.037982	-5.406196	-8.970774	-7.372284	-9.606025	-5.736979	-8.984625	8.535183	1.423110	3.531662	1.277135	8.578591	5.445003	-0.138815	7.155193	3.531662	-15.045804	8.769208	-9.030883	0.849231	-9.048432	-7.372284	-8.749584	-5.736979	-8.739728
6810	6	-10.496154	7.251598	6.916449	-6.675513	9.126299	-8.509269	5.437139	1.857969	6.697631	5.963093	9.126299	5.193599	3.776260	-4.600037	4.873179	7.167810	8.760723	5.192917	2.152293	-13.809488	-1.293249	8.289359	-6.881548	4.703708	-6.395266	-8.418436	-1.273237	1.617836	-6.879136	-3.147033	-11.992369	-8.418436	-1.273237	-3.833903	-6.879136	-3.260973
6820	6	-10.543322	-9.409098	-6.183061	-13.101142	-1.255430	-5.052110	-10.549527	-4.007631	0.415441	-13.101332	4.444642	-5.052110	3.525282	-9.584349	0.415320	-3.112387	4.444565	4.913072	-10.213703	6.976883	6.327503	-17.499394	11.835999	-5.052110	6.019076	-15.290785	-6.183061	3.105945	-1.255430	6.708250	6.012571	-10.453726	0.415320	3.105646	4.444565	6.708249
6846	6	-3.081148	5.818899	6.385091	-13.579433	10.395961	-7.633287	2.757451	-0.472602	-0.394883	-4.404255	-5.306251	-4.694214	5.297922	2.598530	6.378405	3.644154	10.345271	5.903876	-4.301624	-5.630554	-0.660463	-11.140780	-7.903441	-8.291540	3.963544	-7.824749	-0.660875	6.108784	-7.903658	5.829859	3.598387	-1.342050	-0.535947	2.455813	-7.138068	-0.131669
6860	6	1.224395	-17.015210	-7.891917	2.742811	0.290989	0.655757	5.604037	-20.123557	-7.891928	9.172086	0.290424	6.569951	-9.551590	-15.034290	-7.891881	-3.415809	0.292871	-2.760546	1.224398	-17.018139	-7.896493	2.742811	-6.116761	0.655757	-9.551588	-15.037235	-7.896493	-3.415808	-6.114891	-2.760545	5.604039	-20.126473	-7.896493	9.172086	-6.117322	6.569951
6881	6	5.291860	-15.457478	-6.342712	4.766721	-3.905553	6.718261	-10.956071	6.290110	6.203252	-9.561711	11.255319	-4.524095	-12.411001	-12.020683	-6.342712	-8.656712	-3.905553	-4.296194	-0.192570	6.289829	6.203252	1.165775	11.255319	2.488506	-1.807364	-12.020684	-6.342712	0.817553	-3.905553	2.435919	6.692268	2.851282	6.194083	3.865527	11.255315	6.709174
6888	6	-7.336171	-2.740173	-0.413146	-4.941220	6.600593	-1.920276	2.316511	-3.860431	-0.417475	9.199102	5.059936	7.428016	-7.865428	6.270526	5.945578	-8.502883	13.302621	-2.102965	3.205898	1.616355	5.930560	5.936150	13.301933	7.521492	1.003881	-6.860757	-6.742580	9.105764	-5.912186	7.163119	-8.936253	-6.853979	-6.742580	-5.480829	-5.910887	-2.344471
6930	6	4.089827	-14.880744	-4.821952	0.960606	-2.903951	-0.591907	-7.040056	-9.410762	-4.821952	-7.193380	-2.903951	-11.306139	4.948469	-5.092315	1.435476	6.594633	3.815746	4.160483	-7.019827	5.908537	7.217765	-9.830679	11.911418	-11.981544	4.089847	-4.966545	1.435500	0.812133	3.815773	-0.656297	4.948180	-14.931219	-4.821952	6.742591	-2.903951	4.161176
6980	6	-7.215478	7.137479	6.488069	-11.910231	10.246905	-12.997970	-6.739888	-7.485695	-2.898268	-7.729757	-5.451172	-12.997962	7.109737	-12.928195	-2.898268	7.662912	-5.451172	5.332884	6.720766	1.419041	6.487676	3.753375	10.052677	5.331800	7.071719	-9.226893	2.124193	6.765430	4.813271	5.332882	0.407511	-9.256092	-2.898268	2.153974	-5.451172	-5.371875
