4	7	-9.353383	-10.875708	-2.820972	-8.351776	-6.567763	-6.619261	-5.252589	6.422429	7.425869	-13.367622	4.867848	-6.618975	6.821845	2.075757	7.359697	0.672210	4.810391	8.068412	3.149584	-12.523574	-2.944912	5.716402	-6.607603	9.490326	0.542171	5.985942	7.424726	-4.484846	4.867793	3.579814	-1.465842	-11.000110	-2.835467	2.930342	-6.572536	8.080468	5.138725	3.317627	7.401129	-2.839937	4.862645	3.625355
60	7	-12.850869	-8.559949	-4.606942	-8.356662	-9.640670	-1.239418	-7.651881	7.237355	6.749035	-12.306082	5.703598	4.853639	-8.821202	-8.559949	-4.606942	-7.990741	-9.640670	4.853639	-9.766074	1.981069	5.155121	-12.530833	-0.013330	-1.239418	-5.736402	1.981056	5.155121	-12.164913	-0.013330	4.853639	3.679199	-11.024727	-4.606942	4.251228	-9.640670	10.184702	-11.681548	7.237356	6.749035	-12.672003	5.703598	-1.239418
71	7	9.135183	-11.916909	-6.126816	6.172234	-6.052346	12.826273	-6.840522	5.320236	6.621394	-12.615974	6.200109	-4.980143	7.897474	0.929546	6.100212	2.900886	6.084967	12.826178	-2.448834	-2.617564	-0.665253	-2.496771	2.952736	7.458314	-2.201269	-7.591890	-5.600397	-2.164504	-4.361604	7.622900	-5.844140	-2.617461	-0.665230	-9.242934	2.952791	-4.976162	-5.815614	-7.591735	-5.600348	-9.145531	-4.361493	-4.975948
110	7	7.254579	7.481428	6.448397	4.084306	6.101004	14.506798	2.215937	7.648015	6.448397	-2.016773	6.101004	10.050175	7.758020	-7.556055	-3.853335	6.395030	-10.488382	14.517972	10.901989	1.445862	1.484435	6.200383	-3.871290	14.541777	-9.610790	-6.861540	-3.853335	-7.057269	-10.488382	-1.648883	-10.146272	8.175942	6.448397	-9.372096	6.101004	-1.654779	-6.497842	2.232065	1.500994	-7.156860	-3.783664	-1.511535
202	7	4.630097	-12.635562	0.766746	5.584361	-0.468957	7.827101	-11.024299	-7.415285	1.157320	-9.957666	-0.466063	-5.096239	-11.036746	-6.866814	1.354523	-9.957916	3.441818	-5.096246	-11.930099	4.426658	6.993770	-15.838429	8.466826	-5.135355	4.628797	-12.302341	0.814410	5.584330	3.439194	7.827027	4.642623	-12.704419	-5.655970	5.584609	-6.291848	7.827809	-10.997752	-7.578658	-5.303140	-9.957469	-6.290880	-5.096233
247	7	3.203780	-10.798723	2.479779	8.309801	3.376277	10.733690	-7.947876	-5.218387	2.479781	-9.737396	3.376300	-7.864811	-8.733127	7.358328	8.863927	-15.669821	6.438505	-7.869341	-1.282055	-5.218472	2.479781	2.722407	3.376300	4.960815	-8.993109	-11.148263	-1.522385	-9.711464	-8.098264	-7.864645	3.161933	-16.726919	-1.522385	8.332862	-8.098264	10.709832	-2.327443	-11.148265	-1.522385	2.534336	-8.098264	4.960292
300	7	5.653016	5.648316	8.064304	0.355634	7.569333	10.975937	-6.059745	8.569107	8.064304	-16.618068	7.574898	-2.180558	6.711704	-9.968885	-4.131519	6.547114	-6.211611	11.040131	-1.430496	-4.603476	-4.129822	-5.477475	-3.315835	3.950934	3.233327	7.282356	8.064304	-4.998318	7.573677	10.482506	-1.973654	8.514985	8.064304	-11.606332	7.574865	3.948997	-5.526630	-4.311547	-4.127615	-10.526392	-3.011759	-2.180557
303	7	6.432890	-14.882418	-4.426838	5.980027	-9.439208	11.135942	-9.427183	-9.546053	-4.306569	-8.536470	-9.439052	-1.367358	-4.430951	-9.546447	-4.306601	-4.172102	-9.439052	4.635489	6.086210	1.196712	5.966524	0.134501	7.149528	9.759917	-1.137021	6.449937	6.459922	-7.786456	7.178189	4.634589	-6.263956	6.485756	6.460313	-14.130675	7.178189	-1.367418	3.036593	3.522171	6.358358	-4.877713	7.177950	6.444249
327	7	6.467636	-11.749296	-5.041187	5.781960	-7.157020	13.616498	-1.735045	6.289442	7.277495	-10.521377	7.679702	5.646405	8.430543	2.577283	7.236600	1.205759	7.679182	13.475319	-2.668739	6.297706	7.277498	-16.605843	7.679702	-0.279621	-1.381252	-8.171614	-5.040291	-0.108497	-7.157018	6.947083	-4.356031	-8.153357	-5.040268	-5.943045	-7.157018	5.262640	-5.289321	-8.153138	-5.040267	-12.039512	-7.157018	-0.506130
417	7	2.572066	2.702246	6.483703	3.021373	9.096480	10.891395	-10.598168	7.557758	6.483737	-9.497784	9.096499	-2.210093	1.850980	-5.115387	0.393578	7.559757	7.066171	10.611942	-2.060108	-2.799575	0.394043	6.840397	7.753843	7.896804	1.902514	-9.233316	-3.570381	7.572596	-4.559439	10.634715	-11.334003	-2.799567	0.394043	-4.812423	7.753843	-2.221211	-1.502919	7.557703	6.483737	1.990633	9.096499	8.344653
528	7	3.108573	-13.151542	-6.528006	6.349849	-6.341513	11.552980	-10.699891	-10.462640	-6.527994	-6.595135	-6.341489	-5.618568	-2.986674	-10.462666	-6.527994	4.292532	-6.341489	6.819910	-10.644225	6.699286	6.112737	-12.543715	4.807395	0.556929	2.261568	5.709812	6.111196	0.386969	4.806425	9.533667	-10.679507	6.699286	6.112737	-12.568694	4.807395	-5.618568	-10.572222	-10.462640	-6.527994	-1.293352	-6.341489	0.923857
626	7	-7.563662	6.088392	7.058466	-11.061077	5.548744	3.587664	4.146370	-10.064124	-4.615512	7.371868	-11.293710	13.906095	-5.757772	-4.280453	-4.615512	-4.914994	-11.293647	3.593927	-11.405913	-4.280453	-4.615512	-11.556272	-11.293647	-1.787650	-1.200737	-4.280453	-4.615512	2.297926	-11.293647	10.250828	-11.952657	6.088392	7.058466	-17.700824	5.548744	-1.787650	3.377381	1.519758	6.961656	1.091302	5.368819	13.757078
671	7	4.297650	-9.504525	-9.148917	3.369369	-8.108745	11.744077	6.868476	3.604477	3.584951	3.069743	7.284134	11.744076	-5.649868	1.680747	-3.033550	-10.256177	-3.068516	-6.471075	-9.052581	8.719884	3.585324	-10.551085	7.285116	-6.475529	-10.663116	-4.663835	-9.148873	-10.256177	-8.105526	-6.475513	-3.298310	-4.669624	-9.148874	-3.472042	-8.105565	6.007615	-1.984779	8.684509	3.585324	-3.810111	7.285116	8.900587
739	7	-0.450179	-7.992605	-2.832140	4.718303	-10.235779	7.654302	5.114335	4.769476	6.126376	3.934366	4.668176	13.526724	-5.709387	-4.584984	1.553198	3.972200	-6.034100	7.134747	-4.194508	9.191232	6.126447	-1.147335	4.741121	5.649501	-0.501427	5.184835	1.792723	4.645638	-1.894930	7.609742	5.636345	-12.187981	-2.846482	8.294336	-10.344088	13.530756	-12.602463	9.192881	6.126447	-9.534723	4.741125	-4.642411
839	7	4.764523	-11.935376	-3.516942	6.648299	-10.052330	12.356853	0.700631	-11.724142	-3.516942	0.420580	-10.052329	9.804998	-9.602104	-4.375300	-3.516939	-3.866934	-10.025049	-5.223764	-3.523779	1.967746	2.144019	-4.076065	-6.175643	-5.203324	-7.240188	2.450990	8.212521	-7.230599	0.074652	-5.229801	-7.232313	7.530361	8.221444	-7.237598	6.490026	-5.229799	6.223221	0.942379	7.390866	3.931486	5.947851	12.379389
888	7	4.138544	-14.732417	-5.038588	8.678634	-9.378592	10.626057	7.166063	1.530156	6.470338	2.992553	7.177383	10.661771	-10.400358	-9.220705	-4.756530	-7.568508	-9.362720	-7.795951	-7.300279	7.018305	6.715522	-13.245218	7.213998	-7.029377	0.385782	-11.181115	-4.965448	4.660391	-9.375037	10.196917	5.806597	-5.374490	2.499358	8.192553	3.228314	10.653914	6.989386	1.530163	6.470340	-2.311190	7.177383	4.521856
917	7	-9.559920	9.256514	8.682225	-9.228965	9.020955	-3.902234	3.905006	-14.369194	-3.545500	9.520927	-6.725051	10.789852	-8.510137	-8.605584	-3.545371	-3.817756	-6.725022	1.096791	4.313790	3.427548	8.635631	4.196012	9.020876	10.789797	-2.186405	-8.605638	-3.545371	6.404620	-6.725022	4.582027	-1.536520	9.256190	8.682225	1.915709	9.020955	4.577147	3.368555	3.782894	8.653575	-1.612808	9.020914	10.244304
1076	7	4.101793	-10.199047	-3.052848	7.320254	-9.783229	12.110927	-2.453063	-6.160369	-3.052767	5.571442	-9.783229	6.704867	-10.306062	4.754943	6.256854	-8.933162	5.211705	0.515037	-0.401913	4.754930	6.256854	0.855513	5.211705	11.669136	-13.173299	4.754943	6.256854	-12.194273	5.211705	-3.695672	-8.020066	2.924668	3.373972	-2.240486	-1.088960	0.521963	-10.984839	2.924668	3.373972	-8.346079	-1.088960	-3.695672
1170	7	7.356714	-14.475305	-5.869330	6.481179	-10.104153	11.422219	3.047631	5.361886	5.717137	-2.916511	6.036264	7.440119	-5.184335	-10.266247	-5.869330	-8.778469	-10.104145	-1.376106	-2.736284	-10.317110	-5.869330	-4.149602	-10.104146	4.946063	-1.296015	6.897635	5.717137	-7.112319	6.038595	5.355735	-3.693846	7.028443	5.717137	-12.169561	6.038647	-1.261607	8.712030	2.495772	5.716601	3.036999	5.904891	11.439625
1188	7	-10.182712	-8.218792	-4.038272	-6.213296	-11.851315	-7.719976	5.820280	-14.673414	-4.038272	8.301662	-11.851315	6.583768	0.497959	-8.230456	-4.038272	8.299709	-11.851315	4.770751	-5.192729	1.894609	0.706726	-6.212886	-5.152265	-7.631649	6.037591	1.491883	7.043572	2.948599	6.463006	6.366904	0.852655	7.908823	7.087694	2.946418	6.466178	4.742170	-9.957676	7.959118	7.087694	-11.562625	6.466178	-8.466995
1352	7	4.835686	-11.064036	-6.057957	6.291510	-8.845510	10.678689	3.024499	4.654372	6.401792	-3.330701	8.582049	8.708893	4.636657	3.551429	6.401613	2.583554	8.575350	10.677754	-6.284533	-8.022305	-6.057957	-9.111119	-8.845510	-0.936837	-6.203957	6.448750	6.401801	-12.818852	8.582782	-0.936837	-3.399749	-8.061737	-6.057957	-6.587517	-8.845510	3.054454	-3.306775	6.407549	6.401801	-10.295341	8.582781	3.054423
1379	7	5.381362	-13.023864	-6.030043	7.153514	-11.716274	13.453385	-7.810445	7.098591	6.937846	-9.925844	6.800110	3.192875	-0.801866	-7.640208	-6.025339	3.804655	-11.716274	7.066912	-6.209821	2.383804	1.058995	-9.062020	-5.502355	-0.283301	4.229321	1.664452	6.846750	0.505996	6.758050	13.337662	-11.861699	7.098591	6.937846	-15.606754	6.800110	-0.283303	-11.189971	-7.622976	-6.025226	-9.068456	-11.716274	-0.283303
1414	7	-2.013562	-10.751212	-3.090134	3.698537	-12.689364	11.096786	-9.465498	-10.611574	-3.090134	-10.024041	-12.689137	-2.756277	4.270870	-13.373467	-3.090134	6.320994	-12.690400	12.119858	0.059607	5.461277	5.083003	3.756807	3.843411	12.036592	-7.398437	5.967426	5.083055	-12.187601	3.843423	-2.716299	-5.897264	-10.620735	-3.090134	0.150500	-12.689154	6.068580	6.220963	2.138143	5.006679	4.261169	3.840962	12.119957
1476	7	-7.353727	-10.569155	-2.065073	-5.040862	-9.494852	3.282718	0.049756	-10.695005	-2.065073	3.999012	-9.494852	6.649002	-7.884099	7.652120	7.536369	-5.867748	3.754147	3.016212	-7.886544	1.302055	5.405903	-5.867830	-2.163829	3.016196	-13.349296	-10.569155	-2.065073	-9.272252	-9.494852	-3.334192	-13.807960	1.302055	5.405903	-10.008085	-2.163829	-3.335079	-13.805571	7.652120	7.536369	-10.008104	3.754147	-3.335079
1780	7	-14.023721	-8.665142	-2.618473	-7.855188	-12.491149	-6.639029	-13.924146	6.536107	6.779860	-12.807921	5.958519	-6.639029	-14.175576	-7.977870	3.051592	-12.546062	-0.315315	-6.639029	-3.677795	-8.700710	-2.618473	3.861904	-12.491149	4.355617	2.458017	-12.930738	3.051592	3.548746	-0.315315	9.208673	2.755281	0.677818	6.218746	3.470125	5.349904	9.593160	2.681571	-13.686275	-2.618473	8.394412	-12.491149	9.516592
1894	7	3.595786	-11.775949	0.547592	6.671196	-8.158341	11.854705	-3.077024	3.032709	8.145671	-9.057336	4.633936	5.248167	-1.565418	-9.525044	0.547651	1.863799	-8.098696	7.166695	-5.516294	-9.357318	0.547667	-3.008382	-8.089611	5.824174	3.677527	0.748804	7.649433	0.641915	3.952876	11.757632	-8.556801	3.083413	8.147477	-12.110664	4.641713	0.059250	-10.761792	-9.345267	0.547669	-5.760709	-8.088920	0.247308
2073	7	-4.724245	-13.622400	-3.414591	3.607769	-12.771103	7.894598	-7.467200	-13.622400	-3.414591	-2.921385	-12.771103	7.516633	0.934546	-13.635284	-3.414591	5.619761	-12.771125	9.940029	-9.809954	-13.622400	-3.414591	-8.075008	-12.771103	-1.318150	3.745322	1.921016	6.915401	0.958197	4.618289	11.955969	1.435628	3.927281	6.916007	-6.389586	4.999047	7.851349	-4.210567	3.978164	6.916008	-8.623572	5.004051	4.939359
2086	7	3.653772	-11.593190	-4.480680	6.742058	-8.739357	12.344056	-13.826074	-7.274369	-4.480642	-11.056207	-8.739356	-5.630773	-13.675589	6.632692	6.982076	-14.116656	6.705726	0.889604	3.634388	2.505610	6.982072	1.047369	6.705647	11.607848	-8.852356	-7.274369	-4.480642	-5.789713	-8.739356	1.774221	-0.834269	-7.277573	-4.480642	2.565898	-8.739356	6.917343	-13.840305	6.632692	6.982076	-16.656479	6.705726	-5.661998
2156	7	-8.105397	6.592041	6.468203	-7.597243	6.305361	2.337039	-5.512051	-6.421943	-4.672130	-2.273403	-9.287834	5.603094	5.428610	-8.947139	-4.678001	7.725504	-9.287968	11.949182	-0.789596	-6.421952	-4.672130	2.704726	-9.287834	9.499764	6.923840	4.065849	6.464435	2.442654	6.305107	11.631252	-12.801435	-6.421943	-4.672130	-7.466125	-9.287834	-3.940315	-11.169969	6.592041	6.468203	-13.023849	6.305361	-4.304812
2239	7	-0.953607	7.844439	6.639232	-5.855249	4.559403	4.368043	4.557151	-9.211080	-1.451643	6.086359	-10.525668	11.402157	2.584069	-0.623759	6.063433	4.190522	3.416711	10.956202	5.728478	2.308362	6.542425	3.917994	4.520460	11.505937	-0.953604	5.871999	6.573172	-5.806620	0.661531	4.368047	-2.192922	-2.922960	-0.412693	-4.170792	-7.660246	2.914434	-4.533804	-2.921124	-0.411958	-6.823206	-7.656962	-1.516481
2310	7	5.196125	0.791332	5.505667	2.457023	7.271363	12.269947	-10.154780	-8.324121	-1.036388	-9.686779	-8.532533	0.544217	-6.078734	-8.324121	-1.036388	-4.532156	-8.532533	4.809884	-5.634204	6.942189	5.906933	-9.340893	7.405346	4.816583	5.179366	-14.344845	-1.476109	6.399229	-8.532533	12.270035	-0.062964	-8.324220	-1.036414	3.440232	-8.532533	11.387176	-9.423914	6.942189	5.906933	-14.469200	7.405346	0.544964
2314	7	7.964462	1.390578	6.986881	2.587348	8.860523	13.211777	4.475420	-3.407292	4.659259	4.416466	7.289473	13.211356	-10.178557	7.137381	7.290067	-13.084670	8.860677	-5.390293	-2.573659	-7.701473	-3.308400	4.417841	-6.234948	6.857470	2.585388	4.171143	7.246706	-4.720946	8.860676	6.096942	-14.418020	-7.422293	-3.265197	-8.085756	-6.233842	-5.390293	3.736200	-11.267625	-3.511673	7.100855	-6.236355	13.202698
2317	7	-12.408778	5.933577	7.296568	-9.039092	0.312462	-2.062568	-5.962393	5.948762	7.728622	-5.098100	5.826819	3.295478	4.178672	-14.872673	-5.063832	9.033217	-10.823031	11.790055	-9.259747	-10.772896	-5.062677	-1.044718	-10.809841	-1.086170	3.906934	1.998983	7.722159	2.402514	5.373435	11.694597	3.908034	1.958748	7.155269	2.407841	-0.156272	11.695401	-5.960211	5.933577	7.296568	-5.094424	0.312462	3.295578
2345	7	7.973016	-7.665412	-5.869533	5.095868	-15.370364	13.430790	-6.880823	5.080676	0.624795	-12.716484	-8.751153	-1.966979	10.132540	2.168128	0.624794	5.095868	-8.751187	13.430922	7.319026	5.101332	7.207328	4.156975	3.973813	13.430498	-9.696470	7.975515	7.207328	-14.076585	3.973813	-1.967549	-3.779859	7.975515	7.207328	-3.358806	3.973813	3.962572	-9.042489	-4.791234	-5.864277	-13.122830	-15.370168	-1.967532
2509	7	-6.654148	7.306977	7.000883	-6.220564	5.875393	3.351904	-1.496355	-10.298754	-5.902658	1.658024	-10.040036	6.483369	2.913537	-15.119102	-5.902658	6.623663	-10.040064	12.580559	-3.630326	-10.298733	-5.902658	-3.797353	-10.040036	3.352655	3.622910	1.765677	6.742158	5.091589	5.673829	12.635411	-9.969973	-10.298733	-5.902658	-6.143723	-10.040036	-0.952412	-9.355429	7.306977	7.000883	-8.247824	5.875393	-0.952418
2598	7	4.745009	-10.142546	-4.519339	6.172423	-11.661986	12.187648	-8.669590	-5.390150	-4.500266	-6.715702	-10.936486	2.424248	-9.253859	8.848998	6.582043	-17.145685	4.389633	-3.112309	4.995358	3.958198	6.549810	0.171308	4.329488	11.955847	-6.787419	8.848998	6.582043	-11.969017	4.389633	2.424860	1.052383	8.771349	6.582012	-5.948048	4.389517	5.753018	-11.135375	-5.390150	-4.500266	-11.902023	-10.936486	-3.112336
2623	7	-5.128442	5.711374	7.214223	-9.449190	4.536013	4.998675	-1.638643	-10.580602	-4.388190	1.992729	-8.031057	11.187504	4.557840	-15.879913	-4.608034	7.714374	-8.031212	12.864420	-7.316184	-10.580601	-4.388190	-4.887064	-8.031057	5.088082	5.677612	-0.222602	7.002197	3.154174	4.512279	12.839807	-12.907740	-10.580601	-4.388190	-10.619987	-8.031057	-1.554768	-10.719572	5.711374	7.214223	-15.181133	4.536013	-1.554800
2660	7	2.466486	-8.333791	-3.652968	4.664699	-12.428887	12.223216	-1.034353	-7.760412	-3.571532	0.572727	-12.428887	6.904481	-8.161088	8.660679	8.314031	-12.231181	6.660651	2.401788	-6.882166	-7.760408	-3.571531	-6.008436	-12.428887	2.700054	-2.781586	3.848718	1.823384	-12.567525	0.216839	-2.322556	-9.355369	8.660679	8.314031	-18.679226	6.660651	-2.446366	-9.171784	-7.760408	-3.571531	-12.535139	-12.428887	-2.442784
2748	7	4.590637	-12.360891	-5.728421	5.740985	-9.662519	12.143189	0.140201	-9.865736	-5.728421	3.054781	-9.662519	11.461178	-7.839773	6.544041	5.879179	-9.125606	8.193979	-1.526388	0.245507	6.501863	5.879179	1.937301	8.193979	11.661334	-1.487958	6.540163	5.879179	-5.182671	8.193979	4.276074	4.711131	3.938372	5.879176	4.368901	8.193979	12.143185	-7.961784	-9.829197	-5.728421	-7.752699	-9.662519	-1.526388
2783	7	6.365772	2.793829	6.073991	3.351167	9.536345	12.790439	-10.934582	-10.720968	-6.565311	-11.611587	-7.299796	-3.225034	-9.275933	6.568145	6.128691	-14.710542	9.538717	-3.225034	4.706872	-13.393229	-6.755209	6.409571	-7.299825	12.790466	-0.464434	-10.954666	-6.597177	1.075061	-7.299801	6.579959	6.384594	-2.008875	4.966120	4.070509	3.394566	12.790503	4.593021	3.977185	6.106765	-2.955439	9.538255	9.090119
2800	7	-7.517627	-8.508051	-3.511970	-10.297157	-11.745865	-5.354825	4.650233	2.570985	7.584926	-7.240523	4.955859	5.521926	4.188538	-11.861308	-3.608399	-0.814618	-11.745866	11.371722	-1.501305	-8.508211	-3.511981	-6.030904	-11.745865	4.695055	-3.245975	0.935829	1.222562	-10.285363	-5.899747	-2.104587	5.783298	-11.876414	-3.608512	4.155718	-11.745866	11.522181	-6.275210	6.003025	7.955197	-16.607109	4.975826	-4.480892
2837	7	-2.414183	2.692020	1.895674	-6.096421	-2.977467	4.978672	-11.440039	-8.283290	-2.271834	-8.877772	-8.518323	-4.600902	-3.881452	-8.283363	-2.271834	0.488643	-8.518323	8.628191	-8.880428	2.693898	1.895776	-9.904723	-2.977388	-4.203970	-2.675431	6.739208	6.516719	-9.334133	4.105973	4.804921	-1.035132	2.660979	1.893965	3.158377	-2.978820	11.086315	-9.141627	6.740098	6.516719	-12.909093	4.105973	-4.274614
2862	7	-11.797291	5.350656	4.656549	-9.715814	7.554758	0.596060	3.538966	1.374677	4.655503	7.571024	7.553621	11.429846	-13.995770	-7.174841	-7.039309	-8.918156	-9.562027	0.596060	-2.303872	5.337079	4.656548	2.731543	7.554758	5.923503	-16.995985	-7.174841	-7.039309	-9.032364	-9.562027	-4.366765	-14.797506	5.350656	4.656549	-9.830021	7.554758	-4.366765	-4.501762	-7.175504	-7.039862	3.470648	-9.562027	5.924775
2874	7	-2.288845	-8.963870	-1.918819	5.335856	-6.250684	10.286919	-6.359360	6.637369	7.614947	-4.665545	9.045444	5.825430	-1.728726	6.553958	7.614920	0.380700	9.045444	9.102492	-2.288939	-4.547055	1.953181	5.328247	3.300045	10.286585	-4.755045	-4.476406	1.959919	-3.187319	3.300046	0.026519	-12.833310	6.640948	7.614948	-12.356672	9.045444	-1.675244	-4.714657	-8.915523	-1.918808	-3.164859	-6.250647	0.041301
2887	7	-12.757084	-6.755288	-1.887557	-6.913673	-10.218788	-5.989776	-12.121543	9.675957	7.259733	-13.328016	6.351980	-5.989778	-0.806978	3.851235	3.054030	-3.243623	-3.198737	4.921452	-6.830105	3.852392	3.054030	-9.086142	-3.198669	-5.987116	4.187322	-8.528494	-1.887557	6.711120	-10.871035	9.380923	10.008507	1.882813	3.004563	4.620406	-3.642489	9.380249	-0.974636	-6.756103	-1.887557	5.536198	-10.219203	9.081786
2946	7	1.214722	6.331120	7.031475	6.362383	6.168949	6.042098	-3.740844	-9.875272	-2.091179	4.612988	-9.275384	2.931467	-10.553329	-9.875272	-2.091179	-5.043795	-9.275384	0.255617	-3.499315	6.423228	7.033624	2.437899	6.168950	2.914856	-10.304780	6.423228	7.033624	-7.353038	6.168950	0.255520	-13.202302	-9.875272	-2.091179	-7.250762	-9.275384	-3.686464	-12.953713	6.423228	7.033624	-9.563431	6.168950	-3.686465
2952	7	-13.010984	-9.369879	-5.972035	-10.213008	-8.481651	-5.312562	3.235935	-11.968763	-5.972035	-1.355313	-8.481651	0.652164	9.142157	3.970500	6.191788	2.712186	6.183761	11.656953	4.243631	-12.473183	-5.972035	7.154555	-8.481651	11.651973	8.472061	3.995740	6.191788	-2.699534	6.183761	7.196094	-8.112112	7.928569	6.191790	-14.656163	6.183763	-5.312562	-1.952707	-9.639919	-5.972035	1.214427	-8.481651	5.318695
3017	7	-4.803786	8.143421	6.501059	-10.390527	3.825768	2.703652	7.002376	2.656586	6.485076	2.428737	3.825766	13.973849	3.058763	-12.759045	0.557474	6.790689	-12.700426	13.370904	3.684114	2.746351	6.487760	-3.153630	3.825767	8.340176	-9.243158	8.143442	6.501059	-13.669820	3.825768	-2.202502	-8.481984	-7.576771	0.557474	-5.961475	-12.700426	2.700721	-13.461163	-7.576771	0.557474	-9.234578	-12.700426	-2.202508
3036	7	4.767715	-12.223311	-6.779523	8.549441	-10.832581	11.866459	-9.573513	5.500599	5.778031	-9.711581	-0.221795	-4.725137	-0.896098	5.451621	5.778031	1.586211	-0.221795	6.634652	-9.573528	5.902546	5.778037	-9.711584	5.309171	-4.725137	-10.460198	-6.355833	-6.778540	-8.169769	-10.832578	-4.725136	-0.896123	5.853821	5.778037	1.586186	5.309171	6.634649	-1.519550	-6.359545	-6.778550	2.714220	-10.832578	6.607932
3078	7	-3.735392	-9.847892	-2.649776	1.967482	-11.669919	8.425195	1.368574	-11.331234	-2.649776	2.612151	-11.669919	12.200877	-11.182968	-9.847891	-2.649776	-10.053338	-11.669919	-2.315960	-4.086742	6.620446	7.444475	-7.150981	6.476242	3.322634	2.360729	1.524167	7.344716	0.450297	6.330003	12.661722	-9.957514	6.620446	7.444475	-13.831379	6.476242	-2.315960	1.018585	5.993273	7.444475	-6.708307	6.476232	6.408187
3171	7	-13.637232	6.408072	6.014678	-13.914316	6.266259	-6.768701	-1.905354	3.985631	0.671355	-8.535742	-1.266263	2.172623	4.408592	4.168886	6.013371	1.161497	6.265678	11.131703	4.294654	-9.511322	-1.561890	6.957451	-7.396624	11.257981	-8.374332	4.053798	0.671527	-12.559275	-1.266012	-6.680065	-13.815949	-7.320690	-1.561387	-8.580576	-7.396592	-5.960869	-7.317126	-7.322416	-1.561388	-4.607615	-7.396592	3.057654
3225	7	-9.869161	7.521139	7.708771	-12.010641	6.520547	3.468468	-8.920103	-8.838557	-1.422432	-6.882331	-9.014873	3.468582	-4.576157	1.372762	2.924391	-8.581101	-2.830418	3.468666	3.809686	-13.136068	-1.422432	3.915472	-9.015055	13.306949	-14.279349	-8.838556	-1.422432	-9.747330	-9.014873	-1.069220	-9.951432	1.373260	2.924395	-11.446133	-2.830130	-1.069220	-15.228337	7.521139	7.708771	-14.875604	6.520547	-1.069220
3290	7	-11.952075	9.376929	7.061707	-13.979610	5.749311	-6.283556	-12.874169	-5.736302	-4.731555	-10.761866	-11.887537	-6.261691	-7.403826	3.611608	1.169540	-10.963004	-1.725323	-6.104637	4.610435	-7.152539	-4.731556	7.488496	-11.887559	10.769823	5.532705	7.960652	7.061707	4.271422	5.749311	10.749621	-0.531841	-5.737240	-4.731555	1.348969	-11.887537	7.713215	10.078897	2.186412	1.169391	7.269561	-1.727918	10.957330
3453	7	3.325429	-12.118706	-4.434919	5.676371	-5.824898	13.412603	-6.068042	6.332484	7.106794	-11.531007	8.637771	4.167854	5.933183	0.849564	6.492807	0.166426	7.465571	12.261390	-0.070430	6.290882	7.106771	-11.116451	8.637769	8.267201	-13.422965	-10.084567	-4.434876	-11.940631	-5.824898	-0.679170	-10.447794	6.332494	7.106794	-17.468041	8.637771	-0.679171	-9.043326	-10.084567	-4.434876	-6.002763	-5.824898	4.173294
3506	7	-5.127186	-2.471148	0.767721	3.850264	5.184897	5.312514	-17.850799	-2.471146	0.767721	-3.768644	5.184898	-4.370872	-18.294497	6.908755	6.668371	-9.130280	8.684516	-4.373356	-5.129326	-2.471148	0.767721	3.837841	5.184897	0.667012	-17.837252	-7.462346	-2.326129	-3.768644	-5.591861	-4.370872	-5.113639	-7.462348	-2.326129	3.850264	-5.591862	5.312526	-5.115778	-7.462348	-2.326129	3.837842	-5.591862	0.667023
3554	7	5.923574	-10.439762	-4.246775	7.910912	-14.920061	11.209759	2.536215	6.215654	7.876476	-5.245205	2.629187	8.120579	7.134109	2.127344	7.875411	1.335050	2.629184	11.209720	-4.865235	-0.935362	-2.590682	-8.629158	-8.444110	-3.238103	-3.397970	-5.508720	-4.246774	-8.591870	-14.919625	0.823636	-7.426438	7.062389	7.876476	-15.202923	2.629187	-3.239054	-2.441808	7.062387	7.876476	-15.163225	2.629187	0.822923
3627	7	-3.368846	6.899943	9.342208	-8.817950	6.432184	5.753290	4.787769	-14.285835	-0.698064	6.269862	-11.319378	12.612560	5.482983	1.359878	9.231457	2.535619	6.430476	12.612517	-6.698704	-8.779843	-0.698063	-11.788257	-11.319378	-0.460129	-4.124050	-8.779843	-0.698063	-5.132503	-11.319378	5.753202	-5.703689	6.899943	9.342208	-15.571628	6.432184	-0.460129	3.164536	2.095732	9.317480	-2.489806	6.431962	12.253145
3821	7	3.813513	4.150737	7.943218	4.145450	5.160558	12.660099	-2.976855	-11.813884	-2.974837	1.518274	-12.075707	6.361192	3.109201	-13.933129	-3.004758	7.498001	-12.075709	12.660099	-13.267281	-11.736047	-2.972708	-4.571206	-12.075707	-5.980364	-10.840907	6.887319	7.960734	-7.625774	5.160585	0.250588	-11.266390	-11.736239	-2.972714	-4.256366	-12.075707	0.251214	-12.840168	6.887576	7.960735	-7.940125	5.160585	-5.980493
3865	7	4.376085	-15.337097	-2.185711	6.327640	-11.184795	12.910266	-9.238217	-10.228071	-2.185711	-6.265578	-11.184795	1.339422	4.092806	2.834622	8.374964	-2.260152	6.631619	7.502112	-8.353842	7.882200	8.377066	-9.398092	6.633366	1.339422	5.224808	1.932199	8.329950	3.225373	6.621999	12.910804	-12.100654	-10.228071	-2.185711	-11.021984	-11.184795	-4.394649	-11.214977	7.882200	8.377066	-14.154498	6.633366	-4.394649
4007	7	3.921555	-13.085272	-2.831540	6.307302	-12.876652	10.503697	-1.989771	-8.197585	-2.831540	4.773044	-12.874927	7.183234	-10.394879	-8.193651	-2.831540	-12.160057	-12.874918	-5.107794	-8.156702	7.309960	5.558612	-13.855856	5.954168	-5.118225	0.286581	6.923382	5.558612	3.825139	5.954139	9.663793	6.414405	2.324045	5.557939	4.330769	5.913069	10.469299	3.524167	2.485482	5.558227	-2.137384	5.921232	8.443370
4080	7	3.221155	-9.488449	2.397365	4.846508	3.625391	12.582316	3.447994	-10.591753	-1.488240	6.404873	-0.524811	12.635738	-6.287725	5.492421	7.058781	-12.600757	8.013164	2.384250	-10.788186	-4.445775	2.397501	-12.663992	3.625507	-3.710796	-11.762743	5.492421	7.058781	-16.141921	8.013164	-3.714898	-5.148529	-4.445775	2.397501	-8.900127	3.625507	2.440350	-10.594766	-4.942382	-1.488216	-11.133309	-0.524745	-3.702315
4088	7	-11.035439	5.706465	7.141361	-9.339405	-0.894095	1.633583	5.835538	-10.277617	-1.759405	7.473545	-13.474760	12.495802	-11.036464	5.783982	7.869104	-9.339900	4.367434	1.633583	-11.661974	5.706465	7.141361	-13.373896	-0.894095	-4.790314	3.650648	1.184656	7.109771	3.939952	-0.934806	12.495336	3.703954	1.264025	7.869059	3.953676	4.334696	12.495354	-11.663000	5.783982	7.869104	-13.374388	4.367434	-4.790314
4098	7	-7.327547	6.281432	5.797902	-11.217996	3.639157	5.114449	4.312532	-13.882118	-4.405737	5.562707	-12.762186	12.801067	-12.872192	6.281432	5.797902	-16.073831	3.639157	-1.269484	-2.230596	-9.950595	-4.405737	4.103678	-12.762186	9.766966	-6.712486	-9.950535	-4.405737	-5.078200	-12.762186	5.114703	-12.828493	-9.950535	-4.405737	-10.312338	-12.762186	-1.269484	2.515598	5.451608	5.797887	-0.466642	3.639142	9.148161
4101	7	6.056153	2.819279	6.738524	1.809795	7.667506	11.938707	-4.722920	7.134397	6.753108	-7.614622	7.702977	2.171727	-8.607011	7.134397	6.753108	-13.357637	7.702977	-4.135925	-0.044163	-11.562439	-1.400903	6.069666	-7.903711	8.881136	-9.411235	-11.562179	-1.400903	-9.072065	-7.903711	-4.135925	5.276912	-15.873547	-1.400903	6.102248	-7.903714	11.950638	-5.523293	-11.562179	-1.400903	-4.163887	-7.903711	2.171693
4205	7	4.442636	-14.340188	-0.960638	6.481883	-9.641614	11.658125	-9.127124	-3.210774	3.542086	-13.526738	4.473585	1.945049	-6.301081	-9.821228	-0.960635	-10.215660	-9.635020	1.945130	-1.280099	3.461885	5.670988	-10.888594	8.860156	8.447625	-12.988037	-3.203721	3.542357	-13.878194	4.483037	-4.272387	-8.823403	4.236302	5.687620	-15.982261	8.861741	-4.272387	-10.529148	-9.792441	-0.960635	-10.581609	-9.634752	-4.272369
4305	7	-14.664284	8.543699	6.602625	-11.277859	6.123804	-3.530473	4.222882	-9.316805	0.014202	6.756423	-9.259319	12.530920	3.498883	6.037106	6.600348	1.549627	6.088701	12.371973	-10.941252	8.543699	6.602625	-9.962290	6.123804	1.331833	-1.882657	-5.316162	0.032148	5.061227	-8.416995	8.824931	-9.973661	-5.316047	0.032151	-4.680976	-8.416941	1.451868	-14.115229	-5.316047	0.032151	-6.131806	-8.416941	-3.514589
4362	7	5.552666	-16.524438	-2.701456	6.419787	-8.211024	12.807051	-3.412604	-10.032306	-2.701456	-8.626206	-8.210860	-0.315121	2.468283	-1.132794	6.063990	-3.760066	6.357851	12.475327	2.868990	-0.366283	6.354756	-3.789673	6.496842	12.483069	3.288355	2.622012	6.391756	-3.557417	6.510544	12.526626	2.929850	3.671171	6.114033	-3.487560	6.408004	12.515266	3.318008	0.722230	6.577920	-3.760225	6.561039	12.503241
4384	7	-12.876012	5.792843	4.705098	-12.223313	5.731427	-5.562314	-0.292002	-11.372326	-6.868671	4.884294	-8.172627	7.255379	4.410021	-15.572821	-6.868671	4.946813	-8.172627	10.182604	-11.709821	-11.356815	-6.868671	-11.198736	-8.172627	-5.562314	-1.492623	5.791559	4.705098	3.473653	5.731427	3.809811	-6.883209	1.937575	-0.258047	-10.973515	-1.763712	-5.562314	3.221004	2.501529	4.701197	3.839943	5.725125	10.182599
4438	7	-6.629827	-9.844183	-4.215464	-2.015427	-9.818500	8.092708	1.911519	-11.344363	-4.267459	5.633449	-9.818500	11.674963	-2.270008	-9.844210	-4.215465	4.097699	-9.818500	10.970112	-3.901758	6.738463	6.934678	1.446609	7.437401	10.117744	-8.261605	6.738463	6.934678	-4.710295	7.437401	4.145472	-13.133225	-9.844183	-4.215464	-5.297479	-9.818500	-1.738291	-14.187826	6.738463	6.934678	-7.897770	7.437401	-1.760151
4530	7	4.724512	-18.218303	-2.149214	8.384269	-8.408114	11.106055	-9.730940	6.374567	6.943684	-13.140010	7.122748	0.412545	-14.097641	-11.750756	-2.149214	-8.128513	-8.408114	-5.277575	-10.527139	-11.750756	-2.149214	-8.127838	-8.408114	0.412545	-13.301441	6.374567	6.943684	-13.140685	7.122748	-5.277575	-3.722298	-11.750756	-2.149214	-2.968771	-8.408114	5.468010	-1.395144	-11.750761	-2.149214	3.534507	-8.408114	7.453811
4546	7	2.010137	-11.901408	-4.476767	7.976656	-4.750230	11.250375	2.829233	-7.766471	0.474035	7.901089	3.554972	12.451215	-11.035314	8.442526	7.094654	-7.913781	8.123561	-4.291344	5.917077	2.350391	7.094652	5.351834	8.120221	12.689980	-11.529577	-3.870667	0.475173	-5.364573	3.556115	-4.291344	-14.933795	-10.179686	-4.476767	-5.288730	-4.750230	-4.291344	-4.139246	-10.179696	-4.476767	5.258672	-4.750230	6.272976
4562	7	-3.671408	6.405017	8.705123	-9.486951	9.224419	3.104896	-9.899659	6.405017	8.705123	-12.416284	9.224419	-2.609991	-5.823684	-6.285681	0.141802	-5.823125	0.526716	2.956927	4.501639	-12.159129	0.114011	6.247663	0.526678	10.611135	-12.052868	-7.985066	-2.749362	-8.704426	-4.274497	-2.612137	-5.826751	-7.985066	-2.749362	-5.772520	-4.274497	2.956829	-12.049803	-6.285681	0.141802	-8.755030	0.526716	-2.612136
4574	7	-5.699961	6.359475	6.644148	-8.323638	5.706346	-4.373446	3.845548	1.880254	6.644089	4.798832	5.663534	11.149431	-0.581187	-12.129781	-6.284426	5.302256	-6.842655	6.597969	4.810506	-16.642540	-6.284426	6.457409	-6.842655	11.181132	-4.733187	-12.129769	-6.284426	-6.668058	-6.842655	-3.993459	-2.669799	6.359475	6.644148	-1.411586	5.706346	4.878041	-1.530838	6.359475	6.644148	3.598286	5.706346	6.496803
4592	7	3.826197	-16.118938	-1.738194	0.269043	-8.658097	9.628030	-8.066415	-10.152625	-1.738194	-11.796656	-8.658097	4.262203	-11.876504	-10.152625	-1.738194	-12.611353	-8.658097	-1.954068	-10.203857	5.870800	8.133875	-18.180706	8.622424	-1.953782	-6.404132	5.870800	8.133875	-17.386632	8.622424	4.266142	-3.203420	-2.592951	3.097567	-11.797898	5.264140	4.310878	-7.123268	-2.592951	3.097567	-12.612884	5.264140	-1.950685
4736	7	-12.584120	-6.917779	-4.182720	-10.368410	-7.164095	-8.024227	3.074364	1.708384	6.951223	3.509189	6.582529	9.939993	3.390392	-12.053437	-4.232132	6.688665	-7.251673	10.171740	-1.060844	-7.102491	-4.192686	2.154122	-7.174544	3.809016	-12.759969	6.855566	6.974713	-13.480278	6.822534	-8.075133	-7.185034	6.855566	6.974713	-1.309112	6.822534	1.104992	3.663100	-1.778154	5.567138	4.695069	5.438371	10.129478
4753	7	8.817279	3.357420	5.421764	2.484942	6.583604	13.372000	4.853840	-10.119298	-3.292996	5.629599	-8.563126	13.357756	-4.130575	-6.242877	-3.274059	-6.962609	-7.999974	1.647999	-4.307589	7.236651	5.430998	-15.397540	6.790281	-4.160450	-7.476126	-6.242495	-3.274036	-12.250206	-7.999842	-4.164796	-0.814814	6.908000	5.430826	-9.646096	6.786161	2.527265	-3.826439	-6.243213	-3.274080	-0.660146	-8.000090	3.096644
4763	7	-6.819970	-11.539025	-3.454212	-8.584297	-7.050823	1.908929	1.346044	-16.748438	-3.454212	0.005130	-7.050823	7.724091	-6.879920	5.189940	7.356183	-17.329645	7.033872	-2.569847	-4.259716	5.189940	7.356183	-13.980682	7.033872	1.908860	-3.785853	-11.539026	-3.454212	-1.732277	-7.050823	2.577727	3.806064	-1.174656	6.391932	-0.020118	6.965021	10.969118	-9.440188	-11.539025	-3.454212	-11.933299	-7.050823	-2.569847
4844	7	0.593351	8.000096	6.315486	-8.468706	9.239936	3.643551	-7.776972	-5.674350	-4.145882	-10.419133	-8.173591	-2.970440	-4.189183	-5.674350	-4.145882	-5.179859	-8.173591	3.402812	-5.569642	8.008644	6.315486	-11.137888	9.239936	3.320254	6.263375	-11.432164	-4.150907	7.403239	-8.173805	12.614243	6.489160	2.214162	6.107299	1.743374	9.213516	12.556913	-7.302551	8.008644	6.315486	-16.291398	9.239936	-2.970494
4983	7	0.696460	5.812816	3.732537	4.097188	6.799646	11.752705	-13.126249	-8.843223	2.848415	-9.432073	-5.972015	-4.264719	-1.772435	-8.843359	2.848415	2.848588	-5.972015	11.053467	4.012054	-12.637173	2.848415	6.641970	-5.972165	11.991923	-10.314530	3.089932	3.639404	-9.348039	0.900190	-3.831062	-4.809851	5.835690	3.732537	-4.249800	6.799703	4.561769	-4.332270	3.089931	3.639404	-4.114608	0.900190	5.142143
4993	7	-13.533186	-6.531959	-5.166533	-10.262422	-9.780795	-2.159918	4.322165	-12.345444	-5.166533	5.815041	-9.780795	12.410956	-2.410167	-8.426293	-5.166533	1.151877	-9.780795	6.871316	-7.577483	-6.641671	-5.166533	-4.536596	-9.780795	2.662065	-12.456667	9.338265	6.275161	-14.115442	4.505380	-2.159918	-7.833391	1.505687	0.574160	-10.271001	-3.923274	-2.159918	-7.874259	9.255499	6.275161	-8.426177	4.505380	2.662065
5079	7	-4.332285	7.507484	6.743903	-7.619606	6.693380	4.941386	-5.038715	-8.958171	-5.282142	-6.712402	-12.119402	5.490354	3.276012	-15.065058	-5.282148	-0.643591	-12.119403	10.847977	-8.306802	7.507484	6.743903	-13.224341	6.693380	-4.794260	-9.070438	-8.958171	-5.282142	-12.321339	-12.119402	-4.565436	4.785855	1.231348	6.730583	3.419805	6.224728	11.183927	4.855176	-15.067429	-5.282148	4.322850	-12.119403	11.193599
5148	7	3.498225	-15.168333	-4.923043	7.858738	-8.920109	10.539642	-9.605674	6.066031	6.669460	-10.742422	6.551833	-4.218222	-9.359776	-11.691789	-4.923029	-7.589625	-8.920109	-4.212987	3.572341	2.410803	6.654653	4.721553	6.386994	10.564065	-0.524937	-11.691812	-4.923029	7.770178	-8.920109	8.025852	3.437628	-7.654260	1.538332	7.541367	3.639801	10.519055	-0.405513	6.065997	6.669460	4.661694	6.551833	8.122453
5219	7	2.403739	-11.310231	-1.529446	7.920707	-10.441403	10.191957	3.821004	1.405486	6.559717	4.387265	6.663686	10.458712	-6.010531	6.225320	6.604099	-7.730394	6.673597	4.111471	-11.868736	6.225321	6.604099	-14.218653	6.673597	-1.287999	-7.623849	-7.738840	-1.529444	-2.861544	-10.441291	5.784757	-2.526761	-7.739714	-1.529444	3.158666	-10.441292	9.939248	-13.509138	-7.738840	-1.529444	-9.354258	-10.441291	-1.287995
5254	7	1.098499	-7.239938	-2.013455	7.001043	-11.688893	8.292314	-7.423875	7.165051	3.598912	-9.448530	-2.022369	-4.867575	3.575671	-10.291446	-2.013455	7.006297	-11.893090	10.209334	-6.567160	8.456643	6.404202	-5.448027	4.917174	1.465548	0.224794	8.289789	6.404202	4.167155	4.917174	7.428292	-11.150572	-6.742514	-2.013455	-8.540175	-11.509424	-4.867588	-11.918368	8.456657	6.404202	-11.361679	4.917174	-4.867604
5285	7	6.077458	-13.934583	-2.159720	3.179062	-7.127890	12.158359	-6.230627	-9.944996	-2.159562	-9.886655	-7.127890	3.578745	-6.826889	-9.943275	-2.159561	-11.352439	-7.127890	0.571947	-0.048092	-10.268726	-2.159619	-9.403257	-7.127890	6.290590	-4.994977	5.061212	6.018333	-12.799594	5.812301	3.578746	1.198791	4.389372	6.017866	-10.639252	5.812292	8.201799	3.509855	3.079817	6.013911	-0.154023	5.812213	10.796268
5312	7	-11.852896	-9.869549	-0.987270	-10.073844	-8.845892	-8.590485	-14.671690	-3.681775	5.189587	-12.355278	0.509898	-8.590486	-11.514208	6.482403	7.839832	-15.658856	7.287830	-8.590486	2.389164	-5.474307	5.189313	3.853903	0.134507	9.410688	5.224526	-13.268630	-0.987270	7.960404	-8.845918	10.382584	-1.273915	-9.869705	-0.987270	1.895803	-8.845892	3.160043	5.560282	2.999808	7.839831	2.276069	7.237356	10.382591
5342	7	4.044544	4.134732	6.788122	-5.363769	8.693206	5.390695	-6.947909	6.541779	6.788196	-14.702838	8.693318	-1.637913	-5.832671	-2.150253	-3.367560	-5.333844	-7.735754	2.512345	2.041367	-2.916380	-3.413547	5.922198	-7.767369	11.033628	1.113219	-4.978735	-3.419831	2.831292	-7.771703	10.992722	-2.957539	6.541779	6.788196	-11.280524	8.693318	2.578608	-9.660179	-2.150253	-3.367560	-8.841004	-7.735754	-1.637924
5415	7	-10.135379	-8.872339	-6.482299	-12.570238	-10.041439	-5.109898	-3.831543	-8.921617	-6.482299	-8.697873	-10.041439	1.302670	3.946296	-11.748666	-6.482299	4.652622	-10.041439	12.255337	-2.287821	6.765261	5.385953	-13.295760	5.686571	1.303866	-2.039014	-9.037349	-6.482299	0.882899	-10.041439	5.971361	-8.581196	6.896523	5.385953	-18.139917	5.686571	-5.109898	3.212137	4.557056	5.385949	-6.747473	5.686569	7.694972
5426	7	-11.491763	6.021795	6.806930	-15.116386	6.123670	-2.009375	4.662348	-17.693027	-5.063973	5.147485	-9.900437	11.387861	-0.534118	-12.031571	-5.014297	2.519217	-9.767752	7.624736	-5.843202	6.021795	6.806930	-9.153448	6.123670	3.451768	-11.670175	-12.022842	-5.013995	-12.322070	-9.766964	-2.009375	-5.303427	-12.022843	-5.013995	-6.296236	-9.766964	3.451768	4.709052	0.190926	6.305930	2.741353	5.825820	11.387387
5463	7	5.515076	-7.693297	1.713021	6.245808	4.137758	10.521886	5.515641	-13.688986	-4.087722	6.585951	-7.739004	10.521913	-10.486142	-5.455895	1.713021	-10.124997	4.137759	-2.843544	6.966785	3.206119	7.218044	-4.824537	6.664502	6.623886	-10.366876	-11.451585	-4.087722	-9.784799	-7.739004	-2.843509	-8.316891	5.444256	7.218356	-15.591552	6.664804	-2.843601	8.194189	3.206119	7.218044	0.510233	6.664502	10.336699
5548	7	-12.904506	-9.915831	2.918346	-11.413038	1.630931	-1.225602	-8.533815	-12.292269	-2.730346	-2.735498	-10.186768	5.167277	-13.505254	5.956602	8.045812	-11.612704	7.918790	-1.252338	3.347553	2.671367	7.943318	1.933224	7.882888	10.986235	-2.060607	-12.292269	-2.730346	3.620631	-10.186768	6.395634	4.040153	-15.888778	-2.730346	8.248534	-10.186771	11.034280	3.978965	-13.503925	2.918313	2.150532	1.630814	10.992939
5553	7	-5.566195	-7.372141	-3.993922	-4.599331	-14.155224	3.294752	4.234962	-11.719994	-4.456486	6.391399	-14.158937	11.213878	-14.219888	9.429348	7.006146	-13.278955	4.518873	-5.440391	-13.415408	9.429348	7.006146	-8.920773	4.518873	0.682203	-14.188393	-7.372141	-3.993922	-9.966848	-14.155224	-5.295944	4.551183	5.003189	6.981550	3.160582	4.518873	11.227975	3.992082	5.224044	6.985183	-0.860938	4.518873	10.709697
5560	7	-4.236073	-9.153769	-7.106375	-5.782134	-10.903690	4.197779	-7.568588	-9.129395	-7.106343	-11.696773	-10.901923	-2.220796	3.194201	4.383421	5.814319	-4.357203	6.803525	10.006030	6.648378	2.805111	5.753963	2.702367	6.683400	13.723071	4.672297	-11.807056	-7.107843	6.772420	-10.993827	13.728915	1.224741	-9.963846	-7.107156	-4.641572	-10.948996	9.215482	-5.790561	6.233837	5.822224	-15.959528	6.846159	-2.220796
5764	7	2.172329	-8.600256	-5.167315	7.748103	-4.500609	11.683376	1.674364	-6.247301	1.386527	7.106217	3.644776	11.627769	-10.940720	7.234057	6.615677	-15.783978	9.088127	-4.988354	2.975628	2.945640	6.615676	1.957420	9.088025	11.420743	-1.898515	-4.365886	-5.167311	-2.699507	-4.500609	4.728589	-10.190940	-1.951851	1.495166	-9.391935	3.729562	-4.702717	-11.451555	-4.356952	-5.167311	-9.391701	-4.500609	-4.702672
5807	7	-6.558408	-11.235479	-4.767005	-2.127095	-6.593800	4.055913	-10.045944	-11.235479	-4.767005	-8.484372	-6.593800	-2.424395	-0.537996	-11.246683	-4.767005	4.190996	-6.593800	8.580201	5.666927	-15.638131	-4.767006	6.082082	-6.593800	11.472019	-8.528329	7.520136	6.809409	-5.220862	6.234192	4.055527	-12.012096	7.520136	6.809409	-11.161275	6.234192	-2.424395	3.700496	3.554131	6.809403	3.284887	6.233598	11.471487
5818	7	8.861517	-13.553792	-3.911647	7.491449	-9.426809	14.050674	-8.355073	-7.239578	-3.911647	-10.761059	-9.426808	-3.238380	8.150924	3.116265	6.091400	4.733232	5.279655	14.050674	-3.460657	9.429986	6.091761	-6.919709	5.296513	3.295950	-9.065808	9.429990	6.091761	-13.531698	5.296513	-3.238380	-2.717197	-7.239601	-3.911647	-3.562957	-9.426808	3.296212	-7.228887	6.591949	0.826897	-10.691882	0.326365	-3.238380
5867	7	6.638399	-15.733520	-4.083268	6.995242	-7.539875	10.174679	4.064095	4.566477	6.929831	-4.169612	8.140783	7.353648	4.090014	-1.767881	5.213636	-4.162124	4.456558	7.355994	-11.325354	-9.532698	-4.007670	-9.755665	-7.539875	-1.251805	-4.704886	-9.532699	-4.007670	-4.936470	-7.539875	2.979589	9.086244	2.366559	6.787771	2.229983	8.131054	10.170790	-8.880176	8.595526	6.969537	-14.341645	8.140929	-1.251805
5918	7	-9.618160	-10.911893	-6.264556	-5.448029	-9.342392	2.722832	3.265979	-16.739233	-6.264556	7.632458	-9.365074	12.242219	-14.585660	-10.911893	-6.264556	-11.916735	-9.342392	-3.910068	-2.891626	-10.911893	-6.264556	1.223733	-9.342392	8.807505	-3.803300	6.093833	6.058660	-0.561729	6.698262	4.508074	-4.964629	6.093833	6.058660	-7.230349	6.698262	2.722827	-9.932128	6.093833	6.058660	-13.684490	6.698262	-3.910068
6016	7	-7.862510	-8.072287	-1.843044	-10.136289	-14.154148	-1.404487	5.168071	-14.666247	-1.843046	6.222364	-14.154148	11.164874	-4.487595	9.267709	7.211061	-10.527669	3.637711	2.567482	-0.254317	-13.133983	-1.843046	0.346006	-14.154148	7.636172	-3.658934	-8.072818	-1.843044	-3.653196	-14.154148	2.699509	4.576729	2.673584	7.204521	1.685967	3.637710	11.016702	-8.691883	9.267739	7.211061	-14.440086	3.637711	-1.405391
6061	7	-11.364584	6.528758	7.638979	-15.570964	6.386788	-2.489617	4.354796	-12.037207	-2.291677	6.478661	-8.348785	13.022291	3.505840	0.859466	7.448761	0.894092	6.348921	12.652406	-1.987136	-5.731313	-2.291677	0.980265	-8.348785	6.168995	-10.577311	-5.689631	-2.291677	-5.085380	-8.348785	1.335664	1.897038	4.098576	7.638976	-5.129201	6.386788	9.179750	-11.732599	-5.689631	-2.291677	-10.288651	-8.348785	-2.389783
6064	7	-7.073247	7.293676	8.692297	-11.249985	6.869054	3.084522	-1.794262	-3.994155	-1.742299	2.871493	-7.951086	7.016053	4.229318	-10.696373	-1.742304	6.198251	-7.951100	11.492198	-5.447625	-3.994095	-1.742299	-4.753927	-7.951086	3.096814	-12.636372	7.293676	8.692297	-13.174002	6.869054	-2.558184	-13.825027	-3.994095	-1.742299	-6.802279	-7.951086	-2.558184	-1.939862	-3.994128	-1.742299	-3.611646	-7.951086	4.227579
6126	7	-0.782783	6.616335	7.957985	-12.394100	6.390852	1.955724	-6.914623	-10.422455	-3.817517	-8.161214	-10.181432	1.460787	-0.795259	-10.426532	-3.817517	-8.010418	-10.181469	1.945731	-6.902509	6.620518	7.957985	-12.547206	6.390852	1.460787	-10.981296	-10.422455	-3.817517	-11.312092	-10.181432	-2.486832	-10.969185	6.620518	7.957985	-15.698084	6.390852	-2.486832	3.579058	-14.785584	-3.817517	3.592292	-10.188039	11.528401
6166	7	-4.511922	-8.486870	-4.887234	-4.659153	-11.927835	3.700634	-13.176715	6.978154	6.826707	-13.553988	6.142930	-2.882281	4.375121	4.653578	6.807498	-3.800247	6.141220	4.767749	-14.615145	-8.473270	-4.883868	-9.766441	-11.927714	-2.739645	3.986550	-10.524008	-5.186752	6.003596	-11.933856	8.189489	-12.283274	6.978125	6.826707	-9.446972	6.142930	1.646651	5.473366	3.864626	6.790251	2.438315	6.139223	8.007974
6352	7	3.605416	-12.082571	-2.627200	7.499564	-11.321471	10.454258	-11.389511	-7.377026	-2.627200	-8.982107	-11.318466	-3.851210	-7.871595	-7.377026	-2.627200	-4.785964	-11.318466	2.190197	-8.291474	6.837781	7.011647	-15.301524	5.870884	-3.851212	1.657835	6.592688	7.011647	-6.925838	5.870831	7.419591	-5.123252	6.837781	7.011647	-11.113179	5.870884	2.175413	6.795232	0.775437	6.841299	1.011575	5.388949	10.453161
6430	7	-4.175639	8.481157	7.426317	-12.256480	7.218048	4.723455	2.100542	4.687778	7.426313	-7.236292	7.217985	8.445766	-7.673257	-8.176820	-4.293305	-6.658951	-3.314085	3.779014	-13.025728	-8.176820	-4.293305	-11.601182	-3.314085	-1.339423	-9.548061	8.481206	7.426317	-17.402139	7.218048	-1.302421	3.782157	-14.106119	-4.293305	6.416552	-3.314089	11.825176	7.152313	2.379073	7.423812	0.858117	7.210429	11.444189
6453	7	3.025786	-7.524807	-5.399768	6.248382	-8.520342	11.504701	-2.778337	-5.046589	-5.066451	1.192808	-3.942026	7.497423	-10.394270	6.816744	6.354053	-8.854590	7.662920	-5.366910	-5.399346	1.553872	0.804596	-5.210524	-1.295999	-2.264552	-9.936961	-4.020019	-4.333807	-5.200579	-2.695429	-2.808842	4.913387	2.936016	6.347920	2.687470	7.661526	11.880669	-1.670131	-4.091524	1.100248	1.229822	4.648214	8.315665
6482	7	-6.391007	-12.827721	-6.028007	-2.954625	-4.722079	3.420546	5.683278	-16.030091	-6.028007	5.950698	-4.722079	10.975385	-9.659269	-12.824979	-6.028007	-10.767754	-4.722079	-2.589805	-11.456060	-2.185921	5.272701	-15.366421	3.796501	-2.589821	-8.192134	-2.186723	5.271555	-8.707150	3.796168	3.268295	-6.159288	3.473276	5.765015	-9.460140	8.932797	3.270156	-9.426515	3.476495	5.765015	-16.102630	8.932804	-2.589802
6492	7	-6.721300	1.972084	0.788922	-9.046255	-5.351493	-6.069624	4.665525	-7.435241	-3.454236	8.283251	-9.973403	10.474538	8.876583	3.178019	7.250057	3.447211	7.033139	10.539967	-7.951089	6.367748	7.347902	-13.914877	7.033176	-6.444663	-12.283301	-2.435221	-1.103811	-9.045807	-9.968585	-6.787032	5.426928	3.180194	7.250216	-3.098207	7.033139	7.458532	-0.734260	-2.435853	-1.104235	4.122836	-9.968596	8.944373
6654	7	8.870594	-9.847514	-7.473797	6.362012	-9.675015	8.802648	-4.479621	8.046737	3.666152	-13.157461	3.917566	-4.988195	-5.856704	-2.966788	-3.056445	-7.395360	-7.802485	-4.947929	-4.260246	6.608610	2.249430	-11.730147	1.692024	-4.987920	4.634166	1.601670	3.662477	-4.185554	3.240567	5.796886	-4.267626	2.247332	-2.911709	-7.380047	-4.718057	-4.946676	10.131121	1.598779	3.662458	0.521446	3.239430	8.782082
6693	7	-7.408967	0.475504	-0.146137	-9.445840	-8.581212	-3.175746	6.053943	-11.561764	-3.588134	7.749578	-11.643445	11.864035	-6.543324	7.766531	6.067266	-15.593802	5.860487	-3.174770	6.039954	1.352466	5.894147	-3.383345	5.509455	5.161976	8.920488	1.352284	5.894111	1.721680	5.509299	11.859569	-2.808388	-5.133260	-2.545600	-3.576323	-11.643440	5.132866	-9.923630	-5.133260	-2.545600	-9.445825	-11.643440	-3.175773
6733	7	-0.145568	-9.816479	-3.177420	4.157230	-11.083836	10.496763	-6.932674	-3.582533	-3.177226	-5.590733	-11.061805	3.136570	5.032786	3.691141	5.694331	3.420324	5.903137	11.929863	3.472889	-10.395224	-3.177420	6.860080	-11.083836	11.961967	-9.147522	9.179547	5.694389	-10.746388	5.903137	-3.315896	-5.766797	9.135190	5.694389	-9.153226	5.903137	2.497779	-10.481618	-3.558288	-3.177213	-7.302106	-11.059890	-3.178179
6772	7	2.434415	-3.350787	3.839219	5.688131	5.239414	10.702128	-0.237677	5.503440	7.779773	1.167304	7.691030	5.674529	-10.220220	5.503676	7.779773	-13.284633	7.691030	-5.742651	5.382222	-15.769773	-1.356361	6.139132	-4.556112	12.026874	-4.924809	-10.215974	-1.356361	1.963462	-4.556112	0.279969	-10.336656	-10.215974	-1.356361	-9.700831	-4.556112	-5.742651	-0.129862	-10.216343	-1.356361	4.816081	-4.556112	5.691730
6787	7	-2.846649	7.862883	7.090314	-0.910317	5.601394	5.523747	-2.341963	-10.944371	-1.738999	4.995606	-7.964169	6.341516	4.706798	2.809020	7.089404	2.544941	5.591566	12.725592	3.698037	-15.713441	-1.738999	8.364775	-7.964188	12.726892	-12.967104	7.863137	7.090314	-12.749410	5.601394	-6.408203	-6.939892	-10.943648	-1.738999	2.442941	-7.964169	-0.226762	-14.063055	-10.943648	-1.738999	-6.907095	-7.964169	-6.376354
6806	7	-2.383099	8.514377	7.795933	-0.119402	6.961254	6.804470	4.482503	-13.622168	-1.570623	5.329037	-5.377255	11.693621	4.292539	4.070700	7.795932	1.260926	6.961249	11.484202	-1.606898	-9.223603	-1.570623	4.119697	-5.377255	8.177726	-13.228065	8.514745	7.795933	-7.942392	6.961254	-5.157121	2.777431	-4.291898	3.392518	4.083566	4.498170	11.144858	-8.475716	8.514745	7.795933	-7.077015	6.961254	1.154170
6848	7	2.841633	-8.653514	-3.197999	4.183264	-10.530386	12.139503	-9.509868	5.626042	6.613663	-19.137054	5.508984	-4.712485	-9.609576	-7.540307	-3.197999	-12.948831	-10.530386	-4.705781	-1.491297	2.375926	1.853502	-6.700738	-1.656627	6.473305	-4.993770	-7.540340	-3.197999	-0.436406	-10.530386	6.002239	-2.490604	2.379220	1.853507	-12.846519	-1.656621	0.656533	-5.590657	2.380306	1.853508	-13.009957	-1.656619	-4.264005
6886	7	7.547864	2.588800	4.882818	1.582827	7.113672	11.567585	3.178486	-6.826979	-0.432090	6.084194	-9.446426	11.572771	-6.017349	-5.450048	-0.430936	-4.813759	-7.600741	5.076481	-10.537765	-5.446162	-0.430926	-9.838292	-7.594925	-2.493974	-6.095650	7.068985	4.883118	-14.446268	7.113800	-2.498672	-4.968795	-5.454375	-0.430947	0.049224	-7.607220	9.436229	1.848504	6.352282	4.883118	-8.872729	7.113800	-0.292445
