58	7	-5.345452	-11.439070	-4.548769	3.756922	-9.528872	-5.105165	-5.277841	-11.439070	-4.548769	5.771258	-9.528872	0.318303	4.274451	-17.051643	-4.548769	11.807621	-9.545858	6.552448	-10.101740	5.732731	6.768333	-8.581610	6.643561	-11.107658	6.015347	2.045999	6.443009	6.583506	5.816405	6.473277	3.903289	-2.165818	6.547462	6.262357	5.294980	6.550957	6.095218	1.535599	6.517805	6.537020	5.907096	6.498659
88	7	-9.828980	-6.379033	-6.693027	1.832542	-7.625363	-0.979672	-4.479511	-6.391887	-6.693027	6.663987	-7.625363	2.693550	-14.396198	9.323909	4.558740	-6.551072	7.169889	-7.395367	2.981895	-7.752491	-6.693027	11.074780	-7.625363	5.753908	-14.595046	-6.378720	-6.693027	-5.328311	-7.625363	-7.259529	-4.280395	9.308804	4.558740	5.441837	7.169889	2.693550	3.345432	7.720724	4.558740	9.996992	7.169889	6.042035
130	7	-7.320650	-8.472241	-1.785048	2.074184	-8.618326	-7.083443	3.230357	-9.079842	-1.785048	11.965970	-8.618464	6.064814	-8.360120	7.175431	6.244320	-10.767932	7.920131	-11.248826	9.308159	1.614349	1.841015	11.837171	-2.848053	6.077460	7.419746	6.458290	6.244320	5.707761	7.919832	6.077458	-5.585607	2.398150	1.882097	-4.622117	-2.585696	-11.248662	-12.272806	-8.469738	-1.785048	-4.455112	-8.618325	-11.248825
206	7	1.450035	7.072349	6.366094	-3.882482	4.822456	6.158539	5.360609	-12.205984	-2.562841	11.603628	-9.074034	7.663512	-9.803245	1.490983	3.647649	-4.724450	-2.561481	-7.248399	-5.393710	-9.160629	-2.423968	1.922097	-9.073960	-5.284518	-11.140008	-9.153788	-2.423253	-4.480083	-9.073959	-7.076964	6.686938	3.690529	6.247802	6.599536	4.812478	7.661777	-9.790893	7.684107	6.370623	-9.536603	4.822809	-10.439536
307	7	-9.632143	-10.820587	-5.320676	-4.468661	-11.761267	-11.593258	-6.630196	4.953109	4.814636	-10.858089	0.139980	-11.329296	4.101400	-12.970226	-5.320676	12.519244	-11.761267	7.370849	-9.594044	6.050471	7.292388	-10.858212	6.549243	-11.593010	-4.811927	-10.832656	-5.320676	1.781662	-11.761267	-3.525462	4.213433	3.829839	7.292386	6.129714	6.549160	7.370882	-2.328146	-10.888643	-5.320676	7.733464	-11.761267	6.240591
354	7	-9.552201	6.733210	7.187157	-3.575396	6.009304	-13.808306	-4.071729	6.732964	7.187157	3.194231	6.009302	-7.667088	-5.881566	-11.293560	-4.432823	5.543499	-9.004475	-7.666992	3.893102	-14.162861	-4.432823	8.781145	-9.032335	-1.262889	5.078356	-15.000783	-4.432823	13.769254	-9.034302	4.406760	5.660651	2.851540	7.182330	6.281808	5.821621	-1.262881	6.837284	2.725209	7.181819	11.269504	5.804297	4.406760
435	7	5.456413	-13.089406	-1.027081	12.145168	4.840847	6.888269	-14.445687	4.991673	5.481337	-6.040361	8.894702	-5.936030	5.457761	-16.409424	-7.332413	12.145176	-5.074581	6.888348	2.325661	-0.981908	4.755348	10.303866	6.098168	6.345594	-2.669917	4.964674	5.481048	4.485729	8.894695	3.044705	-13.528806	-10.283089	-7.055597	-4.272395	-4.894871	-5.794405	-13.707344	-6.687687	0.759800	-4.272662	5.268098	-5.794733
474	7	-13.998604	-8.660517	-8.324700	-4.068325	-5.782471	-6.297435	3.649618	-2.254157	3.366084	5.503431	6.915963	-0.430215	-4.674186	-8.660576	-8.324735	2.397005	-5.782471	-5.581753	-10.602398	4.960307	3.399731	-7.726634	8.862419	-6.297436	4.172687	-3.343224	3.253524	8.585233	6.897926	6.064725	3.279138	-10.442626	-8.772962	12.196839	-5.782544	6.064369	4.118006	1.855464	3.399618	5.495389	8.861968	-0.430113
483	7	3.717686	-8.395926	1.668821	7.308044	2.441142	8.068467	1.539131	-12.725881	-2.951348	12.138971	-7.647712	6.028505	-4.977740	-5.780460	1.670376	-10.093398	2.442524	-10.209692	1.457332	-6.096758	1.669468	7.291216	2.441717	5.902317	3.778839	-15.082577	-2.951348	12.151581	-7.647712	8.088077	-4.685114	-12.387199	-2.951348	-5.147968	-7.647712	-10.207612	-2.395404	6.786002	6.119618	-10.379315	7.739535	-10.075480
533	7	-6.256491	-6.177910	-0.108182	2.338135	5.287821	-8.505928	-12.568166	-6.177910	-0.108182	-4.532844	5.287821	-12.004963	4.494279	-9.556901	-0.108182	12.568220	5.287821	3.906908	-6.255824	-12.153846	-0.326241	2.338338	0.142191	-8.505901	-11.643493	6.522893	6.051571	-9.429844	6.436240	-14.146294	-12.567522	-12.153846	-0.326241	-4.532840	0.142191	-12.004960	5.426761	3.143169	6.048782	7.770832	6.436158	3.909833
590	7	6.903850	0.482112	6.579966	8.409409	8.937397	7.126346	5.555283	-15.581708	-0.408907	11.537444	-4.631635	7.090121	3.484115	2.499387	6.648040	5.519112	8.945502	1.182813	-10.186995	6.151625	6.669327	-7.927189	8.947336	-10.795481	-6.736291	-9.928449	-0.182807	0.895821	-4.462994	-5.750772	-0.888649	-9.928567	-0.182824	6.288368	-4.463007	4.963195	-12.647883	-9.928449	-0.182807	-4.796298	-4.462994	-10.836623
762	7	-0.999355	7.522515	8.110143	5.843480	7.682805	3.638512	5.805754	2.404161	8.095862	7.392893	7.682480	5.162983	-7.672742	7.522530	8.110143	-7.786015	7.682805	-10.123609	3.634536	-10.409564	0.286213	11.598629	-9.146537	5.075894	-6.457344	-5.709278	0.286434	6.368759	-9.146291	0.341190	-6.535236	-5.709278	0.286434	2.526414	-9.146291	-3.780237	-9.795031	-5.709278	0.286434	-3.557568	-9.146291	-10.159027
790	7	2.141853	3.326591	7.280763	9.937998	8.465727	4.207542	-8.016844	6.713741	7.365173	2.979495	8.466071	-6.382514	-10.745489	6.713741	7.365173	-2.928679	8.466071	-11.527852	-3.762491	-5.465767	-1.051699	7.843450	-8.413041	-6.346601	6.309195	-10.229589	-1.424245	12.213121	-8.646031	6.076170	5.523673	-10.228284	-1.424230	10.633898	-8.646024	-0.399623	3.022388	-3.997558	4.713994	10.143813	1.925733	5.549329
818	7	-10.060720	5.273123	6.936989	-11.826864	4.825733	-9.781349	-3.496559	3.654901	1.422585	-9.199446	-4.388539	-9.781173	3.957073	0.064147	6.847199	6.954658	4.328618	8.980876	5.326100	-8.503230	-2.430743	9.687492	-9.869859	8.984150	0.126793	-5.308460	-2.426529	2.732506	-9.867777	-3.445315	-5.222089	-5.110242	-2.424383	-9.022505	-9.866714	-9.781123	3.943629	2.183331	6.935883	6.883953	4.818466	8.980679
984	7	-7.170079	-14.194859	0.482744	2.789781	-11.639895	-1.753998	-12.302908	4.062567	6.912787	-6.770281	6.676958	-8.277426	-2.552374	-14.251783	0.482744	7.573160	-11.641911	3.703643	3.141071	-20.508845	0.482744	11.881570	-11.692293	9.132754	-12.192917	4.051863	5.722198	-6.765268	0.453669	-8.277411	-0.956961	2.995038	6.912729	3.247735	6.667744	4.067545	-0.738153	2.610954	5.708940	3.255946	0.438825	4.242937
985	7	0.613106	-10.481373	-4.639372	9.806046	-12.238658	7.453826	3.162937	-13.376976	-4.641415	10.923120	-12.447345	7.935430	3.042433	4.120116	8.261023	5.180303	3.972458	7.935420	-10.828006	6.784709	8.263426	-7.696423	3.997339	-8.692210	-5.829693	-10.429033	-4.639285	4.401433	-12.230404	-2.180623	-8.300742	-10.429033	-4.639285	-1.965020	-12.230404	-8.655801	0.502992	6.742923	8.263413	4.039930	3.997202	7.235846
1018	7	4.905916	-10.993879	-5.139404	11.714127	-11.240307	6.847585	-11.458743	-4.893384	-5.139404	-6.732130	-11.212397	-8.393277	-11.590788	7.910508	5.911101	-12.571847	4.951855	-9.322208	-7.464055	0.379815	-1.944519	-6.640645	-5.238596	-8.304520	-0.498919	0.345690	-2.066924	2.760379	-5.244418	-2.593467	-0.840975	-4.909864	-5.139404	7.714814	-11.213328	2.582391	-0.306361	7.861029	5.911101	2.661972	4.951855	2.852119
1043	7	-11.230471	7.776212	5.421604	-8.720441	8.738965	-7.254553	-2.745424	-10.454344	-3.674699	7.455534	-8.481232	5.257614	2.460760	-15.565526	-3.675302	10.577372	-8.481232	6.495383	2.423375	2.842624	5.419212	6.809533	8.724678	6.489962	-7.602638	-10.454283	-3.674699	1.733643	-8.481232	-1.461957	-2.788186	7.776165	5.421604	3.731717	8.738965	5.250195	-11.201788	-10.454283	-3.674699	-4.997244	-8.481232	-7.252786
1058	7	-4.811713	-6.604902	-3.326777	2.983389	-9.134632	-4.401619	4.875643	-11.497463	-3.326777	13.467331	-9.134642	6.252651	-7.966785	9.382064	6.852851	-6.617762	6.797306	-10.573371	-9.811263	-6.604902	-3.326777	-4.161972	-9.134632	-10.933566	-2.962529	9.382064	6.852851	1.398682	6.797306	-2.944915	6.720808	4.588125	6.852784	11.079805	6.797131	6.278247	3.263418	5.974701	6.852849	5.520026	6.797296	-0.079443
1084	7	5.242499	-10.601216	-2.316069	13.055655	-12.111735	9.037135	-5.904511	4.986526	3.016401	-2.131441	-0.234435	-7.200041	4.626418	2.518265	9.046358	7.687150	6.664541	9.037135	-2.636115	7.753181	9.046509	1.291766	6.814394	4.216801	-11.611153	7.753181	9.046509	-9.131320	6.814394	-7.703164	-1.242740	-5.336873	-2.316068	7.141944	-12.089046	4.276300	-8.068523	-5.336854	-2.316068	1.003078	-12.089045	-1.933431
1133	7	-10.869380	6.883424	6.423280	-4.106092	4.608011	-10.251826	4.612374	-9.547064	-6.395527	10.203771	-7.775772	6.764277	-5.842295	-7.038014	-6.395527	3.549226	-7.585439	-5.228754	0.163712	6.621375	6.423280	6.480128	4.608009	6.560025	-11.018597	-7.032589	-6.395527	-1.793856	-7.584053	-10.249501	5.810202	3.557544	6.423279	8.013293	4.607688	6.764278	-1.057347	-7.177193	-6.395527	8.402985	-7.618043	4.364794
1217	7	-13.873478	-1.401970	6.162703	-9.229624	6.045145	-6.979226	-10.447965	4.608309	8.146457	-9.406846	7.388174	-6.967241	-10.883114	-11.416823	-3.357852	-3.498343	-3.616987	-6.698191	3.530264	-13.641806	-3.422440	11.971101	-3.669798	6.336087	-2.781097	-11.417968	-3.357917	8.969964	-3.617040	3.671716	-4.704592	-11.416903	-3.357857	2.886253	-3.616991	-1.200346	3.787923	2.097698	7.862503	6.101211	7.234012	6.360329
1241	7	-5.611053	8.119628	5.595936	4.333121	6.980949	-4.212094	4.803112	-9.445274	-3.420924	11.035949	-9.586321	7.563416	4.827583	3.055875	5.595934	9.748914	6.980848	7.563416	-4.354568	-4.381530	-3.420922	5.651712	-9.586321	-4.211679	-7.265272	8.119628	5.595936	-0.956910	6.980949	-4.224212	-0.704426	-5.235372	-3.420924	7.947257	-9.586321	6.905902	-1.500984	8.076817	5.595936	5.625826	6.980949	4.412818
1431	7	-14.558969	-11.341809	-5.456778	-5.002164	-9.027623	-8.964833	2.941485	-16.883672	-5.626775	5.988358	-9.027727	0.088839	2.983488	-16.885229	-5.626779	11.985376	-9.027727	6.445346	3.309312	1.422007	5.675320	8.111009	7.122969	6.445821	-8.465937	1.302370	0.394925	-5.090460	-3.307016	-8.964855	-14.004679	6.974902	5.779619	-10.138380	7.148696	-8.964938	3.261579	1.423146	5.675401	1.628137	7.123006	0.071638
1470	7	4.192525	-11.129100	-4.222247	12.774010	-7.954662	7.383886	5.250723	2.423749	6.024904	6.259518	7.793767	7.482835	-13.677909	6.623379	6.030108	-10.590967	7.793811	-7.494202	-14.345284	-1.349587	1.330575	-4.190718	3.329124	-7.491581	-8.281167	-7.236799	-4.222247	1.800935	-7.954646	-2.968175	-14.667641	-7.236799	-4.222247	-4.068767	-7.954646	-7.490825	-7.941600	-1.349587	1.330575	1.671558	3.329124	-2.988207
1529	7	-5.949571	5.591622	3.188391	-5.893784	9.344359	-9.231261	8.024940	-9.617328	-1.727448	14.046912	1.231238	8.723586	-2.804119	-11.312727	-7.421943	3.063797	-3.528735	-4.024564	-2.861213	4.167992	3.134956	2.118542	9.342229	-4.056027	-2.383419	-1.846781	1.048209	3.922428	2.565609	-3.965242	8.132645	-13.196798	-7.432283	14.046914	-3.528735	8.723586	-2.927585	-7.397507	-1.573096	2.858299	1.231274	-4.035708
1591	7	3.793268	-14.257261	-5.464115	12.925230	-3.614566	7.921417	7.932545	1.613364	4.614575	10.437035	8.340399	7.921423	0.277860	-5.343875	2.187197	8.824129	4.603850	7.825605	0.261172	-9.422139	-5.217033	8.856724	-3.614561	7.821224	-4.764693	-9.421563	-5.216940	3.525020	-3.614561	0.596206	-4.748562	-5.343225	2.187618	3.478273	4.604671	0.596201	-6.594625	6.632974	4.679774	-5.182765	8.342229	-7.911856
1611	7	-10.838247	6.656676	8.162681	-10.940385	5.818162	-13.147544	-9.671023	-11.445705	-2.387374	-5.390473	-9.706546	-13.133122	6.806348	5.401543	8.162680	4.137294	5.802350	4.641343	5.169597	-12.700822	-2.387374	6.478878	-9.727482	-0.893342	-3.310880	-11.445706	-2.387374	1.530067	-9.706546	-7.441559	5.291653	-2.267082	3.196873	6.160263	2.807354	-0.893799	7.972658	-12.700822	-2.387374	9.689079	-9.727482	4.663386
1743	7	3.283903	0.519754	8.127222	6.140577	6.194963	8.723747	-11.443914	5.792209	8.766536	-12.603283	6.261999	-7.601659	-5.163737	5.792209	8.766536	-0.258186	6.261999	5.345975	0.428355	-6.814296	-2.452417	12.643046	-9.858841	7.561176	-5.093874	-6.814001	-2.452294	4.754841	-9.858827	-0.967513	-0.336546	5.792198	8.766536	6.132510	6.261999	7.134471	5.202767	-12.690388	-3.219783	12.651070	-9.892525	8.999595
1799	7	3.708138	-15.034467	0.138405	12.490006	-11.500686	4.944717	-10.651903	4.341100	7.426729	-6.930302	6.712274	-11.984664	4.626465	2.047626	7.419781	8.146411	6.536633	4.942466	-10.918867	-2.714113	3.734072	-3.569680	3.989672	-10.029598	-9.135562	-13.431559	0.138405	3.859923	-11.492514	-6.337787	-8.895254	-2.714549	3.734065	2.696985	3.989301	-6.478787	-9.424728	-13.431484	0.138405	-2.292915	-11.492513	-9.014685
1809	7	-13.909800	-11.877651	-3.793095	-2.448741	-8.702724	-3.832073	-7.729475	-11.878735	-3.793123	1.502257	-8.702724	-2.639414	4.677431	3.791798	7.812381	5.163034	6.825925	7.551759	3.579083	-13.384243	-3.817313	11.154451	-8.702724	7.467335	-2.463161	-11.919326	-3.794151	5.506481	-8.702724	1.902414	-12.811567	6.023213	7.850751	-8.449447	6.825936	-8.477874	-1.357733	5.936102	7.850096	3.015860	6.825936	1.903687
1810	7	-4.152100	2.753212	7.146566	1.435916	6.602431	2.967609	4.160649	-17.664341	-2.796223	12.436739	-7.971307	8.169597	-2.839457	-12.602936	-2.796223	7.767725	-7.971307	2.996787	-12.961446	2.753212	7.146566	-10.350568	6.602431	-1.709941	-6.213480	-12.602936	-2.796223	1.993042	-7.971307	-1.663390	-11.674355	-12.602936	-2.796223	-3.994051	-7.971307	-1.709940	-9.662272	2.753212	7.146566	-4.647661	6.602431	2.917495
1849	7	-8.282704	8.248094	6.283637	-8.989010	7.597272	-7.660324	-6.878104	-4.500978	-4.137531	3.461681	-9.258489	-5.339966	9.277659	2.518439	6.281868	3.809861	7.574637	6.615248	-0.745643	0.144792	-1.154012	3.999137	-6.870612	-1.930199	4.536934	-10.260382	-4.137584	9.613334	-9.258505	6.599085	3.174927	2.530966	6.281928	1.427460	7.575403	-0.450676	-0.262809	-5.031367	-4.137572	6.035418	-9.258502	4.878227
1882	7	-11.890244	8.261219	7.632491	-11.360026	7.418952	-7.671236	-5.914881	-8.917111	-0.680139	6.823817	-1.778251	1.808720	7.354422	4.045733	7.632461	7.213447	7.418941	7.562888	-15.027156	-8.912993	-0.680139	-5.691969	-1.778251	-7.670631	-3.562235	8.240341	7.632491	1.132900	7.418952	1.509222	0.919221	7.855863	7.632491	3.846425	7.418952	5.699960	4.216205	-10.914404	-0.680139	12.865028	-1.778251	7.562460
1959	7	-5.945840	-9.267048	0.313891	3.683090	-3.356817	-1.516637	-2.204654	-9.267052	0.313891	6.582996	-3.356817	5.115611	-11.927200	6.999187	7.796391	-9.778678	8.075106	-4.529566	-1.785759	6.999176	7.796391	3.665613	8.075106	5.484655	3.896083	2.042974	7.795954	5.408250	8.071484	9.800661	-12.310578	-9.267048	0.313891	-6.568252	-3.356817	-4.529566	3.311806	-12.588289	0.313891	8.593192	-3.356817	9.776634
2007	7	-15.243807	6.537862	6.477751	-12.892682	8.173315	-7.214481	-17.639989	-11.358570	-5.331036	-7.137218	-8.970246	-7.214200	-10.781354	-11.358570	-5.331036	1.966294	-8.970246	-0.502027	3.525022	-2.599338	3.892244	9.125129	6.017315	7.336559	4.132442	-1.563325	4.179110	8.981179	6.334026	7.291126	2.342776	-4.134535	3.263354	9.089418	5.334246	7.243865	2.051658	-4.168102	3.106083	8.982142	5.155710	7.168227
2037	7	8.092202	-14.233331	-1.322525	11.943536	-9.982494	6.836669	-9.576832	6.532876	8.588549	-11.684608	6.662071	-9.420349	2.272393	-1.522790	3.054662	4.370339	5.454117	-0.193142	7.630350	-4.278839	2.884512	11.426873	3.374184	6.836669	3.347397	-14.075713	-1.322525	5.899022	-9.980757	0.464248	1.447802	-8.779501	-1.322525	3.654844	-9.451611	-2.202618	-5.120475	-7.760182	-1.322525	0.025025	-9.050592	-5.711439
2066	7	3.179864	2.976060	8.093986	-0.634583	7.478639	-3.914550	4.134669	2.435966	8.088484	4.308439	7.475244	6.152201	3.948984	-11.362610	0.657465	8.717332	-4.229573	6.152202	-2.157780	6.597222	8.098907	-12.011891	7.479619	-10.219901	-2.457366	-7.175099	0.670760	-7.606566	-4.229573	-10.298263	-0.054140	5.365903	8.098759	1.736831	7.479618	5.471345	-0.354918	-8.315158	0.660181	4.622246	-4.229573	4.766232
2180	7	3.151941	-15.351989	-2.933463	13.038689	-12.145307	7.105476	-5.568024	-12.812135	-2.933463	3.708189	-12.145307	0.115885	-12.032017	-12.812135	-2.933463	-3.729979	-12.145307	-6.004909	-0.445406	-12.812164	-2.933463	12.613852	-12.145307	6.271084	-17.361398	-1.209274	8.470997	-9.143757	5.521099	-6.004940	-5.778820	-1.209274	8.470997	1.956254	5.521099	6.256430	-2.806006	2.242604	8.475776	4.510233	5.522223	6.267557
2201	7	4.307574	-8.995826	-1.993428	10.224040	-9.476601	5.054430	-6.070325	-7.681164	-1.992938	-2.008605	-9.476601	-1.551624	-12.475612	2.779621	7.295703	-14.588749	7.061553	-6.258889	4.154476	1.100163	7.087406	4.086857	7.030060	5.054430	-5.714804	1.673083	1.881665	-8.404030	-3.940149	-6.258888	-5.709406	-7.681170	-1.992938	4.244824	-9.476601	-1.542518	3.821652	1.218610	7.120026	-2.185057	7.041560	5.037164
2219	7	-6.847413	7.351853	6.281044	-8.787826	5.922842	-11.408559	-2.814863	-12.147283	-3.150281	2.889604	-10.589702	-4.389299	7.481403	-18.285951	-3.150281	9.962844	-10.589702	7.391931	-2.962486	-12.147278	-3.150281	-3.117250	-10.589702	-11.408439	-1.682306	0.841992	2.140286	3.629532	-4.763012	-4.386865	8.683640	1.168779	6.219876	5.567099	5.911846	7.391931	-1.733180	0.842019	2.140297	-2.322859	-4.763007	-11.406436
2531	7	1.730380	-13.171981	-2.984873	6.485557	-6.514447	-1.311009	-7.916581	-5.379704	3.189862	-6.362414	3.213696	-4.213412	-0.928998	-5.390337	3.189601	0.879064	3.213179	-1.482024	1.245397	-6.103504	3.178547	10.941440	3.190965	4.537856	2.732114	-15.149773	-2.984873	12.291174	-6.514447	4.656485	-7.099220	-11.803186	-2.984871	-6.287933	-6.514447	-4.154438	-4.734569	5.014769	9.557952	-7.487007	7.132859	-5.111328
2536	7	7.112019	-21.523686	-3.182512	9.356756	-6.654215	7.088815	-6.335116	-14.966071	-3.182512	0.026449	-6.654215	-5.878682	-8.776879	-7.723615	1.648594	-9.252497	2.264188	-11.109452	7.104970	-14.284897	1.648594	3.386762	2.264188	7.088813	7.112013	-17.350221	-1.712546	9.347703	-0.164899	7.088815	-8.769831	-10.792552	-1.712546	-3.227854	-0.164899	-10.799236	-7.469080	2.843121	6.578344	-9.378674	7.904121	-11.109452
2711	7	-12.250821	8.323806	7.588660	-10.175389	6.384382	-6.822085	0.774188	-8.896964	-1.422669	8.045343	-9.493504	6.538193	-10.390201	-8.527179	-1.422669	-4.686440	-9.493229	-6.792796	-1.907574	-8.537491	-1.422669	1.726217	-9.493239	0.576023	3.242684	5.369996	7.588606	5.452696	6.383623	6.923656	5.171409	-13.055100	-1.422669	10.978653	-9.493914	6.998609	-1.260004	8.298640	7.588660	2.532871	6.384381	5.596004
2713	7	-12.465105	-8.895465	-3.896159	-4.821698	-9.909712	-9.842502	-11.391925	6.858448	7.928024	-11.317374	7.194429	-11.282465	4.798727	2.864175	6.979761	5.227226	0.702432	6.136936	-11.390772	6.786798	7.016886	-11.317357	0.777446	-11.282465	3.703571	-11.202907	-3.915567	11.719536	-10.286249	6.039433	-6.309480	-8.895471	-3.896159	1.243156	-9.909713	-5.937390	4.799921	2.960926	7.926289	5.227208	7.136459	6.137001
2758	7	-4.844865	6.761026	7.131914	6.624951	4.507086	1.069376	-9.233561	-9.234438	0.351405	6.378147	-12.179891	-5.689968	3.736909	3.689629	7.131856	7.741445	4.507085	6.088579	-12.400916	6.761161	7.131914	-4.324548	4.507086	-9.979545	-5.455835	-9.234496	0.351405	11.596958	-12.179891	0.892711	-9.425188	6.761161	7.131914	0.928345	4.507086	-5.787547	3.236789	-11.772938	0.351405	12.669205	-12.179891	5.927864
2832	7	4.924540	-10.109163	-6.086173	11.397508	-8.201888	7.175777	1.992297	5.171199	5.482454	8.374677	7.558742	5.677987	-4.303883	6.017925	5.484815	1.640603	7.559857	3.535745	-1.197419	-5.245894	-6.070274	4.473107	-7.935112	3.539453	-11.376467	-5.244338	-6.070240	-6.049547	-7.934333	-4.331306	-14.316009	6.017928	5.484815	-8.711549	7.559857	-4.773864	-10.931588	-0.715922	-2.110095	-6.049547	1.229724	-4.331306
2946	7	-1.775443	-10.501059	-1.542106	10.109151	-5.208398	3.401547	-10.984556	5.298415	6.122502	-9.875979	7.119005	-5.515000	-1.982303	5.228359	6.122497	3.610759	7.119005	3.362241	-10.296863	-10.420952	-1.542105	-3.424114	-5.208397	-5.514991	4.324527	-12.383057	-1.542106	12.270641	-5.208399	7.984205	-7.681246	-10.422111	-1.542105	2.741079	-5.208397	-2.227689	4.254686	3.334239	6.120624	5.846815	7.119001	7.977311
3094	7	5.016539	0.243165	0.659108	9.043434	-9.616989	-0.942422	6.532256	-8.848709	-5.900958	9.981719	-15.195894	5.065000	-4.105541	-5.740322	-5.879973	2.598562	-13.767224	-7.528625	9.841624	0.243088	0.659103	9.963881	-9.617017	5.065002	-4.565318	3.373136	0.695362	-3.464440	-9.037894	-12.105055	-7.856088	-5.740320	-5.879973	-3.434207	-13.767223	-12.105054	-12.431414	8.383079	6.614218	-8.337645	4.226140	-12.105065
3131	7	3.356911	-8.184657	1.075248	11.842480	-10.715258	8.517848	-6.465253	4.233204	7.637405	-11.361200	1.968413	-9.610568	-1.002491	-5.367300	1.167766	6.335941	-10.625747	-3.418329	1.216312	4.221549	7.636630	6.352018	1.968267	7.185164	-1.437920	4.233204	7.637405	0.787949	1.968413	-3.506901	-6.106785	-5.367299	1.167766	-5.779258	-10.625747	-9.610549	2.584291	2.658169	7.444016	6.383072	1.904743	8.473872
3146	7	4.512107	2.232232	8.356868	5.402447	7.464694	-0.737989	-7.155288	5.929010	8.356870	-8.991016	7.474638	-12.946994	4.567917	2.187439	8.356868	5.944806	7.463384	5.766081	4.883144	-9.027887	-3.986056	12.059597	-7.987727	-0.737985	4.936000	-4.752869	2.578568	11.153536	2.737036	5.766083	4.937901	-9.070365	-3.986056	12.600838	-7.987727	5.766083	4.880984	-4.704291	2.615651	10.542159	2.737055	-0.737985
3189	7	3.501618	-0.942168	4.289516	10.100552	3.887914	8.674968	-1.893073	-9.355118	-4.393235	7.020815	-8.569620	3.528624	-4.763960	-9.355118	-4.393235	-0.330583	-8.569620	-3.041884	-2.232460	6.487026	6.423287	2.412424	5.073394	3.471572	4.318349	-14.191827	-4.393374	11.434172	-8.569626	8.676089	-7.966856	6.487026	6.423287	-9.884778	5.073394	-3.574891	4.345262	1.609277	6.276855	7.238496	5.064320	8.676091
3289	7	3.870055	-7.737302	1.194879	12.378085	1.777348	7.633468	-3.465345	-10.220913	-3.408232	6.096108	-8.018210	1.819138	4.194009	-14.340702	-3.408233	12.387012	-8.018235	7.635596	6.480839	3.382705	6.247607	6.731178	8.477018	7.639199	-2.126509	-10.256791	-3.408232	7.337805	-8.018212	3.673010	-3.919230	-3.608010	1.479172	5.569236	2.246112	1.435264	-7.222680	7.504276	6.248116	-10.267859	8.492979	-5.131337
3292	7	-8.545077	2.717213	5.457820	3.087510	-2.244770	-5.128697	-13.557374	-4.310473	2.224174	5.969962	-10.397723	-5.127866	-8.765109	6.507901	8.788801	1.497850	4.029879	-5.194402	-11.720713	6.507901	8.788801	-4.621849	4.029879	-9.587991	4.884342	-14.471396	-1.784219	12.816153	-10.787595	6.995112	1.450371	0.910476	5.255715	8.067219	-2.475876	5.038811	2.867439	1.250297	8.715350	8.187650	3.946619	6.791530
3399	7	2.930448	-5.424272	1.228623	11.865665	3.696629	6.951621	5.903889	1.742461	6.330342	7.178549	6.348938	6.951541	2.943280	-13.148706	-3.519459	11.867969	-8.234013	6.951629	-8.854928	-7.311142	-3.519459	2.258812	-8.234013	-4.941612	-9.857736	-7.311142	-3.519459	-2.860788	-8.234013	-10.645409	-11.156566	8.279013	6.339342	-7.815721	6.351696	-11.190764	-8.287116	-7.311142	-3.519459	6.179968	-8.234013	0.815625
3447	7	-8.757262	-9.427514	-3.156020	2.120407	-11.397280	-5.282824	-15.688977	-9.427514	-3.156020	-3.215572	-11.397280	-9.945362	2.164819	-11.448604	-3.156022	9.688675	-11.397281	5.607464	-15.909987	7.585580	5.581131	-9.121091	5.118419	-10.009953	-15.894652	7.133442	5.383888	-8.605187	-0.576855	-10.009952	2.030552	6.252173	5.581131	3.560203	5.118419	5.559861	2.047512	5.759954	5.383888	4.103605	-0.576855	5.567064
3492	7	-0.941784	-6.904452	-4.953081	10.555720	-9.562302	5.973879	4.144548	4.582723	5.339035	8.537880	6.792108	6.231383	-5.817248	-6.894623	-4.950916	7.125054	-9.562291	-0.390670	3.147137	-8.257847	-5.161422	12.000643	-9.562959	6.231402	-5.010388	6.854536	5.379572	3.601025	6.800284	-0.411177	-0.038240	6.821082	5.379320	7.500327	6.800267	6.224476	-9.658253	6.854570	5.379572	-7.220182	6.800284	-6.951555
3640	7	3.154875	3.781506	8.664481	4.260823	6.346488	8.511605	4.700869	-4.090461	0.897552	11.162425	-5.186823	8.742290	-7.281885	-0.078594	6.072132	-7.289780	-3.827835	0.617046	-9.580172	5.691708	8.664481	-7.423043	6.346554	0.617046	3.304020	-8.095785	0.803081	10.768625	-5.197289	8.585410	-12.019658	5.691708	8.664481	-7.488415	6.346554	-5.229144	-9.722267	-0.078592	6.072132	-7.442452	-3.827828	-5.229144
3731	7	-5.140497	5.904075	7.521386	1.364548	8.584631	1.840992	2.468758	-14.679157	-2.663917	11.041366	-10.676528	6.240118	-17.307156	5.904091	7.521386	-7.261620	8.584631	-4.912242	1.671812	2.746412	7.254213	5.402652	8.584627	5.960844	-10.032564	-10.882868	-2.653331	2.736996	-10.676528	-4.259988	-4.250788	-10.882977	-2.653332	7.174564	-10.676528	2.064991	-11.727259	5.904091	7.521386	-2.789227	8.584631	1.393485
3839	7	-12.431715	-2.288291	5.786384	-1.276413	3.512063	1.253102	-4.976539	-15.117934	-3.100637	5.136042	-8.028549	1.257964	-15.097141	-2.288291	5.786384	-9.580971	3.512063	-8.596340	5.045419	-20.853942	-3.104197	11.095298	-8.028553	7.463538	-11.185814	3.904495	8.222492	-9.633344	9.219978	-8.596340	-9.387566	-15.117934	-3.100637	-5.366540	-8.028549	-8.594190	-8.590185	3.904495	8.222492	-1.335445	9.219978	1.251751
4217	7	10.466442	0.745540	6.868722	5.929096	8.119630	6.113787	6.449746	-15.676799	-6.128258	11.048760	-7.328583	6.113788	-5.135972	-9.664093	-6.128258	-7.156175	-7.328583	-9.642396	0.815647	-9.676927	-6.128258	8.412074	-7.328583	5.132274	-0.988475	6.759863	6.869314	-12.237041	8.265631	-9.625139	4.638606	0.977571	6.869002	-5.825057	8.208154	-6.496473	0.795125	-9.676220	-6.128258	5.029598	-7.328583	-1.316289
4357	7	5.442741	-12.319655	-4.176145	10.644155	-8.248971	7.454952	-2.977659	-8.437583	-4.176145	3.398599	-8.248971	-1.877339	-2.430393	6.330736	7.151374	6.397359	7.040892	3.606554	-1.016931	-8.633459	-4.176145	9.780785	-8.248971	4.773712	4.157697	3.458571	7.151343	7.405039	7.037211	7.321322	-5.865263	6.428239	7.151374	0.142521	7.040894	-3.515712	-9.219817	6.437552	7.151374	-4.940920	7.040894	-10.254449
4371	7	-2.074412	-11.157203	-3.811229	5.230407	-9.806997	-0.446387	-1.880274	-11.157223	-3.811231	9.309150	-9.806997	5.614246	-4.578430	-11.157186	-3.811228	-3.703095	-9.806997	-8.291211	4.532578	-16.415426	-3.943698	14.365448	-9.806997	7.467146	-3.216141	6.046666	6.936562	-9.877886	6.544480	-7.218414	-0.465527	6.033313	6.936479	5.713394	6.544480	0.578900	-0.272770	6.017076	6.936377	7.479268	6.544480	6.574643
4415	7	-11.185255	3.003076	6.672123	-9.109420	9.590495	-10.876822	7.827686	-14.399763	-2.636487	11.195833	0.893120	6.162798	-8.516953	-8.953987	2.313580	-6.174675	4.735238	-10.742488	7.827381	-13.206039	2.313580	10.032425	4.735215	6.162797	-8.447628	-12.650288	-2.743340	-5.006430	-4.914589	-10.294391	7.827686	-16.902262	-2.743340	11.200246	-4.914589	6.162798	-8.448141	-10.147783	-2.636483	-5.010847	0.893130	-10.297312
4462	7	-7.467758	-10.546888	-3.538307	1.879173	-9.908543	-2.597093	-10.457898	5.114363	6.150457	-10.088743	5.936069	-9.219660	3.606710	-12.174439	-3.538307	10.225049	-9.908543	7.042400	-13.238040	-10.545407	-3.538307	-4.559164	-9.908543	-9.219638	-10.444011	3.179697	6.031859	-10.088498	-0.645467	-9.219660	6.407547	1.420463	6.004134	4.753894	5.935852	7.042472	7.201117	-0.686548	1.808432	9.613820	4.062733	7.042472
4645	7	4.509095	-9.119247	-5.477679	11.012757	-3.942490	6.063581	-0.041921	8.163175	5.591875	0.359792	7.998294	5.618742	6.138574	2.314729	5.589807	7.047708	7.979290	6.078222	-12.513553	8.432104	5.591875	-10.683928	7.998294	-5.378297	-14.195902	-3.606360	-5.477596	-6.713677	-3.942124	-5.379655	-1.357852	-3.654614	-5.477609	4.448943	-3.942159	5.310085	5.628936	-0.844815	0.287869	11.013125	3.808344	6.075240
4721	7	-9.753261	-11.940514	-3.895407	0.674520	-8.579539	-3.135980	-7.803228	5.435111	8.339173	1.936506	4.888092	1.121128	-6.921749	-11.940514	-3.895407	6.245962	-8.579539	1.189749	-15.112359	5.435111	8.339173	-9.716959	4.888092	-9.222558	3.188536	-16.554484	-3.895407	11.951434	-8.579539	8.899951	2.344149	0.559827	8.155330	7.568233	4.888092	8.750204	-6.987591	-3.508156	2.500427	5.784039	4.345909	1.189748
4777	7	-8.732870	2.091658	5.571076	-10.606101	-0.506396	-11.058247	-9.769699	-4.587166	2.262774	-7.132866	-9.196883	-9.864174	-8.738594	6.470365	7.594357	-13.031299	5.389766	-11.219577	2.828891	-10.959977	-1.201346	-2.326004	-12.618771	-1.815023	9.015326	-10.987043	-1.201346	10.491162	-12.618771	5.935630	2.909708	-10.966540	-1.201346	4.746643	-12.618771	-0.351384	5.541702	0.551484	7.583527	4.563739	5.210467	5.915073
4785	7	-4.008012	-13.226524	-4.268474	4.019480	-9.745628	-1.935851	-4.691683	-13.226408	-4.268474	-2.499299	-9.745628	-7.613427	5.800169	-15.657597	-4.268474	12.024880	-9.745628	6.847192	-1.665841	5.114910	7.013781	4.611247	4.517559	2.609551	-0.374486	-13.254949	-4.268474	8.841665	-9.745628	2.675378	-10.246632	5.119744	7.013781	-6.710269	4.517559	-7.613454	4.541828	2.896404	7.013716	7.812876	4.517528	6.846516
4846	7	-5.544358	-6.109668	3.443595	5.495154	0.683658	2.363473	-12.851033	-6.109668	3.443595	-4.504975	0.683658	-5.977524	-4.316768	-12.206282	-0.187611	8.317793	-4.980539	2.363653	-4.234871	4.457742	9.349636	3.371562	7.208837	2.348644	-12.143655	4.457742	9.349636	-6.581411	7.208837	-5.978044	-7.695728	-12.206282	-0.187611	2.781885	-4.980539	-0.756442	4.088474	2.016797	9.349566	6.517049	7.207171	8.093894
4854	7	5.424576	-12.897648	-4.072309	12.028385	-9.369330	6.176387	-0.873865	-9.492691	-4.072216	7.655519	-9.211097	3.453218	-4.402186	-2.446687	1.940323	1.809718	6.272908	-3.088141	-5.904287	-9.492684	-4.072216	3.206024	-9.211096	-3.077825	0.650987	-2.452576	1.934395	8.459089	6.268306	3.457078	-7.336579	4.582330	5.792102	-2.351426	8.676931	-8.456467	5.436462	-6.366779	0.769448	11.987122	3.356753	6.176387
4960	7	5.360981	-11.757363	-3.534390	11.622569	-7.770617	7.522756	-7.537398	-9.476683	-3.534390	4.596670	-7.770617	-2.131219	-5.982526	3.803719	2.999319	4.527753	-0.229749	-2.131220	-14.618955	6.730319	6.840920	-11.424200	6.943606	-6.812109	3.871334	5.080419	6.840920	5.087268	6.943478	7.514451	-13.213928	-9.475081	-3.534390	-4.886700	-7.770617	-6.812109	-11.661061	3.808443	2.999332	-4.956010	-0.229723	-6.812109
5003	7	6.416714	-10.391115	-7.030514	10.476108	-9.380661	-0.166311	8.314430	-10.391136	-7.030514	10.771844	-9.380661	5.101869	-3.059825	-7.966324	-7.030514	0.625717	-9.380549	-7.104110	-10.556672	6.739260	5.299699	-8.509940	5.297782	-11.066125	-9.208821	-7.008525	-7.030514	-5.893335	-9.380228	-10.723600	6.928562	3.356296	5.299696	8.155287	5.254069	5.095747	1.101741	3.392417	5.299696	-0.073774	5.256190	-7.223814
5100	7	-5.726478	-9.547856	-1.169600	4.586324	-6.855704	5.528875	-17.402440	-9.531307	-1.169600	-6.298277	-6.855704	-5.567914	-0.669734	2.230973	4.863980	4.408851	-2.062728	5.528985	-11.909806	-9.531531	-1.169600	1.232047	-6.855704	0.881933	-0.570878	5.819047	5.176913	4.386232	4.389562	5.529041	-12.300117	2.704361	4.879665	-7.591700	-2.054911	-5.567918	-12.248207	6.313851	5.176913	-7.768823	4.389562	-5.567918
5165	7	7.064957	-16.114872	-3.654276	9.171457	-11.124333	-0.427390	-3.252705	6.036471	8.102230	-11.287840	6.127462	-11.843688	6.187789	-0.706730	7.951636	2.278801	4.113312	-0.430751	7.598074	-16.114874	-3.654276	13.089115	-11.124333	6.057147	2.613109	5.311594	8.102184	-3.818189	6.100881	-3.816816	6.721027	-0.706807	7.951621	6.662699	4.113253	6.057133	-3.579240	-8.950466	-3.644912	-2.388481	-11.032880	-7.038324
5169	7	4.496407	-11.241044	-5.296611	9.829787	-8.640999	8.061449	-9.743435	-5.039427	-5.296589	-5.186339	-8.640996	-7.997739	-11.311956	6.374583	5.348875	-5.824132	6.076084	-7.997747	-2.478863	6.325427	5.348875	3.299914	6.076084	1.304430	-1.899150	0.939374	-0.419690	3.346090	-3.133614	-1.658342	-5.895337	1.216463	-0.418056	-5.166920	-3.005205	-7.997739	2.883143	0.898016	5.345848	9.159347	5.832359	8.024475
5215	7	1.178558	-1.489619	7.548129	2.310166	8.220485	0.336041	-10.919199	9.817149	7.551370	-4.715985	8.222799	-10.725491	6.273542	3.913778	7.551370	6.774977	8.222799	7.285182	6.086897	3.913778	7.551370	2.881225	8.222799	1.344568	1.694250	-1.613223	7.546806	6.771825	8.218933	6.835326	-5.839837	-8.544951	-4.297303	3.174540	-9.940581	-4.775353	5.312981	-14.448314	-4.297409	11.243264	-9.940581	7.282684
5341	7	-1.417896	6.289544	8.447614	1.241975	6.509941	6.620902	-10.824438	-12.002464	1.439187	1.325046	-8.346467	-2.778049	-9.314332	6.289544	8.447614	-9.056965	6.509941	-8.883895	-4.076598	-12.002464	1.439187	7.802563	-8.346467	3.996336	3.073766	0.585731	7.240642	6.754151	6.293121	7.931905	-11.658469	-12.002464	1.439187	-2.408902	-8.346467	-8.876082	-7.189990	5.803890	4.670027	-6.184669	0.875347	-8.878928
5344	7	4.689125	1.251255	8.473210	1.010870	6.060886	-1.560219	-7.689836	5.814023	8.473210	-6.170519	6.069283	-11.276266	6.721944	1.250552	8.473210	6.724064	6.060874	4.017649	4.189858	-15.664531	-3.330633	4.602183	-13.548233	-1.585755	-8.042374	-11.136293	-3.330633	-2.628194	-13.548233	-11.090095	6.250495	-15.667019	-3.330633	10.142942	-13.548233	4.015794	-1.265706	-11.141039	-3.330633	1.320240	-13.548233	-6.478121
5462	7	-6.705754	-10.324212	-4.842989	3.301706	-12.724239	-6.771203	5.829195	-14.029043	-4.842990	10.626195	-12.724239	6.170598	7.421702	3.033650	5.808729	5.113213	5.587209	6.170598	9.240798	3.022376	4.737368	7.003601	-0.296648	6.170598	-11.517394	6.794839	5.808885	-8.673680	5.588900	-12.813128	-0.269835	-10.348623	-4.842989	4.191625	-12.724239	-5.103782	-9.677016	6.784466	4.738606	-6.780295	-0.294493	-12.813128
5539	7	-7.831664	-13.022367	-4.193501	1.951191	-12.574555	-5.673766	3.679325	-15.192399	-4.193501	11.642677	-12.577758	5.669139	3.571795	-15.034369	-4.193501	6.473040	-12.577651	-0.976121	5.360446	1.381551	7.173595	9.172229	3.836960	5.803501	-12.259449	6.130907	7.179982	-6.433708	4.506995	-12.093888	5.313918	1.444298	7.174841	4.044785	3.860544	-0.834387	-13.636924	-13.022367	-4.193501	-3.950654	-12.574555	-11.661837
5558	7	-1.663098	-9.627379	-4.481666	6.375596	-11.313077	6.351651	1.766640	-10.567163	-4.481666	9.266883	-11.313154	0.299531	-5.096175	-9.614226	-4.481666	2.588573	-11.313075	-2.114278	-11.565399	-9.614112	-4.481666	-6.499709	-11.313075	-11.473096	-14.854606	7.725369	7.257800	-10.999849	6.986357	-11.662554	-3.630296	7.724910	7.257800	1.360547	6.986357	4.872089	3.490010	-12.052764	-4.481666	12.308801	-11.313179	6.845749
5680	7	3.438763	5.834374	5.209354	11.242298	6.894961	7.787943	2.335139	-9.629784	-5.053311	12.851878	-6.322703	7.494455	-2.838831	-9.441091	-5.053311	4.196462	-6.322703	-3.023953	2.515773	-3.022673	-0.153962	12.754964	5.812392	7.626244	-2.024693	-2.802673	-0.153923	5.358378	5.812609	-3.023868	-7.884488	-9.440862	-5.053311	-3.159307	-6.322703	-8.802873	-0.140533	6.201497	5.209354	6.284587	6.894961	-2.978647
5812	7	3.881960	-15.175804	-0.975013	11.321537	-10.943645	8.222328	-11.610134	7.392900	8.517637	-10.861246	5.432472	-4.603284	-11.627067	0.711307	8.394281	-10.861366	-1.334675	-4.603284	3.645631	1.150535	8.517358	5.737094	5.408952	8.220057	-2.270545	7.392858	8.517637	3.217605	5.432472	4.461974	-11.378054	-8.777382	-0.975013	-5.295194	-10.943645	-4.600711	-2.292378	0.711262	8.394276	3.202221	-1.334701	4.461122
6114	7	-11.527371	-5.702861	-1.448648	-5.050736	-9.511404	-12.170502	4.756067	-8.559331	-1.448648	12.589660	-9.511456	5.534846	-12.047187	1.463451	3.675268	-5.468352	-3.158025	-12.170502	-12.301787	3.985993	6.622509	-8.683571	0.829154	-12.170502	-12.301788	7.319913	7.461039	-9.344437	5.701797	-12.170502	3.945434	4.489643	7.461039	8.290036	5.701796	5.529741	3.934933	0.763723	6.426584	9.164116	0.780104	5.529603
6160	7	3.059688	-3.055546	-0.616866	10.532791	1.128569	-0.232626	-7.963562	5.512065	5.858359	-10.680250	7.069202	-12.665752	3.186096	-10.224117	-3.646411	10.967313	-4.989882	-0.229940	5.541146	-11.727039	-0.688259	10.955035	0.912745	5.676684	-4.993573	-2.589314	-3.260097	0.090197	-4.672634	-8.145072	5.621781	-13.593934	-3.646411	11.275906	-4.989882	5.676685	3.768369	-0.991995	2.711612	4.559198	3.514083	-0.234452
6530	7	-14.081717	5.983202	5.560195	-7.706523	6.773807	-8.977145	-7.472098	5.983202	5.560195	4.049656	6.773807	-2.731092	-7.990973	-8.083934	-0.949634	4.512929	-1.372468	-2.709528	3.012369	-10.250663	-0.949634	12.389302	-1.372468	6.794545	-1.401905	5.982654	5.560195	5.573192	6.773807	2.067719	3.680011	2.270282	5.557923	11.951069	6.772984	6.796464	-14.600687	-8.083934	-0.949634	-7.263138	-1.372468	-8.788358
6545	7	2.938292	3.647146	5.616315	3.635086	6.801751	7.198259	2.900674	-10.397496	-5.034220	8.253753	-2.721544	7.194725	-13.361859	5.902357	5.705577	-11.429203	6.808781	-9.148339	-12.416548	-0.082428	0.153302	-6.696454	-0.350847	-9.148339	-13.392286	-8.070584	-4.776822	-6.674562	-2.713945	-9.148339	-3.470361	-0.082428	0.153302	3.754058	-0.350847	1.465983	-4.461077	-8.070584	-4.776822	3.251154	-2.713945	1.461674
6596	7	-11.261331	6.558248	7.063627	-9.693425	8.498284	-8.360813	-5.202081	-2.451623	1.070708	1.609617	-8.074740	-3.197948	3.528994	1.267043	7.061120	5.547641	8.162313	6.896371	-4.564598	-9.999981	-5.058814	1.610611	-8.503986	-3.194648	4.400859	-16.642233	-5.059237	10.625857	-8.503986	6.896379	-11.415455	-2.451623	1.070708	-4.649098	-8.074740	-3.678837	-10.777411	-9.999980	-5.058814	-4.648265	-8.503986	-3.677670
6602	7	6.470615	-7.748723	-1.944220	11.491100	-6.806095	6.622164	-11.032339	6.899245	8.629181	-6.569343	5.647342	-11.207378	0.442188	6.898653	8.629181	-0.049534	5.647342	-5.586483	6.104046	-7.748723	-1.944220	8.661485	-6.806095	0.266577	5.871370	5.809270	8.629157	6.263155	5.647342	6.621198	5.465895	5.809272	8.629157	3.339556	5.647342	0.224817	-4.684323	-6.658741	-1.907575	3.944346	-6.806088	-4.821630
6617	7	3.147185	-11.462535	-7.342386	12.423395	-8.564110	5.497176	-13.583578	6.689602	5.322395	-5.574219	7.367920	-6.534845	-5.752566	-0.918231	-4.469560	3.689921	-5.485784	1.941071	-8.470905	-6.668059	-7.342384	3.540606	-8.564022	-0.405795	3.137690	1.922941	5.316309	6.614227	7.353861	5.491854	-2.002501	1.375579	0.067963	3.540608	1.065367	-0.405672	-0.903993	1.374785	0.067656	3.690997	1.065290	1.942483
6622	7	-8.699098	-7.850947	-2.676516	2.594793	-10.910695	-4.473179	-15.105223	2.015525	7.160512	-7.681940	-0.013071	-10.259603	2.357425	-0.971617	5.754243	6.116996	-0.106682	6.319855	-15.107774	7.782481	8.319016	-7.685462	6.279440	-10.260519	3.072281	2.521888	8.062982	5.843493	6.279372	6.612970	-15.105712	-7.850947	-2.676516	-2.922577	-10.910695	-7.425422	3.075560	-13.625172	-2.829705	10.606573	-10.911914	6.642094
6631	7	-10.121304	5.674918	6.509278	-11.827111	-0.015524	-10.373535	4.356370	-11.055465	-3.482358	8.997752	-10.069120	5.970568	-13.318460	-9.148165	-3.482358	-9.090192	-10.069118	-10.373535	-10.256665	5.675127	6.688061	-11.969706	6.330696	-10.373535	7.599407	2.951290	6.487465	6.345284	-0.015961	5.970793	-8.055556	3.199608	1.009603	-9.264029	-5.989018	-10.373535	7.463767	2.965917	6.666997	6.202065	6.330400	5.970793
6632	7	-6.854260	-10.919991	-1.483002	3.391641	-11.718803	-4.828261	3.782950	-12.996749	-1.483002	12.754032	-11.718803	7.558945	-9.887937	-10.919982	-1.483002	-2.732307	-11.718803	-10.677470	-0.671767	-10.968344	-1.483002	11.493626	-11.718803	6.160868	-5.290397	3.672392	5.261652	1.831995	5.967424	-4.848009	5.138709	1.136738	5.066128	11.139132	5.829783	7.558945	-8.326689	3.672473	5.261653	-4.694937	5.967424	-11.170700
6763	7	-0.158896	-7.059948	-3.638765	7.977233	-12.134166	4.809591	-5.860220	-7.059287	-3.638572	5.304439	-12.134166	4.774591	2.780008	4.935738	6.653535	3.402208	3.802109	6.922451	2.790547	3.208910	6.191232	3.577653	-2.528372	6.923750	-6.903671	-7.059287	-3.638572	4.121249	-12.134166	1.235322	-9.714831	6.216910	6.680812	-5.791776	3.802109	-5.347549	-9.706859	4.515956	6.277993	-5.595608	-2.528370	-5.347549
6768	7	0.729158	-16.920836	-3.272500	8.722233	-7.315674	-0.572507	-4.258811	-11.729706	-3.272500	0.138197	-7.315673	-6.552081	5.261483	-17.325362	-3.272500	12.333015	-7.315674	5.871705	-9.162752	5.448821	7.567993	-11.375857	7.390605	-13.197724	-0.665311	-2.806659	7.555710	4.312537	5.663519	5.869186	0.361083	-2.192667	7.563806	5.545165	5.856544	5.870760	-1.951611	-0.410839	7.556906	2.896355	5.471089	5.809633
6800	7	2.860884	2.094415	7.190027	7.921286	5.544542	7.932594	-8.473624	-11.100601	-2.804461	4.281040	-10.099316	-4.066344	2.709215	-15.568903	-2.804461	12.868747	-10.099316	7.630163	-12.270447	6.761037	7.209736	-8.679680	5.620021	-10.019267	-4.763101	-11.101999	-2.804461	8.462510	-10.099316	1.991073	-4.308002	6.758398	7.209736	3.381468	5.620021	1.990998	-12.617275	-11.100593	-2.804461	-3.598797	-10.099316	-10.019215
6950	7	-11.909021	2.761775	5.474914	-11.979548	-1.022252	-10.205638	-11.002638	-7.923467	-0.321735	-6.449291	-10.753331	-10.205638	-11.925060	8.129155	9.087808	-12.897493	5.647228	-10.205638	4.153918	-12.741859	-0.455895	10.788570	-10.818579	6.169899	-3.274257	-7.923499	-0.321738	1.052250	-10.753332	0.400951	3.119422	4.747159	9.050047	3.935736	5.645796	5.812858	-4.468862	-7.923470	-0.321736	0.025406	-10.753331	-5.854145
6958	7	5.488033	4.497077	6.395511	3.869855	6.732862	-1.597035	7.354646	-12.289947	-5.521288	9.377124	-11.477579	4.815926	0.761112	-10.126748	-5.521288	4.366640	-11.477579	-2.380315	0.689778	6.520002	6.396132	2.287100	6.733232	-2.467329	7.341342	4.497077	6.395511	7.376322	6.732862	4.815926	5.506026	-12.289946	-5.521288	5.875075	-11.477579	-1.597032	-5.200788	6.551123	6.396133	-3.799289	6.733233	-13.572743
6987	7	5.291516	5.841331	7.032118	8.484602	6.470830	7.694995	-6.708616	-9.621398	-2.720222	0.983942	-7.020313	-3.581535	6.160082	-12.174914	-2.720222	11.402012	-7.020313	7.730195	-12.531591	8.245624	7.032119	-7.096983	6.470858	-10.311383	-9.517900	-9.621395	-2.720222	-4.207175	-7.020313	-8.090400	0.061159	-9.655692	-2.720222	9.677038	-7.020313	6.160054	-0.818548	8.235893	7.032119	6.226402	6.470858	5.537697
