76	1	4.867854	-12.755745	-4.192842	13.102260	-10.853946	5.831984
159	1	-11.575914	-8.166968	-8.251447	-3.817650	-16.917589	-4.939907
222	1	-13.247698	-10.126745	-7.454428	-8.580819	-6.949181	-7.740690
370	1	4.187837	-18.532410	-4.635440	11.661038	-8.917038	8.296787
408	1	8.229815	-14.038779	-5.853432	10.191595	-15.193520	7.288478
410	1	5.204459	-13.223601	-2.492577	12.345754	-8.759823	4.197308
430	1	5.347767	-12.741112	-6.554332	12.455975	-15.132509	6.895796
444	1	-9.417236	5.375861	6.672513	-11.017342	8.303417	-12.730912
455	1	-13.274324	-8.538440	-9.353456	-3.020994	-11.368130	-7.443650
482	1	-14.315509	-10.818318	-7.239395	-6.915418	-9.868861	-11.390306
519	1	9.297822	-19.383612	-5.684365	11.576634	-11.253004	6.353003
608	1	3.471641	-15.659980	-6.174735	11.912385	-12.058541	6.274510
655	1	-9.971340	-14.235830	-5.936769	2.808267	-5.783315	-6.201165
671	1	3.056030	-8.290220	-9.567446	12.081475	-9.659813	8.336430
695	1	8.552407	-13.868094	-6.577409	13.086758	-10.456035	7.364663
728	1	5.261700	-14.278087	-6.696230	11.484640	-15.037789	8.553101
778	1	-11.057234	-4.629215	-6.764843	-0.392519	-12.350345	-11.853656
810	1	-15.089561	-13.192417	-5.094318	-6.742082	-12.037060	-10.934192
838	1	9.336483	-17.908643	-8.181343	12.119538	-12.626692	5.785790
861	1	-12.781723	-16.736908	-5.841148	-5.424119	-10.176770	-6.519916
911	1	-6.763786	-9.174365	-2.102365	2.009554	-8.373717	-3.549407
1069	1	-16.390653	-9.454579	-0.926181	-6.161670	-12.963105	-8.010269
1177	1	-14.220456	-9.389732	-8.349469	-6.723537	-11.762450	-15.516639
1201	1	5.667777	-12.914705	-3.348023	11.659173	-8.567451	6.022195
1268	1	-16.262439	7.425230	5.534393	-7.741100	6.584888	-13.221495
1306	1	1.687414	-12.408185	-3.466768	12.068605	-13.194331	7.305940
1368	1	-11.569985	-9.217567	-4.773689	-7.662497	-9.542776	-17.041768
1554	1	5.728922	-13.809329	-8.612775	11.958177	-6.426026	7.560012
1628	1	-15.700804	-9.794433	-6.885144	-10.723231	-6.939910	-10.514862
1775	1	-15.704672	7.636777	8.666882	-8.056741	9.289845	-7.039669
1829	1	8.553656	-13.065602	-5.083457	8.573140	-13.833646	6.520813
1848	1	7.171287	-16.467853	-6.602293	11.403894	-10.741794	3.846807
1904	1	10.318425	-12.573898	-6.025882	10.458538	-12.433684	4.033437
1979	1	5.252376	-10.180764	-7.535591	11.606404	-10.997657	6.700203
2062	1	-10.171786	6.505500	9.564657	-9.162688	7.453770	-14.602299
2117	1	-10.078507	-11.761864	-7.006354	-7.233622	-10.328537	-11.663579
2266	1	-13.768425	-12.825995	-9.682364	-3.454449	-10.249325	-13.207443
2270	1	-15.570169	6.135259	5.325093	-8.661484	6.029915	-13.168644
2295	1	-6.257049	-10.807477	-8.342407	3.822000	-8.833471	-5.753355
2309	1	-12.946749	8.448023	6.179458	-6.196059	8.074738	-11.910515
2351	1	-7.265143	7.671014	9.578994	-9.761221	9.327323	-16.459754
2354	1	8.155299	-13.547896	-6.080097	10.180824	-11.274165	9.644459
2355	1	-13.746776	-14.958810	-0.606124	-6.492748	-8.786458	-7.750131
2366	1	7.191083	-9.774313	-5.903174	12.515136	-11.275834	7.371237
2465	1	-7.570601	-10.341743	-5.720789	1.741844	-13.937716	-9.121591
2478	1	5.719524	-12.998324	-5.742830	10.611615	-11.791769	7.035578
2481	1	-17.416413	8.542238	7.437219	-8.130685	7.855673	-11.850952
2527	1	-14.183313	-8.008219	-3.013409	-6.551923	-11.247234	-10.822140
2543	1	5.698125	-16.934552	-7.254728	13.877590	-8.832525	8.203774
2576	1	-11.796060	-12.115607	-11.342566	-5.019467	-10.864555	-5.997666
2625	1	-13.298519	9.699175	6.139668	-9.589693	6.835563	-11.698911
2681	1	-16.425195	-14.700715	-5.552662	-4.646245	-11.084857	-9.407787
2700	1	-8.079013	-14.255529	-4.985761	-7.287096	-10.775024	-12.568106
2771	1	-13.159012	-11.084472	-5.112998	-0.394047	-12.899453	-8.524607
2815	1	-11.230461	-13.469426	-10.546209	5.130635	-13.577898	-3.984425
2828	1	3.015160	-17.003750	-6.900147	7.636544	-8.372679	-0.372733
2854	1	8.096648	-18.077011	-1.273165	10.114957	-0.600109	5.986927
2893	1	-10.379513	-7.050221	-3.832030	-3.953792	-14.497527	-10.146703
2897	1	7.630338	-20.015759	-8.863320	12.428062	-7.832309	3.678714
2932	1	-8.428531	-9.910928	-8.584234	7.118809	-7.527889	-7.729153
3000	1	3.377185	-9.921280	-2.533627	14.479570	-12.157050	8.479652
3033	1	-14.608789	-11.189503	-5.533863	-1.638573	-14.736788	-13.614685
3056	1	5.332255	-19.080599	-5.723016	12.664193	-6.343263	7.793005
3060	1	11.198545	-14.082359	-5.279427	11.395096	-9.991920	6.100330
3101	1	8.343881	-16.722879	-3.329917	12.381465	-8.452503	7.638320
3160	1	8.623463	-14.602868	-0.727605	12.322610	-11.754335	7.262161
3334	1	5.348150	-13.563958	-3.087028	11.232695	-11.972193	3.196049
3418	1	9.027516	-16.032396	-9.503538	11.502878	-13.476652	4.835612
3428	1	-5.308190	-9.913945	-2.367789	1.613364	-13.546309	-9.079841
3448	1	-13.265749	-11.063391	-3.139189	-3.728242	-10.970807	-9.202529
3520	1	6.765097	-13.015833	-9.225895	12.233958	-8.790300	6.703824
3559	1	6.731383	-20.519905	-3.707226	10.703081	-9.720007	7.138579
3602	1	-13.846966	-13.015109	-6.123748	-5.758432	-9.592521	-11.282022
3608	1	-13.575795	-13.309209	-11.044910	-5.721483	-12.361874	-6.976374
3631	1	-15.387886	7.070346	8.721592	-10.699416	7.334638	-6.495700
3705	1	-17.303402	6.112199	8.708944	-11.158141	6.893800	-9.335339
3807	1	6.118014	-13.662864	-4.824517	9.529233	-8.998476	7.767014
3832	1	3.879748	-14.676002	-6.446383	13.682229	-12.890130	6.329579
3834	1	10.417335	-17.463984	-7.139358	10.818220	-14.622228	7.670617
3901	1	8.796568	-14.834580	-4.703126	11.200698	-14.838690	7.603632
3969	1	-16.638425	7.121895	7.431773	-11.705321	7.920882	-14.202979
3972	1	-4.135919	-11.770799	-9.230632	7.012590	-12.574104	4.507495
4020	1	-9.266756	-15.922746	-2.108496	3.841370	-10.680312	-3.448229
4074	1	-17.946524	5.455202	8.549827	-12.794644	8.197414	-10.864030
4098	1	1.508762	-15.105441	-8.965141	7.442560	-9.214488	-4.065048
4105	1	5.569555	-16.983411	-4.352158	12.595154	-12.728761	6.908781
4107	1	7.509834	-15.236836	-3.184587	11.284355	-13.781389	6.672450
4189	1	-1.149103	-11.008949	-3.027970	9.348489	-15.893640	7.136813
4234	1	4.703489	-12.354449	-5.729984	11.084026	-9.345116	9.328116
4294	1	6.213764	-16.752675	-5.806823	11.636951	-8.707878	8.107158
4372	1	-10.251423	7.041217	6.628636	-7.575408	6.615185	-12.056713
4374	1	-15.804699	-8.795750	-7.264000	-4.402888	-15.627928	-10.590504
4394	1	-9.699900	-5.375424	-6.296303	-1.646593	-13.222011	-11.363769
4409	1	-8.907505	-11.720060	-8.996017	3.362005	-11.820238	-5.820214
4574	1	-10.052825	-11.331526	-7.837602	5.984864	-11.230311	0.409822
4588	1	6.827547	-14.613386	-8.929647	12.442390	-8.067445	8.627330
4591	1	-11.462112	-9.238514	1.096720	1.643673	-10.194009	-4.053802
4659	1	6.166918	-8.715565	-10.668165	12.475585	-9.069394	6.932291
4663	1	6.879050	-17.331570	-3.712952	13.133688	-15.204326	3.360172
4688	1	-11.500756	6.482162	6.013527	-13.355060	8.739153	-12.174351
4740	1	-10.459276	-10.973769	-7.309537	-8.312158	-9.708023	-9.948785
4780	1	4.798239	-6.419038	-2.330921	12.760865	-16.358210	4.782784
4787	1	-14.626404	-13.505475	-3.019798	-7.266118	-8.480424	-11.191625
4876	1	2.715205	-7.719374	-5.369572	9.894499	-7.719925	7.216091
4877	1	6.496976	-14.601134	-4.265300	13.078415	-9.790729	8.787723
4898	1	-13.440397	-12.992124	-5.537540	-8.201217	-15.797065	-8.967986
4932	1	5.269142	-8.581308	-6.094770	11.122923	-8.664949	6.499187
4934	1	4.638858	-3.868985	-10.752833	11.101397	-5.867991	6.489876
4961	1	-16.367501	-9.261094	-6.211055	-5.676225	-10.998550	-9.228119
5000	1	-7.801209	-6.224781	-3.890079	6.024921	-16.476920	-9.022943
5038	1	4.472191	-18.061879	-4.097550	11.050524	-13.862265	6.304879
5083	1	6.452078	-14.631649	-5.698547	12.821414	-8.412779	7.336753
5111	1	6.907119	-13.877703	-3.135953	11.764940	-5.396003	6.671200
5202	1	-13.676261	-9.622279	-4.000349	-4.354886	-11.992954	-5.873245
5260	1	8.105638	-18.162932	-6.053484	14.333744	-12.556781	8.135878
5265	1	10.569260	-17.696029	-1.799493	11.668617	-8.080827	7.257480
5321	1	-10.300245	-11.793255	-2.313259	3.868718	-11.602849	-9.911584
5352	1	-11.118426	-14.453072	-9.582442	-2.799996	-12.801838	-4.868381
5404	1	5.243358	-14.948590	-5.438192	11.939070	-15.112707	8.361605
5438	1	-7.166760	-12.311887	-3.706348	3.742157	-13.990687	-9.146701
5463	1	-15.455988	9.241937	7.423258	-11.549573	7.721958	-12.871296
5472	1	6.339982	-21.579688	-4.801922	14.051576	-12.603698	9.097764
5502	1	8.458349	-16.705638	-7.210915	10.864220	-12.174236	8.969931
5543	1	-17.077335	-13.489055	-5.700020	-6.301147	-14.230252	-8.807789
5583	1	7.753131	-13.914784	-4.031798	13.342247	-9.107914	5.841661
5627	1	3.143940	-14.754300	-8.571770	12.295367	-14.317697	8.343504
5783	1	-12.024799	5.710068	6.525206	-13.366599	7.184019	-15.107563
5791	1	3.830393	-14.156234	-6.550197	13.485674	-6.813537	9.500581
5821	1	5.908163	-11.094342	-5.810042	12.617393	-12.739418	4.306092
5824	1	-13.017684	-17.255558	-6.039936	-6.595797	-11.364816	-12.648069
5870	1	5.364799	-15.133751	-2.837523	11.709796	-9.961433	7.627280
5897	1	4.922504	-16.482551	-6.884016	12.529931	-6.825200	7.829217
5902	1	-16.436216	6.886027	7.628727	-11.163088	6.688948	-12.375895
5965	1	0.820153	-9.719853	-3.092391	9.533483	-8.152102	7.909368
6061	1	-8.942255	6.114425	7.501702	-12.274573	6.851061	-10.350997
6127	1	9.604689	-17.351306	-4.372610	10.950573	-9.924780	6.979328
6181	1	8.404833	-11.416877	-10.423441	10.654272	-9.308772	6.196164
6250	1	3.699388	-16.034198	-3.538166	11.905271	-9.087966	7.299182
6282	1	5.314523	-13.609415	-5.184884	9.973284	-13.298514	6.595892
6351	1	-14.880717	-11.937773	-6.364679	-6.575011	-16.383708	-14.667709
6398	1	4.604117	-8.335272	-6.319660	11.071214	-9.011769	6.843658
6420	1	8.394156	-10.554477	-4.926589	11.098170	-17.294805	7.557834
6449	1	-12.033051	-7.548999	-8.694114	-3.399069	-12.922416	-5.227386
6468	1	-9.114556	-10.672694	-9.409800	-1.079786	-14.800450	-9.243837
6496	1	-10.389125	-12.174558	-5.811606	5.144289	-12.369369	-1.583567
6498	1	3.639169	-17.282209	-5.815128	10.589407	-7.370327	7.411868
6500	1	-12.282042	7.271241	6.594028	-10.453768	8.385749	-6.972201
6511	1	6.229344	-13.865037	-3.436100	11.828748	-9.176490	6.713516
6533	1	-2.071278	-14.850829	-5.353257	-7.058275	-11.152859	-13.330299
6550	1	-7.527213	-11.670158	-8.180599	4.626211	-11.064816	-5.996012
6613	1	7.866082	-17.408741	-4.165527	12.402595	-11.209318	6.482927
6642	1	-10.365883	-12.727170	-7.391615	4.464042	-9.767037	-9.385633
6699	1	6.640907	-18.456835	-8.300544	13.839401	-12.353867	5.545902
6841	1	-11.239975	-7.897621	-7.977222	-7.821415	-11.145081	-10.357855
6870	1	6.201765	-17.102060	-5.073115	11.126272	-8.012826	8.625166
6896	1	-12.443473	-11.809506	-5.894233	-9.195888	-8.653549	-9.068516
6970	1	-12.353390	-10.609268	-7.077663	1.967132	-6.886541	-5.763466
6985	1	-12.016053	-9.371858	-5.504728	4.754186	-13.827266	-1.871235
