51	6	6.402034	-14.393357	-5.087661	-4.446494	-10.716095	1.247136	-3.378038	-9.581630	-5.087661	-8.679638	-10.621420	-7.482475	2.601280	-12.761730	-5.087661	-4.843329	-10.708540	-3.508206	-7.747977	8.402354	6.593273	-15.122352	6.644726	-8.522442	13.648699	-14.393444	-5.087661	6.617832	-10.716096	7.699251	-1.635633	3.812677	1.614353	-8.755899	0.794720	-6.353558
67	6	-7.334161	2.203238	3.486625	-14.072320	-1.377924	-10.046451	-6.572466	-8.859328	-1.876535	-13.610594	-7.729959	-10.042874	-7.531479	7.004378	6.254296	-15.314632	5.724679	-10.046909	11.471941	-15.140896	-1.899209	4.692686	-7.741847	5.977415	6.287194	-4.589072	3.489839	4.228811	4.158261	5.976117	5.073390	-15.140633	-1.899209	-1.903369	-7.741847	2.744128
71	6	-5.061229	8.158523	7.244472	-16.246807	8.252844	-7.089082	-1.848659	-8.763141	-5.282262	-14.124646	-7.200401	-7.087089	6.169631	-9.410073	-5.282262	-1.732964	-7.531909	6.396164	8.179496	7.511590	7.244472	2.089034	8.252458	6.675403	2.772545	7.681264	7.244472	-4.172947	8.252576	5.010435	11.400030	-9.410075	-5.282262	4.373424	-7.531910	6.695627
88	6	2.755412	-9.117729	-5.065333	-3.939736	-12.834802	-2.501151	10.864417	-13.374741	-5.453522	6.598794	-12.850496	7.781428	-2.024781	-7.383893	-4.418809	-8.141543	-12.795431	-5.026704	2.372650	7.989819	6.694516	-10.595202	3.496036	-2.586944	6.548991	2.805598	6.647329	-5.196809	3.454517	3.404254	-2.398110	8.761186	6.695077	-14.757173	3.496125	-5.311660
95	6	8.464557	1.537697	7.177112	1.739538	4.462409	7.247682	5.142160	0.103117	2.135419	-5.187207	-2.488196	-1.971258	-4.159036	4.751136	7.179212	-16.247440	4.478923	-11.630777	9.166605	-15.008058	-3.413514	6.435217	-9.582681	7.327853	14.801537	-0.968536	2.080102	6.391069	-2.854195	7.327845	-3.883940	-11.763396	-3.413085	-11.608351	-9.582510	-11.630762
148	6	13.509904	-14.656005	-2.816002	7.943534	-5.381711	6.199172	2.384762	3.526610	8.273676	-9.594866	5.127244	-5.734083	4.142896	-14.185262	-2.816002	-3.616405	-5.381711	-5.278745	-0.644410	-9.635515	-2.816002	-6.846380	-5.381711	-7.466309	11.355373	1.196408	8.257207	2.134699	5.127198	6.199088	-2.396177	6.378509	8.273681	-13.046136	5.127244	-10.349105
164	6	0.164845	4.279712	7.341913	-6.039927	5.583454	4.252425	-9.411410	-5.177289	-4.911454	-11.784206	-12.499464	-7.475704	5.527591	3.329656	7.341913	-4.571811	5.583453	4.259758	11.922197	3.329656	7.341913	1.789138	5.583453	5.117531	8.514794	-8.664176	-5.015517	2.894437	-12.621587	5.177262	-5.998333	6.862890	7.341913	-12.878523	5.583454	-7.410507
190	6	5.053401	-13.934310	-4.658523	6.387654	-11.436125	-4.173462	-1.492948	-9.379150	-4.658475	-0.251555	-11.428302	-10.857905	4.845567	3.068555	7.621295	0.954523	6.916435	-4.443108	6.094788	-13.937099	-4.658523	7.288410	-11.436125	1.689860	-4.341415	7.650325	7.621543	-10.492909	6.917049	-15.061171	5.744810	3.063538	7.621291	1.962087	6.916430	1.599892
248	6	-3.656891	-10.609732	-4.691168	1.625948	-10.148787	-6.734025	7.017818	-16.553245	-4.691168	6.916024	-10.224275	-0.177976	8.003914	-16.554326	-4.691168	8.377198	-10.224276	6.434164	-8.160826	8.263711	5.590910	-6.356372	5.450897	-10.292998	10.638473	2.318438	5.588450	3.298871	5.238099	6.434146	9.550982	2.318444	5.588451	1.835936	5.238100	-0.185693
294	6	7.863286	-12.736352	-4.367487	8.137412	-11.880983	7.006053	-8.287414	7.096163	6.706805	-12.967442	5.590490	-10.624279	-5.995524	-9.046428	-4.367486	-7.663163	-11.880851	-10.623483	0.286215	-10.045540	-4.367487	2.180381	-11.880951	-2.743505	-8.288432	5.933503	4.365641	-8.511885	0.580973	-10.624279	5.555065	3.657001	6.705715	2.822297	5.565956	6.995312
394	6	7.268519	-17.556137	0.432678	-0.285922	-11.622764	-5.523038	9.248970	-17.646928	0.432678	3.530665	-11.622764	0.003477	-4.862099	-11.248932	0.432678	-10.269820	-11.622764	-12.175539	9.696481	-17.649906	0.432678	6.365392	-11.622764	4.984022	-3.264801	6.509423	6.988740	-15.315077	4.902139	-12.136109	3.448674	3.785567	6.988740	-10.819293	4.902139	-6.307579
456	6	-4.764805	-10.605666	-3.974910	-2.081305	-8.252511	-9.109175	1.971506	-11.250965	-3.974910	-0.822907	-8.252511	-1.707377	5.365069	-14.342927	-3.974910	6.643730	-8.252511	3.865085	-4.310545	-10.605666	-3.974910	1.406195	-8.252511	-7.158744	-6.905598	6.351660	5.165978	-5.756960	6.342797	-11.913885	6.227564	2.464108	5.150438	2.939671	6.340158	3.688382
514	6	-7.208174	-5.605932	-3.763340	-13.379749	-5.849519	-6.932131	4.326317	-4.178086	2.283872	-9.296018	3.378061	1.158520	-7.824565	9.527570	6.643663	-18.533330	7.750565	-6.932131	4.058076	5.539460	6.643661	-14.572012	7.750555	1.116310	8.883166	-11.517421	-3.763341	3.337473	-6.980818	5.682431	4.691171	-10.385120	-3.763341	-9.269653	-6.978964	1.188670
526	6	-6.681052	7.473587	6.746410	-11.286467	6.597980	-7.124039	9.151306	-9.183661	-5.444400	7.888440	-4.458440	7.493455	9.147996	-5.491045	0.882199	7.888429	4.891690	7.493455	8.707614	4.655537	6.746409	5.543003	6.597477	7.493455	-6.237360	-6.365398	-5.444400	-8.940754	-4.457674	-7.124039	-6.240454	-2.665780	0.883381	-8.940769	5.009413	-7.124039
529	6	4.319531	-11.640988	0.712837	0.702772	-4.528239	-2.503359	1.635535	-9.614481	0.712870	-3.308693	-4.527186	-10.898313	4.004278	2.438516	4.913229	-6.255093	5.515011	-8.090528	11.258612	-14.097991	0.712835	7.840446	-4.528304	4.694953	-4.057709	-8.042766	0.713144	-11.165759	-4.518437	-13.243503	11.181683	-5.255380	4.800134	5.683134	3.385723	4.694953
545	6	-7.473783	-9.353753	-6.407018	-10.723863	-9.220970	-5.402809	-3.925340	6.659232	4.789083	-13.104083	6.020712	-5.402236	10.579543	-14.611694	-6.407345	4.516202	-9.220970	4.696309	13.960343	1.398513	4.668148	2.293940	5.987563	4.690943	6.466462	1.398514	4.668148	-6.635436	5.987563	-1.723298	1.932506	5.087491	4.788409	-7.255918	6.020614	-4.069845
554	6	-4.271427	-8.487708	-3.601725	-10.973572	-8.965524	-12.739266	4.953357	-11.366731	-3.601725	-4.554386	-8.965524	-6.462253	10.625318	-13.767600	-3.601725	8.045896	-8.965524	5.923704	-4.062093	7.938381	8.575462	-16.116383	6.214304	-12.739262	6.871210	-12.651349	-3.601725	2.128826	-8.965524	-0.600791	10.833390	2.639323	8.573320	2.902665	6.213371	5.923638
570	6	3.944689	3.454521	5.276224	-7.147501	6.701265	-6.169077	-6.150954	-10.692121	-3.373622	-10.586430	-8.731592	-12.299511	8.394456	-14.016609	-3.373622	2.482148	-8.731592	0.175932	10.037357	-14.016609	-3.373622	6.826716	-8.731592	4.742704	13.288563	3.396560	5.276213	4.334345	6.701203	4.742686	-2.937817	6.920046	5.276277	-13.078487	6.701616	-12.299511
581	6	-6.631159	-9.517449	-6.767951	-10.123762	-9.758730	-5.910844	8.759689	-14.127651	-6.857395	4.057524	-9.821356	5.901153	-3.379329	8.404786	6.000801	-12.457836	7.151627	-5.911070	5.856659	3.746291	5.850492	-8.314072	7.101390	0.183494	12.087235	3.616509	5.836590	1.832443	7.096569	5.875441	6.408772	3.678452	5.843364	-1.879687	7.098922	3.883684
619	6	7.490573	-14.414704	-3.530545	7.356874	-10.998204	7.750248	-6.837797	-8.582332	-3.530542	-11.220184	-10.988647	-7.600136	8.551067	2.059280	4.575549	6.634032	5.258477	7.750249	-5.345176	2.247620	2.960213	-11.401894	-1.188079	-7.600136	-5.777001	7.924460	4.576062	-11.969518	5.258512	-7.600136	-6.739949	-2.386014	-2.197187	-11.220326	2.386352	-7.600136
645	6	-5.912798	-1.365485	0.015799	-11.693174	-3.592950	-11.530397	5.981797	-7.599102	-3.147160	7.125650	-3.992322	4.949814	-10.007615	5.732319	6.602230	-18.187456	7.142606	-11.549878	5.002316	1.899742	6.308487	0.815409	7.139915	4.188304	6.990270	-5.141992	2.610792	7.124157	4.680261	4.949801	3.168887	-5.464631	-2.627751	1.999525	-3.988093	-0.563728
716	6	-5.671416	-9.999032	-6.179182	-11.726838	-8.121735	-4.745636	12.088585	-12.727897	-6.179212	6.040515	-8.121735	8.381007	15.034035	2.669872	4.249456	2.692429	7.377937	8.377547	8.811125	2.669872	4.249456	-3.841951	7.377937	3.240353	-2.885164	5.476341	4.369030	-14.835424	7.400783	-4.745622	3.157713	2.777907	4.265828	-9.104733	7.381279	-2.201455
731	6	5.493168	1.555846	5.919107	-6.171318	0.029324	-0.985592	-4.287713	-2.019087	-1.183675	-8.891747	-6.968651	-6.089658	-2.512794	7.729657	6.875197	-11.917091	6.868845	-6.089656	4.919035	1.631652	6.772981	-6.173501	6.730670	-0.985806	8.537990	-11.242096	-1.522482	4.173073	-10.341228	6.405851	-1.987819	7.698058	6.139450	-11.852473	0.283058	-6.089647
757	6	8.547067	-11.420072	0.488166	4.614415	5.168897	6.957315	8.620690	-17.020078	-5.169970	4.614415	-0.214565	6.957315	12.555814	1.049461	6.348979	3.003744	9.436603	6.930327	-4.226387	7.532808	6.362230	-11.365922	9.471019	-6.908187	-8.232917	-4.919548	0.523751	-9.937490	5.179696	-6.893358	-8.157603	-10.536738	-5.169970	-9.937489	-0.214565	-6.893358
781	6	7.630123	-16.594152	-4.181135	5.908972	-7.757380	6.408380	3.009146	-12.550967	-4.181135	4.739850	-7.757380	0.335416	6.283401	1.705003	6.597479	0.712836	6.396414	-0.253339	10.939255	1.704969	6.597460	1.650481	6.396412	6.307158	3.461577	3.643727	6.882771	-6.374667	6.411488	-2.512090	8.812706	1.704969	6.597460	-4.885290	6.396412	3.584177
803	6	1.276963	2.005904	5.780941	-12.113003	7.202398	-9.722657	-3.217993	-11.280754	-5.872556	-9.936438	-8.307877	-10.167541	10.727947	-16.257407	-5.872563	8.508832	-8.342247	6.582161	-4.411006	6.999694	5.893895	-16.247682	7.506531	-10.167566	2.754544	-16.257351	-5.872563	-3.945018	-8.342247	-4.516818	9.511975	1.977636	5.776609	1.940256	7.196809	6.343375
804	6	7.278314	3.601604	7.532033	1.816801	4.701892	5.944048	8.581608	-11.121453	-4.534191	8.287291	-7.523410	5.945355	-4.578567	-8.176191	-4.534150	-5.406444	-7.300339	-9.559490	-5.819771	6.534245	7.539446	-11.813704	4.781646	-9.563961	5.120773	3.866244	7.534229	-5.287147	4.716960	2.364190	5.194389	3.842019	7.534064	-2.245121	4.715688	3.946550
830	6	-3.956311	6.828895	1.699672	-10.365658	-5.819490	-5.645138	13.783123	2.509374	1.699653	3.456615	-5.874655	5.911620	9.139102	2.509374	1.699653	-1.133413	-5.874655	-1.193425	7.567951	-3.738465	-3.800284	3.456711	-7.814442	5.899129	2.986428	-2.608500	-3.711375	-1.516294	-7.107612	-1.508181	2.438917	-0.809047	0.519185	-4.796327	-6.348066	-1.642122
841	6	7.596523	-14.776539	-3.477106	8.489982	-10.528124	5.753306	-6.490777	-9.570826	-3.477106	-4.161721	-10.527963	-9.870853	-6.636999	7.032113	6.773260	-7.787158	6.965667	-10.224311	5.510937	-14.721872	-3.477106	5.084183	-10.528124	0.902663	7.437233	1.819413	6.735679	4.909327	6.835633	5.751928	-2.543480	-9.588064	-3.477106	1.804048	-10.527966	-3.997487
856	6	5.277326	-14.386275	-2.812620	8.420974	-6.241871	0.354307	9.782167	1.517912	5.669467	4.104118	6.520098	5.795336	-3.803485	8.157536	5.674434	-11.427586	6.567249	-6.533184	-7.068687	-7.750382	-2.812619	-6.931661	-6.241871	-6.533347	7.999084	1.517914	5.669467	3.955182	6.520098	0.354354	7.091707	-14.389525	-2.812620	8.569917	-6.241871	5.795335
909	6	-2.498328	-11.639217	-2.853603	-10.770228	-8.937687	-9.174160	10.681280	-18.103928	-2.867138	4.169973	-8.937693	6.747915	-2.677512	6.868666	8.997005	-16.386054	5.106487	-9.174161	8.202813	-18.103928	-2.867138	-0.465021	-8.937693	6.746143	4.766470	-18.103928	-2.867138	-5.965477	-8.937693	1.268582	2.417384	-18.103894	-2.867138	-7.225612	-8.937693	-5.472021
923	6	-8.118936	8.342856	7.207323	-13.719886	7.132729	-11.160150	10.376442	-7.722141	2.012504	5.049455	4.136998	4.781651	10.690578	-14.036280	-3.977222	6.009792	-8.350703	4.781652	10.397324	2.707874	7.089645	1.830704	7.131157	4.774352	-7.785198	-8.405750	-3.977103	-9.938615	-8.350642	-11.160150	4.191097	-11.524443	-3.977221	-2.277552	-8.350702	-5.330578
1006	6	11.049078	-12.237177	-2.424117	8.421187	-8.872697	6.742154	-5.898944	7.189064	6.697238	-10.994278	6.922567	-9.462208	10.705671	3.785599	6.697232	3.084757	6.921922	6.742154	5.005422	4.506833	6.697238	-3.123978	6.922480	2.962414	-5.556562	-8.832120	-2.424117	-5.659497	-8.872697	-9.459548	0.609348	6.563492	6.697238	-5.825344	6.922567	2.821234
1013	6	2.460995	5.805684	8.211412	-12.914849	6.514770	-7.512550	1.611088	-7.685473	-3.490699	-9.533828	-10.087588	-7.251252	-4.983605	-7.283880	-3.489806	-11.457819	-10.084663	-13.376330	3.111067	-9.063424	-3.491720	0.444575	-10.090941	-1.680572	-4.137862	7.191352	8.212290	-17.142506	6.515065	-13.535565	7.335526	-9.178018	-3.491746	6.038085	-10.091027	3.694856
1023	6	8.897175	-14.300057	-5.772273	4.992048	-9.757784	7.370405	-8.124360	-9.196380	-5.772273	-13.184753	-9.757784	-9.100396	14.434191	2.076259	5.004625	2.722831	6.191126	7.284409	-2.579771	7.179969	5.004628	-14.041875	6.191150	-9.103811	3.320217	3.240760	5.004628	-9.946587	6.191150	-1.521739	9.621975	2.076259	5.004625	-3.461483	6.191126	4.584000
1041	6	-9.340465	-11.384527	-3.741246	-4.223835	-10.576659	-10.385094	9.519932	1.517828	4.137355	6.856376	6.951434	7.501875	7.417198	-16.354919	-3.743435	9.250600	-10.577246	7.469783	-6.662768	6.513536	4.680523	-8.146967	7.149627	-10.259391	1.173078	-12.879945	-3.742705	5.481824	-10.577050	0.020326	-4.449699	-11.384527	-3.741246	2.178466	-10.576659	-3.615589
1046	6	-8.299441	8.603682	8.141821	-16.247153	5.931956	-7.292981	10.061178	-9.729971	-3.171662	7.761591	-12.017801	8.698941	-5.874737	-4.472474	0.706174	-11.446562	-10.266245	-7.292981	1.452893	-0.106433	1.988328	-7.644091	-3.170811	-4.614332	2.594291	6.591165	8.140982	-7.017592	5.931897	2.118988	8.042351	3.448283	8.132274	2.949082	5.931290	8.693719
1067	6	5.641511	-1.625065	7.173949	3.601142	6.805503	7.830799	9.393980	-9.207229	1.865225	7.186361	-5.343957	7.830800	-5.601245	6.445230	7.346683	-13.694019	9.507300	-9.052755	11.673659	4.326612	7.346683	3.601136	9.507242	7.830799	6.140294	4.328780	7.346683	-1.552387	9.507242	-3.124012	-7.882523	-7.088502	1.865252	-10.108142	-5.343936	-9.052756
1095	6	9.286060	-14.877852	-3.345583	5.704149	-10.688719	5.941419	-7.043868	-9.169916	-3.345583	-10.941258	-10.688719	-12.325785	2.932038	4.987733	8.528950	-9.211731	5.144584	-6.203384	-3.383561	6.748031	8.528951	-14.421815	5.144585	-12.325225	5.654927	-13.041144	-3.345583	1.945596	-10.688719	-0.363097	2.951635	0.397558	2.083792	-5.739172	-6.992878	-6.203379
1103	6	-8.917220	-9.726565	-4.582024	-16.160120	-9.134158	-9.367707	5.747738	2.282580	4.729205	-7.855256	7.032439	1.627654	2.540948	-14.013589	-4.582920	-7.096618	-9.260524	1.427315	9.504628	-14.768152	-4.582939	2.100150	-9.263434	7.688136	-6.137059	7.415640	4.746360	-18.081353	7.258646	-8.875087	8.842868	2.282419	4.729200	0.209281	7.032415	7.663731
1146	6	11.238817	-9.944386	-4.422250	7.535841	-10.170530	6.348180	-2.380506	8.799953	5.645334	-10.096773	5.057366	-12.664513	3.922781	6.084957	5.645322	-7.036252	5.057363	-6.089531	14.282773	5.616486	5.645303	1.448516	5.057359	6.292260	-1.551862	-6.760446	-4.422021	1.225369	-10.166461	-6.163649	-5.592934	-6.760153	-4.422021	-4.022235	-10.166459	-12.663650
1168	6	8.855852	-10.331048	-4.494351	7.198032	-8.665409	4.320503	4.667481	2.847385	6.686782	-7.104999	5.631022	-6.377344	2.074372	-8.094826	-4.494351	-5.941483	-8.665264	-6.095914	11.204739	2.842570	6.686750	5.315911	5.630886	4.299455	-1.295906	7.447320	6.688685	-8.048132	5.651498	-8.926240	-3.649438	-5.728159	-4.494351	-6.166072	-8.661381	-9.597337
1205	6	3.260147	-4.729255	-8.590068	-3.287976	-9.819248	-5.540699	4.088146	4.127165	3.873358	-5.281364	5.834967	-5.777345	8.195435	-7.072557	-8.590069	7.071888	-9.819526	4.808314	12.511876	3.222267	3.873118	5.083844	5.834852	4.804298	-3.625184	-1.135584	-8.423777	-7.021609	-2.109374	-11.493259	-2.770559	6.220861	3.873369	-9.006547	5.834972	-11.494019
1326	6	-7.959497	-7.902829	-1.696225	-12.909939	-5.927136	-9.194360	9.858558	-12.573745	-1.699377	3.983128	-5.927137	6.234237	2.771773	5.534759	4.886941	-8.063452	6.321916	-6.641567	14.954152	2.178953	4.871982	2.879960	6.321113	6.231130	6.061413	2.181160	4.872028	-2.009396	6.321120	-5.094040	2.423128	-8.714736	-1.698357	-0.914056	-5.927136	-3.019433
1335	6	2.541222	-17.101481	-2.366219	3.875924	-10.095432	-2.132986	-9.098486	-10.867310	-2.366219	-9.394200	-10.095412	-13.635876	-3.258394	1.097978	3.853143	-9.502811	-1.694884	-13.636055	-4.097968	7.209011	5.532316	-14.982025	6.065599	-13.637223	7.015052	-17.314310	-2.366219	7.115423	-10.095432	5.346885	8.045364	0.716045	4.728239	2.542483	5.364727	-1.089135
1357	6	-4.244769	-11.625906	-4.681341	-8.609950	-8.989628	-11.306783	9.251051	-17.945874	-4.681341	6.168696	-9.016159	6.359541	-0.667808	6.050609	6.114296	-11.516228	7.134408	-10.069249	4.001716	0.129908	5.359205	-7.825049	5.994014	-4.777041	5.088498	-17.901104	-4.681341	2.988762	-9.016148	0.621316	10.654410	-0.257785	4.783818	4.732457	5.672788	6.359540
1413	6	-8.602741	-11.044897	-6.342619	-9.724977	-8.798972	-6.200550	8.966462	-15.784762	-6.342624	8.223555	-8.798972	7.164908	7.062551	1.013981	5.922467	-3.511051	5.291716	6.476689	11.709806	0.459462	5.920423	3.060034	5.096498	7.164594	-4.711824	5.841873	5.923012	-14.214446	5.328317	-6.200550	1.007274	-12.179907	-6.342624	1.697461	-8.798972	-3.913346
1480	6	13.913379	-7.383222	-3.294935	7.411947	-1.385092	5.264513	5.228667	-3.814603	2.958535	6.829624	4.113458	1.156269	-4.169682	5.076901	5.576791	-8.455534	7.093576	-9.848915	8.361852	-4.017139	2.935417	7.163933	4.071848	5.264113	8.061309	-7.378896	-3.294928	-1.727406	-1.385069	-1.859783	10.874846	-7.383136	-3.294934	7.262576	-1.385092	1.195266
1508	6	2.652199	6.544472	6.126099	-4.704994	7.589020	1.639910	10.398632	-12.634717	-6.558255	5.424189	-8.533957	7.088871	-4.696394	-6.436487	-6.558255	-11.906073	-8.520501	-9.712055	8.767246	-12.088281	-6.558255	-0.947179	-8.533957	3.927358	11.134839	1.515207	6.125955	2.549742	7.588499	6.985025	-3.958860	7.842103	6.126099	-14.774654	7.589020	-9.708428
1509	6	4.086507	-9.478979	5.026509	6.448371	6.610455	6.522858	-5.175334	-3.078969	5.027094	-12.232405	6.611515	-7.398567	6.646409	-18.325987	1.289447	8.553205	-1.721250	6.523666	-5.485947	-11.925170	1.289447	-10.131269	-1.721250	-6.703278	-6.325874	3.730795	6.419215	-16.054604	6.902770	-7.678798	1.314426	-5.739817	5.026512	5.332409	6.610480	6.521464
1535	6	8.281410	-13.247549	-3.978935	8.156441	-9.905350	8.554477	8.105001	1.499177	6.303590	2.802658	7.451170	8.554449	-8.956214	7.255260	6.344595	-11.182933	7.995642	-9.777722	-8.261036	-7.494397	-3.978911	-5.832113	-9.474649	-9.777722	1.476795	-7.505232	-3.978911	2.750674	-9.477479	-0.555668	6.281992	1.499198	6.303592	-0.877718	7.451177	3.422225
1559	6	7.355532	-14.770291	-4.680216	6.377419	-9.309344	6.035524	-9.213953	-8.766094	-4.617369	-10.573209	-9.301225	-7.799379	-5.794185	7.364080	6.560640	-15.600801	5.610474	-7.802893	10.248725	1.348783	5.886027	1.595749	5.411016	5.661762	3.352466	1.624867	5.983945	-5.638776	5.450814	-1.592984	10.094662	1.348783	5.886027	1.341380	5.411016	0.678089
1591	6	7.003065	-11.669273	0.295906	7.121855	3.400320	6.352428	-7.013687	5.940865	6.935091	-13.992261	6.972008	-9.738374	-9.479600	-11.488961	-4.546452	-8.953574	-4.225546	-9.853573	-8.533989	-5.276641	0.333925	-8.953725	3.421490	-9.829216	7.171812	-17.809935	-4.546458	7.121995	-4.225546	6.359267	10.107900	-0.658029	4.082235	6.796690	5.893904	6.408132
1657	6	-10.440122	-13.393227	-6.018661	-6.200647	-10.579965	-8.600073	7.180231	-17.415738	-6.045740	6.176347	-10.579968	5.989419	-3.948557	-13.393227	-6.018661	0.211729	-10.579965	-5.227585	-7.885215	4.827973	5.509027	-11.002898	4.597890	-8.879737	5.939273	0.406738	5.117439	2.412463	4.349660	-0.704623	10.818468	0.403049	5.116521	2.795880	4.348220	5.703827
1658	6	9.350306	0.883199	6.645685	3.995627	8.027396	8.518163	-4.742812	-8.520776	-4.311566	-11.981406	-10.472378	-9.531262	11.388553	-13.479091	-4.334439	6.474370	-10.472378	8.518631	7.822745	0.883199	6.645685	-2.513429	8.027396	3.563943	-6.348337	6.732707	6.650968	-14.468907	8.076294	-9.531262	3.904726	-13.460149	-4.334439	-5.654939	-10.472378	-2.611573
1692	6	-0.034057	-11.228496	-4.576450	-7.548545	-11.245688	-8.680209	-4.124993	6.120238	7.342813	-15.201270	6.662896	-8.685008	9.670227	-13.898119	-4.576450	6.426579	-11.245688	7.964789	6.344943	3.158571	7.336754	-4.667576	6.662891	1.837740	10.552463	3.158497	7.336753	1.532702	6.662891	7.822178	0.884872	5.026488	7.342700	-10.544515	6.662896	-8.479299
1735	6	10.958433	-13.461120	-5.940403	6.790383	-11.831186	5.938794	2.175590	7.044404	6.375234	-7.907295	6.076092	-5.452650	5.365638	-11.037953	-5.940403	5.173067	-11.831186	-0.347708	10.104353	2.593876	6.373505	3.218083	6.075916	5.933683	4.438721	5.658357	6.375234	1.205461	6.076092	-0.467995	3.097297	-9.345421	-5.940403	-4.091045	-11.831186	-4.619277
1759	6	9.185996	-16.070667	-4.679431	7.304363	-9.509404	5.540560	-0.477188	-10.216358	-4.679431	0.269476	-9.509404	-2.712773	-5.753259	-10.197338	-4.679431	-8.706114	-9.509404	-12.321536	-1.757313	5.224520	6.127197	-9.589214	6.865828	-9.966621	4.264806	2.030582	6.127178	-6.981030	6.861484	-5.712514	10.465231	-0.657022	5.928598	4.443397	4.342028	5.540488
1832	6	-3.922631	-9.331337	-7.343761	-9.655046	-10.377096	-12.030414	0.287654	7.029899	4.273445	-4.863548	6.467732	-11.396374	1.114496	-10.208465	-7.343761	3.444569	-10.377096	-6.298180	7.000754	3.672640	4.273442	2.107123	6.467720	-2.074257	12.007431	3.271997	4.273434	4.949756	6.467683	2.092832	7.521379	-13.356296	-7.343761	6.304631	-10.377096	2.092781
1837	6	8.653608	-14.016732	0.772432	7.353940	-9.480410	6.459275	2.124050	-9.205600	0.775197	-3.690539	-9.478965	-2.684829	-5.136343	-1.264587	3.528728	-5.771438	-2.434283	-10.055538	1.104500	-1.389956	3.517216	-4.516652	-2.615177	-3.559256	-6.853917	4.723010	7.246361	-10.493359	5.679696	-10.970887	2.644292	2.372659	7.245959	-2.699306	5.631440	3.094976
1927	6	7.437530	-7.540575	-0.957477	7.983624	-14.319292	6.283365	-7.223436	6.336039	5.150904	-12.049300	-3.657569	-11.591676	-7.875047	8.464410	7.712650	-13.391152	3.307371	-11.700498	7.094205	3.880836	7.712648	2.937912	3.307371	6.279482	-4.027433	-2.942044	-0.957332	-8.345440	-14.149398	-10.223502	7.863537	1.586026	5.108598	4.430180	-3.680342	6.287069
2062	6	4.701292	-10.452351	0.690780	2.442061	2.374871	0.022417	-9.728483	3.137455	6.168932	-12.176493	7.166216	-3.314789	-8.981149	-15.739309	-5.030028	-10.574496	-6.300425	-3.314789	7.572293	-19.956466	-5.030028	7.359008	-6.300425	4.704609	7.559732	-11.751637	0.690780	7.277611	2.374871	4.704609	4.732504	-18.857015	-5.030028	2.524354	-6.300425	0.027115
2098	6	3.642145	-15.406890	-4.140632	-8.041062	-13.810899	-5.487406	-2.624781	-10.343560	-4.140632	-11.532420	-13.765086	-10.495135	8.311410	-15.491038	-4.140632	-1.176940	-13.810981	3.721804	11.449149	-15.491038	-4.140632	5.213149	-13.810981	5.715088	-2.953733	6.314771	8.137481	-16.626757	4.989547	-10.520849	3.301211	1.350292	8.134211	-13.088822	4.252215	-5.855328
2104	6	4.369825	-10.693241	-3.636506	-1.876853	-4.324496	-0.224229	9.786421	-11.606096	-3.636506	5.660228	-4.324496	8.638417	11.465300	4.340318	8.058391	2.022165	6.160791	8.629532	-1.921178	7.094688	8.058391	-9.446617	6.160791	-3.564327	-4.950221	-8.800912	-3.636506	-5.854302	-4.324496	-4.773095	3.775682	5.533990	8.058391	-5.584230	6.160791	-0.229575
2109	6	10.176374	-15.917597	-4.130292	4.724156	-6.543796	6.923418	6.261627	1.040075	5.750857	1.429012	6.907619	0.789987	-3.098170	7.904104	6.575838	-8.402879	7.635068	-11.193026	6.198096	-15.917597	-4.130292	3.453248	-6.543796	0.791728	-2.628433	-9.276753	-4.128507	-6.098920	-6.526255	-11.191856	10.382521	1.040075	5.750856	2.700369	6.907619	6.923401
2115	6	12.920259	-9.050748	-5.493431	4.372853	-9.742990	6.381096	-4.251401	-6.433055	-5.490945	-13.454028	-9.714253	-5.830667	6.346061	4.386492	6.613764	-10.482944	4.369610	2.244522	-3.161514	7.014940	6.613766	-19.130689	4.369610	-5.830652	5.752912	-9.049415	-5.493431	-4.530708	-9.742990	2.318170	0.210901	-1.479686	-0.132325	-12.721302	1.213461	-5.655875
2161	6	7.546808	-2.193222	4.937995	-4.992795	-0.387488	3.049914	-4.945790	2.719973	6.497490	-19.782154	-0.078030	-5.016174	-6.946166	6.253620	9.003526	-19.927538	6.309202	-5.023951	3.348607	3.400679	9.003526	-6.958033	6.309188	2.510248	10.649324	-2.193222	4.937995	1.544204	-0.387488	6.713469	12.070469	-5.282135	-0.228279	5.770205	-3.858381	6.736782
2212	6	-1.293550	2.011153	2.063730	-5.973488	-4.860695	-8.683895	-7.889782	-3.494712	-4.149621	-6.039264	-10.319821	-8.685827	7.014313	-11.972064	-4.153268	6.456275	-10.399856	5.297798	3.005997	0.000410	1.854012	-3.068170	-6.900517	-6.384193	-7.139191	7.169836	8.139284	-12.111369	4.740372	-8.705440	6.965328	1.664919	8.138576	0.361422	4.306886	4.554815
2223	6	-4.523961	8.343662	5.542017	-12.857194	6.152575	-8.829761	4.619187	-7.361559	-5.497106	-2.975335	-10.461989	-1.077166	9.781100	-7.365719	-5.498415	6.916893	-10.461989	7.666354	-3.676832	-3.703663	-3.347004	-9.000043	-10.459372	-8.784641	9.030229	4.830349	5.493105	3.218033	6.152495	7.567388	6.728216	4.830400	5.493107	-3.117140	6.152495	5.267631
2265	6	-3.276805	6.370768	5.660704	-13.407704	6.291571	-6.019813	12.311655	4.415684	5.654796	1.894359	6.290267	6.798824	-6.959629	-9.768694	-2.986523	-8.386415	-11.670260	-5.973619	8.804706	-11.715393	-2.986569	7.074495	-11.670286	7.012862	8.400803	4.415684	5.654796	-4.332496	6.290267	4.380991	5.181709	4.415719	5.654796	-8.408228	6.290267	-1.372724
2321	6	4.353426	-16.474206	-5.168369	4.609221	-6.732364	0.004458	10.345993	-16.474351	-5.168369	8.061503	-6.732364	6.311597	-5.495284	8.118594	5.139580	-10.954039	5.619321	-8.771976	-8.527506	-10.506698	-5.168368	-8.875846	-6.732364	-9.689470	13.390598	2.127764	5.066925	6.033501	5.502462	6.311868	7.409418	2.127764	5.066925	2.655602	5.502462	0.016300
2407	6	10.314691	-6.738810	1.474817	2.810180	3.314209	0.360973	7.055699	-15.314331	-2.858676	-4.764537	-2.191130	-5.305863	7.034515	-5.950614	1.474817	-4.809736	3.314209	-5.305863	10.347764	-16.095632	-2.858676	5.427566	-2.191130	6.052568	10.335927	-16.094639	-2.858676	2.854379	-2.191130	0.361126	10.326580	-6.739820	1.474817	5.383526	3.314209	6.052568
2412	6	-1.871713	5.562567	7.580900	-13.682632	5.464088	-2.666638	7.756839	-12.797558	-3.253122	7.190965	-7.219134	7.152587	4.786202	-0.173626	7.580266	1.957442	4.570396	7.146953	1.972148	1.056500	7.580898	-6.175827	5.444644	2.809852	3.887973	-4.451234	4.914708	5.754425	2.350376	7.152584	-2.381944	-7.055592	-3.002019	-9.210377	-7.219107	-2.676239
2415	6	-5.950421	8.385759	6.602308	-13.132948	7.120360	-9.909957	-8.127246	-7.100430	3.316320	-8.626232	1.310721	-9.909957	8.832929	-13.274471	3.316320	6.340212	1.310721	5.867443	11.328990	2.211444	6.568987	1.847895	7.119385	5.658660	10.984800	-15.660803	0.366966	6.372110	-9.105260	5.867444	-5.963403	-9.486761	0.366966	-8.594334	-9.105260	-9.909957
2420	6	-8.164578	7.693311	7.456965	-14.542193	5.416300	-4.351921	8.074582	-10.979626	-1.626242	7.239617	-12.621135	9.397598	7.627596	4.976324	7.456965	1.289368	5.416300	9.258603	-7.192496	-8.262649	-1.626242	-8.634486	-12.621135	-3.892050	1.959634	7.328742	7.456965	-5.055093	5.416300	6.398156	-2.194361	-8.262649	-1.626242	-2.461890	-12.621135	6.173837
2503	6	5.017226	-10.631145	-4.116144	3.900917	-11.763023	-0.912274	-3.266440	-8.102325	-2.683199	-8.015408	-11.108749	-12.343162	-1.449445	6.285804	6.697697	-14.564037	6.019865	-12.522484	3.960666	4.622053	6.694638	-9.830546	6.019593	-6.335735	8.424073	-12.860966	-4.616386	8.162300	-11.915076	5.293452	11.014217	0.926264	6.642202	1.607667	4.870691	4.777933
2527	6	6.711659	-17.984125	-5.399318	5.331944	-8.916226	-2.145003	12.480403	-17.984125	-5.399318	6.632961	-8.916226	3.699217	-2.972102	6.224260	6.614000	-8.884843	7.409276	-10.095184	7.072172	0.731920	5.453731	1.752867	6.358457	-2.406839	-3.214653	-12.537158	-5.399317	-4.007251	-8.916226	-9.951515	12.841275	0.731920	5.453731	3.052863	6.358457	3.671638
2562	6	0.160954	-1.431652	-0.549505	-6.327124	-4.340418	-8.871181	9.165121	5.226392	7.969949	6.425384	6.384794	7.445330	9.162990	2.765550	7.735289	6.425388	0.581106	7.445330	8.767158	-6.806677	-3.376392	7.684159	-8.199803	7.445329	-4.349099	4.874512	7.921729	-7.596568	0.734666	-9.968115	-4.349182	6.906494	7.999512	-7.596569	6.396677	-9.968115
2581	6	10.164264	-14.217514	-2.249324	7.185540	-11.124526	7.954106	-3.136697	-8.617420	-2.249321	-11.452110	-11.124526	-7.790663	3.114738	3.736524	7.641736	-10.989824	6.043745	-1.828603	1.954146	-8.825841	-2.249322	-5.933556	-11.124526	-3.028206	10.828537	0.329853	7.573974	1.889538	6.011532	7.952317	-1.966893	5.937924	7.641794	-15.863433	6.043748	-7.790658
2603	6	3.673527	6.219240	8.031271	-9.567503	5.054919	1.246687	5.933338	6.103196	8.031271	-2.790986	5.054919	6.892087	9.714913	-4.356740	-3.823998	5.395723	-9.052056	6.929577	-6.639036	6.639261	8.031271	-19.343056	5.054919	-4.854039	-0.577944	6.568939	8.031271	-17.094560	5.054919	-4.847722	-6.623174	-3.781065	-3.823831	-13.916350	-9.051836	-4.854039
2605	6	13.170534	-1.966485	-4.005511	8.665829	-7.421555	7.563833	9.429127	-8.244915	-5.835874	8.665829	-13.771621	7.563833	10.497665	5.922515	6.020751	2.567136	4.248422	7.563038	-1.646570	-6.998037	-5.835874	-8.419395	-13.767242	-8.274484	-0.041805	7.018026	6.020751	-14.463353	4.248422	-7.922139	9.435273	5.927066	6.020751	-2.657673	4.248422	0.991608
2619	6	6.654686	-10.355925	-3.875160	0.851496	-9.581929	0.826181	10.656142	-10.360559	-3.875160	6.046076	-9.581930	7.512735	3.217664	6.156226	5.314865	-1.192623	7.689338	-2.925575	-5.666174	-10.207979	-3.875160	-6.671429	-9.581915	-8.337816	-6.016242	6.263959	5.314865	-8.550326	7.689358	-8.337817	10.306075	6.117419	5.314865	4.167179	7.689330	7.512726
2669	6	11.416019	2.116435	9.106456	1.950120	7.383040	5.615607	-2.306970	6.877467	9.114661	-16.073224	7.462318	-9.759959	10.701647	-11.896643	-0.678336	7.364313	-7.202612	5.755163	6.323250	-4.882852	4.509449	4.746859	4.525593	5.747418	-3.045703	-7.232934	-0.678336	-10.698145	-7.202364	-9.824626	9.478599	2.116435	9.106456	1.118383	7.383040	-0.604215
2693	6	4.361779	-0.491432	6.580244	-8.839152	4.212840	-3.102282	10.265239	-11.650752	-1.001369	5.536194	-4.643007	7.134534	1.409954	2.037564	6.150538	-8.514985	3.234260	-3.343741	-2.822149	-5.943651	-1.001341	-9.965841	-4.642981	-8.685672	3.996729	-1.176021	6.451090	-8.832649	3.874073	-3.090191	4.452539	-0.279077	6.588153	-8.837236	4.284153	-3.107133
2698	6	10.715788	-15.007791	-4.294014	6.754367	-9.380141	8.319804	-4.286970	7.478956	7.187533	-14.405836	7.408565	-7.016555	-5.901465	-10.267503	-4.249575	-9.837840	-9.379866	-6.997658	12.316779	2.763375	6.996903	1.833958	7.405335	8.319375	6.174394	2.966765	7.021448	-4.490564	7.406726	6.818411	8.975877	-3.789946	3.650575	5.613552	2.676713	8.319802
2731	6	3.219722	-14.879644	-5.349611	4.508429	-9.608032	-1.650678	-6.419703	-10.231583	-5.349611	-1.485670	-9.608032	-14.405356	8.066424	-16.822478	-5.349611	6.625105	-9.608032	4.697974	8.399065	1.194286	6.497423	4.734945	4.738543	4.697956	-7.505230	7.788912	6.546747	-3.406341	4.994483	-14.692879	3.378396	2.812670	6.546563	2.623814	4.994146	-1.638073
2752	6	-6.159301	-5.987502	0.635712	-7.015628	-10.820541	-3.018614	10.740053	-11.667511	0.635712	6.154429	-10.836456	6.547157	-3.967674	6.937552	7.080250	-9.701421	3.865880	-3.018614	-0.507128	-5.987689	0.635712	1.909084	-10.820549	1.294146	4.009798	2.484663	7.080240	-2.606251	3.865879	0.416917	12.631843	1.100123	7.079069	2.973019	3.865844	6.547129
2764	6	7.216162	-0.386127	6.644088	-3.474517	4.594517	4.309472	-1.056467	-8.635012	-4.605680	-7.234137	-11.493665	-5.939651	11.627330	-14.577113	-4.835729	5.224233	-11.542196	7.334774	10.164365	-14.577113	-4.835729	-1.254811	-11.542196	5.865352	-0.552880	5.630200	8.134614	-9.992885	6.265787	-5.878089	11.943170	-0.386137	6.644081	3.046889	4.594511	7.231397
2770	6	-3.638190	-7.437464	-6.567474	-10.133943	-9.479702	-11.074175	13.165352	-13.278889	-6.567474	6.678532	-9.650243	6.291038	6.875005	-13.084543	-6.567474	-0.904577	-9.649778	-4.901991	14.152175	1.971742	5.794404	3.004531	7.317572	6.289840	-2.576855	7.468815	5.794519	-13.574601	7.831438	-10.337658	3.566637	3.258748	5.794518	-7.636031	7.604021	-5.097803
2796	6	2.548492	-6.236836	2.309766	-7.150858	3.059585	-6.130782	12.591002	-16.289881	-3.964223	4.674416	-6.009153	5.670379	12.561456	-11.612582	2.309311	2.664754	3.056806	5.654959	8.529999	-0.030013	7.695559	2.283500	6.590125	5.636222	2.449775	-10.785702	-3.964223	-5.141919	-6.009150	-6.129939	-0.584670	6.263184	7.775686	-12.870059	8.623772	-6.223910
2801	6	6.774609	-14.332229	-2.955953	7.790877	-12.783156	6.147158	6.787490	3.202145	8.414590	3.847708	4.885665	6.145525	-2.855215	-10.401588	-2.955953	0.929422	-12.783107	-7.416869	-6.451054	7.172746	8.415655	-9.433862	4.893029	-13.275263	-5.984008	-10.373459	-2.955953	-5.490611	-12.783105	-13.274865	-2.383689	1.603090	4.927532	-8.780519	-1.696830	-13.273153
2826	6	7.233703	0.248223	5.528890	-2.929578	5.491064	2.353632	-6.411302	6.903403	6.551165	-14.504620	5.597132	-6.320326	-5.052879	1.283944	1.748479	-11.988488	-5.685602	-6.320325	-5.126516	-0.158031	0.034814	-11.835657	-6.943414	-6.320325	9.680651	-7.031391	-0.326390	3.898589	-13.222856	8.829281	10.686817	0.243528	5.519059	2.181139	5.489667	8.823129
2848	6	-0.523266	7.755212	8.119664	-15.571075	6.651836	-12.845955	12.443791	-5.709180	2.779258	4.535931	1.031785	6.107206	4.186492	-13.064776	-2.286417	-7.626807	-8.406465	-6.369690	12.535809	-14.876026	-2.286417	4.540366	-8.406465	6.107206	4.100796	-2.470093	2.893531	-7.645379	3.410878	-6.370488	7.873603	3.432266	8.119644	1.771833	6.651834	6.080499
2864	6	-9.072552	-10.786080	-5.600434	-10.802686	-10.880089	-7.242294	2.665069	-17.233263	-5.600434	-2.189327	-10.880106	6.493710	-4.339496	7.978841	5.180106	-11.770521	6.014535	-7.242294	6.577056	1.321436	5.081962	-2.686935	5.642123	6.548050	8.835406	-17.402184	-5.600434	3.620683	-10.880106	6.581101	12.327965	1.321379	5.081951	2.715896	5.642091	6.581101
2877	6	-7.028921	-10.326552	1.726562	-8.179742	-9.355092	-9.880105	9.285992	-13.700937	1.726561	5.161316	-9.355094	0.782066	-4.797552	5.200486	6.817170	-10.371234	6.602887	-9.879229	12.281313	1.726567	6.580698	7.033554	6.458343	6.652752	11.870172	1.731813	6.582210	3.138469	6.459832	0.775861	9.693326	-13.729900	1.726561	9.046991	-9.355094	6.652680
2911	6	9.337984	-6.652710	-4.522905	5.930737	-9.275112	7.891340	-1.470650	7.565450	4.322955	-10.906810	6.125310	-7.065342	-7.658602	-3.148989	-2.493177	-7.379799	-5.947830	-7.065371	15.620903	3.969679	4.173720	2.885112	6.115470	7.891006	5.113086	4.031874	4.180252	-9.276632	6.116054	-2.075491	12.367672	3.969679	4.173721	-2.668416	6.115470	3.716807
2970	6	3.990470	-17.436934	-5.087497	-2.710844	-12.160361	-3.395268	10.326578	-17.648298	-5.087497	7.555985	-12.160421	5.153176	6.851126	0.338310	5.520378	-7.489339	3.573162	-3.389311	13.138223	0.338199	5.520325	2.783952	3.573055	5.152474	-3.158963	-12.560968	-5.087484	-8.715365	-12.147822	-9.728309	-0.136627	5.547255	5.860775	-12.322564	4.955989	-9.713995
2973	6	8.633176	6.535113	6.475273	4.885010	6.878565	4.640484	3.568202	-7.878939	-5.768394	-4.239498	-8.990689	-5.050868	-4.238265	6.837327	6.475305	-11.858880	6.878565	-11.521219	8.745143	-7.929992	-5.768552	7.637445	-8.990689	4.640485	-3.710277	-7.204016	-5.764822	-9.106105	-8.990689	-11.518460	3.945918	6.543988	6.475274	-0.956122	6.878565	-4.922968
3000	6	5.268178	-15.328167	-2.228749	1.967725	-7.644825	-0.860061	4.442153	2.163737	7.311376	-5.855093	8.262805	-5.382306	-0.891568	-9.756101	-2.228749	-8.138242	-7.571632	-10.533573	11.111490	-15.358926	-2.228749	6.980217	-7.644859	4.949043	10.754575	1.886349	7.223536	4.203137	8.198397	4.903644	-1.383679	7.489262	7.433945	-11.541464	8.605027	-12.313043
3022	6	-3.036089	-7.211513	-4.983890	-9.109812	-12.404020	-12.066221	9.044995	-9.587466	-4.983905	1.731613	-12.404030	0.055388	4.513550	-9.585780	-4.983905	-2.837253	-12.404030	-5.536455	12.885232	-9.587466	-4.983905	6.639675	-12.404030	6.096608	9.886970	3.346688	6.262030	1.699453	4.721411	5.971340	-6.288617	5.729915	6.262508	-14.050075	4.724756	-12.066468
3025	6	-3.742644	8.419447	6.786264	-14.129096	6.274477	-9.886247	13.725220	0.197280	4.642216	3.059090	-1.918313	5.672068	4.119419	0.687322	4.688560	-8.455969	-1.291191	-5.385618	9.086845	-10.919786	-1.167207	8.253867	-12.467748	5.676049	-5.599492	-6.847023	0.950095	-8.804461	-12.462434	-9.886247	10.923875	4.472104	6.777709	2.909712	6.269205	5.670620
3030	6	4.965196	2.480264	6.054611	-8.488899	6.727449	-3.568616	10.033492	-15.857687	-6.279850	8.315027	-8.073123	7.585967	-3.242297	-9.411606	-6.279849	-8.918491	-7.852111	-9.152743	3.265057	-15.811946	-6.279850	-3.214613	-8.073034	-3.537440	11.738118	2.478908	6.054610	2.943142	6.727355	7.585927	9.937676	2.478908	6.054610	-3.824986	6.727355	2.846034
3052	6	10.562190	-10.260810	-5.605054	5.873454	-5.495350	7.235671	-6.797323	8.442845	5.607219	-11.627190	6.682382	-11.588139	-2.109122	1.405535	0.100130	-7.842188	-1.312537	-11.588049	-5.610008	-5.668307	-5.563657	-7.848270	-3.170361	-11.588138	9.370115	3.892750	5.607209	2.082716	6.682371	7.132970	-3.461457	0.009000	-4.438324	-7.847374	-1.314126	-11.588137
3090	6	9.766352	-10.840606	-7.036417	2.324704	-9.325240	0.173680	-6.975657	-8.892556	-7.036097	-12.722792	-9.269130	-12.694935	10.603210	-10.840606	-7.036417	4.862982	-9.325240	6.635306	11.463105	4.942776	5.218188	0.278576	7.110229	0.177963	12.348644	4.942776	5.218188	2.839727	7.110229	6.637732	-5.226204	6.890781	5.218188	-14.746025	7.172539	-12.231927
3121	6	5.006613	-9.037465	-2.183794	6.091696	-10.508843	0.016592	-2.821120	5.703698	7.352877	-13.628116	5.119941	-12.279949	-2.719173	-6.746232	-2.183578	-7.628928	-10.457408	-11.945945	0.248949	-6.994284	-2.183643	-6.363869	-10.472820	-11.089677	10.775454	-10.344589	-2.183802	7.797166	-10.510755	4.305809	0.180808	5.464770	7.352186	-12.496983	5.119920	-11.841297
3173	6	-5.561771	-9.832329	-6.597914	-11.029185	-11.367736	-7.040989	10.053083	-3.962904	-6.165443	6.633010	-11.366800	7.626172	12.734909	7.518034	5.051217	4.525462	6.873344	7.618660	3.196315	7.532294	5.051218	-6.575680	6.873344	-4.718820	-2.850145	8.100324	5.051242	-13.137141	6.873346	-6.786041	10.048793	-10.414674	-6.597996	6.633548	-11.367736	7.626162
3193	6	-5.571845	7.248518	7.156940	-13.253430	4.581702	-8.146236	10.108145	0.837438	6.828908	3.942127	4.581553	5.886569	7.976820	-5.962618	3.592406	5.659479	2.893295	5.907073	-2.889966	4.174838	0.641595	-10.436454	-4.446026	-8.146183	7.363683	-14.359509	-2.924626	6.863510	-5.851830	5.908786	-9.013469	-7.949636	-2.924625	-10.207583	-5.851829	-8.146235
3217	6	10.537156	-13.846869	-3.745111	6.437924	-7.653046	4.909323	7.510727	4.589248	7.321998	1.232142	7.089005	4.903120	-9.348037	9.205757	7.322054	-10.717109	7.089005	-11.666210	-6.390889	-8.102332	2.694433	-10.716149	-2.273919	-11.665386	10.451818	-12.744569	2.694433	1.233972	-2.273919	4.904106	-6.390091	-9.204582	-3.745111	-5.513531	-7.653046	-11.665385
3243	6	-6.628477	5.930247	9.246924	-12.497778	8.217613	-12.215037	-3.607989	-12.695298	-2.081983	-5.779175	-4.846053	-11.747847	-7.145264	-3.691038	2.744722	-8.656375	3.287363	-12.219416	10.870794	-19.191837	-1.914871	7.564891	0.432817	6.761872	10.871044	-19.217281	-2.081983	7.570347	-4.850206	6.761872	-3.609336	-12.669294	-1.911392	-5.785789	0.438090	-11.748600
3246	6	4.336232	-14.878678	-3.561353	-1.445260	-9.298638	6.336674	-4.475867	-9.103428	-3.560294	-12.987476	-9.233573	-11.173591	-1.807982	6.558599	6.269011	-14.104874	6.655171	-10.939218	9.657732	-14.901950	-3.561353	4.800343	-9.298658	6.435520	7.273436	0.693356	5.896526	-3.874144	5.871644	6.177405	12.645768	0.693356	5.896526	2.128984	5.871644	6.435583
3273	6	-6.628676	8.071763	7.371254	-12.673151	8.021422	-6.556675	4.974011	-10.558045	-3.210031	-3.653063	-7.893119	-3.836825	10.755741	3.824549	7.371254	3.384061	8.021421	5.892498	14.532869	-10.677722	-3.210031	6.982162	-7.893119	5.892511	6.200443	3.874843	7.371254	-3.504199	8.021421	2.173286	-2.815234	-7.266707	-3.210031	-8.916636	-7.893106	-6.551527
3308	6	3.439952	-15.597584	-5.621275	4.134644	-9.853942	-1.832200	-7.430200	-9.974285	-5.621262	-12.081017	-9.853941	-13.941989	9.641755	-15.603220	-5.621275	5.202227	-9.853942	4.569264	-4.303783	7.282443	4.688130	-13.094819	7.617991	-13.941989	6.794753	1.071982	4.335808	3.395883	6.833327	-1.753363	12.663942	1.071981	4.335807	4.350123	6.833326	4.569263
3329	6	5.345308	-16.287558	-2.875753	-4.819192	-11.177191	-0.046024	5.501954	1.018233	6.279855	-9.108757	6.292279	-0.207254	10.628961	-16.290919	-2.875753	6.746419	-11.177202	8.858156	11.647452	1.015692	6.279091	2.450736	6.291991	8.849788	8.135265	1.015694	6.279092	-3.465471	6.291992	5.454020	3.009780	-2.447606	4.680154	-7.366008	4.579203	-0.213875
3375	6	14.231697	-13.073640	-3.188140	7.386892	-8.050977	3.711343	-4.257029	-10.087527	-3.188094	-7.960736	-8.050977	-10.262732	-9.004909	5.164677	8.813620	-12.135921	8.930771	-13.190694	4.859417	-13.073640	-3.188140	-1.598801	-8.050977	-6.401550	9.258878	2.028853	8.701628	3.206248	8.929954	3.705326	1.719367	-13.070336	-3.188140	-4.801969	-8.050977	-7.354453
3388	6	-6.754682	-11.033947	-1.905658	-11.434754	-10.126640	-12.014601	-7.861315	7.558642	7.129093	-16.228447	5.834888	-12.014603	-2.309701	1.047727	1.674752	-13.538124	-4.882794	-11.985163	7.913162	-15.936246	-1.905658	5.787844	-10.126640	6.419900	6.587412	2.656344	7.127418	1.035091	5.834788	5.531701	4.419234	-15.936246	-1.905658	0.616846	-10.126640	-1.544996
3433	6	8.162582	-7.943188	-5.079865	7.862098	-11.076123	7.466266	-9.484448	-3.685652	-2.751831	-7.852080	-11.076055	-10.747946	2.646092	-7.940370	-5.079204	6.330336	-11.076123	0.691494	-7.370438	7.700284	5.021889	-9.633423	4.193736	-10.618608	10.322390	3.458971	4.872079	6.167881	3.937472	7.475603	5.715389	3.458977	4.872080	6.050933	3.937473	1.218978
3462	6	8.402256	-16.173302	-4.822909	7.098059	-7.784820	4.444410	5.111616	-16.173302	-4.822909	1.457258	-7.784820	-1.635264	-3.487377	-9.790300	-4.822746	-7.914700	-7.784675	-10.540881	-3.375422	6.097831	7.269831	-13.509140	8.832068	-10.540940	11.027650	-0.846850	5.168170	2.138226	6.895945	4.444409	0.036816	-2.042801	3.265397	-4.896547	4.370259	-7.103335
3531	6	5.064455	-10.689058	-7.691125	-3.353755	-2.471187	-6.566745	-2.508025	-5.594015	-7.690400	-8.943643	-2.414820	-8.632864	13.966447	-10.986117	-7.691127	6.705452	-2.471513	5.064205	3.901378	3.616352	4.980071	-8.908617	6.539206	-6.774633	-1.899734	7.233483	4.983028	-14.505596	6.691033	-8.558386	14.106041	1.672638	4.827574	1.506204	6.070972	4.778804
3535	6	8.078422	-14.046064	-4.925922	0.569984	-12.538351	-3.840759	-0.983969	-8.975256	-4.925922	-7.318963	-12.538351	-14.445225	4.245005	-14.007747	-4.925922	-5.255017	-12.538351	-7.710144	13.848176	-14.046064	-4.925922	6.093698	-12.538351	3.639198	3.758631	3.316459	4.744897	-7.425762	4.847091	-8.339287	-1.386977	8.122711	4.744969	-8.886023	4.847391	-14.635523
3555	6	11.495852	-6.040329	4.482710	4.028633	2.889533	5.763310	9.404333	-16.083882	-1.742055	7.679705	-9.555761	5.834385	3.644270	-5.565930	4.482710	-7.547114	2.889533	-3.533231	-4.570906	-10.564913	-1.742055	-7.982223	-9.555761	-11.235304	10.268866	1.085212	7.773359	4.028633	7.529342	5.763310	-3.870188	6.620623	7.790662	-11.631656	7.843955	-11.682671
3586	6	12.272635	2.379227	5.823854	1.243993	7.629214	6.672566	9.807282	-9.903552	-2.871789	5.931374	1.691329	6.702882	12.790624	-2.921307	2.919712	5.883707	5.698319	6.702952	6.249883	-2.906087	2.930712	-6.026244	5.707092	-6.084063	5.609071	2.390502	5.826191	-10.391307	7.629273	-6.315259	2.817282	-9.452199	-2.854583	-6.845786	1.691730	-7.076266
3610	6	6.173482	3.536971	7.299812	-8.759904	6.557621	4.064475	4.981707	-14.981087	-1.264710	-3.738137	-3.997100	4.075961	-0.028655	-10.990237	-1.264709	-9.527168	-3.997078	-2.296732	1.185727	4.846859	7.299845	-14.263442	6.570015	-1.636912	7.925893	-14.981148	-1.264710	2.286346	-3.997100	6.089350	-5.414514	8.069663	7.299846	-17.836093	6.572408	-8.160727
3614	6	9.439569	-17.025040	-4.944381	7.458268	-7.072019	8.906678	10.181770	0.322535	6.975942	3.359139	7.792518	8.910893	-5.749054	6.540675	6.978951	-13.290104	8.576448	-8.939751	4.527943	-5.204169	4.601083	5.856451	3.457527	8.631315	-6.636188	-10.816265	-4.934031	-9.207142	-7.072013	-9.027730	2.983823	-0.887239	1.354328	-5.471067	-3.896358	-4.432396
3648	6	-4.402051	5.071221	4.704792	-10.698633	7.725862	-10.065136	8.303095	-12.050151	-2.486075	6.073163	-10.152367	6.835059	-5.631871	-7.804586	-2.464050	-9.290643	-10.152367	-10.828117	2.786813	-0.621319	3.547485	3.717803	3.084968	0.001062	2.399699	-0.885993	3.359404	3.592313	2.382646	-0.026354	2.657010	-0.852571	3.420835	3.700827	2.529595	-0.004800
3649	6	5.527784	-19.501795	-4.380380	5.684884	-4.839503	-0.560312	-7.581482	-8.316970	1.735868	-10.889709	4.745839	-11.925806	-7.563496	-14.989628	-4.380380	-5.676455	-4.838518	-11.925804	10.054245	-19.501798	-4.380380	8.310682	-4.839503	5.618991	-3.471041	3.376541	7.932415	-11.183652	6.423188	-11.917552	10.036353	-12.837186	1.735660	3.097117	4.651699	5.618985
3709	6	10.940709	-13.267076	-2.669750	2.886573	-8.798016	-0.041072	-3.619568	-8.156220	-2.669750	-9.790717	-8.798016	-9.653551	-1.737385	6.390200	4.919381	-11.268713	7.348999	-9.694483	12.737294	1.196904	4.812674	1.306561	7.347706	-0.529837	14.297482	1.196904	4.812674	5.419754	7.347706	5.645374	12.254949	-13.267076	-2.669750	6.773504	-8.798016	5.682745
3788	6	-4.436108	3.788590	6.699632	-12.295729	5.569487	-10.710989	3.680134	-10.407889	-2.403218	-2.494301	-9.046840	-1.050555	12.924668	-10.409613	-2.403221	5.778141	-9.046898	5.599503	-0.936650	-9.225959	-2.400620	-7.365932	-8.986599	-9.189933	6.395846	-10.409613	-2.403221	3.175358	-9.046898	-0.550852	5.971506	2.595234	6.688236	-4.080059	5.388524	4.586938
3808	6	9.705916	3.133444	8.196406	4.242020	6.877077	8.235992	7.190173	-7.731211	-4.557186	6.835525	-7.245108	8.243718	-6.905545	8.747231	8.196453	-14.607906	6.925915	-8.466093	5.728892	5.428294	8.196453	-1.844784	6.923871	3.927435	-3.682455	5.653897	1.617220	-11.947576	-0.577858	-8.466090	-9.189723	-3.331758	-2.581299	-12.015445	-7.090562	-8.466090
3870	6	-2.660461	8.610904	6.879948	-9.383219	6.054006	-9.554228	6.491240	-10.862638	-4.132958	-0.561931	-11.587634	-2.887815	-3.174118	-5.050207	-4.131920	-4.229057	-11.587633	-9.553001	-2.601666	3.140221	6.645561	-9.336903	0.174382	-9.554219	8.828752	-10.862665	-4.132958	2.384134	-11.587634	0.855328	9.783366	-10.862666	-4.132958	7.100611	-11.587634	4.596743
3938	6	3.152672	-7.496662	0.383857	-4.532289	-13.245079	-1.735719	8.367616	-7.496662	0.383857	4.715874	-13.245079	4.753803	-1.782332	-3.418392	2.334347	-7.633745	-12.577552	-7.622196	10.814462	4.728300	6.544800	-0.341967	4.460995	3.993717	-0.485120	5.790466	6.546755	-10.144295	4.460995	-7.607725	5.409622	4.728300	6.544800	-9.505739	4.460995	-1.736084
3945	6	9.259002	-12.615812	-7.135392	6.818658	-10.811742	5.290831	-5.938672	6.381556	4.732036	-8.260494	0.059696	-8.186772	-9.218239	-9.774419	-7.135391	-3.583363	-10.811742	-5.237733	11.811863	4.115308	5.347840	1.758697	5.235129	5.290813	-6.409532	6.959476	5.347912	-8.678747	5.235133	-8.188605	12.428627	3.512300	4.731663	2.179161	0.059639	5.290824
3964	6	9.775383	-15.273946	-2.191604	7.846470	-7.087117	5.527294	-6.665929	7.555617	6.319734	-11.359499	7.409080	-8.627719	6.457662	-15.273876	-2.191604	6.318819	-7.087117	-0.010480	-6.096579	-9.997017	-2.191604	-9.133296	-7.087117	-8.627645	5.882404	2.271600	6.318703	4.075961	7.400339	-0.016818	9.206187	2.271072	6.318701	5.620888	7.400323	5.527236
4016	6	-7.509851	-9.140678	-4.672891	-10.911487	-5.210629	-7.686151	-5.573326	8.033069	6.784114	-16.784689	9.699932	-7.118330	3.417931	2.449608	6.776748	-4.942143	9.510185	3.922096	8.114289	2.432342	6.776499	0.430358	9.507982	6.158954	-7.518897	-3.158319	0.535538	-10.916483	3.733298	-7.687700	6.344233	-14.649025	-4.741527	6.337204	-5.437535	6.213320
4042	6	-6.583366	-8.211470	-4.535117	-10.785650	-9.289649	-4.748775	9.599660	-12.828337	-5.024696	6.944613	-9.708905	6.851967	4.464170	2.224182	4.738130	-3.572968	4.861856	6.115157	10.709628	2.203809	4.735522	1.971023	4.859146	6.848516	-5.702817	6.906009	4.925209	-15.622095	5.057465	-4.748779	-0.307836	-8.211632	-4.535166	1.940492	-9.289692	-3.930950
4079	6	4.678936	2.684179	5.864966	-8.124394	7.806175	-4.740910	2.854474	-11.906923	-6.816915	-3.685323	-4.794930	-4.482622	4.129820	-13.804173	-7.076662	1.718143	-4.794930	-1.814608	0.125886	-10.261217	-6.255724	-9.318993	-4.794930	-6.562873	7.188265	-15.980918	-7.160625	7.763091	-4.794930	4.769424	6.186294	-3.654433	4.808625	5.568792	3.722665	4.769318
4115	6	-4.582562	-7.721065	-1.182757	-9.447802	-4.868334	-6.895636	11.729959	-12.948263	-1.182757	8.634943	-4.868334	9.583256	3.670607	-11.669041	-1.182757	-3.198173	-4.868334	-1.542460	-4.618615	5.405057	7.657884	-13.123357	6.591777	-6.922679	3.170699	-0.415434	5.300995	-5.070617	5.561713	-2.577424	2.817856	2.476195	7.634298	-7.000901	6.590766	-2.647079
4131	6	-5.947514	-11.406448	-3.381214	-9.136844	-8.829840	-9.227900	11.233897	1.126557	6.509959	0.402468	6.705793	5.899672	9.732228	-16.807990	-3.381214	6.349788	-8.829840	7.894006	1.222231	6.513302	6.510008	-14.379146	6.739243	-4.707861	7.679984	1.126563	6.509959	-4.765836	6.705793	2.497313	-4.252244	6.761860	6.510008	-14.687117	6.739243	-9.227440
4144	6	-5.004371	-9.901227	-4.031708	-10.079132	-11.292543	-7.084669	-3.274201	7.665624	7.253901	-15.171037	4.609122	-7.084669	9.672858	-14.052937	-4.031801	6.894998	-11.292604	5.997349	4.149291	-14.052073	-4.031801	-4.259979	-11.292604	-3.069966	11.691989	3.520904	7.244373	1.793266	4.606383	5.978173	3.104024	3.528482	7.244473	-9.365600	4.606425	-3.160481
4246	6	-4.743617	-8.682818	-3.470098	-10.112288	-9.895495	-6.454334	8.033725	-13.871075	-3.470104	5.190532	-9.898643	0.382178	9.857617	-13.871076	-3.470104	6.843130	-9.898643	5.360836	-7.095949	7.456075	6.503187	-12.579270	5.708101	-6.454334	5.670801	2.268257	6.465187	2.741944	5.693276	0.377371	7.498397	2.267545	6.465115	4.406582	5.693261	5.360791
4256	6	-9.329327	-12.741815	2.033453	-10.509082	-6.364662	-9.721426	2.755936	-13.993287	2.033441	4.684458	-6.365146	-0.668686	-10.720855	1.813009	6.863391	-15.011606	0.821917	-9.721426	-10.030080	-5.023974	2.925929	-12.369189	4.605528	-9.721426	8.667941	-18.130507	2.033439	7.745440	-6.365249	5.076487	-10.688593	4.980471	6.871416	-15.011606	6.912446	-9.721426
4288	6	-6.439135	-12.684473	-3.585295	-10.698339	-11.596177	-9.836657	2.316730	-0.500383	1.530964	-4.681940	-6.493040	-4.650101	-3.274224	6.355875	7.503691	-16.617496	6.505695	-9.794694	10.304324	4.670561	7.503691	0.734836	6.435707	5.501379	7.425972	-14.385668	-3.585295	6.687600	-11.600479	5.504850	-0.959051	0.712066	1.581401	-10.693594	-5.702632	-5.267269
4322	6	5.223289	2.304753	5.922238	0.775490	7.514858	-0.066231	-6.674702	5.757606	5.980007	-14.933192	7.523134	-8.816798	8.105920	-11.268290	-1.240454	5.979098	-10.243766	0.613498	8.757553	2.303783	5.922199	0.943079	7.514852	5.880390	-5.792579	-7.815144	-1.234344	-10.191327	-10.212050	-8.816785	10.208662	-11.268290	-1.240454	5.988500	-10.243766	6.412624
4328	6	8.908496	-14.870830	-2.571771	6.980202	-7.403788	6.843048	-8.402477	-8.851262	-2.322359	-6.352482	-7.402830	-6.058625	-5.827024	6.561208	7.557263	-11.842735	6.347248	-5.448434	3.575191	-0.901670	6.707103	-3.326303	5.329655	4.680186	3.864485	-0.447611	6.711694	-3.328207	5.398739	4.657643	3.258498	-1.184911	6.680958	-3.325260	5.184199	4.689709
4345	6	6.341003	-14.417221	-3.406041	5.521608	-9.914641	-0.981506	-8.372698	-10.827055	-3.406041	-4.786591	-9.914641	-11.746746	8.174209	-14.955297	-3.406041	8.671484	-9.914641	4.958405	6.553869	2.798850	6.406332	0.051790	6.615832	-0.999301	-7.714682	6.475394	6.406364	-10.306050	6.623441	-11.750450	8.747950	2.256982	6.406264	3.269220	6.589607	4.958402
4365	6	-5.849042	-8.639269	-4.026143	-10.054998	-10.851838	-5.163639	7.271079	-14.009277	-4.026157	2.754286	-10.852232	7.887262	1.708378	-9.749238	-4.026154	-3.119647	-10.852148	4.697363	2.719946	4.084777	6.687879	-6.636307	6.122811	4.723172	-5.311786	7.233732	6.688735	-14.482338	6.126439	-5.163631	-4.490443	5.250500	5.786515	-13.620885	0.555154	-5.163541
4378	6	-7.471716	-6.811165	-2.551492	-7.668939	-6.511458	-11.083249	-4.232337	7.606051	6.917903	-11.899759	7.096861	-10.905783	2.314359	-10.608974	-2.551766	2.995356	-6.511567	-3.524042	11.562277	1.247440	6.417778	0.997581	7.044240	2.588508	8.390705	-13.153259	-2.551768	5.710989	-6.511567	2.674269	7.181736	-4.783999	3.940549	1.094931	4.357781	2.603835
4389	6	6.331693	-8.938477	-4.286796	6.927730	-10.637085	5.412286	7.493958	1.912815	6.028070	3.696755	7.068006	5.402792	-6.731254	6.615831	6.429894	-11.272185	7.068991	0.379617	-7.863654	-5.002420	-3.728799	-2.867016	-10.591604	0.406666	-7.184720	6.616674	6.429905	-13.783298	7.068991	-5.791196	-8.346254	-5.002014	-3.728663	-10.060511	-10.591567	-5.791195
4390	6	2.051479	5.693468	6.289611	-10.384763	6.769485	-6.569102	1.124424	-11.758376	-5.603553	-6.120753	-2.562972	-6.621324	9.718273	4.640743	6.289575	1.932644	6.724915	4.971606	8.811272	-13.001715	-5.603574	6.775907	-2.571134	4.996740	-4.513927	-11.412057	-5.603544	-10.004239	-2.559143	-12.871803	-3.593574	6.236070	6.289619	-14.386727	6.782786	-12.756376
4404	6	-4.640752	-1.304265	-1.840136	-9.148482	-9.465930	-10.014544	8.777751	-13.001547	-1.845579	7.400409	-10.188223	7.113614	10.313807	3.276382	7.201619	1.649396	5.526366	6.964572	-3.495550	8.752832	7.201658	-14.732261	5.526638	-9.971966	2.433799	4.100192	2.588773	-6.191195	-1.757615	-3.761475	0.262998	5.008455	2.588775	-7.348571	-1.757588	-3.762054
4410	6	-6.635080	8.263564	6.228419	-13.949725	6.481100	-7.862294	9.802189	-11.731449	-6.674237	4.414458	-8.983141	-0.145727	4.290675	-9.702572	-6.607891	-2.901909	-8.983141	-2.698382	11.633191	-11.733514	-6.674269	6.812651	-8.983141	5.943237	-4.290291	-5.646721	-5.667890	-10.041045	-8.983141	-7.467806	9.891124	2.114263	5.814035	3.330840	6.409094	5.933024
4423	6	-2.808055	-2.912237	1.301606	-12.832955	5.324187	-10.310662	7.197384	1.562504	6.675013	2.188977	7.769888	5.723945	9.251191	-13.304370	-2.525844	6.088430	-8.050431	5.843364	-5.248007	-8.102738	-2.525843	-12.240895	-6.437934	-10.311929	-7.804271	6.765628	6.688532	-16.144003	7.798360	-10.311938	9.249537	-6.960642	1.183845	5.537349	2.922617	5.842721
4428	6	2.203558	4.663461	6.446549	-8.505793	6.087667	-5.661879	9.757142	-12.998186	-4.763663	4.848968	-10.673970	6.818695	2.330228	-12.911999	-4.763663	-4.675678	-10.673970	-4.252871	4.227665	4.532279	6.446542	-2.608943	6.087548	3.414540	-2.478427	-8.942102	-4.763663	-11.106948	-10.673969	-9.510415	-3.361735	8.588259	6.446572	-14.901858	6.088048	-9.613791
4434	6	-6.794751	-5.639547	-6.576206	-12.006812	-10.174689	-13.620472	4.451561	-10.218719	-6.576206	0.038001	-10.174752	-5.017752	-1.368504	0.806898	-1.440258	-11.734077	-6.185684	-11.139433	-3.084170	9.155213	5.184512	-13.753269	4.945578	-13.086345	12.828110	4.576027	5.184511	4.629073	4.945578	3.460581	9.147381	-10.218778	-6.576206	6.402754	-10.174752	3.460619
4469	6	8.422047	-14.689816	-2.745800	4.139945	-9.605473	9.397310	2.600139	-14.681136	-2.745800	-1.904149	-9.605473	8.045141	-7.910564	8.462820	7.884418	-11.603935	5.934376	-4.205998	3.689863	2.251595	7.833916	-3.915435	5.933467	8.065131	9.420038	2.251500	7.833910	1.881382	5.933467	9.143478	-7.917184	-8.483219	-2.745478	-9.348283	-9.605449	-4.204273
4480	6	-3.963779	-12.543908	-1.972003	-7.151064	-7.937114	-13.958715	3.914829	-15.831083	-1.972003	-1.581948	-7.937114	-6.357581	6.243715	-18.467786	-1.972003	7.262773	-7.937114	-0.769973	10.275164	-18.856048	-1.972003	8.292432	-7.937114	4.837694	-3.969218	6.120685	7.894290	-11.817585	7.718653	-13.958715	5.114706	0.755727	6.570962	3.537495	7.712275	-0.769976
4509	6	9.983697	-13.201838	-6.321872	6.073801	-9.674147	3.739785	4.244389	0.942630	6.148999	-1.650449	5.987855	-2.575022	-6.419514	-7.049450	-6.321872	-3.684321	-9.674147	-5.331688	6.738126	-13.201816	-6.321872	3.764979	-9.674147	-1.157936	-4.503113	7.248045	6.158747	-6.317334	6.367376	-5.114200	12.095260	0.900016	6.147117	3.136261	5.946633	3.740900
4532	6	-6.559777	-6.430345	-5.251033	-8.615820	-11.387182	-9.112145	10.904774	3.190092	7.098271	4.305868	5.106666	6.304244	8.752388	-11.589241	-5.253374	9.324183	-11.387189	6.304244	0.832087	2.677783	5.366594	-6.235736	-1.297669	-7.812038	-3.189115	3.994590	5.367388	-9.410308	-1.297486	-9.112143	-0.364962	8.333600	7.098380	-7.766444	5.106683	-9.078303
4542	6	-6.505432	-7.482333	-3.660980	-16.603240	-12.569590	-9.442593	5.148857	-11.979746	-3.661337	-3.479189	-12.569618	5.205539	-6.927652	6.598043	6.019516	-19.395411	4.768274	-9.443318	8.816768	1.385517	6.018738	0.326934	4.767553	7.553637	3.970063	3.285291	6.019502	-6.279863	4.768270	3.494811	9.562627	-12.565058	-3.661337	3.125913	-12.569618	8.109891
4725	6	8.556502	-7.615696	-5.578689	7.393672	-11.125992	5.826777	-4.009377	-2.920838	-5.563995	-5.926300	-11.125926	-10.455473	9.622403	1.769956	7.122700	4.654662	4.546586	5.826777	1.376131	-4.060413	-5.578063	-2.680942	-11.125992	-5.589979	-8.362091	6.496031	7.145552	-8.683919	4.549918	-10.456138	-7.214384	1.998477	0.632208	-6.025802	-5.608633	-10.455667
4730	6	10.384606	-9.257592	-4.027810	8.310743	-4.147676	6.410777	4.979421	-9.257578	-4.027809	-2.615385	-4.147676	-0.808712	2.861712	2.606616	5.955809	-7.424034	9.297516	-1.021799	-3.363230	-8.564927	-3.977893	-8.416866	-4.147676	-7.442840	-3.438235	3.377252	5.982728	-12.842946	9.298754	-7.442917	10.301227	2.600809	5.955549	3.866371	9.297493	6.401371
4750	6	3.141964	4.460688	6.767338	-5.667940	8.691443	2.359719	-7.405459	8.059786	6.767383	-14.435090	8.691443	-7.964868	8.980703	-14.528170	-5.188592	6.608343	-8.330351	7.701342	-3.716642	0.248475	-1.857040	-8.317989	-2.591592	-7.964208	10.927631	1.795614	6.697342	0.476858	8.691435	7.699834	-9.344324	-8.350248	-5.188592	-8.317950	-8.330333	-7.964209
4790	6	13.441150	-16.032238	-1.830605	7.262295	-11.502172	6.194751	-5.192619	-11.300938	-1.830605	-6.997986	-11.502151	-4.330048	0.084482	6.650889	7.080393	-12.505927	6.674681	-2.674076	12.356566	2.086049	7.009951	1.734094	6.624059	6.127947	1.046012	-12.714081	-1.830605	-6.641633	-11.502169	-1.478760	-6.112082	6.818376	7.080395	-12.513379	6.674700	-4.338261
4798	6	3.286877	3.661480	1.463083	-2.585109	-2.240870	-0.997089	-9.838885	-7.447696	-3.647704	-6.672561	-7.155021	-11.173847	12.625392	0.153014	3.718778	6.590577	4.245106	6.897254	7.381713	-13.740575	-3.648303	7.295140	-7.458180	6.897177	-6.658969	6.536779	5.309736	-8.197127	5.148181	-11.186185	-3.515937	6.320747	1.486200	-6.766863	-2.193060	-11.175900
4801	6	5.832737	4.657804	7.426950	1.076351	5.657725	-0.390563	5.942909	-11.631975	-3.231617	6.237021	-8.575693	-0.388444	-5.434103	7.640598	7.426950	-14.712780	5.657725	-11.719558	10.440202	2.640737	7.426946	2.392370	5.657666	5.073221	10.134823	-13.522983	-3.231617	7.545195	-8.575693	5.073354	-6.210834	-8.569351	-3.231498	-9.574411	-8.575663	-11.719552
4806	6	8.695661	3.612904	6.669918	4.512992	5.227368	5.219778	-3.250713	-0.743966	0.011272	-7.076427	-6.614351	-9.110822	0.956631	3.613175	6.669919	-9.985312	5.227397	-5.250445	8.013901	-7.968580	-3.997258	9.006166	-9.806325	5.219778	0.262915	-7.966523	-3.997258	-6.752670	-9.806168	-8.115902	-4.784849	8.982638	6.670313	-11.555323	5.385738	-9.110827
4827	6	10.215501	-13.088398	-5.564892	4.793095	-14.490373	8.640386	-6.154987	5.132037	7.527578	-17.233096	5.080324	-6.978495	-4.174096	-7.329443	-5.560113	-13.109828	-13.455983	-6.977141	-6.018574	2.646875	5.220135	-15.337366	-1.648291	-6.978487	3.588788	-8.972651	-5.563410	-1.227033	-14.084536	-3.122635	5.569339	0.407742	5.486141	2.230535	4.631102	8.639743
4831	6	-9.104346	-13.412299	0.005558	-10.808469	-0.870317	-10.931046	6.378958	-15.542222	0.005558	6.897941	-0.870317	6.755363	-9.104346	-14.617709	-4.527239	-10.808468	-9.599696	-10.931046	6.378958	-16.747631	-4.527239	6.897942	-9.599696	6.755363	-7.311659	4.767612	6.712484	-15.256771	6.842981	-10.896169	8.154642	2.618751	6.712484	2.262968	6.842953	6.503338
4915	6	2.301041	-11.963345	-1.371398	4.846774	-11.020399	0.221037	-8.435998	7.345811	7.023980	-11.554871	5.975696	-8.663692	7.102557	-15.343056	-1.371398	7.208430	-11.036803	6.704909	-8.090492	-10.955495	-1.371398	-7.360429	-11.002279	-8.663632	2.018316	6.470700	7.023979	0.422526	5.968014	-0.124582	6.823003	3.073583	7.021790	3.015770	5.816023	6.703718
4917	6	4.978909	-17.280820	-1.296473	6.603005	-9.694657	0.589104	8.720889	-17.280823	-1.296473	6.901919	-9.694657	5.521083	-8.868743	-12.613547	-1.296440	-7.010528	-9.682304	-8.574587	-6.471814	6.060069	6.524677	-11.525519	8.809103	-8.574587	6.886754	1.347952	6.436002	2.063340	8.158534	0.546999	10.724766	1.347952	6.436002	2.386730	8.158534	5.508117
4946	6	-5.663092	6.086507	8.308719	-7.459984	7.604314	-3.452074	11.368251	-7.716047	-3.447067	9.368533	-6.282175	8.448420	8.907616	3.936885	8.308719	4.543319	7.604236	8.448418	5.616138	3.937005	8.308719	-1.195482	7.604236	8.440193	8.554544	-1.033105	6.165427	4.677491	6.185704	8.448416	-1.221147	6.086239	8.308719	-1.988783	7.604314	5.075710
4963	6	13.738931	3.991950	7.042036	1.765583	6.486801	7.403582	-4.834499	-8.628292	-4.559962	-8.992900	-7.743245	-8.511469	9.888213	-13.568598	-4.560256	7.138554	-8.141859	7.403582	4.185304	5.974003	7.056329	-10.099542	6.534319	-3.203334	9.048396	3.997517	7.042153	-3.311701	6.487042	5.779396	-0.973882	8.926344	7.057297	-13.962389	6.548654	-8.380322
4985	6	-7.870683	-11.359206	-4.209513	-9.073068	-5.385106	-11.829781	-7.142677	6.496107	8.830671	-13.300700	5.952941	-11.829781	3.203389	-13.376037	-4.209513	-3.345087	-5.385106	-5.772782	3.736688	-13.656078	-4.209513	1.778769	-5.385106	-2.283904	9.614097	-14.875237	-4.209513	6.444608	-5.385106	4.010269	10.337637	2.966299	8.830365	2.059666	5.952938	3.978892
5063	6	7.433701	-16.913248	-3.124772	5.906207	-6.812596	-0.621556	3.926967	-10.337306	1.459200	-4.804193	4.853618	-6.953301	13.597813	-16.913248	-3.124772	6.008119	-6.812596	4.276312	7.467531	-10.337335	1.459200	5.762499	4.853618	-0.621551	13.631132	-10.337335	1.459200	5.864453	4.853618	4.276312	3.887657	-16.913215	-3.124772	-4.656154	-6.812596	-6.961852
5084	6	9.874749	-10.412350	-4.566907	7.270090	-8.176252	2.976746	-6.754528	2.104220	2.316063	-10.565742	-2.316314	-11.791380	3.677312	-10.304032	-4.566682	5.686574	-8.170269	-1.841792	-7.643471	-6.326935	-4.522316	-10.571505	-7.298786	-12.199412	-7.782331	8.504648	6.685719	-14.978674	6.394757	-12.251508	3.519034	4.623195	6.683244	1.251587	6.358470	-1.850017
5091	6	1.254463	4.183008	6.803287	-6.206017	7.391607	-8.219352	12.269747	4.151538	6.803278	3.772652	7.391607	6.383053	8.740407	-12.342282	0.149586	6.213606	-5.900369	6.382888	-0.063673	-1.950696	3.466292	-4.591065	6.461875	-9.769918	-8.672964	-7.350326	0.149586	-4.932576	-5.900369	-10.571986	-4.531888	9.143497	6.803379	-7.373566	7.391615	-10.569784
5118	6	9.666041	-17.181106	-5.145938	6.046209	-11.362883	7.996021	7.986309	-0.190695	7.132663	0.173368	5.031246	7.107729	4.635734	-15.106973	-5.145938	-6.781260	-11.361508	-2.132156	-7.375040	-12.196922	-5.145938	-11.351837	-11.349813	-8.430019	-8.052766	6.094802	7.160123	-16.996238	6.297191	-8.436345	3.756910	3.645945	7.160105	-12.481934	6.182247	-2.301672
5127	6	3.718792	-12.337948	1.115046	-6.481230	2.079992	-6.225967	3.799398	-18.691121	-4.222459	-6.365088	-8.561156	-6.206705	-3.683365	-15.621720	-4.222459	-12.862765	-8.559025	-12.413245	-3.686942	-9.259803	1.115139	-12.978702	2.324427	-12.413386	10.637994	-12.350768	1.115046	5.089496	2.079660	5.159330	10.638750	-18.700814	-4.222459	5.205426	-8.561158	5.159331
5137	6	9.508679	-16.274211	-1.917382	8.936719	-10.092803	6.116657	-3.973045	7.993466	8.658757	-13.278126	6.688764	-9.808665	9.972264	1.288625	8.465766	2.709895	6.579742	6.015204	2.852761	4.638348	8.641060	-6.849675	6.688763	-5.254689	-4.547610	-9.496710	-1.475179	-7.062355	-10.091045	-10.102912	1.717179	-0.423618	4.227571	-2.248344	-4.260054	-5.022457
5156	6	-8.209773	6.491430	4.899330	-8.954043	5.360497	-9.668982	5.019138	-9.267593	-7.642628	5.351326	-8.868543	5.221703	-6.214470	0.503561	-1.683141	-7.658756	-2.600926	-9.668978	5.018824	-9.267593	-7.642628	2.994584	-8.868543	0.623457	8.519447	2.007277	4.899016	4.037181	5.360396	5.221704	8.487208	2.007277	4.899016	1.651968	5.360396	0.623458
5169	6	11.287829	-14.997785	-3.246075	6.971179	-6.622065	6.219174	-7.349817	-8.791895	-2.941645	-11.632576	-6.622064	-9.165100	-3.819149	2.025426	2.226561	-11.715901	-1.097098	-8.485652	6.543607	0.176601	5.001154	-1.399640	4.561884	5.262718	10.788972	0.176601	5.001154	5.025422	4.561883	6.207165	-8.259977	6.235486	5.469382	-14.006455	7.134829	-9.233530
5179	6	8.219798	-11.805936	1.896156	7.425968	3.141815	6.724034	-8.551163	-7.401279	1.896630	-9.253108	3.143322	-9.691215	-8.543062	-12.553037	0.044327	-9.250371	-1.004600	-9.691215	12.165403	1.489010	5.140048	3.605695	7.205491	6.715139	-4.473673	6.003547	5.153092	-12.952023	7.251597	-9.691403	8.227906	-16.956866	0.044327	7.428694	-1.004600	6.724034
5186	6	10.884195	-10.491285	-3.553284	3.444541	-10.133723	6.661804	6.580737	2.046262	8.532080	-6.223659	6.279763	5.955847	-4.805603	-5.857530	-3.553282	-10.927208	-8.746689	-2.923112	-4.716193	3.757198	5.274637	-15.924551	0.206853	-2.922628	2.884366	-2.054747	3.145816	-5.414233	4.780373	5.954813	-4.717653	6.682001	8.545709	-15.981063	6.452064	-2.922636
5219	6	-3.715060	-5.034641	-3.632646	-8.610498	-12.124400	-11.153387	6.400016	-9.540808	-3.632653	6.598385	-12.130360	-0.465994	-1.218638	6.405086	7.892012	-15.027909	6.155880	-10.636806	5.914399	2.472699	7.877326	0.138856	6.150516	-0.592702	10.835982	-11.452827	-3.632653	6.620546	-12.130361	5.060270	2.025637	5.384032	7.892008	-9.668357	6.155869	-4.959995
5248	6	-2.071091	-10.973412	-2.675959	-5.628743	-11.531655	3.239508	-6.180961	-10.972521	-2.675959	-12.482898	-11.531650	-9.611810	9.543532	-17.478584	-2.675971	4.613220	-11.540248	7.510082	-2.951132	6.880127	8.017956	-10.151616	5.099520	2.713247	-7.052012	6.880270	8.017956	-16.383162	5.099522	-9.641956	3.155866	2.068276	7.969021	-6.176483	4.635099	3.300212
5273	6	-6.998693	-10.877801	-2.424030	-8.642077	-11.176201	-10.022087	1.000569	5.506821	8.092036	-6.954462	5.284883	-9.315180	4.768079	-12.263608	-2.424030	2.690656	-11.176201	0.258323	9.584935	4.123557	8.092036	5.610939	5.284871	3.765184	7.503666	-12.263729	-2.424030	7.850753	-11.176201	3.765184	-5.147047	5.509490	8.092036	-10.881745	5.284883	-10.022087
5299	6	-4.927015	7.481992	4.480317	-7.310749	5.584560	-11.441411	10.723026	-14.385093	-7.425242	9.135302	-7.941029	6.166367	13.452650	1.622237	4.457188	8.700507	5.329452	6.166367	-7.873317	-8.790645	-7.425171	-6.845354	-7.940948	-11.441411	3.450279	5.373088	4.480194	-1.904144	5.583091	-5.074334	3.493191	5.342056	4.480189	-1.890654	5.583022	-0.386052
5311	6	4.460576	5.614544	6.869428	1.380064	5.854100	-1.524304	7.887689	-10.073783	-5.179132	6.283754	-10.839898	-0.920910	8.342624	5.608966	6.869428	4.827881	5.854100	3.677587	-7.003607	8.765313	6.869428	-10.922099	5.854100	-11.579524	10.544894	-10.073783	-5.179132	9.369000	-10.839898	3.684364	-2.839441	-6.917437	-5.179132	-2.871643	-10.817574	-11.435891
5347	6	3.159802	-10.092501	-9.126434	0.766654	-9.517874	-1.120206	-1.771360	6.186142	3.233558	-12.614420	6.028239	-4.352897	-3.529026	-7.028925	-9.126431	-12.780185	-9.517874	-6.198552	9.796433	-11.221504	-9.126434	6.200953	-9.517874	4.194084	10.704086	1.275067	3.233542	6.113123	5.960991	4.194084	4.124136	2.166182	3.233558	0.664097	6.022431	-1.125037
5389	6	14.377708	5.893915	2.776780	5.722980	6.765153	6.609389	-10.261956	-5.551213	-2.020849	-11.575009	-6.220565	-12.423937	8.660834	-7.956087	-2.021827	5.728622	-6.660839	6.609222	-4.540000	8.372790	2.776925	-11.580657	6.767836	-12.418349	2.366364	-6.280568	-2.021485	-0.830002	-6.415015	-2.676354	1.727089	7.851713	2.776919	-6.877019	6.767585	-7.630390
5394	6	-4.092255	-10.314838	-0.775225	-8.046341	-9.007170	-7.399141	-5.178472	6.890029	8.571740	-12.072336	6.525682	-7.399141	11.273160	-15.204179	-0.797322	6.040744	-9.019242	6.639013	3.076373	-13.190527	-0.794961	-4.616977	-9.017958	0.629640	0.789489	-10.315708	-0.775239	-6.739131	-9.007178	-5.268113	9.994608	1.989236	8.079104	2.005381	6.347063	6.638951
5431	6	10.331943	-12.876097	-7.260742	4.663209	-5.421072	6.893580	-3.437418	-1.449358	-6.007248	-13.223248	-4.990449	-8.090682	3.441143	-0.928830	0.851363	-7.009187	6.715689	-1.686129	9.846603	1.948657	4.942949	0.982139	7.143233	6.139382	-5.902627	7.512556	5.017258	-17.135554	7.256581	-8.094169	-1.261180	2.755638	0.702087	-13.148338	0.569561	-7.802313
5454	6	-5.232665	8.394356	7.871358	-12.598119	6.531240	-10.338053	8.042267	2.183069	7.870117	4.301943	6.531240	6.120411	3.231249	-1.440892	6.511265	5.358913	6.529406	6.074255	-5.630049	-4.159453	-2.968741	-9.186429	-11.006821	-10.633779	7.027431	-2.691932	3.818656	6.978461	6.232099	6.118644	7.644893	-10.413555	-3.128859	7.714307	-11.704004	6.119862
5481	6	2.840133	-16.967335	-8.836106	6.597227	-7.778950	6.817878	-3.770935	-10.960553	-8.836106	1.070624	-7.778950	3.371344	-9.978680	-10.867351	-8.836106	-5.413495	-7.778950	2.283632	-15.988849	-10.867334	-8.836106	-10.902637	-7.778950	-2.106475	-5.601260	3.399641	1.982892	-5.458931	2.723153	2.467260	-11.629876	3.407249	1.982898	-11.008015	2.723157	-2.104157
5482	6	10.839721	-15.816486	-1.908066	7.007682	-11.707763	6.407554	-3.078673	6.943820	7.939531	-14.758165	6.082609	-9.523535	3.777157	-15.170991	-1.908066	-4.228814	-11.707763	-3.025280	-1.595848	-12.386431	-1.908066	-10.073210	-11.707763	-9.428046	9.297336	3.495639	7.939529	2.315856	6.082609	6.328252	5.093484	3.628753	7.939529	-4.227432	6.082609	3.383111
5543	6	1.953622	1.573709	5.063634	-10.937612	8.006159	-2.200188	12.364480	-17.114206	-3.194703	5.039200	-4.946605	7.514482	-4.227506	4.936743	5.065010	-15.035861	8.595544	-6.418142	2.315701	-15.400383	-3.194699	-6.319142	-4.946366	-2.074345	-4.651427	-10.697743	-3.191584	-10.864872	-4.937057	-6.679302	1.595604	-1.976316	4.886399	-11.169431	6.008291	-2.341167
5547	6	10.116223	1.807482	5.454354	4.390208	7.105781	5.795635	-9.099838	6.905779	5.462515	-6.728239	7.106563	-12.620229	-4.897586	-6.825731	-5.143532	-0.669992	-4.380685	-11.364070	5.112261	-11.865969	-5.220127	7.147442	-4.383381	-0.900877	3.512595	2.381867	5.458835	3.493120	7.106314	-1.216011	11.717729	-11.866793	-5.220127	7.894438	-4.383381	5.799480
5560	6	-4.557051	-6.023706	-1.921395	-10.024466	-9.509009	-10.236770	7.827973	-12.282937	-1.921480	4.717890	-9.509043	5.516324	-5.476772	6.507329	5.879943	-13.524758	-0.562658	-10.236770	-5.529706	7.152174	6.535009	-13.524762	6.061184	-10.236770	7.639891	0.913343	6.531557	1.082450	5.727946	4.937656	5.399687	0.745289	3.192648	-10.147986	-2.337906	-6.460980
5596	6	3.630214	-8.230532	-4.907815	-2.918823	-7.006153	-3.108505	12.863884	2.783728	4.481672	4.366048	7.082228	6.477410	10.350288	-10.649597	-5.266983	7.390891	-7.006153	6.477410	4.588946	4.688500	4.549583	-6.351023	7.127172	-3.599836	-2.415240	-6.645794	-4.292919	-6.536434	-7.006144	-9.264777	-0.500692	6.607883	4.568365	-8.398650	7.132703	-9.263142
5735	6	-3.119639	-8.279169	-8.412012	-10.663504	-10.577919	-9.626463	8.548215	-13.285275	-8.412012	5.187020	-10.577921	5.629689	14.466851	4.083466	3.857446	4.786271	6.411685	5.641077	8.054128	4.083466	3.857446	1.929903	6.411685	-0.506512	0.825710	4.999672	3.857446	-10.172921	6.411835	-6.839794	0.624064	-1.198624	3.854342	-10.489331	3.629868	-6.963929
5737	6	8.759380	-8.144180	2.952906	6.175010	2.670610	9.086488	9.289103	-16.877449	-1.186996	6.350007	-4.279307	9.091582	-6.565455	5.416978	6.363644	-17.333733	9.269176	-8.558866	4.942719	1.864801	6.363553	-5.819787	9.262979	3.852381	-5.355179	-10.910181	-1.186996	-11.419554	-4.279307	-8.290300	1.313245	-11.649645	-1.186996	-6.941943	-4.279307	-3.891243
5784	6	11.612362	3.598586	6.687213	0.923778	7.821792	6.431723	8.005784	-13.892993	-3.853480	6.951023	-6.047812	6.621751	-8.857663	-4.799271	1.923484	-9.097804	3.473122	-7.541406	-6.234280	6.318819	6.707371	-10.147813	7.821792	-7.541295	-10.017381	-11.173113	-3.853477	-4.341139	-6.047812	-7.266615	8.104219	-7.522715	1.897480	2.218286	3.449232	6.588338
5797	6	5.775488	-10.763107	-5.151719	-4.069728	-8.278753	2.371344	9.001741	2.915605	5.283162	-5.322242	6.928332	2.371397	-5.636270	-2.449753	-5.142775	-13.423404	-4.317063	-8.968464	-4.284481	6.644569	5.283705	-14.676193	6.935829	-8.966388	12.610044	2.753214	5.282751	2.186741	6.927366	7.042000	8.526088	-11.646732	-5.151719	3.459957	-8.442588	7.042068
5810	6	14.154024	1.126409	4.375038	5.307985	7.476834	5.484977	10.580667	-13.820911	-8.232020	7.826718	-3.872615	5.537890	5.181331	-13.332785	-8.232020	5.670075	-3.865304	-0.690842	5.347188	1.536325	4.498661	-3.997753	7.500051	-5.023433	-2.796986	-9.346805	-8.232017	-6.745540	-3.500004	-9.035390	8.459974	1.133010	4.377854	3.025571	7.477259	-0.904704
5858	6	-2.967421	-9.601680	-8.657555	-11.875858	-6.711159	-14.448058	8.491191	-14.734420	-8.657555	5.374317	-6.711159	3.331508	4.122280	-11.624134	-8.657555	-0.357265	-6.711159	-2.434670	4.996000	2.994333	4.489567	-9.708963	6.202811	-8.109341	0.075328	5.451498	4.489575	-14.614421	6.218395	-14.450822	8.492847	0.317944	4.404325	2.844835	4.243062	3.260545
5870	6	-9.926487	5.867248	7.963296	-15.668796	8.143739	-5.981752	7.466892	1.159066	7.448977	2.191454	7.938696	7.159577	-8.864067	-12.107648	-3.744576	-11.009350	-8.186119	-5.973105	8.917074	-17.913331	-3.766510	6.860605	-8.186122	7.343440	1.293074	5.317742	7.951878	-4.636426	8.143362	3.668045	7.852687	-17.306483	-3.766300	0.470110	-8.186122	-0.066575
5908	6	11.500856	-17.984907	0.641755	8.900503	-5.460169	5.632727	-4.343701	3.177592	7.158207	-11.738800	8.681801	-12.271757	7.841537	-17.413469	0.641864	4.837614	-5.460066	-0.016722	-4.425143	-13.216230	0.647644	-8.484755	-5.454579	-12.309742	-10.401330	-2.744330	4.651954	-10.698035	5.430276	-13.189026	4.856347	0.448351	6.568842	0.886774	8.672964	-0.452662
6001	6	7.073075	1.298554	4.768313	3.351075	8.200352	6.640295	-6.522295	-9.082796	-4.056276	-12.890892	-8.308241	-9.957944	1.590161	-9.127752	-4.057258	-6.390722	-8.308328	-4.836022	-6.826890	6.392590	5.531354	-16.988596	8.535127	-10.021599	3.877708	-14.019943	-4.087610	3.105599	-8.310974	0.259347	7.288889	-14.119938	-4.087681	5.683164	-8.310980	6.645631
6020	6	-4.170579	-11.011230	-2.372362	-7.455062	-9.706067	-8.082881	8.478829	-15.305121	-2.372362	6.420219	-9.706067	6.806757	9.426201	2.547771	6.669876	3.999124	6.629709	6.806757	1.616653	-12.156053	-2.372362	-4.975752	-9.706067	-6.735022	2.662543	5.337782	6.669956	-7.135737	6.629711	-3.071943	-3.020619	7.053259	6.669956	-9.543117	6.629711	-8.082890
6062	6	13.139563	-16.127327	-2.377572	6.769675	-12.242402	9.520161	-4.459941	-9.885893	-2.377571	-8.807754	-12.242402	-5.688337	13.155302	0.303347	4.560590	0.693987	3.937767	9.467889	4.389921	-13.372056	-2.377572	-3.123627	-12.242402	-1.153549	11.077201	0.304150	4.560601	-2.698438	3.938987	4.887441	3.785145	4.013579	4.562669	-9.237703	4.971810	-1.234861
6086	6	12.015173	-16.675784	-4.310684	6.880089	-6.111873	4.108810	3.189403	-15.508758	-4.310684	-3.933167	-6.111873	-2.473257	-1.331690	-10.048743	-4.310684	-6.990297	-6.111873	-8.139449	7.638749	-16.675784	-4.310684	0.929320	-6.111873	-1.379516	2.525996	1.956126	6.865912	-6.724783	6.366498	-2.991500	-1.947487	4.467284	6.867786	-9.959665	6.366544	-8.533659
6089	6	11.481370	-11.928357	-3.726923	8.585893	-9.292604	8.267723	-3.959413	-5.535256	-3.726923	-6.034961	-9.292480	-3.738441	4.632123	-11.891023	-3.726923	-3.274952	-9.292604	-0.750680	11.436387	2.136643	6.733502	2.837441	7.895223	8.249684	-3.932707	8.553903	6.733539	-11.778687	7.927022	-3.735650	4.488590	2.201454	6.733511	-9.052048	7.899189	-0.796211
6173	6	-11.734742	-3.685834	2.414409	-8.786050	4.334666	-12.585148	-5.799738	-9.270039	-3.149288	-2.500032	-5.140692	-12.562676	7.391105	4.284973	4.892575	5.286094	5.816983	6.549693	-5.829487	6.918097	4.930531	-9.986526	5.831381	-12.585148	7.421697	-11.894913	-3.297574	6.928096	-5.487203	6.549696	4.260514	-11.888186	-3.297517	0.329844	-5.487104	-1.549674
6189	6	4.125129	-15.379778	-5.152839	2.702905	-5.335686	-0.255222	-7.880314	-10.601308	-5.152839	-9.958588	-5.333696	-10.718247	-5.985694	8.163783	4.754375	-10.950377	7.317209	-10.718247	5.973013	2.108406	4.745721	1.714953	6.915768	-0.298486	7.050262	-16.768674	-5.152839	6.741933	-5.335732	4.798699	8.962826	1.918247	4.739751	5.764454	6.870680	4.798692
6193	6	10.007932	-11.088212	0.838727	6.802292	-8.709076	8.326274	-6.038935	6.535763	8.143976	-12.914225	6.225278	-9.486255	-1.791706	-6.285901	0.838735	2.067402	-8.709069	-3.271270	-7.741783	-6.285847	0.838735	-6.451390	-8.709069	-8.842095	-2.175600	0.641376	2.894052	-5.718453	-1.006714	-8.449251	9.404263	1.730541	8.102214	0.438074	6.223856	7.090523
6201	6	3.515763	4.303640	6.231522	1.355709	8.284686	-2.382696	5.037216	-6.841257	2.300291	4.580870	3.019781	-1.528378	-6.282785	6.094263	6.281023	-12.605740	8.292563	-9.126785	-6.220081	-11.958807	-3.464692	-9.934721	-5.759755	-9.110889	4.209906	-14.245932	-3.468221	4.490362	-5.759769	-1.695585	7.605982	-16.866299	-3.468983	4.789127	-5.759772	4.210062
6206	6	9.177840	4.924425	6.129029	-2.286690	6.104616	6.132358	12.710252	-7.456580	-3.329068	5.599036	-10.187541	7.020034	15.759849	4.924425	6.129029	3.095778	6.104616	7.020015	-5.487926	-5.936346	-2.693775	-12.787881	-10.187541	-7.392682	-2.177448	4.964590	6.129212	-15.273226	6.104628	-7.305812	3.710754	4.924425	6.129029	-8.903672	6.104616	-1.159813
6224	6	-0.523650	3.972718	9.009425	-9.557701	8.161775	-11.190480	8.171145	-14.474245	-0.438525	8.064058	-9.465269	1.042913	12.348901	-0.687493	5.268831	6.164143	6.613145	7.490410	-0.999295	-10.853886	-0.438525	-7.611945	-9.465269	-11.293247	11.970512	-0.687492	5.268833	6.119828	6.613148	1.042177	8.548690	-14.474326	-0.438525	8.108239	-9.465269	7.491018
6225	6	9.466785	-10.494144	0.323065	6.993310	2.648360	8.761226	-3.678730	6.498292	7.211984	-10.311916	8.736746	0.868077	9.466960	-13.328678	-3.157522	6.993310	-3.511517	8.761226	-9.186792	6.498292	7.211984	-13.013519	8.736746	-4.750245	-9.306673	-6.729294	-2.389900	-8.679639	-3.029979	-4.750245	-3.803213	-6.729294	-2.389900	-6.356503	-3.029979	0.865886
6242	6	-6.625119	-8.553172	-0.353593	-9.177852	-4.385226	-11.136754	-4.015276	5.687073	6.052210	-12.882177	8.841966	-11.136753	3.717733	-11.378891	-0.353593	0.353120	-4.385226	-1.144892	1.785055	5.134186	6.052210	-7.850802	8.841959	-8.012436	7.365177	-14.256406	-0.353593	7.462236	-4.385226	5.541610	4.025894	-3.895900	5.065175	4.014627	4.852222	5.445342
6244	6	-5.643403	-8.070572	-5.075973	-6.797597	-11.904785	-9.852504	2.757654	-8.981567	-5.075973	-2.080084	-11.904785	6.272862	7.072494	2.316958	4.181243	-3.074992	4.946317	5.956922	6.825966	-10.551974	-5.075973	4.166518	-11.904785	6.345093	0.730627	4.726358	4.181904	-7.323724	4.946454	-9.784189	11.413642	2.303606	4.181206	3.109204	4.946309	6.345093
6295	6	-8.100290	-3.856472	-5.557118	-7.554789	-11.370235	-11.014020	3.895198	-7.880809	-6.331568	2.367987	-11.370288	-0.647490	10.203716	-9.169009	-6.331583	7.341407	-11.370288	4.332555	3.376066	3.244155	3.291896	-3.937930	5.131947	-6.003314	-3.352436	6.246790	3.291897	-9.026860	5.131990	-11.014022	13.915240	0.921899	3.290578	5.867733	5.003108	4.332555
6306	6	3.272685	1.731772	8.601173	-10.967875	4.992925	-3.261739	7.443511	-5.039787	3.687139	6.310951	3.546786	7.683693	8.131682	-14.653317	-2.425493	6.327354	-8.320722	7.683693	6.456269	1.731770	8.601173	-6.880310	4.992925	2.418487	-7.546204	-8.371891	-2.425493	-10.633112	-8.313377	-8.619825	-1.713756	7.950554	8.603380	-17.291870	5.305019	-8.616508
6312	6	1.915993	-15.202929	-3.430749	-4.320993	-8.394099	-3.909564	1.894553	1.467633	6.601513	-8.081601	8.634580	-3.937674	-4.542804	-10.389478	-3.430749	-9.154198	-8.394099	-9.665991	8.039269	-15.886601	-3.430749	9.328005	-8.394099	6.491973	-3.979786	6.233382	6.603361	-12.882085	8.898807	-9.665977	7.812730	0.729540	6.580188	5.587629	7.958219	6.491971
6318	6	11.164456	-16.678716	-2.263701	7.544513	-9.642832	6.921584	0.154606	-16.678690	-2.263701	-6.684764	-9.642832	-6.447741	9.151161	-0.341101	7.721207	1.017531	4.977767	6.896744	-5.939521	5.077102	7.763655	-16.933709	6.911135	-8.381720	-5.568198	-11.358292	-2.263701	-10.501830	-9.642829	-8.380707	4.635782	-0.341101	7.721207	-4.863779	4.977767	0.535064
6343	6	-5.501270	-12.728525	-6.817765	-7.562778	-12.196830	-8.912965	12.034265	-17.992299	-6.817765	6.383955	-12.196830	7.261598	2.218820	5.123430	6.123007	-5.846778	6.946296	-4.677488	12.422154	0.855386	6.123003	3.070842	6.732532	7.214691	1.161623	-13.763930	-6.817765	-2.531632	-12.196830	-7.189308	-4.081982	6.765116	6.123007	-7.878309	6.946296	-8.913216
6404	6	9.492994	2.183012	7.257681	1.249211	7.302605	6.270627	-3.688016	8.109773	7.508495	-14.020299	7.303066	-10.795618	10.498217	-15.132049	-3.849160	4.891138	-10.913607	6.635388	7.560586	-15.115118	-3.849160	1.718412	-10.913607	0.067818	-2.860045	-9.218619	-3.849111	-10.481591	-10.913591	-10.689415	3.178534	-12.595901	-3.849159	-5.640589	-10.913607	-4.387903
6409	6	15.855229	1.712743	4.792909	5.399436	6.062711	4.310082	11.526197	-13.731519	-6.818757	6.956171	-7.010442	0.452738	12.597960	-13.790712	-6.818757	6.969833	-7.010600	4.310082	14.782795	1.719793	4.793450	5.385776	6.065315	0.452739	-5.127507	-7.819870	-6.818757	-7.594814	-6.795402	-8.357665	-1.882299	7.668175	4.815524	-8.585900	6.609760	-8.089792
6440	6	9.074204	-11.752881	-6.123326	7.374242	-3.491494	6.034721	-0.101057	2.308534	4.863319	-7.404777	7.193658	-6.813124	-0.179358	-1.630432	3.197578	-7.392653	7.529406	-5.298904	-0.762277	2.537770	4.667653	-7.339725	7.171810	-7.179469	-1.178030	-1.770467	1.862834	-7.271858	7.325791	-5.803085	-2.569089	-7.202037	-6.123326	-7.368557	-3.491493	-10.762571
6470	6	11.245021	-10.848189	-8.000430	8.013254	-4.956206	5.913058	7.109675	5.138145	3.794805	-6.807521	7.575077	-5.024472	4.925104	-10.847433	-8.000430	-5.076014	-4.956206	-5.024483	13.663868	5.138143	3.794805	6.229045	7.575077	5.913058	9.724123	-10.848189	-8.000430	3.635273	-4.956206	1.088303	11.812105	5.138143	3.794805	1.742326	7.575077	1.088156
6474	6	12.152608	2.462962	5.645837	1.888888	7.766413	8.671295	8.733297	-10.278072	-7.235249	4.662615	-8.529260	8.671295	1.788652	-7.139139	-7.235249	-1.175573	-8.529259	8.669628	-5.070313	0.003789	-2.566512	-9.130755	1.681310	-3.462235	-9.934671	-6.130514	-7.235249	-9.133352	-8.529259	-3.462236	-6.261818	6.613116	5.671560	-11.903031	7.766489	-3.462236
6501	6	-6.608930	-8.144832	-6.854993	-10.484695	-4.851262	-10.924425	9.088454	-14.151016	-6.854993	3.777302	-4.851263	5.812553	-2.273746	5.229332	4.215655	-11.116705	6.274029	-10.874323	5.558045	1.238559	3.933453	-4.729933	5.811142	-4.496452	13.612047	1.238559	3.933453	3.387705	5.811142	5.812553	12.230246	1.238559	3.933453	-2.053260	5.811142	5.785141
6538	6	13.643462	-10.225959	-4.054815	5.474559	-14.394365	5.883900	2.223950	-5.811189	-4.054815	-3.429124	-13.946618	-6.435597	-3.681414	-4.960288	-4.054815	-7.622218	-12.763316	-10.868793	9.253251	-10.225959	-4.054815	2.426933	-14.394365	-0.241581	1.606276	8.750107	7.238144	-9.199824	3.493371	-9.140619	-3.955480	8.838006	7.238144	-13.266839	3.493371	-10.868796
6554	6	5.968165	-13.477140	-5.688847	7.462824	-10.055206	6.476455	9.263706	0.613066	6.318834	2.851742	6.743197	6.470005	-10.487107	-6.876314	-4.739323	-8.583011	-8.890772	-3.860010	-5.151017	-6.883875	-4.746466	-2.044496	-8.894896	3.876044	-6.773843	7.790937	6.321236	-13.194077	7.025675	-3.863811	4.789957	0.663872	6.318997	-0.995273	6.752145	5.534110
6568	6	-2.192843	7.246801	5.011287	-13.567518	7.105608	-9.244066	4.879046	-17.027324	-7.305545	-4.447794	-7.484202	-6.565488	14.282048	-17.056502	-7.305545	7.285376	-7.484202	5.734266	4.095577	1.937167	4.976488	-7.321647	7.087728	-6.617594	-1.389605	-11.510733	-7.305545	-10.653180	-7.484202	-8.695204	13.532578	1.699274	4.933153	4.462980	7.070865	5.734168
6574	6	11.226586	2.905099	7.389510	1.907683	5.854090	5.857890	-7.134552	8.931500	7.391292	-13.164708	5.854684	-9.784477	6.598730	2.906821	7.389519	-0.812396	5.854092	0.143694	-9.765092	-8.922678	-4.020932	-9.232747	-10.284305	-9.898198	8.717668	-15.101207	-4.020932	5.798891	-10.284310	5.849716	4.698247	-15.079027	-4.020932	3.845517	-10.284310	0.032234
6578	6	-3.225778	8.333429	6.771252	-12.733117	7.714828	-8.906901	2.048801	7.381729	6.771251	-10.696432	7.714789	-4.418819	12.461424	6.114879	6.771245	0.229077	7.714532	6.841392	10.518274	-6.842846	-2.695705	6.743846	-7.578478	7.689285	-5.413273	-4.591358	-2.694589	-6.308750	-7.552561	-8.906750	10.422955	-4.030832	-0.258035	6.743151	-0.679832	7.689285
6677	6	-6.945600	-9.684333	-6.399551	-12.803812	-8.418599	-9.139151	6.102964	-16.092226	-6.524377	-2.463117	-8.418599	3.354882	-8.039546	4.450199	6.581049	-18.585708	7.078177	-9.139153	10.998263	-16.092229	-6.524377	3.981319	-8.418599	9.161966	-1.856750	4.435210	6.580235	-13.912396	7.078177	3.299289	-0.755791	-9.971821	-6.421563	-8.019716	-8.418599	3.349605
6725	6	4.593806	-11.066839	-5.250780	-3.767820	-9.294503	-3.303779	12.275435	-11.127454	-5.252136	8.659007	-9.294504	7.230802	-5.792177	5.953494	6.459923	-14.763022	7.258910	-8.616510	-1.390343	-9.492236	-5.187057	-8.762434	-9.294429	-5.595440	3.590464	4.523505	6.412614	-5.128012	7.252356	2.491402	7.874670	4.306789	6.400672	2.896460	7.250637	7.220664
6732	6	9.946049	-14.731258	-5.208902	7.357456	-11.516691	5.427225	8.025201	-14.730619	-5.208902	7.352357	-11.516690	0.805783	3.070020	6.031959	7.107022	-3.782791	5.539458	-4.678260	9.111043	2.454086	7.106000	2.973967	5.285086	0.802397	11.033810	2.454019	7.105999	2.977109	5.285074	5.424624	-2.710626	8.338107	7.107023	-7.225095	5.559940	-10.514948
6775	6	10.934636	-18.073340	-4.302791	6.748868	-11.333617	5.814020	9.123840	-18.073340	-4.302791	3.563013	-11.333617	-0.640200	-3.059145	7.129283	6.656890	-17.335524	7.156846	-11.961567	3.925599	0.782979	5.654630	-10.275978	6.219265	-6.404414	12.121702	0.782870	5.654413	1.539507	6.219106	5.798589	-3.085354	-11.778024	-4.302791	-12.127175	-11.333617	-11.961525
6890	6	-9.614150	7.262216	8.071378	-14.018089	9.590073	-4.569729	9.826675	-8.020334	2.263757	7.326187	4.093432	6.373520	7.041117	1.426912	7.598876	2.441863	9.589131	6.367128	-6.918343	-6.973609	-2.589492	-7.980750	-6.334807	-4.569684	9.860603	-12.814799	-3.159597	8.503226	-6.338916	6.373520	4.649156	-1.015447	6.446842	2.593996	8.945969	6.369324
6899	6	5.665638	-13.146127	-7.430740	-2.536503	-11.134024	-6.904886	9.803320	-13.148976	-7.430740	7.463199	-11.134024	5.174652	13.089634	1.494917	4.374554	2.047744	6.597626	5.127030	2.768430	6.505532	4.939710	-8.471973	6.604258	-7.353976	-6.427581	-6.514155	-7.426820	-7.824481	-10.914680	-11.675636	-3.782065	7.856010	4.940277	-13.743141	6.604264	-11.675424
6914	6	9.389076	-7.294211	4.596469	5.568851	4.959738	5.296584	-1.666796	-7.416470	1.573820	-8.256172	-0.468779	-12.972324	6.265753	-7.294204	4.596469	5.038088	4.959738	-0.674635	8.270698	-12.833186	1.573820	5.723947	-0.468779	-0.664925	11.391110	-12.833186	1.573820	6.251770	-0.468779	5.303168	-0.769023	5.439598	5.945247	-10.584872	6.551413	-13.432362
6975	6	-3.374585	6.092338	4.994149	-9.914849	4.916647	-12.091208	8.498433	-14.713767	-2.621920	6.098750	-9.450567	4.964247	7.250511	-14.713749	-2.621920	4.658491	-9.450567	-0.157633	-3.345403	-10.248781	-2.621920	-8.189944	-9.308679	-12.091208	8.442736	1.622168	4.971254	4.409194	4.791565	4.964247	7.193520	1.622189	4.971256	2.955894	4.791569	-0.157633
